    1      0.8944       3.024       5.199     0.000   122    2    2           1    0    129      2    129      8    T0859-D1-QUARK.pdb:A  SCOP d1di0a_
    2      0.8798       2.135       4.109     0.000   121    2    3           1    0    129      2    129      9    T0859-D1-QUARK.pdb:A  SCOP d1r26a_
    3      0.8798       2.443       4.694     0.000   121    2    3           1    0    129      2    129      9    T0859-D1-QUARK.pdb:A  SCOP d1kz4a_
    4      0.8798       2.443       4.694     0.000   121    2    3           1    0    129      2    129      9    T0859-D1-QUARK.pdb:A  SCOP d1kz9a_
    5      0.8798       2.443       4.694     0.000   121    2    3           1    0    129      2    129      9    T0859-D1-QUARK.pdb:A  SCOP d1kz6a_
    6      0.8798       2.443       4.694     0.000   121    2    3           1    0    129      2    129      9    T0859-D1-QUARK.pdb:A  SCOP d1kyva_
    7      0.8653       3.058       5.227     0.000   120    2    2           1    0    129      2    129     10    T0859-D1-QUARK.pdb:A  SCOP d1rvva_
    8      0.8367       2.961       5.227     0.000   118    2    2           1    0    129      2    129     10    T0859-D1-QUARK.pdb:A  SCOP d1c2ya_
    9      0.8226       1.025       3.877     0.000   117    1    4           1    0    129      2    129      3    T0859-D1-QUARK.pdb:A  SCOP d1j95a_
   10      0.8226      0.9284       4.092     0.000   117    1    3           1    0    129      2    129      3    T0859-D1-QUARK.pdb:A  SCOP d1bl8a_
   11       0.781       2.617        4.85     0.000   114    1    2           1    0    129      2    129      3    T0859-D1-QUARK.pdb:A  SCOP d1uk5a_
   12      0.7673       1.411       3.757     0.000   113    2    4           1    0    129      2    129      9    T0859-D1-QUARK.pdb:A  SCOP d1ejba_
   13      0.7673       1.797        3.75     0.000   113    1    3           1    0    129      2    129      5    T0859-D1-QUARK.pdb:A  SCOP d1c1ja_
   14      0.7271       1.589       3.513     0.000   110    2    3           1    0    129      2    129      9    T0859-D1-QUARK.pdb:A  SCOP d1vkca_
   15      0.7271       3.218       5.358     0.000   110    2    3           1    0    129      2    129      4    T0859-D1-QUARK.pdb:A  SCOP d1qpua_
   16      0.7271      0.7926       3.542     0.000   110    1    5           1    0    129      2    129      5    T0859-D1-QUARK.pdb:A  SCOP d1wtya_
   17      0.7271       1.688       3.822     0.000   110    1    2           1    0    129      2    129      3    T0859-D1-QUARK.pdb:A  SCOP d1ni8a_
   18       0.714     0.03396       1.518     0.000   109    1    5           1    0    129      2    129      4    T0859-D1-QUARK.pdb:A  SCOP d1pisa_
   19       0.714     0.03396       1.518     0.000   109    1    5           1    0    129      2    129      5    T0859-D1-QUARK.pdb:A  SCOP d3p2pa_
   20      0.7009      0.6111       3.833     0.000   108    1    4           1    0    129      2    129      4    T0859-D1-QUARK.pdb:A  SCOP d1hs7a_
   21       0.688       2.257       4.404     0.000   107    1    3           1    0    129      2    129      3    T0859-D1-QUARK.pdb:A  SCOP d1b67a_
   22       0.688       1.737       4.006     0.000   107    1    3           1    0    129      2    129      5    T0859-D1-QUARK.pdb:A  SCOP d1ppaa_
   23       0.688       1.408       3.646     0.000   107    1    3           1    0    129      2    129      2    T0859-D1-QUARK.pdb:A  SCOP d1g6ua_
   24       0.688       1.049       3.056     0.000   107    1    3           1    0    129      2    129      2    T0859-D1-QUARK.pdb:A  SCOP d1dipa_
   25       0.688     0.02635       1.436     0.000   107    1    5           1    0    129      2    129      3    T0859-D1-QUARK.pdb:A  SCOP d1pira_
   26       0.688     0.02635       1.436     0.000   107    1    5           1    0    129      2    129      3    T0859-D1-QUARK.pdb:A  SCOP d1sfwa_
   27      0.6752       2.446       4.582     0.000   106    1    3           1    0    129      2    129      3    T0859-D1-QUARK.pdb:A  SCOP d1ku5a_
   28      0.6752       1.084       3.102     0.000   106    1    2           1    0    129      2    129      5    T0859-D1-QUARK.pdb:A  SCOP d1n5ha_
   29      0.6752       1.056       2.887     0.000   106    1    4           1    0    129      2    129      5    T0859-D1-QUARK.pdb:A  SCOP d1mj2a_
   30      0.6752      0.8993       2.849     0.000   106    1    3           1    0    129      2    129      1    T0859-D1-QUARK.pdb:A  SCOP d1cw5a_
   31      0.6752       1.737       4.006     0.000   106    1    3           1    0    129      2    129      4    T0859-D1-QUARK.pdb:A  SCOP d1goda_
   32      0.6752       1.387       4.404     0.000   106    1    2           1    0    129      2    129      2    T0859-D1-QUARK.pdb:A  SCOP d1lr1a_
   33      0.6625        2.35       4.829     0.000   105    2    3           1    0    129      2    129      5    T0859-D1-QUARK.pdb:A  SCOP d1emra_
   34      0.6625      0.9341       2.899     0.000   105    1    3           1    0    129      2    129      2    T0859-D1-QUARK.pdb:A  SCOP d1go9a_
   35      0.6625      0.9341       2.899     0.000   105    1    3           1    0    129      2    129      2    T0859-D1-QUARK.pdb:A  SCOP d1goea_
   36      0.6625       1.125       3.156     0.000   105    1    2           1    0    129      2    129      1    T0859-D1-QUARK.pdb:A  SCOP d1aq5a_
   37        0.65       1.231       3.073     0.000   104    1    3           1    0    129      2    129      4    T0859-D1-QUARK.pdb:A  SCOP d1lmsa_
   38        0.65       1.319       3.398     0.000   104    1    3           1    0    129      2    129      4    T0859-D1-QUARK.pdb:A  SCOP d1nmia_
   39        0.65        1.19       3.239     0.000   104    1    2           1    0    129      2    129      3    T0859-D1-QUARK.pdb:A  SCOP d1gvda_
   40        0.65        1.19       3.239     0.000   104    1    2           1    0    129      2    129      3    T0859-D1-QUARK.pdb:A  SCOP d1gv5a_
   41        0.65       1.231       4.167     0.000   104    1    3           1    0    129      2    129      3    T0859-D1-QUARK.pdb:A  SCOP d1a2aa_
   42        0.65      0.6379       3.239     0.000   104    1    4           1    0    129      2    129      3    T0859-D1-QUARK.pdb:A  SCOP d1sfva_
   43        0.65      0.7839       2.679     0.000   104    1    2           1    0    129      2    129      4    T0859-D1-QUARK.pdb:A  SCOP d2cy3a_
   44        0.65      0.7839       2.679     0.000   104    1    2           1    0    129      2    129      4    T0859-D1-QUARK.pdb:A  SCOP d1w7oa_
   45      0.6375       1.116       2.965     0.000   103    1    4           1    0    129      2    129      5    T0859-D1-QUARK.pdb:A  SCOP d1hssa_
   46      0.6375       1.319       3.398     0.000   103    1    3           1    0    129      2    129      4    T0859-D1-QUARK.pdb:A  SCOP d1yfca_
   47      0.6375      0.4839        3.39     0.000   103    2    3           1    0    129      2    129     10    T0859-D1-QUARK.pdb:A  SCOP d3pgma_
   48      0.6375       1.361       3.239     0.000   103    1    3           1    0    129      2    129      3    T0859-D1-QUARK.pdb:A  SCOP d1mbga_
   49      0.6375        1.45       3.554     0.000   103    1    3           1    0    129      2    129      5    T0859-D1-QUARK.pdb:A  SCOP d1i5ta_
   50      0.6375       1.231       3.073     0.000   103    1    3           1    0    129      2    129      3    T0859-D1-QUARK.pdb:A  SCOP d1mbha_
   51      0.6375       1.228       3.287     0.000   103    1    3           1    0    129      2    129      2    T0859-D1-QUARK.pdb:A  SCOP d1a92a_
   52      0.6252       1.319       3.398     0.000   102    1    3           1    0    129      2    129      4    T0859-D1-QUARK.pdb:A  SCOP d1fi9a_
   53      0.6252        1.45       3.554     0.000   102    1    4           1    0    129      2    129      5    T0859-D1-QUARK.pdb:A  SCOP d1hrca_
   54      0.6252       2.119       4.269     0.000   102    1    3           1    0    129      2    129      3    T0859-D1-QUARK.pdb:A  SCOP d1bfma_
   55      0.6252       2.032       4.538     0.000   102    2    3           1    0    129      2    129      5    T0859-D1-QUARK.pdb:A  SCOP d1lkia_
   56       0.613      0.4074       3.877     0.000   101    1    2           1    0    129      2    129      5    T0859-D1-QUARK.pdb:A  SCOP d1dova_
   57       0.613       1.064       3.933     0.000   101    1    2           1    0    129      2    129      2    T0859-D1-QUARK.pdb:A  SCOP d1ovua_
   58       0.613      0.8584       3.262     0.000   101    2    4           1    0    129      2    129      5    T0859-D1-QUARK.pdb:A  SCOP d2hmqa_
   59       0.613      0.8584       3.262     0.000   101    2    4           1    0    129      2    129      5    T0859-D1-QUARK.pdb:A  SCOP d2hmza_
   60       0.613      0.4927       2.191     0.000   101    1    3           1    0    129      2    129      2    T0859-D1-QUARK.pdb:A  SCOP d1xoua_
   61       0.613      0.5609       3.102     0.000   101    1    5           1    0    129      2    129      5    T0859-D1-QUARK.pdb:A  SCOP d1mjqa_
   62       0.613      0.4527       2.114     0.000   101    1    3           1    0    129      2    129      1    T0859-D1-QUARK.pdb:A  SCOP d3saka_
   63       0.613      0.1071       1.869     0.000   101    1    5           1    0    129      2    129      3    T0859-D1-QUARK.pdb:A  SCOP d1x9ba_
   64       0.613      0.9651       3.102     0.000   101    1    4           1    0    129      2    129      2    T0859-D1-QUARK.pdb:A  SCOP d1r2aa_
   65       0.613        1.45       3.554     0.000   101    1    4           1    0    129      2    129      5    T0859-D1-QUARK.pdb:A  SCOP d1fi7a_
   66       0.613       1.163       4.073     0.000   101    1    2           1    0    129      2    129      2    T0859-D1-QUARK.pdb:A  SCOP d1fyja_
   67       0.613       1.064       3.933     0.000   101    1    2           1    0    129      2    129      2    T0859-D1-QUARK.pdb:A  SCOP d1lt1a_
   68       0.613       0.379       1.964     0.000   101    1    3           1    0    129      2    129      1    T0859-D1-QUARK.pdb:A  SCOP d1k8va_
   69      0.6009      0.4497       3.952     0.000   100    1    3           1    0    129      2    129      5    T0859-D1-QUARK.pdb:A  SCOP d2il6a_
   70      0.6009      0.3337       2.689     0.000   100    1    2           1    0    129      2    129      5    T0859-D1-QUARK.pdb:A  SCOP d1avo.1
   71      0.6009      0.6367       2.446     0.000   100    1    3           1    0    129      2    129      1    T0859-D1-QUARK.pdb:A  SCOP d1hh0a_
   72      0.6009       0.321       2.037     0.000   100    1    5           1    0    129      2    129      4    T0859-D1-QUARK.pdb:A  SCOP d1jw2a_
   73      0.6009       1.361       3.239     0.000   100    1    4           1    0    129      2    129      5    T0859-D1-QUARK.pdb:A  SCOP d1yica_
   74      0.6009       2.232       4.723     0.000   100    2    4           1    0    129      2    129      6    T0859-D1-QUARK.pdb:A  SCOP d1vjxa_
   75      0.6009       2.494       4.955     0.000   100    2    3           1    0    129      2    129      4    T0859-D1-QUARK.pdb:A  SCOP d1qq3a_
   76       0.589      0.5609       3.102     0.000    99    1    4           1    0    129      2    129      5    T0859-D1-QUARK.pdb:A  SCOP d1mjpa_
   77       0.589       1.064       3.933     0.000    99    1    2           1    0    129      2    129      2    T0859-D1-QUARK.pdb:A  SCOP d1ovra_
   78       0.589       1.404       3.643     0.000    99    1    3           1    0    129      2    129      2    T0859-D1-QUARK.pdb:A  SCOP d1pzra_
   79       0.589      0.2972       1.778     0.000    99    1    3           1    0    129      2    129      1    T0859-D1-QUARK.pdb:A  SCOP d1f8pa_
   80       0.589      0.9676       3.799     0.000    99    1    2           1    0    129      2    129      2    T0859-D1-QUARK.pdb:A  SCOP d1ec5a_
   81       0.589      0.9651       3.102     0.000    99    1    3           1    0    129      2    129      3    T0859-D1-QUARK.pdb:A  SCOP d1viba_
   82       0.589     0.01075       2.455     0.000    99    1    5           1    0    129      2    129      5    T0859-D1-QUARK.pdb:A  SCOP d1a7ma_
   83      0.5771       0.767       2.401     0.000    98    1    3           1    0    129      2    129      1    T0859-D1-QUARK.pdb:A  SCOP d1dx7a_
   84      0.5771      0.8584       3.262     0.000    98    2    4           1    0    129      2    129      5    T0859-D1-QUARK.pdb:A  SCOP d1i4ya_
   85      0.5771      0.4175       1.436     0.000    98    1    3           1    0    129      2    129      5    T0859-D1-QUARK.pdb:A  SCOP d1ql3a_
   86      0.5771      0.8584       3.262     0.000    98    2    4           1    0    129      2    129      5    T0859-D1-QUARK.pdb:A  SCOP d1hmoa_
   87      0.5771      0.4175       1.436     0.000    98    1    3           1    0    129      2    129      5    T0859-D1-QUARK.pdb:A  SCOP d1ql4a_
   88      0.5771      0.9676       3.799     0.000    98    1    2           1    0    129      2    129      2    T0859-D1-QUARK.pdb:A  SCOP d1ovva_
   89      0.5771      0.8584       3.262     0.000    98    2    4           1    0    129      2    129      5    T0859-D1-QUARK.pdb:A  SCOP d1hmda_
   90      0.5771      0.2994       1.783     0.000    98    1    3           1    0    129      2    129      1    T0859-D1-QUARK.pdb:A  SCOP d1ba4a_
   91      0.5771      0.9676       3.799     0.000    98    1    2           1    0    129      2    129      2    T0859-D1-QUARK.pdb:A  SCOP d1jm0a_
   92      0.5771      0.9676       3.799     0.000    98    1    2           1    0    129      2    129      2    T0859-D1-QUARK.pdb:A  SCOP d1jmba_
   93      0.5771      0.6714       2.242     0.000    98    1    4           1    0    129      2    129      5    T0859-D1-QUARK.pdb:A  SCOP d1iiza_
   94      0.5771       1.085       2.627     0.000    98    1    5           1    0    129      2    129      4    T0859-D1-QUARK.pdb:A  SCOP d1q08a_
   95      0.5654      0.7853       2.431     0.000    97    1    3           1    0    129      2    129      1    T0859-D1-QUARK.pdb:A  SCOP d2cpba_
   96      0.5654      0.3017       1.789     0.000    97    1    4           1    0    129      2    129      2    T0859-D1-QUARK.pdb:A  SCOP d1uuca_
   97      0.5654      0.7548       2.382     0.000    97    1    4           1    0    129      2    129      5    T0859-D1-QUARK.pdb:A  SCOP d1i6da_
   98      0.5654      0.4527       2.114     0.000    97    1    3           1    0    129      2    129      4    T0859-D1-QUARK.pdb:A  SCOP d1uw0a_
   99      0.5654      0.1467       1.348     0.000    97    1    3           1    0    129      2    129      2    T0859-D1-QUARK.pdb:A  SCOP d1bwxa_
  100      0.5654      0.4144       2.641     0.000    97    2    5           1    0    129      2    129      5    T0859-D1-QUARK.pdb:A  SCOP d2mhra_
  101      0.5654      0.1467       1.348     0.000    97    1    5           1    0    129      2    129      3    T0859-D1-QUARK.pdb:A  SCOP d2spza_
  102      0.5654      0.7548       2.382     0.000    97    1    4           1    0    129      2    129      5    T0859-D1-QUARK.pdb:A  SCOP d1i6ea_
  103      0.5654      0.7548       2.382     0.000    97    1    3           1    0    129      2    129      5    T0859-D1-QUARK.pdb:A  SCOP d1c7ma_
  104      0.5654       1.196       3.247     0.000    97    1    3           1    0    129      2    129      4    T0859-D1-QUARK.pdb:A  SCOP d1eija_
  105      0.5581       1.003        3.75     0.000    96    2    5           1    0    129      2    128      9    T0859-D1-QUARK.pdb:A  SCOP d1vj7a1
  106      0.5538      0.4501       2.947     0.000    96    1    3           1    0    129      2    129      2    T0859-D1-QUARK.pdb:A  SCOP d1irqa_
  107      0.5538     0.01945       1.348     0.000    96    1    5           1    0    129      2    129      4    T0859-D1-QUARK.pdb:A  SCOP d1lipa_
  108      0.5538      0.6978        3.39     0.000    96    1    3           1    0    129      2    129      5    T0859-D1-QUARK.pdb:A  SCOP d1ug0a_
  109      0.5538      0.4019       2.619     0.000    96    2    5           1    0    129      2    129      5    T0859-D1-QUARK.pdb:A  SCOP d1a7ea_
  110      0.5538      0.5609       3.102     0.000    96    1    5           1    0    129      2    129      5    T0859-D1-QUARK.pdb:A  SCOP d1impa_
  111      0.5538    0.002916       1.348     0.000    96    1    4           1    0    129      2    129      3    T0859-D1-QUARK.pdb:A  SCOP d1h0ta_
  112      0.5538     0.01745        1.32     0.000    96    1    3           1    0    129      2    129      4    T0859-D1-QUARK.pdb:A  SCOP d1dk1a_
  113      0.5425      0.3046       1.274     0.758    98    1    5      0.9592    0    129      2    129      5    T0859-D1-QUARK.pdb:A  SCOP d1huea_
  114      0.5423      0.5609       3.102     0.000    95    1    5           1    0    129      2    129      5    T0859-D1-QUARK.pdb:A  SCOP d1emva_
  115      0.5423      0.8782       2.576     0.000    95    1    4           1    0    129      2    129      5    T0859-D1-QUARK.pdb:A  SCOP d1usta_
  116      0.5423      0.0924       1.758     0.000    95    2    6           1    0    129      2    129      5    T0859-D1-QUARK.pdb:A  SCOP d1oqca_
  117      0.5423      0.5609       3.102     0.000    95    1    5           1    0    129      2    129      5    T0859-D1-QUARK.pdb:A  SCOP d1bxia_
  118      0.5423      0.5609       3.102     0.000    95    1    5           1    0    129      2    129      5    T0859-D1-QUARK.pdb:A  SCOP d1fr2a_
  119      0.5423      0.2627       1.692     0.000    95    1    4           1    0    129      2    129      5    T0859-D1-QUARK.pdb:A  SCOP d1p65a_
  120      0.5423      0.1255        1.27     0.000    95    1    4           1    0    129      2    129      5    T0859-D1-QUARK.pdb:A  SCOP d2ezla_
  121      0.5423      0.5609       3.102     0.000    95    1    5           1    0    129      2    129      4    T0859-D1-QUARK.pdb:A  SCOP d1imqa_
  122      0.5423       1.925       4.073     0.000    95    1    2           1    0    129      2    129      2    T0859-D1-QUARK.pdb:A  SCOP d1an2a_
  123      0.5423      0.4019       2.619     0.000    95    2    5           1    0    129      2    129      5    T0859-D1-QUARK.pdb:A  SCOP d1a7da_
  124      0.5423       1.196       3.247     0.000    95    1    4           1    0    129      2    129      2    T0859-D1-QUARK.pdb:A  SCOP d1jo5a_
  125      0.5423      0.1255        1.27     0.000    95    1    4           1    0    129      2    129      5    T0859-D1-QUARK.pdb:A  SCOP d2ezka_
  126      0.5423       0.414       2.037     0.000    95    1    4           1    0    129      2    129      4    T0859-D1-QUARK.pdb:A  SCOP d1egwa_
  127      0.5423       1.398       3.901     0.000    95    2    4           1    0    129      2    129      5    T0859-D1-QUARK.pdb:A  SCOP d1nfna_
  128      0.5423      0.5297       3.102     0.000    95    1    4           1    0    129      2    129      5    T0859-D1-QUARK.pdb:A  SCOP d1ijxa_
  129       0.531       1.398       3.901     0.000    94    2    4           1    0    129      2    129      5    T0859-D1-QUARK.pdb:A  SCOP d1nfoa_
  130       0.531      0.8782       2.576     0.000    94    1    4           1    0    129      2    129      4    T0859-D1-QUARK.pdb:A  SCOP d1uhma_
  131       0.531      0.8491       2.777     0.000    94    1    5           1    0    129      2    129      4    T0859-D1-QUARK.pdb:A  SCOP d1n1ja_
  132      0.5197      0.5366       2.272     0.000    93    1    4           1    0    129      2    129      3    T0859-D1-QUARK.pdb:A  SCOP d1lgha_
  133      0.5197     0.09099       1.348     0.000    93    1    6           1    0    129      2    129      4    T0859-D1-QUARK.pdb:A  SCOP d1gh1a_
  134      0.5197       0.379       1.964     0.000    93    1    4           1    0    129      2    129      4    T0859-D1-QUARK.pdb:A  SCOP d1c7ua_
  135      0.5197        0.06       1.606     0.000    93    1    5           1    0    129      2    129      3    T0859-D1-QUARK.pdb:A  SCOP d1gjsa_
  136      0.5197      0.3097       3.695     0.000    93    1    5           1    0    129      2    129      4    T0859-D1-QUARK.pdb:A  SCOP d1owaa_
  137      0.5197       0.482       2.027     0.000    93    1    7           1    0    129      2    129      5    T0859-D1-QUARK.pdb:A  SCOP d1r8da_
  138      0.5197       1.303       3.379     0.000    93    1    5           1    0    129      2    129      4    T0859-D1-QUARK.pdb:A  SCOP d1q09a_
  139      0.5086          -0  1.798e+308     0.000    92    1    2           1    0    129      2    129      4    T0859-D1-QUARK.pdb:A  SCOP d2ezia_
  140      0.5086          -0  1.798e+308     0.000    92    1    2           1    0    129      2    129      4    T0859-D1-QUARK.pdb:A  SCOP d2ezha_
  141      0.5086          -0  1.798e+308     0.000    92    1    2           1    0    129      2    129      3    T0859-D1-QUARK.pdb:A  SCOP d1xyqa_
  142      0.5086          -0  1.798e+308     0.000    92    1    2           1    0    129      2    129      1    T0859-D1-QUARK.pdb:A  SCOP d1oefa_
  143      0.5086          -0  1.798e+308     0.000    92    1    2           1    0    129      2    129      1    T0859-D1-QUARK.pdb:A  SCOP d1oega_
  144      0.5086          -0  1.798e+308     0.000    92    1    2           1    0    129      2    129      3    T0859-D1-QUARK.pdb:A  SCOP d1mbka_
  145      0.5086          -0  1.798e+308     0.000    92    1    2           1    0    129      2    129      3    T0859-D1-QUARK.pdb:A  SCOP d1idza_
  146      0.5086          -0  1.798e+308     0.000    92    1    2           1    0    129      2    129      3    T0859-D1-QUARK.pdb:A  SCOP d1mbja_
  147      0.5086          -0  1.798e+308     0.000    92    1    2           1    0    129      2    129      3    T0859-D1-QUARK.pdb:A  SCOP d1idya_
  148      0.5086          -0  1.798e+308     0.000    92    1    2           1    0    129      2    129      3    T0859-D1-QUARK.pdb:A  SCOP d1trla_
  149      0.5086          -0  1.798e+308     0.000    92    1    2           1    0    129      2    129      3    T0859-D1-QUARK.pdb:A  SCOP d1w0ta_
  150      0.5086          -0  1.798e+308     0.000    92    1    2           1    0    129      2    129      3    T0859-D1-QUARK.pdb:A  SCOP d1itya_
  151      0.5086          -0  1.798e+308     0.000    92    1    2           1    0    129      2    129      3    T0859-D1-QUARK.pdb:A  SCOP d1iv6a_
  152      0.5086          -0  1.798e+308     0.000    92    1    2           1    0    129      2    129      3    T0859-D1-QUARK.pdb:A  SCOP d1w0ua_
  153      0.5086          -0  1.798e+308     0.000    92    1    2           1    0    129      2    129      2    T0859-D1-QUARK.pdb:A  SCOP d1ai0.1
  154      0.5086          -0  1.798e+308     0.000    92    1    2           1    0    129      2    129      3    T0859-D1-QUARK.pdb:A  SCOP d1zni.1
  155      0.5086          -0  1.798e+308     0.000    92    1    2           1    0    129      2    129      3    T0859-D1-QUARK.pdb:A  SCOP d2tci.1
  156      0.5086          -0  1.798e+308     0.000    92    1    2           1    0    129      2    129      3    T0859-D1-QUARK.pdb:A  SCOP d3mth.1
  157      0.5086          -0  1.798e+308     0.000    92    1    2           1    0    129      2    129      3    T0859-D1-QUARK.pdb:A  SCOP d7ins.1
  158      0.5086          -0  1.798e+308     0.000    92    1    2           1    0    129      2    129      3    T0859-D1-QUARK.pdb:A  SCOP d1mpj.1
  159      0.5086          -0  1.798e+308     0.000    92    1    2           1    0    129      2    129      3    T0859-D1-QUARK.pdb:A  SCOP d1iza.1
  160      0.5086          -0  1.798e+308     0.000    92    1    2           1    0    129      2    129      3    T0859-D1-QUARK.pdb:A  SCOP d1wav.1
  161      0.5086          -0  1.798e+308     0.000    92    1    2           1    0    129      2    129      3    T0859-D1-QUARK.pdb:A  SCOP d6rlx.1
  162      0.5086          -0  1.798e+308     0.000    92    1    2           1    0    129      2    129      5    T0859-D1-QUARK.pdb:A  SCOP d1xu0a_
  163      0.5086          -0  1.798e+308     0.000    92    1    2           1    0    129      2    129      3    T0859-D1-QUARK.pdb:A  SCOP d1u5la_
  164      0.5086          -0  1.798e+308     0.000    92    1    2           1    0    129      2    129      5    T0859-D1-QUARK.pdb:A  SCOP d1rxra_
  165      0.5086          -0  1.798e+308     0.000    92    1    2           1    0    129      2    129      3    T0859-D1-QUARK.pdb:A  SCOP d1u3ma_
  166      0.5086          -0  1.798e+308     0.000    92    1    2           1    0    129      2    129      5    T0859-D1-QUARK.pdb:A  SCOP d1cita_
  167      0.5086          -0  1.798e+308     0.000    92    1    2           1    0    129      2    129      5    T0859-D1-QUARK.pdb:A  SCOP d1f9xa_
  168      0.5086          -0  1.798e+308     0.000    92    1    2           1    0    129      2    129      4    T0859-D1-QUARK.pdb:A  SCOP d1xywa_
  169      0.5086          -0  1.798e+308     0.000    92    1    2           1    0    129      2    129      4    T0859-D1-QUARK.pdb:A  SCOP d1tqca_
  170      0.5086          -0  1.798e+308     0.000    92    1    2           1    0    129      2    129      4    T0859-D1-QUARK.pdb:A  SCOP d1tpxa_
  171      0.5086          -0  1.798e+308     0.000    92    1    2           1    0    129      2    129      5    T0859-D1-QUARK.pdb:A  SCOP d1v2za_
  172      0.5086          -0  1.798e+308     0.000    92    1    2           1    0    129      2    129      4    T0859-D1-QUARK.pdb:A  SCOP d1tkna_
  173      0.5086          -0  1.798e+308     0.000    92    1    2           1    0    129      2    129      4    T0859-D1-QUARK.pdb:A  SCOP d1tqba_
  174      0.5086          -0  1.798e+308     0.000    92    1    2           1    0    129      2    129      4    T0859-D1-QUARK.pdb:A  SCOP d1koya_
  175      0.5086          -0  1.798e+308     0.000    92    1    2           1    0    129      2    129      3    T0859-D1-QUARK.pdb:A  SCOP d1mso.1
  176      0.5086          -0  1.798e+308     0.000    92    1    2           1    0    129      2    129      4    T0859-D1-QUARK.pdb:A  SCOP d1xyka_
  177      0.5086          -0  1.798e+308     0.000    92    1    2           1    0    129      2    129      3    T0859-D1-QUARK.pdb:A  SCOP d1zeh.1
  178      0.5086          -0  1.798e+308     0.000    92    1    2           1    0    129      2    129      3    T0859-D1-QUARK.pdb:A  SCOP d1zeg.1
  179      0.5086          -0  1.798e+308     0.000    92    1    2           1    0    129      2    129      3    T0859-D1-QUARK.pdb:A  SCOP d1ev3.1
  180      0.5086          -0  1.798e+308     0.000    92    1    2           1    0    129      2    129      4    T0859-D1-QUARK.pdb:A  SCOP d1xyja_
  181      0.5086          -0  1.798e+308     0.000    92    1    2           1    0    129      2    129      1    T0859-D1-QUARK.pdb:A  SCOP d1mota_
  182      0.5086          -0  1.798e+308     0.000    92    1    2           1    0    129      2    129      3    T0859-D1-QUARK.pdb:A  SCOP d1xda.1
  183      0.5086          -0  1.798e+308     0.000    92    1    2           1    0    129      2    129      3    T0859-D1-QUARK.pdb:A  SCOP d1evr.1
  184      0.5086          -0  1.798e+308     0.000    92    1    2           1    0    129      2    129      3    T0859-D1-QUARK.pdb:A  SCOP d1ev6.1
  185      0.5086          -0  1.798e+308     0.000    92    1    2           1    0    129      2    129      3    T0859-D1-QUARK.pdb:A  SCOP d1znj.1
  186      0.5086          -0  1.798e+308     0.000    92    1    2           1    0    129      2    129      3    T0859-D1-QUARK.pdb:A  SCOP d1qiz.1
  187      0.5086          -0  1.798e+308     0.000    92    1    2           1    0    129      2    129      3    T0859-D1-QUARK.pdb:A  SCOP d1qiy.1
  188      0.5086          -0  1.798e+308     0.000    92    1    2           1    0    129      2    129      3    T0859-D1-QUARK.pdb:A  SCOP d1pufa_
  189      0.5086          -0  1.798e+308     0.000    92    1    2           1    0    129      2    129      4    T0859-D1-QUARK.pdb:A  SCOP d1b72a_
  190      0.5086          -0  1.798e+308     0.000    92    1    2           1    0    129      2    129      3    T0859-D1-QUARK.pdb:A  SCOP d1qj0.1
  191      0.5086          -0  1.798e+308     0.000    92    1    2           1    0    129      2    129      2    T0859-D1-QUARK.pdb:A  SCOP d1aiy.1
  192      0.5086          -0  1.798e+308     0.000    92    1    2           1    0    129      2    129      3    T0859-D1-QUARK.pdb:A  SCOP d2aiy.1
  193      0.5086          -0  1.798e+308     0.000    92    1    2           1    0    129      2    129      3    T0859-D1-QUARK.pdb:A  SCOP d1k61a_
  194      0.5086          -0  1.798e+308     0.000    92    1    2           1    0    129      2    129      3    T0859-D1-QUARK.pdb:A  SCOP d5aiy.1
  195      0.5086          -0  1.798e+308     0.000    92    1    2           1    0    129      2    129      3    T0859-D1-QUARK.pdb:A  SCOP d4aiy.1
  196      0.5086          -0  1.798e+308     0.000    92    1    2           1    0    129      2    129      4    T0859-D1-QUARK.pdb:A  SCOP d1auea_
  197      0.5086          -0  1.798e+308     0.000    92    1    2           1    0    129      2    129      4    T0859-D1-QUARK.pdb:A  SCOP d1k04a_
  198      0.5086          -0  1.798e+308     0.000    92    1    2           1    0    129      2    129      4    T0859-D1-QUARK.pdb:A  SCOP d1ow6a_
  199      0.5086          -0  1.798e+308     0.000    92    1    2           1    0    129      2    129      4    T0859-D1-QUARK.pdb:A  SCOP d1ow7a_
  200      0.5086          -0  1.798e+308     0.000    92    1    2           1    0    129      2    129      4    T0859-D1-QUARK.pdb:A  SCOP d1ow8a_
  201      0.5086          -0  1.798e+308     0.000    92    1    2           1    0    129      2    129      4    T0859-D1-QUARK.pdb:A  SCOP d1k05a_
  202      0.5086          -0  1.798e+308     0.000    92    1    2           1    0    129      2    129      4    T0859-D1-QUARK.pdb:A  SCOP d1k40a_
  203      0.5086          -0  1.798e+308     0.000    92    1    2           1    0    129      2    129      4    T0859-D1-QUARK.pdb:A  SCOP d1pv3a_
  204      0.5086          -0  1.798e+308     0.000    92    1    2           1    0    129      2    129      4    T0859-D1-QUARK.pdb:A  SCOP d1qvxa_
  205      0.5086          -0  1.798e+308     0.000    92    1    2           1    0    129      2    129      4    T0859-D1-QUARK.pdb:A  SCOP d1ktma_
  206      0.5086          -0  1.798e+308     0.000    92    1    2           1    0    129      2    129      5    T0859-D1-QUARK.pdb:A  SCOP d1fr0a_
  207      0.5086          -0  1.798e+308     0.000    92    1    2           1    0    129      2    129      4    T0859-D1-QUARK.pdb:A  SCOP d1nafa_
  208      0.5086          -0  1.798e+308     0.000    92    1    2           1    0    129      2    129      4    T0859-D1-QUARK.pdb:A  SCOP d1oxza_
  209      0.5086          -0  1.798e+308     0.000    92    1    2           1    0    129      2    129      3    T0859-D1-QUARK.pdb:A  SCOP d1x79a_
  210      0.5086          -0  1.798e+308     0.000    92    1    2           1    0    129      2    129      3    T0859-D1-QUARK.pdb:A  SCOP d1o3xa_
  211      0.5086          -0  1.798e+308     0.000    92    1    2           1    0    129      2    129      3    T0859-D1-QUARK.pdb:A  SCOP d1m62a_
  212      0.5086          -0  1.798e+308     0.000    92    1    2           1    0    129      2    129      3    T0859-D1-QUARK.pdb:A  SCOP d1m7ka_
  213      0.5086          -0  1.798e+308     0.000    92    1    2           1    0    129      2    129      5    T0859-D1-QUARK.pdb:A  SCOP d1sr2a_
  214      0.5086          -0  1.798e+308     0.000    92    1    2           1    0    129      2    129      5    T0859-D1-QUARK.pdb:A  SCOP d1orja_
  215      0.5086          -0  1.798e+308     0.000    92    1    2           1    0    129      2    129      5    T0859-D1-QUARK.pdb:A  SCOP d1orya_
  216      0.5086          -0  1.798e+308     0.000    92    1    2           1    0    129      2    129      4    T0859-D1-QUARK.pdb:A  SCOP d1nlxa_
  217      0.5086          -0  1.798e+308     0.000    92    1    2           1    0    129      2    129      5    T0859-D1-QUARK.pdb:A  SCOP d1l3pa_
  218      0.5086          -0  1.798e+308     0.000    92    2    2           1    0    129      2    129      9    T0859-D1-QUARK.pdb:A  SCOP d1szia_
  219      0.5086          -0  1.798e+308     0.000    92    1    2           1    0    129      2    129      4    T0859-D1-QUARK.pdb:A  SCOP d1s32a_
  220      0.5086          -0  1.798e+308     0.000    92    1    2           1    0    129      2    129      4    T0859-D1-QUARK.pdb:A  SCOP d1m19a_
  221      0.5086          -0  1.798e+308     0.000    92    1    2           1    0    129      2    129      4    T0859-D1-QUARK.pdb:A  SCOP d1p3ia_
  222      0.5086          -0  1.798e+308     0.000    92    1    2           1    0    129      2    129      4    T0859-D1-QUARK.pdb:A  SCOP d1m18a_
  223      0.5086          -0  1.798e+308     0.000    92    1    2           1    0    129      2    129      4    T0859-D1-QUARK.pdb:A  SCOP d1p3la_
  224      0.5086          -0  1.798e+308     0.000    92    1    2           1    0    129      2    129      4    T0859-D1-QUARK.pdb:A  SCOP d1f66a_
  225      0.5086          -0  1.798e+308     0.000    92    1    2           1    0    129      2    129      4    T0859-D1-QUARK.pdb:A  SCOP d1p3pa_
  226      0.5086          -0  1.798e+308     0.000    92    1    2           1    0    129      2    129      4    T0859-D1-QUARK.pdb:A  SCOP d1p34a_
  227      0.5086          -0  1.798e+308     0.000    92    1    2           1    0    129      2    129      4    T0859-D1-QUARK.pdb:A  SCOP d1p3oa_
  228      0.5086          -0  1.798e+308     0.000    92    1    2           1    0    129      2    129      4    T0859-D1-QUARK.pdb:A  SCOP d1p3ga_
  229      0.5086          -0  1.798e+308     0.000    92    1    2           1    0    129      2    129      4    T0859-D1-QUARK.pdb:A  SCOP d1m1aa_
  230      0.5086          -0  1.798e+308     0.000    92    1    2           1    0    129      2    129      4    T0859-D1-QUARK.pdb:A  SCOP d1p3ka_
  231      0.5086          -0  1.798e+308     0.000    92    1    2           1    0    129      2    129      4    T0859-D1-QUARK.pdb:A  SCOP d1p3ma_
  232      0.5086          -0  1.798e+308     0.000    92    1    2           1    0    129      2    129      4    T0859-D1-QUARK.pdb:A  SCOP d1p3aa_
  233      0.5086          -0  1.798e+308     0.000    92    1    2           1    0    129      2    129      4    T0859-D1-QUARK.pdb:A  SCOP d1p3fa_
  234      0.5086          -0  1.798e+308     0.000    92    1    2           1    0    129      2    129      4    T0859-D1-QUARK.pdb:A  SCOP d1p3ba_
  235      0.5086          -0  1.798e+308     0.000    92    1    2           1    0    129      2    129      2    T0859-D1-QUARK.pdb:A  SCOP d1h3oa_
  236      0.5086          -0  1.798e+308     0.000    92    1    2           1    0    129      2    129      5    T0859-D1-QUARK.pdb:A  SCOP d1kdxa_
  237      0.5086          -0  1.798e+308     0.000    92    1    2           1    0    129      2    129      2    T0859-D1-QUARK.pdb:A  SCOP d1ud0a_
  238      0.5086          -0  1.798e+308     0.000    92    1    2           1    0    129      2    129      3    T0859-D1-QUARK.pdb:A  SCOP d1r4ga_
  239      0.5086          -0  1.798e+308     0.000    92    1    2           1    0    129      2    129      3    T0859-D1-QUARK.pdb:A  SCOP d1t6oa_
  240      0.5086          -0  1.798e+308     0.000    92    1    2           1    0    129      2    129      5    T0859-D1-QUARK.pdb:A  SCOP d1hbxa_
  241      0.5086          -0  1.798e+308     0.000    92    1    2           1    0    129      2    129      5    T0859-D1-QUARK.pdb:A  SCOP d1srsa_
  242      0.5086          -0  1.798e+308     0.000    92    1    2           1    0    129      2    129      3    T0859-D1-QUARK.pdb:A  SCOP d1bbya_
  243      0.5086          -0  1.798e+308     0.000    92    1    2           1    0    129      2    129      3    T0859-D1-QUARK.pdb:A  SCOP d1ussa_
  244      0.5086          -0  1.798e+308     0.000    92    1    2           1    0    129      2    129      5    T0859-D1-QUARK.pdb:A  SCOP d1ldda_
  245      0.5086          -0  1.798e+308     0.000    92    1    2           1    0    129      2    129      2    T0859-D1-QUARK.pdb:A  SCOP d2gp8a_
  246      0.5086          -0  1.798e+308     0.000    92    1    2           1    0    129      2    129      2    T0859-D1-QUARK.pdb:A  SCOP d1gp8a_
  247      0.5086          -0  1.798e+308     0.000    92    1    2           1    0    129      2    129      5    T0859-D1-QUARK.pdb:A  SCOP d1r8ha_
  248      0.5086          -0  1.798e+308     0.000    92    1    2           1    0    129      2    129      5    T0859-D1-QUARK.pdb:A  SCOP d1f9fa_
  249      0.5086          -0  1.798e+308     0.000    92    1    2           1    0    129      2    129      5    T0859-D1-QUARK.pdb:A  SCOP d1jjha_
  250      0.5086          -0  1.798e+308     0.000    92    1    2           1    0    129      2    129      4    T0859-D1-QUARK.pdb:A  SCOP d1a8oa_
  251      0.5086          -0  1.798e+308     0.000    92    1    2           1    0    129      2    129      5    T0859-D1-QUARK.pdb:A  SCOP d1baja_
  252      0.5086          -0  1.798e+308     0.000    92    1    2           1    0    129      2    129      5    T0859-D1-QUARK.pdb:A  SCOP d1a43a_
  253      0.5086          -0  1.798e+308     0.000    92    1    2           1    0    129      2    129      4    T0859-D1-QUARK.pdb:A  SCOP d1auma_
  254      0.5086          -0  1.798e+308     0.000    92    1    2           1    0    129      2    129      4    T0859-D1-QUARK.pdb:A  SCOP d1eoqa_
  255      0.5086          -0  1.798e+308     0.000    92    1    2           1    0    129      2    129      4    T0859-D1-QUARK.pdb:A  SCOP d1oeda_
  256      0.5086          -0  1.798e+308     0.000    92    1    2           1    0    129      2    129      5    T0859-D1-QUARK.pdb:A  SCOP d3mon.5
  257      0.5086          -0  1.798e+308     0.000    92    1    2           1    0    129      2    129      4    T0859-D1-QUARK.pdb:A  SCOP d1ntca_
  258      0.5086          -0  1.798e+308     0.000    92    1    2           1    0    129      2    129      3    T0859-D1-QUARK.pdb:A  SCOP d1nkpa_
  259      0.5086          -0  1.798e+308     0.000    92    1    2           1    0    129      2    129      2    T0859-D1-QUARK.pdb:A  SCOP d1an4a_
  260      0.5086          -0  1.798e+308     0.000    92    1    2           1    0    129      2    129      2    T0859-D1-QUARK.pdb:A  SCOP d1am9a_
  261      0.5086   2.242e-09      0.4987     0.000    92    2    8           1    0    129      2    129      8    T0859-D1-QUARK.pdb:A  SCOP d1q80a_
  262      0.5086          -0  1.798e+308     0.000    92    1    2           1    0    129      2    129      4    T0859-D1-QUARK.pdb:A  SCOP d2gcca_
  263      0.5086          -0  1.798e+308     0.000    92    1    2           1    0    129      2    129      4    T0859-D1-QUARK.pdb:A  SCOP d3gcca_
  264      0.5086          -0  1.798e+308     0.000    92    1    2           1    0    129      2    129      4    T0859-D1-QUARK.pdb:A  SCOP d1gcca_
  265      0.5086          -0  1.798e+308     0.000    92    1    2           1    0    129      2    129      3    T0859-D1-QUARK.pdb:A  SCOP d1mn3a_
  266      0.5086          -0  1.798e+308     0.000    92    1    2           1    0    129      2    129      4    T0859-D1-QUARK.pdb:A  SCOP d1oaia_
  267      0.5086          -0  1.798e+308     0.000    92    1    2           1    0    129      2    129      2    T0859-D1-QUARK.pdb:A  SCOP d1q0va_
  268      0.5086          -0  1.798e+308     0.000    92    1    2           1    0    129      2    129      3    T0859-D1-QUARK.pdb:A  SCOP d1ixsa_
  269      0.5086          -0  1.798e+308     0.000    92    1    2           1    0    129      2    129      4    T0859-D1-QUARK.pdb:A  SCOP d1q1va_
  270      0.5086      0.3376       2.698     0.000    92    1    6           1    0    129      2    129      5    T0859-D1-QUARK.pdb:A  SCOP d1s7za_
  271      0.5086          -0  1.798e+308     0.000    92    1    2           1    0    129      2    129      5    T0859-D1-QUARK.pdb:A  SCOP d1ku7a_
  272      0.5086          -0  1.798e+308     0.000    92    1    2           1    0    129      2    129      3    T0859-D1-QUARK.pdb:A  SCOP d1ku3a_
  273      0.5086          -0  1.798e+308     0.000    92    1    2           1    0    129      2    129      5    T0859-D1-QUARK.pdb:A  SCOP d1ttya_
  274      0.5086          -0  1.798e+308     0.000    92    1    2           1    0    129      2    129      1    T0859-D1-QUARK.pdb:A  SCOP d1q0wa_
  275      0.5086          -0  1.798e+308     0.000    92    1    2           1    0    129      2    129      1    T0859-D1-QUARK.pdb:A  SCOP d1p9ca_
  276      0.5086          -0  1.798e+308     0.000    92    1    2           1    0    129      2    129      3    T0859-D1-QUARK.pdb:A  SCOP d1whua_
  277      0.5086          -0  1.798e+308     0.000    92    1    2           1    0    129      2    129      5    T0859-D1-QUARK.pdb:A  SCOP d1p4wa_
  278      0.5086          -0  1.798e+308     0.000    92    1    2           1    0    129      2    129      5    T0859-D1-QUARK.pdb:A  SCOP d1je8a_
  279      0.5086          -0  1.798e+308     0.000    92    1    2           1    0    129      2    129      5    T0859-D1-QUARK.pdb:A  SCOP d1msza_
  280      0.5086          -0  1.798e+308     0.000    92    1    2           1    0    129      2    129      4    T0859-D1-QUARK.pdb:A  SCOP d1utaa_
  281      0.5086          -0  1.798e+308     0.000    92    1    2           1    0    129      2    129      5    T0859-D1-QUARK.pdb:A  SCOP d1qgpa_
  282      0.5086          -0  1.798e+308     0.000    92    1    2           1    0    129      2    129      5    T0859-D1-QUARK.pdb:A  SCOP d1qbja_
  283      0.5086          -0  1.798e+308     0.000    92    1    2           1    0    129      2    129      5    T0859-D1-QUARK.pdb:A  SCOP d1dpua_
  284      0.5086          -0  1.798e+308     0.000    92    1    2           1    0    129      2    129      5    T0859-D1-QUARK.pdb:A  SCOP d1onva_
  285      0.5086          -0  1.798e+308     0.000    92    1    2           1    0    129      2    129      5    T0859-D1-QUARK.pdb:A  SCOP d1nhaa_
  286      0.5086          -0  1.798e+308     0.000    92    1    2           1    0    129      2    129      5    T0859-D1-QUARK.pdb:A  SCOP d1j2xa_
  287      0.5086          -0  1.798e+308     0.000    92    1    2           1    0    129      2    129      3    T0859-D1-QUARK.pdb:A  SCOP d2bbya_
  288      0.5086          -0  1.798e+308     0.000    92    1    2           1    0    129      2    129      5    T0859-D1-QUARK.pdb:A  SCOP d1doqa_
  289      0.5086          -0  1.798e+308     0.000    92    1    2           1    0    129      2    129      1    T0859-D1-QUARK.pdb:A  SCOP d3mraa_
  290      0.5086          -0  1.798e+308     0.000    92    1    2           1    0    129      2    129      1    T0859-D1-QUARK.pdb:A  SCOP d1peia_
  291      0.5086          -0  1.798e+308     0.000    92    1    2           1    0    129      2    129      3    T0859-D1-QUARK.pdb:A  SCOP d1e1ga_
  292      0.5086          -0  1.798e+308     0.000    92    1    2           1    0    129      2    129      2    T0859-D1-QUARK.pdb:A  SCOP d2siv.1
  293      0.5086          -0  1.798e+308     0.000    92    1    2           1    0    129      2    129      3    T0859-D1-QUARK.pdb:A  SCOP d1qm2a_
  294      0.5086          -0  1.798e+308     0.000    92    1    2           1    0    129      2    129      5    T0859-D1-QUARK.pdb:A  SCOP d1i4ma_
  295      0.5086          -0  1.798e+308     0.000    92    1    2           1    0    129      2    129      5    T0859-D1-QUARK.pdb:A  SCOP d1tjca_
  296      0.5086          -0  1.798e+308     0.000    92    1    2           1    0    129      2    129      1    T0859-D1-QUARK.pdb:A  SCOP d1mv4a_
  297      0.5086          -0  1.798e+308     0.000    92    1    2           1    0    129      2    129      3    T0859-D1-QUARK.pdb:A  SCOP d1e1sa_
  298      0.5086          -0  1.798e+308     0.000    92    1    2           1    0    129      2    129      3    T0859-D1-QUARK.pdb:A  SCOP d1e1pa_
  299      0.5086          -0  1.798e+308     0.000    92    1    2           1    0    129      2    129      1    T0859-D1-QUARK.pdb:A  SCOP d1usda_
  300      0.5086          -0  1.798e+308     0.000    92    1    2           1    0    129      2    129      3    T0859-D1-QUARK.pdb:A  SCOP d1avya_
  301      0.5086          -0  1.798e+308     0.000    92    1    2           1    0    129      2    129      5    T0859-D1-QUARK.pdb:A  SCOP d1u9la_
  302      0.5086          -0  1.798e+308     0.000    92    2    2           1    0    129      2    129     10    T0859-D1-QUARK.pdb:A  SCOP d1s9pa_
  303      0.5086          -0  1.798e+308     0.000    92    1    2           1    0    129      2    129      5    T0859-D1-QUARK.pdb:A  SCOP d1fkca_
  304      0.5086          -0  1.798e+308     0.000    92    1    2           1    0    129      2    129      5    T0859-D1-QUARK.pdb:A  SCOP d1e1ua_
  305      0.5086          -0  1.798e+308     0.000    92    1    2           1    0    129      2    129      3    T0859-D1-QUARK.pdb:A  SCOP d1dx1a_
  306      0.5086          -0  1.798e+308     0.000    92    1    2           1    0    129      2    129      4    T0859-D1-QUARK.pdb:A  SCOP d1dwza_
  307      0.5086          -0  1.798e+308     0.000    92    1    2           1    0    129      2    129      3    T0859-D1-QUARK.pdb:A  SCOP d1qlxa_
  308      0.5086          -0  1.798e+308     0.000    92    1    2           1    0    129      2    129      5    T0859-D1-QUARK.pdb:A  SCOP d1e1wa_
  309      0.5086          -0  1.798e+308     0.000    92    1    2           1    0    129      2    129      5    T0859-D1-QUARK.pdb:A  SCOP d1b0xa_
  310      0.5086          -0  1.798e+308     0.000    92    1    2           1    0    129      2    129      4    T0859-D1-QUARK.pdb:A  SCOP d1tp4a_
  311      0.5086          -0  1.798e+308     0.000    92    1    2           1    0    129      2    129      2    T0859-D1-QUARK.pdb:A  SCOP d1urfa_
  312      0.5086          -0  1.798e+308     0.000    92    1    2           1    0    129      2    129      3    T0859-D1-QUARK.pdb:A  SCOP d1ag2a_
  313      0.5086          -0  1.798e+308     0.000    92    1    2           1    0    129      2    129      3    T0859-D1-QUARK.pdb:A  SCOP d1y15a_
  314      0.5086          -0  1.798e+308     0.000    92    1    2           1    0    129      2    129      3    T0859-D1-QUARK.pdb:A  SCOP d1qm0a_
  315      0.5086          -0  1.798e+308     0.000    92    1    2           1    0    129      2    129      1    T0859-D1-QUARK.pdb:A  SCOP d1juna_
  316      0.5086          -0  1.798e+308     0.000    92    1    2           1    0    129      2    129      2    T0859-D1-QUARK.pdb:A  SCOP d1qoja_
  317      0.5086          -0  1.798e+308     0.000    92    1    2           1    0    129      2    129      5    T0859-D1-QUARK.pdb:A  SCOP d1g7da_
  318      0.5086          -0  1.798e+308     0.000    92    1    2           1    0    129      2    129      4    T0859-D1-QUARK.pdb:A  SCOP d1xyxa_
  319      0.5086          -0  1.798e+308     0.000    92    1    2           1    0    129      2    129      4    T0859-D1-QUARK.pdb:A  SCOP d1i2ta_
  320      0.5086          -0  1.798e+308     0.000    92    1    2           1    0    129      2    129      3    T0859-D1-QUARK.pdb:A  SCOP d1qm1a_
  321      0.5086          -0  1.798e+308     0.000    92    1    2           1    0    129      2    129      5    T0859-D1-QUARK.pdb:A  SCOP d1ny9a_
  322      0.5086          -0  1.798e+308     0.000    92    1    2           1    0    129      2    129      3    T0859-D1-QUARK.pdb:A  SCOP d1e1ja_
  323      0.5086          -0  1.798e+308     0.000    92    1    2           1    0    129      2    129      5    T0859-D1-QUARK.pdb:A  SCOP d1hjna_
  324      0.5086          -0  1.798e+308     0.000    92    1    4           1    0    129      2    129      5    T0859-D1-QUARK.pdb:A  SCOP d1fada_
  325      0.5086          -0  1.798e+308     0.000    92    1    2           1    0    129      2    129      1    T0859-D1-QUARK.pdb:A  SCOP d1dxza_
  326      0.5086       1.822       4.095     0.000    92    2    4           1    0    129      2    129      7    T0859-D1-QUARK.pdb:A  SCOP d1by1a_
  327      0.5086          -0  1.798e+308     0.000    92    1    2           1    0    129      2    129      1    T0859-D1-QUARK.pdb:A  SCOP d1olga_
  328      0.5086          -0  1.798e+308     0.000    92    1    2           1    0    129      2    129      1    T0859-D1-QUARK.pdb:A  SCOP d1c26a_
  329      0.5086          -0  1.798e+308     0.000    92    1    2           1    0    129      2    129      3    T0859-D1-QUARK.pdb:A  SCOP d1dx0a_
  330      0.5086          -0  1.798e+308     0.000    92    1    2           1    0    129      2    129      2    T0859-D1-QUARK.pdb:A  SCOP d1wnca_
  331      0.5086          -0  1.798e+308     0.000    92    1    2           1    0    129      2    129      4    T0859-D1-QUARK.pdb:A  SCOP d2beq.1
  332      0.5086          -0  1.798e+308     0.000    92    1    2           1    0    129      2    129      2    T0859-D1-QUARK.pdb:A  SCOP d1g2c.1
  333      0.5086          -0  1.798e+308     0.000    92    1    2           1    0    129      2    129      5    T0859-D1-QUARK.pdb:A  SCOP d1qkla_
  334      0.5086          -0  1.798e+308     0.000    92    1    2           1    0    129      2    129      2    T0859-D1-QUARK.pdb:A  SCOP d1wdga_
  335      0.5086          -0  1.798e+308     0.000    92    1    2           1    0    129      2    129      5    T0859-D1-QUARK.pdb:A  SCOP d1qlza_
  336      0.5086          -0  1.798e+308     0.000    92    1    2           1    0    129      2    129      4    T0859-D1-QUARK.pdb:A  SCOP d1q8da_
  337      0.5086          -0  1.798e+308     0.000    92    1    2           1    0    129      2    129      2    T0859-D1-QUARK.pdb:A  SCOP d1rf0a_
  338      0.5086          -0  1.798e+308     0.000    92    1    2           1    0    129      2    129      3    T0859-D1-QUARK.pdb:A  SCOP d1hjma_
  339      0.5086          -0  1.798e+308     0.000    92    1    2           1    0    129      2    129      1    T0859-D1-QUARK.pdb:A  SCOP d1pesa_
  340      0.5086          -0  1.798e+308     0.000    92    1    2           1    0    129      2    129      1    T0859-D1-QUARK.pdb:A  SCOP d1sala_
  341      0.5086          -0  1.798e+308     0.000    92    1    2           1    0    129      2    129      2    T0859-D1-QUARK.pdb:A  SCOP d1lt9a_
  342      0.5086          -0  1.798e+308     0.000    92    1    2           1    0    129      2    129      1    T0859-D1-QUARK.pdb:A  SCOP d1saka_
  343      0.5086          -0  1.798e+308     0.000    92    1    2           1    0    129      2    129      4    T0859-D1-QUARK.pdb:A  SCOP d1nzpa_
  344      0.5086          -0  1.798e+308     0.000    92    1    2           1    0    129      2    129      1    T0859-D1-QUARK.pdb:A  SCOP d1saea_
  345      0.5086          -0  1.798e+308     0.000    92    1    2           1    0    129      2    129      2    T0859-D1-QUARK.pdb:A  SCOP d1ltja_
  346      0.5086          -0  1.798e+308     0.000    92    1    2           1    0    129      2    129      2    T0859-D1-QUARK.pdb:A  SCOP d1re4a_
  347      0.5086          -0  1.798e+308     0.000    92    1    2           1    0    129      2    129      4    T0859-D1-QUARK.pdb:A  SCOP d1dwya_
  348      0.5086          -0  1.798e+308     0.000    92    1    2           1    0    129      2    129      3    T0859-D1-QUARK.pdb:A  SCOP d1qm3a_
  349      0.5086          -0  1.798e+308     0.000    92    1    2           1    0    129      2    129      1    T0859-D1-QUARK.pdb:A  SCOP d1olha_
  350      0.5086          -0  1.798e+308     0.000    92    1    2           1    0    129      2    129      4    T0859-D1-QUARK.pdb:A  SCOP d1e0ba_
  351      0.5086          -0  1.798e+308     0.000    92    1    2           1    0    129      2    129      2    T0859-D1-QUARK.pdb:A  SCOP d1jek.1
  352      0.5086          -0  1.798e+308     0.000    92    1    2           1    0    129      2    129      4    T0859-D1-QUARK.pdb:A  SCOP d1xyua_
  353      0.5086          -0  1.798e+308     0.000    92    1    2           1    0    129      2    129      4    T0859-D1-QUARK.pdb:A  SCOP d1dz1a_
  354      0.5086          -0  1.798e+308     0.000    92    1    2           1    0    129      2    129      5    T0859-D1-QUARK.pdb:A  SCOP d1fo7a_
  355      0.5086          -0  1.798e+308     0.000    92    1    2           1    0    129      2    129      1    T0859-D1-QUARK.pdb:A  SCOP d1safa_
  356      0.5086          -0  1.798e+308     0.000    92    1    2           1    0    129      2    129      2    T0859-D1-QUARK.pdb:A  SCOP d1bcta_
  357      0.5086          -0  1.798e+308     0.000    92    1    2           1    0    129      2    129      1    T0859-D1-QUARK.pdb:A  SCOP d1peta_
  358      0.5086          -0  1.798e+308     0.000    92    1    2           1    0    129      2    129      4    T0859-D1-QUARK.pdb:A  SCOP d1h0la_
  359      0.5086          -0  1.798e+308     0.000    92    1    2           1    0    129      2    129      3    T0859-D1-QUARK.pdb:A  SCOP d1lj2a_
  360      0.5086          -0  1.798e+308     0.000    92    1    2           1    0    129      2    129      4    T0859-D1-QUARK.pdb:A  SCOP d1y2sa_
  361      0.5086          -0  1.798e+308     0.000    92    1    2           1    0    129      2    129      4    T0859-D1-QUARK.pdb:A  SCOP d1uw3a_
  362      0.5086          -0  1.798e+308     0.000    92    1    2           1    0    129      2    129      2    T0859-D1-QUARK.pdb:A  SCOP d1re3a_
  363      0.5086          -0  1.798e+308     0.000    92    1    2           1    0    129      2    129      3    T0859-D1-QUARK.pdb:A  SCOP d2eboa_
  364      0.5086          -0  1.798e+308     0.000    92    1    2           1    0    129      2    129      1    T0859-D1-QUARK.pdb:A  SCOP d1aiea_
  365      0.4976      0.4314       2.336     0.000    91    2    4           1    0    129      2    129      5    T0859-D1-QUARK.pdb:A  SCOP d1rr7a_
  366      0.4976     0.04952       1.529     0.000    91    1    5           1    0    129      2    129      3    T0859-D1-QUARK.pdb:A  SCOP d1gjta_
  367      0.4976      0.9594       3.391     0.000    91    2    4           1    0    129      2    129      5    T0859-D1-QUARK.pdb:A  SCOP d1t6qa_
  368      0.4976      0.3069       2.623     0.000    91    1    4           1    0    129      2    129      5    T0859-D1-QUARK.pdb:A  SCOP d1oaea_
  369      0.4976     0.01048       1.869     0.000    91    2    4           1    0    129      2    129      9    T0859-D1-QUARK.pdb:A  SCOP d1d6na_
  370      0.4867      0.1886       2.196     0.000    90    1    4           1    0    129      2    129      5    T0859-D1-QUARK.pdb:A  SCOP d1n6ja_
  371      0.4867      0.6295       2.894     0.000    90    2    4           1    0    129      2    129      7    T0859-D1-QUARK.pdb:A  SCOP d1oxba_
  372      0.4867      0.5162       3.077     0.000    90    1    4           1    0    129      2    129      2    T0859-D1-QUARK.pdb:A  SCOP d1pd3a_
  373      0.4867       1.303       3.379     0.000    90    1    4           1    0    129      2    129      4    T0859-D1-QUARK.pdb:A  SCOP d1q0aa_
  374      0.4867      0.7626       3.156     0.000    90    2    5           1    0    129      2    129      5    T0859-D1-QUARK.pdb:A  SCOP d1q0ma_
  375       0.476       1.313       3.808     0.000    89    2    7           1    0    129      2    129      6    T0859-D1-QUARK.pdb:A  SCOP d1x91a_
  376       0.476          -0  1.798e+308     0.000    89    1    3           1    0    129      2    129      2    T0859-D1-QUARK.pdb:A  SCOP d1fzca_
  377       0.476      0.6714       3.036     0.000    89    2    5           1    0    129      2    129      7    T0859-D1-QUARK.pdb:A  SCOP d1rj4a_
  378       0.476          -0  1.798e+308     0.000    89    1    3           1    0    129      2    129      3    T0859-D1-QUARK.pdb:A  SCOP d1iiea_
  379      0.4654      0.6117       3.247     0.000    88    1    5           1    0    129      2    129      4    T0859-D1-QUARK.pdb:A  SCOP d1e91a_
  380      0.4637       2.143       4.116     0.000    80    1    3           1    0    129      2    107      5    T0859-D1-QUARK.pdb:A  SCOP d1x03a1
  381      0.4548      0.4034       2.849     0.000    87    1    3           1    0    129      2    129      2    T0859-D1-QUARK.pdb:A  SCOP d1rpra_
  382      0.4548      0.4034       2.849     0.000    87    1    3           1    0    129      2    129      2    T0859-D1-QUARK.pdb:A  SCOP d1f4ma_
  383      0.4548      0.4034       2.849     0.000    87    1    3           1    0    129      2    129      2    T0859-D1-QUARK.pdb:A  SCOP d1ropa_
  384      0.4548       1.245       3.456     0.000    87    1    4           1    0    129      2    129      5    T0859-D1-QUARK.pdb:A  SCOP d2lyna_
  385      0.4444          -0  1.798e+308     0.000    86    1    3           1    0    129      2    129      2    T0859-D1-QUARK.pdb:A  SCOP d1fzba_
  386      0.4444      0.1021       1.541     0.000    86    2    4           1    0    129      2    129      9    T0859-D1-QUARK.pdb:A  SCOP d1on0a_
  387      0.4444       1.318       3.542     0.000    86    1    4           1    0    129      2    129      5    T0859-D1-QUARK.pdb:A  SCOP d1lyna_
  388      0.4444       1.245       3.456     0.000    86    1    4           1    0    129      2    129      5    T0859-D1-QUARK.pdb:A  SCOP d1lisa_
  389      0.4444       1.245       3.456     0.000    86    1    4           1    0    129      2    129      5    T0859-D1-QUARK.pdb:A  SCOP d2lisa_
  390      0.4444      0.9325       4.345     0.000    86    1    3           1    0    129      2    129      4    T0859-D1-QUARK.pdb:A  SCOP d2liga_
  391      0.4444          -0  1.798e+308     0.000    86    1    3           1    0    129      2    129      5    T0859-D1-QUARK.pdb:A  SCOP d1j75a_
  392      0.4444      0.3624       2.758     0.000    86    1    3           1    0    129      2    129      2    T0859-D1-QUARK.pdb:A  SCOP d1gtoa_
  393      0.4444     0.01945       1.348     0.000    86    1    5           1    0    129      2    129      4    T0859-D1-QUARK.pdb:A  SCOP d1ifwa_
  394      0.4444     0.03396       1.518     0.000    86    1    4           1    0    129      2    129      3    T0859-D1-QUARK.pdb:A  SCOP d1m8la_
  395      0.4342          -0  1.798e+308     0.000    85    1    3           1    0    129      2    129      3    T0859-D1-QUARK.pdb:A  SCOP d1ig7a_
  396      0.4342     0.07785       2.547     0.000    85    1    5           1    0    129      2    129      3    T0859-D1-QUARK.pdb:A  SCOP d1s94a_
  397      0.4342     0.01757       2.272     0.000    85    1    6           1    0    129      2    129      4    T0859-D1-QUARK.pdb:A  SCOP d1r5qa_
  398      0.4342      0.9325       4.345     0.000    85    1    3           1    0    129      2    129      4    T0859-D1-QUARK.pdb:A  SCOP d1liha_
  399      0.4342          -0  1.798e+308     0.000    85    1    3           1    0    129      2    129      3    T0859-D1-QUARK.pdb:A  SCOP d1b8ia_
  400      0.4342          -0  1.798e+308     0.000    85    1    3           1    0    129      2    129      3    T0859-D1-QUARK.pdb:A  SCOP d1jgga_
  401      0.4327     0.02979       2.206     0.000    78    1    4           1    0    129      2    109      3    T0859-D1-QUARK.pdb:A  SCOP d2o8ra1
  402       0.424          -0  1.798e+308     0.000    80    1    2           1    0    129      2    117      3    T0859-D1-QUARK.pdb:A  SCOP d1xmba1
  403       0.424      0.2634       2.501     0.000    84    2    5           1    0    129      2    129      8    T0859-D1-QUARK.pdb:A  SCOP d1tesa_
  404       0.424       1.449       3.347     0.000    84    1    3           1    0    129      2    129      4    T0859-D1-QUARK.pdb:A  SCOP d1jada_
  405       0.414     0.09998       2.059     0.000    83    2    7           1    0    129      2    129      9    T0859-D1-QUARK.pdb:A  SCOP d2mb5a_
  406       0.414     0.09998       2.059     0.000    83    2    7           1    0    129      2    129      8    T0859-D1-QUARK.pdb:A  SCOP d112ma_
  407       0.414     0.09998       2.059     0.000    83    2    7           1    0    129      2    129      8    T0859-D1-QUARK.pdb:A  SCOP d1co9a_
  408       0.414     0.09998       2.059     0.000    83    2    7           1    0    129      2    129      8    T0859-D1-QUARK.pdb:A  SCOP d102ma_
  409       0.414          -0  1.798e+308     0.000    83    1    3           1    0    129      2    129      2    T0859-D1-QUARK.pdb:A  SCOP d1fzaa_
  410       0.414     0.09998       2.059     0.000    83    2    7           1    0    129      2    129      8    T0859-D1-QUARK.pdb:A  SCOP d2mgfa_
  411       0.414      0.2634       2.501     0.000    83    2    5           1    0    129      2    129      8    T0859-D1-QUARK.pdb:A  SCOP d1jw8a_
  412       0.414     0.09998       2.059     0.000    83    2    7           1    0    129      2    129      8    T0859-D1-QUARK.pdb:A  SCOP d1moda_
  413       0.414     0.09998       2.059     0.000    83    2    7           1    0    129      2    129      8    T0859-D1-QUARK.pdb:A  SCOP d2mgga_
  414       0.414     0.09998       2.059     0.000    83    2    7           1    0    129      2    129      8    T0859-D1-QUARK.pdb:A  SCOP d1mtka_
  415       0.414      0.6513       3.008     0.000    83    2    5           1    0    129      2    129      6    T0859-D1-QUARK.pdb:A  SCOP d1mqva_
  416       0.414     0.09998       2.059     0.000    83    2    7           1    0    129      2    129      8    T0859-D1-QUARK.pdb:A  SCOP d1o16a_
  417       0.414     0.09998       2.059     0.000    83    2    7           1    0    129      2    129      9    T0859-D1-QUARK.pdb:A  SCOP d2cmma_
  418       0.414     0.09998       2.059     0.000    83    2    7           1    0    129      2    129      8    T0859-D1-QUARK.pdb:A  SCOP d1mlla_
  419      0.4102      0.3359       1.869     0.000    63    1    2           1    0    129      2     75      1    T0859-D1-QUARK.pdb:A  SCOP d1x6fa1
  420      0.4041     0.09998       2.059     0.000    82    2    7           1    0    129      2    129      8    T0859-D1-QUARK.pdb:A  SCOP d2mgha_
  421      0.4041     0.09998       2.059     0.000    82    2    7           1    0    129      2    129      8    T0859-D1-QUARK.pdb:A  SCOP d1absa_
  422      0.4041          -0  1.798e+308     0.000    82    1    3           1    0    129      2    129      5    T0859-D1-QUARK.pdb:A  SCOP d1g8qa_
  423      0.4041     0.09998       2.059     0.000    82    2    7           1    0    129      2    129      8    T0859-D1-QUARK.pdb:A  SCOP d1fcsa_
  424      0.4041     0.04198       2.059     0.000    82    2    7           1    0    129      2    129      8    T0859-D1-QUARK.pdb:A  SCOP d1mtia_
  425      0.4041     0.09998       2.059     0.000    82    2    7           1    0    129      2    129      8    T0859-D1-QUARK.pdb:A  SCOP d1do7a_
  426      0.4041     0.09998       2.059     0.000    82    2    7           1    0    129      2    129      8    T0859-D1-QUARK.pdb:A  SCOP d1mlqa_
  427      0.4041     0.04198       2.059     0.000    82    2    7           1    0    129      2    129      8    T0859-D1-QUARK.pdb:A  SCOP d1ebca_
  428      0.4041     0.09998       2.059     0.000    82    2    7           1    0    129      2    129      8    T0859-D1-QUARK.pdb:A  SCOP d2spma_
  429      0.4041     0.09998       2.059     0.000    82    2    7           1    0    129      2    129      8    T0859-D1-QUARK.pdb:A  SCOP d1obma_
  430      0.4041     0.09998       2.059     0.000    82    2    7           1    0    129      2    129      8    T0859-D1-QUARK.pdb:A  SCOP d1f65a_
  431      0.4041     0.09998       2.059     0.000    82    2    7           1    0    129      2    129      8    T0859-D1-QUARK.pdb:A  SCOP d2mgea_
  432      0.4041      0.1355       2.229     0.000    82    2    7           1    0    129      2    129      6    T0859-D1-QUARK.pdb:A  SCOP d1b0ba_
  433      0.4041     0.09998       2.059     0.000    82    2    7           1    0    129      2    129      8    T0859-D1-QUARK.pdb:A  SCOP d1mlra_
  434      0.4041     0.09998       2.059     0.000    82    2    7           1    0    129      2    129      8    T0859-D1-QUARK.pdb:A  SCOP d2mgda_
  435      0.4041     0.09998       2.059     0.000    82    2    7           1    0    129      2    129      8    T0859-D1-QUARK.pdb:A  SCOP d1cika_
  436      0.4041     0.09998       2.059     0.000    82    2    7           1    0    129      2    129      8    T0859-D1-QUARK.pdb:A  SCOP d1mcya_
  437      0.4041      0.1133       1.941     0.000    82    2    5           1    0    129      2    129      5    T0859-D1-QUARK.pdb:A  SCOP d1hrsa_
  438      0.4041     0.09998       2.059     0.000    82    2    7           1    0    129      2    129      8    T0859-D1-QUARK.pdb:A  SCOP d1do3a_
  439      0.4041     0.09998       2.059     0.000    82    2    7           1    0    129      2    129      8    T0859-D1-QUARK.pdb:A  SCOP d1cioa_
  440      0.4041          -0  1.798e+308     0.000    82    1    3           1    0    129      2    129      5    T0859-D1-QUARK.pdb:A  SCOP d1iv5a_
  441      0.3943      0.9709       3.406     0.000    81    2    5           1    0    129      2    129      5    T0859-D1-QUARK.pdb:A  SCOP d1jgca_
  442      0.3943     0.09998       2.059     0.000    81    2    7           1    0    129      2    129      8    T0859-D1-QUARK.pdb:A  SCOP d1cp0a_
  443      0.3943     0.09424        1.87     0.000    81    2    7           1    0    129      2    129      7    T0859-D1-QUARK.pdb:A  SCOP d2cj8a1
  444      0.3943     0.09998       2.059     0.000    81    2    7           1    0    129      2    129      8    T0859-D1-QUARK.pdb:A  SCOP d1co8a_
  445      0.3943      0.4131        3.24     0.000    81    2    7           1    0    129      2    129      7    T0859-D1-QUARK.pdb:A  SCOP d1h2sa_
  446      0.3943      0.6709       4.345     0.000    81    1    3           1    0    129      2    129      4    T0859-D1-QUARK.pdb:A  SCOP d1vlsa_
  447      0.3931      0.8018       3.554     0.000    74    1    4           1    0    129      2    108      5    T0859-D1-QUARK.pdb:A  SCOP d2c08a1
  448      0.3885       1.835       3.979     0.000    69    1    2           1    0    129      2     95      4    T0859-D1-QUARK.pdb:A  SCOP d2fj7a1
  449      0.3877       1.361       3.239     0.000    51    1    1           1    0    129      2     52      4    T0859-D1-QUARK.pdb:A  SCOP d4gepa1
  450      0.3877       1.361       3.239     0.000    51    1    1           1    0    129      2     52      5    T0859-D1-QUARK.pdb:A  SCOP d5gepa1
  451      0.3877       1.361       3.239     0.000    51    1    1           1    0    129      2     52      4    T0859-D1-QUARK.pdb:A  SCOP d2gepa1
  452      0.3877       1.361       3.239     0.000    51    1    1           1    0    129      2     52      5    T0859-D1-QUARK.pdb:A  SCOP d6gepa1
  453      0.3877       1.361       3.239     0.000    51    1    1           1    0    129      2     52      5    T0859-D1-QUARK.pdb:A  SCOP d5aopa1
  454      0.3877       1.361       3.239     0.000    51    1    1           1    0    129      2     52      5    T0859-D1-QUARK.pdb:A  SCOP d3geoa1
  455      0.3877       1.361       3.239     0.000    51    1    1           1    0    129      2     52      4    T0859-D1-QUARK.pdb:A  SCOP d8gepa1
  456      0.3877       1.361       3.239     0.000    51    1    1           1    0    129      2     52      4    T0859-D1-QUARK.pdb:A  SCOP d7gepa1
  457      0.3877       1.361       3.239     0.000    51    1    1           1    0    129      2     52      5    T0859-D1-QUARK.pdb:A  SCOP d2aopa1
  458      0.3877       1.361       3.239     0.000    51    1    1           1    0    129      2     52      4    T0859-D1-QUARK.pdb:A  SCOP d1aopa1
  459      0.3876      0.1134       1.941     0.000    80    2    7           1    0    129      2    128      6    T0859-D1-QUARK.pdb:A  SCOP d2cj6a1
  460      0.3846      0.4131        3.24     0.000    80    2    7           1    0    129      2    129      9    T0859-D1-QUARK.pdb:A  SCOP d1jgja_
  461      0.3846    0.001557       2.083     0.000    80    1    6           1    0    129      2    129      4    T0859-D1-QUARK.pdb:A  SCOP d1vh6a_
  462      0.3846      0.1133       1.941     0.000    80    2    5           1    0    129      2    129      5    T0859-D1-QUARK.pdb:A  SCOP d1rcga_
  463      0.3846      0.1133       1.941     0.000    80    2    5           1    0    129      2    129      5    T0859-D1-QUARK.pdb:A  SCOP d1rcia_
  464       0.384     0.09642       1.878     0.000    79    2    6           1    0    129      2    126      5    T0859-D1-QUARK.pdb:A  SCOP d2bjya1
  465      0.3813       1.711       3.979     0.000    68    1    2           1    0    129      2     94      4    T0859-D1-QUARK.pdb:A  SCOP d2nzda1
  466        0.38       1.361       3.239     0.000    50    1    1           1    0    129      2     51      3    T0859-D1-QUARK.pdb:A  SCOP d3aopa1
  467        0.38       1.361       3.239     0.000    50    1    1           1    0    129      2     51      3    T0859-D1-QUARK.pdb:A  SCOP d4aopa1
  468      0.3791      0.8018       3.554     0.000    72    1    3           1    0    129      2    106      4    T0859-D1-QUARK.pdb:A  SCOP d1zwwa1
  469      0.3773       1.711       3.979     0.000    68    1    2           1    0    129      2     95      4    T0859-D1-QUARK.pdb:A  SCOP d2cv5a1
  470       0.375      0.2323       1.933     0.000    79    2    5           1    0    129      2    129      4    T0859-D1-QUARK.pdb:A  SCOP d1data_
  471       0.375      0.1111       1.933     0.000    79    2    5           1    0    129      2    129      5    T0859-D1-QUARK.pdb:A  SCOP d1h96a_
  472       0.375      0.1111       1.933     0.000    79    2    5           1    0    129      2    129      5    T0859-D1-QUARK.pdb:A  SCOP d1gwga_
  473       0.375    0.009401       1.895     0.000    79    1    5           1    0    129      2    129      5    T0859-D1-QUARK.pdb:A  SCOP d3lyna_
  474       0.375   0.0004443       1.348     0.000    79    1    6           1    0    129      2    129      4    T0859-D1-QUARK.pdb:A  SCOP d1uuja_
  475       0.375     0.01191       1.298     0.000    79    2    5           1    0    129      2    129      5    T0859-D1-QUARK.pdb:A  SCOP d1y6da_
  476       0.375     0.03292       2.455     0.000    79    1    6           1    0    129      2    129      4    T0859-D1-QUARK.pdb:A  SCOP d1sv1a_
  477      0.3656      0.1418       2.035     0.000    78    2    5           1    0    129      2    129      5    T0859-D1-QUARK.pdb:A  SCOP d1cpra_
  478      0.3656          -0  1.798e+308     0.000    78    1    3           1    0    129      2    129      3    T0859-D1-QUARK.pdb:A  SCOP d1i6za_
  479      0.3656    0.001366      0.9777     0.000    78    2    5           1    0    129      2    129      5    T0859-D1-QUARK.pdb:A  SCOP d1rhga_
  480      0.3656      0.1111       1.933     0.000    78    2    5           1    0    129      2    129      5    T0859-D1-QUARK.pdb:A  SCOP d1iera_
  481      0.3656      0.9439       3.599     0.000    78    2    4           1    0    129      2    129      5    T0859-D1-QUARK.pdb:A  SCOP d1i5na_
  482      0.3656      0.2167       2.455     0.000    78    1    6           1    0    129      2    129      4    T0859-D1-QUARK.pdb:A  SCOP d1suya_
  483      0.3656      0.1736       2.027     0.000    78    2    5           1    0    129      2    129      5    T0859-D1-QUARK.pdb:A  SCOP d1jraa_
  484      0.3583      0.4656       1.996     0.000    69    1    6           1    0    129      2    103      5    T0859-D1-QUARK.pdb:A  SCOP d1pula1
  485      0.3563     0.07903       1.806     0.000    77    2    4           1    0    129      2    129      6    T0859-D1-QUARK.pdb:A  SCOP d1gqaa_
  486      0.3563     0.07033       1.766     0.000    77    2    6           1    0    129      2    129      6    T0859-D1-QUARK.pdb:A  SCOP d1bbha_
  487      0.3563          -0  1.798e+308     0.000    77    1    3           1    0    129      2    129      2    T0859-D1-QUARK.pdb:A  SCOP d1lwua_
  488      0.3563    0.004647       1.917     0.000    77    2    5           1    0    129      2    129      9    T0859-D1-QUARK.pdb:A  SCOP d1pxra_
  489      0.3553      0.4725       2.553     0.000    71    1    5           1    0    129      2    110      5    T0859-D1-QUARK.pdb:A  SCOP d1xnsa1
  490      0.3471    0.001638       1.774     0.000    76    2    5           1    0    129      2    129      9    T0859-D1-QUARK.pdb:A  SCOP d1s52a_
  491      0.3471    0.001638       1.774     0.000    76    2    5           1    0    129      2    129     10    T0859-D1-QUARK.pdb:A  SCOP d1kmea_
  492      0.3451      0.5053       2.479     0.000    64    2    4           1    0    129      2     92      5    T0859-D1-QUARK.pdb:A  SCOP d1yvwa1
  493      0.3435      0.9325       4.345     0.000    48    1    1           1    0    129      2     52      5    T0859-D1-QUARK.pdb:A  SCOP d1pmta1
  494      0.3435      0.9325       4.345     0.000    48    1    1           1    0    129      2     52      5    T0859-D1-QUARK.pdb:A  SCOP d1a0fa1
