<html><head></head><body><pre style="word-wrap: break-word; white-space: pre-wrap;"> PDBe Fold v2.59. (src3) 14 Apr 2014 result file.

                   RESULT SUMMARY

   ##      Q-score      P-score     Z-score   RMSD    Nalgn Nsse Ngaps Seq-%     Nmd Nres-Q Nsse-Q Nres-T Nsse-T Query Target
    1      0.2362          -0       2.756     0.000   173    3   13           1    0    356     15    356     14    T0863-D2-RaptorX.pdb:A  SCOP d1rsva_
    2      0.2362          -0       2.756     0.000   173    3   13           1    0    356     15    356     14    T0863-D2-RaptorX.pdb:A  SCOP d1xika_
    3      0.2362          -0       2.756     0.000   173    3   13           1    0    356     15    356     14    T0863-D2-RaptorX.pdb:A  SCOP d1pfra_
    4      0.2362          -0       2.516     0.000   173    3   14           1    0    356     15    356     15    T0863-D2-RaptorX.pdb:A  SCOP d1jpra_
    5      0.2334          -0       2.802     0.000   172    3   12           1    0    356     15    356     13    T0863-D2-RaptorX.pdb:A  SCOP d1rsra_
    6      0.2334          -0       2.409     0.000   172    3   14           1    0    356     15    356     15    T0863-D2-RaptorX.pdb:A  SCOP d1jqca_
    7       0.228          -0       3.127     0.000   170    3   13           1    0    356     15    356     13    T0863-D2-RaptorX.pdb:A  SCOP d1txua_
    8      0.2174          -0       1.975     0.000   166    3   14           1    0    356     15    356     14    T0863-D2-RaptorX.pdb:A  SCOP d1biqa_
    9      0.2122          -0       2.714     0.000   164    3   12           1    0    356     15    356     14    T0863-D2-RaptorX.pdb:A  SCOP d1mxra_
   10      0.1995          -0       2.221     0.000   159    3   13           1    0    356     15    356     15    T0863-D2-RaptorX.pdb:A  SCOP d1r53a_
   11      0.1775          -0  1.798e+308     0.000   150    3   11           1    0    356     15    356     10    T0863-D2-RaptorX.pdb:A  SCOP d1rsma_
   12      0.1775          -0  1.798e+308     0.000   150    3   11           1    0    356     15    356     14    T0863-D2-RaptorX.pdb:A  SCOP d1mema_
   13      0.1775          -0  1.798e+308     0.000   150    3   11           1    0    356     15    356     14    T0863-D2-RaptorX.pdb:A  SCOP d1rrea_
   14      0.1775          -0  1.798e+308     0.000   150    3   11           1    0    356     15    356     10    T0863-D2-RaptorX.pdb:A  SCOP d1nwga_
   15      0.1775          -0  1.798e+308     0.000   150    3   11           1    0    356     15    356      9    T0863-D2-RaptorX.pdb:A  SCOP d1hfza_
   16      0.1775          -0  1.798e+308     0.000   150    3   11           1    0    356     15    356     15    T0863-D2-RaptorX.pdb:A  SCOP d4pgma_
   17      0.1775          -0  1.798e+308     0.000   150    3   11           1    0    356     15    356      8    T0863-D2-RaptorX.pdb:A  SCOP d1ufwa_
   18      0.1775          -0  1.798e+308     0.000   150    3   11           1    0    356     15    356      6    T0863-D2-RaptorX.pdb:A  SCOP d1c7wa_
   19      0.1775          -0  1.798e+308     0.000   150    3   11           1    0    356     15    356      7    T0863-D2-RaptorX.pdb:A  SCOP d1wf0a_
   20      0.1775          -0  1.798e+308     0.000   150    3   11           1    0    356     15    356     15    T0863-D2-RaptorX.pdb:A  SCOP d1g8ia_
   21      0.1775          -0  1.798e+308     0.000   150    3   11           1    0    356     15    356     10    T0863-D2-RaptorX.pdb:A  SCOP d1mw5a_
   22      0.1775          -0  1.798e+308     0.000   150    3   11           1    0    356     15    356      8    T0863-D2-RaptorX.pdb:A  SCOP d1niga_
   23      0.1775          -0  1.798e+308     0.000   150    3   11           1    0    356     15    356      6    T0863-D2-RaptorX.pdb:A  SCOP d1rv1a_
   24      0.1738          -0       1.007     1.874   175    3   15        0.96    0    356     15    356     15    T0863-D2-RaptorX.pdb:A  SCOP d1siga_
   25      0.1596          -0       2.709     1.964   170    3   12      0.9765    0    356     15    356     14    T0863-D2-RaptorX.pdb:A  SCOP d1rqia_
   26      0.1052          -0   4.768e-05     2.364   147    3   15      0.9388    0    356     15    356     14    T0863-D2-RaptorX.pdb:A  SCOP d1jk0a_
   27     0.07936          -0       2.656     3.691   159    3   14      0.9811    0    356     15    356     13    T0863-D2-RaptorX.pdb:A  SCOP d1pzla_
   28     0.06736          -0       1.066     2.072    92    3   10       0.913    0    356     15    239     14    T0863-D2-RaptorX.pdb:A  SCOP d1ddza2
   29     0.05599          -0      0.1978     2.788    79    3    8      0.8608    0    356     15    168      6    T0863-D2-RaptorX.pdb:A  SCOP d1oy6a7
   30     0.02932          -0    0.008104     3.276    62    3    7     0.03226    0    356     15    168      6    T0863-D2-RaptorX.pdb:A  SCOP d1oyea7
   31     0.02469          -0       3.434     1.672    24    3    1     0.04167    0    356     15     50     10    T0863-D2-RaptorX.pdb:A  SCOP d2d2sa1
   32     0.02334          -0      0.2648     4.172    64    3    4     0.09375    0    356     15    168      6    T0863-D2-RaptorX.pdb:A  SCOP d1oyda7
   33     0.02302          -0       1.097     1.336    18    3    1     0.05556    0    356     15     33     10    T0863-D2-RaptorX.pdb:A  SCOP d1m5ya1
   34     0.02277          -0       2.651     1.556    12    3    1     0.08333    0    356     15     14     12    T0863-D2-RaptorX.pdb:A  SCOP d6reqa2
   35     0.02277          -0       2.651     1.556    12    3    1     0.08333    0    356     15     14     12    T0863-D2-RaptorX.pdb:A  SCOP d1reqa2
   36     0.02277          -0       2.651     1.556    12    3    1     0.08333    0    356     15     14     12    T0863-D2-RaptorX.pdb:A  SCOP d1e1ca2
   37     0.01588          -0       1.025     4.098    27    3    2     0.07407    0    356     15     45     13    T0863-D2-RaptorX.pdb:A  SCOP d1lc0a1
   38     0.01576          -0       2.637     1.319    23    3    1      0.1304    0    356     15     79      7    T0863-D2-RaptorX.pdb:A  SCOP d1xzpa1
   39     0.01523          -0      0.4231     4.323    28    3    3     0.07143    0    356     15     47     13    T0863-D2-RaptorX.pdb:A  SCOP d1lc3a1
   40     0.01485          -0       1.085     3.202    21    3    1           0    0    356     15     39     11    T0863-D2-RaptorX.pdb:A  SCOP d1hkua2
   41     0.01485          -0       1.085     3.202    21    3    1           0    0    356     15     39     10    T0863-D2-RaptorX.pdb:A  SCOP d1hl3a2
   42     0.01445          -0       1.556     3.080    27    3    4      0.1111    0    356     15     69     14    T0863-D2-RaptorX.pdb:A  SCOP d2o8ra4
   43     0.01432          -0        1.98     3.937    49    3    7     0.08163    0    356     15    173     14    T0863-D2-RaptorX.pdb:A  SCOP d1q6xa2
   44     0.01347   6.535e-05       1.047     4.006    31    3    4       0.129    0    356     15     72      6    T0863-D2-RaptorX.pdb:A  SCOP d1wu2a1
   45     0.01312          -0      0.8003     4.673    55    3    4      0.1818    0    356     15    189      7    T0863-D2-RaptorX.pdb:A  SCOP d1is2a1
   46     0.01303          -0      0.4634     4.265    29    3    4           0    0    356     15     60      6    T0863-D2-RaptorX.pdb:A  SCOP d1xmva2
   47     0.01303          -0      0.4634     4.265    29    3    4           0    0    356     15     60      6    T0863-D2-RaptorX.pdb:A  SCOP d1u99a2
   48     0.01303          -0      0.4634     4.265    29    3    4           0    0    356     15     60      6    T0863-D2-RaptorX.pdb:A  SCOP d1xmsa2
   49     0.01242          -0      0.3445     4.543    72    3   12     0.08333    0    356     15    356     15    T0863-D2-RaptorX.pdb:A  SCOP d1nq0a_
   50     0.01228          -0      0.2034     2.686    21    3    4      0.5714    0    356     15     56     13    T0863-D2-RaptorX.pdb:A  SCOP d1ydwa1
   51     0.01224          -0     0.08093     6.111    49    3    3      0.1429    0    356     15    107      3    T0863-D2-RaptorX.pdb:A  SCOP d1wpaa1
   52     0.01219          -0     0.05141     5.815    47    3    3     0.06383    0    356     15    107      3    T0863-D2-RaptorX.pdb:A  SCOP d1xawa1
   53     0.01202          -0      0.6833     4.748    30    3    5         0.1    0    356     15     60      5    T0863-D2-RaptorX.pdb:A  SCOP d1mo3a2
   54     0.01199          -0      0.8187     4.308    28    3    4      0.1071    0    356     15     60      5    T0863-D2-RaptorX.pdb:A  SCOP d1g18a2
   55     0.01196          -0      0.1138     4.115    47    3    8     0.02128    0    356     15    180     14    T0863-D2-RaptorX.pdb:A  SCOP d2dr9a3
   56      0.0119          -0      0.5804     5.968    64    3    3      0.0625    0    356     15    195      9    T0863-D2-RaptorX.pdb:A  SCOP d1n4ma1
   57     0.01178          -0      0.8003     4.131    27    3    5     0.07407    0    356     15     60      6    T0863-D2-RaptorX.pdb:A  SCOP d2reba2
   58     0.01171          -0      0.5501     4.077    65    3    5     0.03077    0    356     15    356     11    T0863-D2-RaptorX.pdb:A  SCOP d1h0na_
   59     0.01159          -0       1.194     4.416    28    3    4     0.03571    0    356     15     60      5    T0863-D2-RaptorX.pdb:A  SCOP d1u94a2
   60     0.01098          -0      0.6921     4.357    27    3    5      0.1111    0    356     15     60      5    T0863-D2-RaptorX.pdb:A  SCOP d1g19a2
   61     0.01074          -0      0.9165     3.232    16    3    0      0.0625    0    356     15     31     10    T0863-D2-RaptorX.pdb:A  SCOP d1dxya2
   62      0.0106          -0       0.557     5.260    74    3    2     0.08108    0    356     15    356     13    T0863-D2-RaptorX.pdb:A  SCOP d1av8a_
   63     0.01038          -0      0.2482     4.638    24    3    2           0    0    356     15     46     13    T0863-D2-RaptorX.pdb:A  SCOP d1gcua1
   64     0.01025          -0      0.0638     4.347    50    3    8        0.06    0    356     15    221     10    T0863-D2-RaptorX.pdb:A  SCOP d1yfta1
   65     0.01004          -0       1.017     3.296    53    3    5     0.09434    0    356     15    356     14    T0863-D2-RaptorX.pdb:A  SCOP d1pm2a_
   66    0.009765          -0      0.3978     4.039    59    3    5     0.05085    0    356     15    356     14    T0863-D2-RaptorX.pdb:A  SCOP d1xqfa_
   67    0.009752          -0     0.09717     6.775    60    3    2      0.1667    0    356     15    170      7    T0863-D2-RaptorX.pdb:A  SCOP d2c12a1
   68    0.009333    2.93e-13      0.3721     3.810    25    3    5        0.04    0    356     15     72      6    T0863-D2-RaptorX.pdb:A  SCOP d1xi8a1
   69    0.009264          -0      0.6717     4.312    60    3    6     0.06667    0    356     15    356     13    T0863-D2-RaptorX.pdb:A  SCOP d1pima_
   70    0.009264          -0      0.6717     4.312    60    3    6     0.06667    0    356     15    356     13    T0863-D2-RaptorX.pdb:A  SCOP d1piza_
   71    0.009264          -0      0.6717     4.312    60    3    6     0.06667    0    356     15    356     14    T0863-D2-RaptorX.pdb:A  SCOP d1piya_
   72    0.009264          -0      0.6717     4.312    60    3    6     0.06667    0    356     15    356     13    T0863-D2-RaptorX.pdb:A  SCOP d1pj1a_
   73    0.009264          -0      0.6717     4.312    60    3    6     0.06667    0    356     15    356     14    T0863-D2-RaptorX.pdb:A  SCOP d1r65a_
   74    0.009178          -0      0.1117     4.951    42    3    4      0.1667    0    356     15    145      9    T0863-D2-RaptorX.pdb:A  SCOP d1p16a1
   75    0.009158          -0      0.6717     4.242    59    3    6      0.0678    0    356     15    356     14    T0863-D2-RaptorX.pdb:A  SCOP d1rnra_
   76    0.009092          -0       0.679     4.265    59    3    6      0.0678    0    356     15    356     13    T0863-D2-RaptorX.pdb:A  SCOP d1pj0a_
   77    0.009092          -0       0.679     4.265    59    3    6      0.0678    0    356     15    356     14    T0863-D2-RaptorX.pdb:A  SCOP d1mrra_
   78    0.009044          -0      0.1006     5.039    23    3    1     0.04348    0    356     15     43      7    T0863-D2-RaptorX.pdb:A  SCOP d1aona3
   79    0.009044          -0     0.08093     5.039    23    3    1     0.04348    0    356     15     43      7    T0863-D2-RaptorX.pdb:A  SCOP d1pf9a3
   80    0.008813          -0       0.131     6.769    57    3    2      0.1053    0    356     15    170      7    T0863-D2-RaptorX.pdb:A  SCOP d2c0ua1
   81     0.00878          -0      0.2559     6.241    77    3    5     0.07792    0    356     15    356     10    T0863-D2-RaptorX.pdb:A  SCOP d1di1a_
   82     0.00878          -0      0.2559     6.241    77    3    5     0.07792    0    356     15    356     10    T0863-D2-RaptorX.pdb:A  SCOP d1dgpa_
   83    0.008693          -0       1.785     4.404    24    3    3     0.08333    0    356     15     59      6    T0863-D2-RaptorX.pdb:A  SCOP d1xp8a2
   84    0.008413          -0      0.5392     5.792    71    3    7      0.6056    0    356     15    356     12    T0863-D2-RaptorX.pdb:A  SCOP d1p8da_
   85    0.008361          -0      0.7547     5.007    26    3    6     0.07692    0    356     15     60      6    T0863-D2-RaptorX.pdb:A  SCOP d1u98a2
   86    0.008174          -0       1.606     3.254    19    3    0           0    0    356     15     57      7    T0863-D2-RaptorX.pdb:A  SCOP d1oy9a2
   87    0.008115          -0      0.3651     4.744    60    3    4     0.08333    0    356     15    356     15    T0863-D2-RaptorX.pdb:A  SCOP d1rh5a_
   88     0.00798          -0     0.03681     6.527    60    3    3        0.05    0    356     15    221     10    T0863-D2-RaptorX.pdb:A  SCOP d1yfsa1
   89    0.007943          -0     0.06465     4.178    33    3    5     0.09091    0    356     15    131      9    T0863-D2-RaptorX.pdb:A  SCOP d1g7ta3
   90    0.007918          -0      0.7367     4.653    24    3    3     0.04167    0    356     15     60      6    T0863-D2-RaptorX.pdb:A  SCOP d1ubca2
   91    0.007866          -0      0.4526     4.394    56    3    3     0.07143    0    356     15    356     14    T0863-D2-RaptorX.pdb:A  SCOP d1rqja_
   92    0.007726          -0     0.01755     5.406    42    3    3     0.04762    0    356     15    151      6    T0863-D2-RaptorX.pdb:A  SCOP d1buca1
   93    0.007716          -0      0.1903     3.522    38    3    4     0.05263    0    356     15    221      9    T0863-D2-RaptorX.pdb:A  SCOP d1yfra1
   94    0.007571          -0       0.731     4.284    54    3    4     0.05556    0    356     15    356     12    T0863-D2-RaptorX.pdb:A  SCOP d1syya_
   95    0.007522          -0      0.9599     4.488    23    3    3     0.08696    0    356     15     61      5    T0863-D2-RaptorX.pdb:A  SCOP d1ubfa2
   96    0.007519   2.426e-07       1.115     5.119    33    3    3     0.09091    0    356     15    104      9    T0863-D2-RaptorX.pdb:A  SCOP d1h3va2
   97    0.007519   3.215e-11       1.115     5.119    33    3    3     0.09091    0    356     15    104     11    T0863-D2-RaptorX.pdb:A  SCOP d1oqxa2
   98    0.007519   2.426e-07       1.115     5.119    33    3    3     0.09091    0    356     15    104      8    T0863-D2-RaptorX.pdb:A  SCOP d1h3ta2
   99    0.007519   2.426e-07       1.115     5.119    33    3    3     0.09091    0    356     15    104      9    T0863-D2-RaptorX.pdb:A  SCOP d1h3ua2
  100    0.007494   8.221e-07       1.174     5.198    33    3    3     0.06061    0    356     15    102      9    T0863-D2-RaptorX.pdb:A  SCOP d1i1ca2
  101    0.007452          -0       0.305     5.812    67    3    7      0.4776    0    356     15    356     11    T0863-D2-RaptorX.pdb:A  SCOP d1pq9a_
  102    0.007434   6.448e-05       1.444     4.458    30    3    4     0.06667    0    356     15    106      9    T0863-D2-RaptorX.pdb:A  SCOP d2j6ea2
  103    0.007295          -0      0.1524     4.670    40    3    7       0.025    0    356     15    180     14    T0863-D2-RaptorX.pdb:A  SCOP d2drba3
  104    0.007212          -0       0.782     4.681    23    3    3     0.08696    0    356     15     60      5    T0863-D2-RaptorX.pdb:A  SCOP d1ubga2
  105      0.0072   8.459e-13        1.75     3.638    19    3    1           0    0    356     15     57      9    T0863-D2-RaptorX.pdb:A  SCOP d1h3ga2
  106    0.007178   2.015e-08       1.795     4.323    26    3    1           0    0    356     15     86      7    T0863-D2-RaptorX.pdb:A  SCOP d2cpda1
  107    0.007174          -0      0.1078     5.411    49    3    4     0.06122    0    356     15    221     11    T0863-D2-RaptorX.pdb:A  SCOP d1ygba1
  108    0.007143   2.606e-12       1.047     5.117    32    3    3     0.09375    0    356     15    103     11    T0863-D2-RaptorX.pdb:A  SCOP d1oqoa2
  109     0.00712          -0        2.47     3.073    43    3    4           0    0    356     15    356     13    T0863-D2-RaptorX.pdb:A  SCOP d1l7va_
  110    0.007068          -0      0.1708     5.557    63    3    8      0.3492    0    356     15    356     12    T0863-D2-RaptorX.pdb:A  SCOP d1mvca_
  111    0.007052          -0     0.07205     5.450    62    3    8      0.5968    0    356     15    356     13    T0863-D2-RaptorX.pdb:A  SCOP d1s0xa_
  112    0.006986   1.463e-07       1.095     5.009    31    3    3     0.06452    0    356     15    102      9    T0863-D2-RaptorX.pdb:A  SCOP d1adqa2
  113    0.006925          -0      0.6353     4.079    50    3    4        0.08    0    356     15    356     14    T0863-D2-RaptorX.pdb:A  SCOP d1riba_
  114    0.006925          -0      0.6353     4.079    50    3    4        0.08    0    356     15    356     14    T0863-D2-RaptorX.pdb:A  SCOP d1piua_
  115    0.006889          -0      0.6571     4.833    23    3    3     0.08696    0    356     15     60      5    T0863-D2-RaptorX.pdb:A  SCOP d1ubea2
  116    0.006886          -0     0.02378     6.292    45    4    4     0.08889    0    356     15    153      5    T0863-D2-RaptorX.pdb:A  SCOP d1jqia1
  117    0.006851          -0      0.6411     0.583     9    3    0      0.1111    0    356     15     32     10    T0863-D2-RaptorX.pdb:A  SCOP d1j49a2
  118    0.006849   4.822e-17       0.515     4.474    29    3    4           0    0    356     15    107      8    T0863-D2-RaptorX.pdb:A  SCOP d1o0va3
  119    0.006742          -0      0.2559     4.763    39    3    5     0.05128    0    356     15    180     14    T0863-D2-RaptorX.pdb:A  SCOP d2dr5a3
  120    0.006609          -0       0.515     5.291    36    3    4     0.05556    0    356     15    134     11    T0863-D2-RaptorX.pdb:A  SCOP d1h7sa1
  121    0.006564          -0       3.599     2.726    16    3    3       0.125    0    356     15     60     10    T0863-D2-RaptorX.pdb:A  SCOP d1u5ia1
  122    0.006549          -0      0.6571     5.122    57    3    3     0.05263    0    356     15    356      4    T0863-D2-RaptorX.pdb:A  SCOP d1oeda_
  123    0.006524          -0       0.557     2.901    40    3    5       0.175    0    356     15    356     14    T0863-D2-RaptorX.pdb:A  SCOP d1xnfa_
  124    0.006428          -0      0.5312     2.943    16    3    1      0.0625    0    356     15     57      7    T0863-D2-RaptorX.pdb:A  SCOP d1oyea2
  125    0.006338          -0     0.04272     5.061    27    3    3           0    0    356     15     84     15    T0863-D2-RaptorX.pdb:A  SCOP d2nvwa1
  126    0.006321          -0     0.07845     1.623     8    3    1       0.125    0    356     15     22     14    T0863-D2-RaptorX.pdb:A  SCOP d1ihxa1
  127    0.006299          -0      0.7638     4.195    26    3    4     0.03846    0    356     15    102     11    T0863-D2-RaptorX.pdb:A  SCOP d1l6xa2
  128    0.006296          -0    0.006369     6.677    56    3    9     0.05357    0    356     15    235     12    T0863-D2-RaptorX.pdb:A  SCOP d1x7ba1
  129    0.006296          -0    0.006369     6.677    56    3    9     0.05357    0    356     15    235     12    T0863-D2-RaptorX.pdb:A  SCOP d1x7ja1
  130    0.006296          -0    0.006369     6.677    56    3    9     0.05357    0    356     15    235     12    T0863-D2-RaptorX.pdb:A  SCOP d1x78a1
  131    0.006296          -0    0.006369     6.677    56    3    9     0.05357    0    356     15    235     12    T0863-D2-RaptorX.pdb:A  SCOP d1x76a1
  132     0.00628          -0       1.314     3.309    42    3    1       0.119    0    356     15    356     14    T0863-D2-RaptorX.pdb:A  SCOP d1pw4a_
  133    0.006157          -0       0.507     5.369    35    3    4     0.05714    0    356     15    133     10    T0863-D2-RaptorX.pdb:A  SCOP d1h7ua1
  134    0.006157          -0       0.507     5.369    35    3    4     0.05714    0    356     15    133     11    T0863-D2-RaptorX.pdb:A  SCOP d1ea6a1
  135     0.00613          -0      0.6056     5.037    30    3    5           0    0    356     15    108      9    T0863-D2-RaptorX.pdb:A  SCOP d1o0va2
  136    0.005992          -0      0.6571     5.045    29    3    6     0.06897    0    356     15    103      9    T0863-D2-RaptorX.pdb:A  SCOP d1fp5a1
  137    0.005933          -0       1.611     3.624    43    3    4     0.04651    0    356     15    356     15    T0863-D2-RaptorX.pdb:A  SCOP d1izna_
  138    0.005867   4.339e-16      0.5555     4.605    27    3    3           0    0    356     15    104      8    T0863-D2-RaptorX.pdb:A  SCOP d1h3xa2
  139    0.005852   9.643e-17      0.8652     4.149    25    3    4        0.04    0    356     15    103      8    T0863-D2-RaptorX.pdb:A  SCOP d1e4ka2
  140    0.005835   2.543e-06      0.8465     4.687    27    3    4     0.07407    0    356     15    102      8    T0863-D2-RaptorX.pdb:A  SCOP d1h3ya2
  141    0.005821          -0     0.00411     6.235    38    3    3     0.02632    0    356     15    131      6    T0863-D2-RaptorX.pdb:A  SCOP d1maba1
  142    0.005757          -0  1.798e+308     3.277    40    3   11       0.075    0    356     15    356     15    T0863-D2-RaptorX.pdb:A  SCOP d2gara_
  143    0.005755   2.444e-11      0.7911     4.391    26    3    3     0.03846    0    356     15    105      9    T0863-D2-RaptorX.pdb:A  SCOP d2dtqa2
  144    0.005755   2.444e-11      0.7911     4.391    26    3    3     0.03846    0    356     15    105      9    T0863-D2-RaptorX.pdb:A  SCOP d2dtsa2
  145    0.005725          -0   1.907e-06     4.830    49    3    8      0.2857    0    356     15    328     14    T0863-D2-RaptorX.pdb:A  SCOP d1hxaa2
  146    0.005688          -0     0.01639     8.339    52    3    3     0.07692    0    356     15    153      6    T0863-D2-RaptorX.pdb:A  SCOP d1ws9a1
  147    0.005667          -0      0.6833     4.877    21    3    4     0.04762    0    356     15     60      6    T0863-D2-RaptorX.pdb:A  SCOP d1mo5a2
  148    0.005628          -0      0.2559     4.742    27    3    3     0.07407    0    356     15    104     10    T0863-D2-RaptorX.pdb:A  SCOP d2j6ea1
  149    0.005595          -0   1.907e-06     4.768    48    3    9      0.2708    0    356     15    328     14    T0863-D2-RaptorX.pdb:A  SCOP d5easa2
  150    0.005595          -0   1.907e-06     4.768    48    3    9      0.2708    0    356     15    328     14    T0863-D2-RaptorX.pdb:A  SCOP d5eata2
  151    0.005575          -0      0.4152     6.873    40    3    3       0.075    0    356     15    129      6    T0863-D2-RaptorX.pdb:A  SCOP d1fx0a1
  152    0.005572          -0     0.00308     7.180    56    3    7     0.07143    0    356     15    235     12    T0863-D2-RaptorX.pdb:A  SCOP d1yyea1
  153    0.005572          -0     0.00308     7.180    56    3    7     0.07143    0    356     15    235     12    T0863-D2-RaptorX.pdb:A  SCOP d1u9ea1
  154    0.005572          -0     0.00308     7.180    56    3    7     0.07143    0    356     15    235     11    T0863-D2-RaptorX.pdb:A  SCOP d1yy4a1
  155     0.00553          -0       1.097     4.124    45    4    5      0.1333    0    356     15    356     17    T0863-D2-RaptorX.pdb:A  SCOP d1ehka_
  156    0.005522          -0      0.2559     4.742    27    3    3     0.07407    0    356     15    106      9    T0863-D2-RaptorX.pdb:A  SCOP d2dtqa1
  157    0.005506          -0      0.7729     4.629    26    3    3           0    0    356     15    102     10    T0863-D2-RaptorX.pdb:A  SCOP d1dn2a2
  158    0.005487          -0     0.04492     5.590    31    3    4     0.06452    0    356     15    110      7    T0863-D2-RaptorX.pdb:A  SCOP d1w5ta1
  159    0.005476          -0       2.703     1.432    15    3    3           0    0    356     15     94     13    T0863-D2-RaptorX.pdb:A  SCOP d1n52a3
  160    0.005449          -0      0.9149     2.809    36    3    4      0.1667    0    356     15    356     14    T0863-D2-RaptorX.pdb:A  SCOP d1xqea_
  161    0.005413          -0     0.01017     6.379    50    3    5        0.12    0    356     15    235     12    T0863-D2-RaptorX.pdb:A  SCOP d1u3qa1
  162    0.005408          -0       1.037     6.162    36    3    3     0.02778    0    356     15    129      7    T0863-D2-RaptorX.pdb:A  SCOP d1kfia4
  163    0.005337    9.69e-07      0.9503     4.972    22    3    3      0.1818    0    356     15     68      6    T0863-D2-RaptorX.pdb:A  SCOP d1lg2a2
  164    0.005328          -0      0.5721     5.086    21    3    4     0.04762    0    356     15     60      6    T0863-D2-RaptorX.pdb:A  SCOP d1mo4a2
  165     0.00531          -0      0.6312     4.620    28    3    4           0    0    356     15    123      9    T0863-D2-RaptorX.pdb:A  SCOP d1w5aa2
  166     0.00531          -0      0.6312     4.620    28    3    4           0    0    356     15    123      9    T0863-D2-RaptorX.pdb:A  SCOP d1w59a2
  167     0.00531          -0      0.6312     4.620    28    3    4           0    0    356     15    123      9    T0863-D2-RaptorX.pdb:A  SCOP d1w5ba2
  168     0.00531          -0       1.125     4.620    28    3    4           0    0    356     15    123     10    T0863-D2-RaptorX.pdb:A  SCOP d1w5ea2
  169    0.005294          -0      0.1042     5.596    33    3    4      0.0303    0    356     15    129     14    T0863-D2-RaptorX.pdb:A  SCOP d1e6ea2
  170    0.005286          -0      0.2559     4.958    50    3    5        0.16    0    356     15    356     12    T0863-D2-RaptorX.pdb:A  SCOP d1pqca_
  171    0.005268          -0     0.00746     5.899    57    3    6      0.1228    0    356     15    356     12    T0863-D2-RaptorX.pdb:A  SCOP d1dkfa_
  172    0.005246          -0      0.8187     5.140    21    3    4     0.04762    0    356     15     60      5    T0863-D2-RaptorX.pdb:A  SCOP d1mo6a2
  173    0.005149          -0      0.5311     4.265    24    3    5           0    0    356     15    104     10    T0863-D2-RaptorX.pdb:A  SCOP d2gj7a2
  174    0.005149          -0      0.6582     5.319    52    3    4     0.03846    0    356     15    356     14    T0863-D2-RaptorX.pdb:A  SCOP d1n83a_
  175    0.005144          -0      0.2058     5.723    55    3    8     0.05455    0    356     15    356     15    T0863-D2-RaptorX.pdb:A  SCOP d1nq7a_
  176    0.005085   3.215e-06       1.008     5.136    22    3    3      0.1364    0    356     15     68      6    T0863-D2-RaptorX.pdb:A  SCOP d1hkka2
  177    0.005032   6.846e-06       1.056     5.173    22    3    3      0.1364    0    356     15     68      6    T0863-D2-RaptorX.pdb:A  SCOP d1lq0a2
  178    0.005032   6.846e-06       1.056     5.173    22    3    3      0.1364    0    356     15     68      6    T0863-D2-RaptorX.pdb:A  SCOP d1lg1a2
  179    0.004986          -0     0.01241     8.093    60    3    3        0.05    0    356     15    245     14    T0863-D2-RaptorX.pdb:A  SCOP d2ouza1
  180    0.004966          -0     0.01988     8.778    58    3    4     0.06897    0    356     15    199      9    T0863-D2-RaptorX.pdb:A  SCOP d1rh1a2
  181    0.004947          -0      0.2228     5.046    49    3    4     0.08163    0    356     15    356     13    T0863-D2-RaptorX.pdb:A  SCOP d1kgna_
  182    0.004947          -0      0.2228     5.046    49    3    4     0.08163    0    356     15    356     13    T0863-D2-RaptorX.pdb:A  SCOP d1oqua_
  183    0.004947          -0      0.2228     5.046    49    3    4     0.08163    0    356     15    356     13    T0863-D2-RaptorX.pdb:A  SCOP d1kgpa_
  184    0.004947          -0      0.2228     5.046    49    3    4     0.08163    0    356     15    356     13    T0863-D2-RaptorX.pdb:A  SCOP d1kgoa_
  185    0.004938          -0     0.00411     6.091    46    3    8     0.08696    0    356     15    235     12    T0863-D2-RaptorX.pdb:A  SCOP d1u3ra1
  186    0.004895          -0       1.589     3.131    36    4    4     0.05556    0    356     15    356     19    T0863-D2-RaptorX.pdb:A  SCOP d1v9ma_
  187     0.00482          -0       1.408     2.064    30    3    2     0.03333    0    356     15    356     11    T0863-D2-RaptorX.pdb:A  SCOP d1okca_
  188    0.004804          -0     0.01334     5.977    55    3   10     0.03636    0    356     15    356     12    T0863-D2-RaptorX.pdb:A  SCOP d1aiha_
  189    0.004782          -0       1.041     4.900    32    3    3       0.125    0    356     15    164     13    T0863-D2-RaptorX.pdb:A  SCOP d1ldja3
  190    0.004707          -0       0.456     2.372    16    3    3       0.125    0    356     15     94     14    T0863-D2-RaptorX.pdb:A  SCOP d1h6ka3
  191    0.004706          -0     0.09378     4.327    26    3    2      0.1923    0    356     15    131      6    T0863-D2-RaptorX.pdb:A  SCOP d1w0ja1
  192    0.004705          -0      0.4296     2.907    34    3    6     0.08824    0    356     15    356     15    T0863-D2-RaptorX.pdb:A  SCOP d1m13a_
  193    0.004699          -0     0.07494     6.323    52    3    4     0.01923    0    356     15    297     15    T0863-D2-RaptorX.pdb:A  SCOP d1wb9a1
  194    0.004699          -0     0.07494     6.323    52    3    4     0.01923    0    356     15    297     15    T0863-D2-RaptorX.pdb:A  SCOP d1oh6a1
  195    0.004699          -0     0.07494     6.323    52    3    4     0.01923    0    356     15    297     15    T0863-D2-RaptorX.pdb:A  SCOP d1e3ma1
  196    0.004699          -0     0.07494     6.323    52    3    4     0.01923    0    356     15    297     15    T0863-D2-RaptorX.pdb:A  SCOP d1wbda1
  197    0.004686          -0      0.5475     4.803    46    3    5     0.04348    0    356     15    356     13    T0863-D2-RaptorX.pdb:A  SCOP d1smqa_
  198    0.004685          -0       1.242     3.239    25    3    3        0.04    0    356     15    173     13    T0863-D2-RaptorX.pdb:A  SCOP d1t1ua2
  199    0.004674          -0      0.2058     6.117    31    3    4     0.03226    0    356     15    112      9    T0863-D2-RaptorX.pdb:A  SCOP d1seza2
  200    0.004624          -0       1.935     4.128    32    3    6     0.09375    0    356     15    215     14    T0863-D2-RaptorX.pdb:A  SCOP d1uusa2
  201    0.004624          -0       1.935     4.128    32    3    6     0.09375    0    356     15    215     14    T0863-D2-RaptorX.pdb:A  SCOP d1uura2
  202    0.004583          -0      0.9447     5.345    19    3    0           0    0    356     15     53     14    T0863-D2-RaptorX.pdb:A  SCOP d1zh8a1
  203    0.004553          -0  1.798e+308     4.454    43    3   10     0.09302    0    356     15    356      4    T0863-D2-RaptorX.pdb:A  SCOP d1k04a_
  204    0.004549          -0      0.0126     6.321    56    3    6      0.1607    0    356     15    356     12    T0863-D2-RaptorX.pdb:A  SCOP d1qkna_
  205    0.004531          -0      0.1479     5.222    26    3    3     0.07692    0    356     15    104      8    T0863-D2-RaptorX.pdb:A  SCOP d1fcca1
  206    0.004524          -0      0.4686     4.752    27    3    3     0.03704    0    356     15    129     14    T0863-D2-RaptorX.pdb:A  SCOP d1e1ka2
  207    0.004524          -0      0.4686     4.752    27    3    3     0.03704    0    356     15    129     14    T0863-D2-RaptorX.pdb:A  SCOP d1e1ma2
  208    0.004524          -0      0.5293     4.752    27    3    3     0.03704    0    356     15    129     14    T0863-D2-RaptorX.pdb:A  SCOP d1e1na2
  209    0.004517          -0  1.798e+308     4.328    42    3    9     0.02381    0    356     15    356      9    T0863-D2-RaptorX.pdb:A  SCOP d1nz0a_
  210    0.004492          -0      0.4454     3.719    38    3    8     0.07895    0    356     15    356     11    T0863-D2-RaptorX.pdb:A  SCOP d1u19a_
  211    0.004449          -0     0.03873     5.107    45    3    6     0.08889    0    356     15    328     15    T0863-D2-RaptorX.pdb:A  SCOP d1hxga2
  212    0.004438          -0  1.798e+308     2.718    32    3    8       0.125    0    356     15    356      9    T0863-D2-RaptorX.pdb:A  SCOP d1b6va_
  213    0.004426          -0      0.8559     5.691    23    3    4      0.1304    0    356     15     73      6    T0863-D2-RaptorX.pdb:A  SCOP d2fnaa1
  214    0.004403          -0      0.2006     4.862    18    3    3      0.1111    0    356     15     57      5    T0863-D2-RaptorX.pdb:A  SCOP d1vzya2
  215    0.004387          -0       1.463     3.116    34    3    2      0.1176    0    356     15    356     12    T0863-D2-RaptorX.pdb:A  SCOP d1h0oa_
  216     0.00436          -0    0.009138     7.870    66    3    5      0.1061    0    356     15    356     12    T0863-D2-RaptorX.pdb:A  SCOP d1xp9a_
  217    0.004355          -0      0.5972     4.321    23    3    4           0    0    356     15    111      7    T0863-D2-RaptorX.pdb:A  SCOP d1jvaa2
  218    0.004328          -0      0.5362     4.649    26    3    3     0.03846    0    356     15    129     14    T0863-D2-RaptorX.pdb:A  SCOP d1cjca2
  219    0.004328          -0      0.6571     4.649    26    3    3     0.03846    0    356     15    129     14    T0863-D2-RaptorX.pdb:A  SCOP d1e1la2
  220    0.004296          -0       1.773     0.868    11    3    0           0    0    356     15     73     13    T0863-D2-RaptorX.pdb:A  SCOP d1xdpa4
  221    0.004285          -0      0.2386     5.128    26    3    3      0.1154    0    356     15    113      8    T0863-D2-RaptorX.pdb:A  SCOP d1e4ka1
  222    0.004244          -0       1.853     2.606    17    3    2     0.05882    0    356     15    109     14    T0863-D2-RaptorX.pdb:A  SCOP d1hkca3
  223    0.004231          -0  1.798e+308     3.046    33    3    8      0.4848    0    356     15    356      9    T0863-D2-RaptorX.pdb:A  SCOP d1ljga_
  224    0.004231          -0  1.798e+308     3.046    33    3    8      0.4848    0    356     15    356      9    T0863-D2-RaptorX.pdb:A  SCOP d1ljha_
  225    0.004202          -0      0.8527     4.741    19    3    2           0    0    356     15     69      5    T0863-D2-RaptorX.pdb:A  SCOP d1h6w.2
  226    0.004186          -0      0.6644     4.418    41    3   12     0.07317    0    356     15    356     13    T0863-D2-RaptorX.pdb:A  SCOP d1m7wa_
  227    0.004175   4.696e-08      0.8187     5.399    21    3    4     0.04762    0    356     15     70      6    T0863-D2-RaptorX.pdb:A  SCOP d1wawa2
  228    0.004171          -0  1.798e+308     3.089    33    3    9      0.3636    0    356     15    356     10    T0863-D2-RaptorX.pdb:A  SCOP d1oqma_
  229    0.004171          -0  1.798e+308     3.089    33    3    9      0.3636    0    356     15    356     10    T0863-D2-RaptorX.pdb:A  SCOP d1nf5a_
  230    0.004171          -0  1.798e+308     3.089    33    3    9      0.3636    0    356     15    356     10    T0863-D2-RaptorX.pdb:A  SCOP d1nmma_
  231    0.004171          -0  1.798e+308     3.089    33    3    9      0.3636    0    356     15    356     10    T0863-D2-RaptorX.pdb:A  SCOP d1nqia_
  232    0.004163          -0      0.7762     3.094    33    3    2           0    0    356     15    356     10    T0863-D2-RaptorX.pdb:A  SCOP d1e12a_
  233    0.004162          -0      0.1804     4.375    32    3    4       0.125    0    356     15    221      9    T0863-D2-RaptorX.pdb:A  SCOP d1riqa1
  234    0.004151          -0    0.004427     7.624    38    3    4     0.07895    0    356     15    131      6    T0863-D2-RaptorX.pdb:A  SCOP d1efra1
  235    0.004151          -0    0.004427     7.624    38    3    4     0.07895    0    356     15    131      6    T0863-D2-RaptorX.pdb:A  SCOP d1bmfa1
  236    0.004151          -0    0.003988     7.624    38    3    4     0.07895    0    356     15    131      6    T0863-D2-RaptorX.pdb:A  SCOP d1cowa1
  237    0.004034          -0      0.4152     6.076    28    3    2     0.07143    0    356     15    107      9    T0863-D2-RaptorX.pdb:A  SCOP d1t83a1
  238    0.004008          -0      0.3138     4.559    41    3    4     0.07317    0    356     15    356     14    T0863-D2-RaptorX.pdb:A  SCOP d1ubya_
  239    0.004008          -0      0.2857     4.559    41    3    4     0.07317    0    356     15    356     13    T0863-D2-RaptorX.pdb:A  SCOP d1fpsa_
  240    0.003988          -0  1.798e+308     4.415    40    3    8        0.15    0    356     15    356      9    T0863-D2-RaptorX.pdb:A  SCOP d1trwa_
  241    0.003937          -0     0.01241     7.768    62    3    4     0.04839    0    356     15    356     12    T0863-D2-RaptorX.pdb:A  SCOP d1xp1a_
  242    0.003875          -0      0.1524     3.698    29    3    2      0.1379    0    356     15    242     11    T0863-D2-RaptorX.pdb:A  SCOP d1xqca1
  243    0.003818          -0      0.1393     5.294    24    3    3      0.1667    0    356     15    103      8    T0863-D2-RaptorX.pdb:A  SCOP d1i1ca1
  244    0.003818          -0      0.1393     5.294    24    3    3      0.1667    0    356     15    103      9    T0863-D2-RaptorX.pdb:A  SCOP d2gj7a1
  245    0.003818          -0      0.1393     5.294    24    3    3      0.1667    0    356     15    103      9    T0863-D2-RaptorX.pdb:A  SCOP d2iwga1
  246    0.003783          -0      0.3315     3.447    10    3    0           0    0    356     15     32     10    T0863-D2-RaptorX.pdb:A  SCOP d1j4aa2
  247    0.003783          -0      0.1301     4.586    40    3    5       0.075    0    356     15    356     13    T0863-D2-RaptorX.pdb:A  SCOP d1ubwa_
  248    0.003781          -0      0.1393     5.294    24    3    3      0.1667    0    356     15    104      8    T0863-D2-RaptorX.pdb:A  SCOP d1h3ta1
  249    0.003781          -0      0.1393     5.294    24    3    3      0.1667    0    356     15    104      8    T0863-D2-RaptorX.pdb:A  SCOP d1h3ua1
  250    0.003781          -0      0.1393     5.294    24    3    3      0.1667    0    356     15    104      7    T0863-D2-RaptorX.pdb:A  SCOP d1h3xa1
  251    0.003781          -0      0.1393     5.294    24    3    3      0.1667    0    356     15    104      9    T0863-D2-RaptorX.pdb:A  SCOP d1fc1a1
  252    0.003754          -0      0.3024     5.173    19    3    5           0    0    356     15     68     15    T0863-D2-RaptorX.pdb:A  SCOP d2ozua1
  253    0.003753          -0     0.03324     4.447    39    3    6     0.05128    0    356     15    356     15    T0863-D2-RaptorX.pdb:A  SCOP d1ldka_
  254    0.003745          -0      0.1393     5.294    24    3    3      0.1667    0    356     15    105     10    T0863-D2-RaptorX.pdb:A  SCOP d1oqoa1
  255    0.003745          -0      0.1393     5.294    24    3    3      0.1667    0    356     15    105      9    T0863-D2-RaptorX.pdb:A  SCOP d1l6xa1
  256    0.003745          -0      0.1393     5.294    24    3    3      0.1667    0    356     15    105      9    T0863-D2-RaptorX.pdb:A  SCOP d1dn2a1
  257     0.00371          -0      0.1393     5.294    24    3    3      0.1667    0    356     15    106      9    T0863-D2-RaptorX.pdb:A  SCOP d2dtsa1
  258     0.00371          -0      0.1393     5.294    24    3    3      0.1667    0    356     15    106      9    T0863-D2-RaptorX.pdb:A  SCOP d1oqxa1
  259    0.003705          -0     0.00358     6.407    31    3    5     0.06452    0    356     15    131      6    T0863-D2-RaptorX.pdb:A  SCOP d1nbma1
  260    0.003675          -0      0.1393     5.294    24    3    3      0.1667    0    356     15    107      8    T0863-D2-RaptorX.pdb:A  SCOP d1t89a1
  261     0.00362          -0      0.2273     6.722    32    3    3      0.0625    0    356     15    132      7    T0863-D2-RaptorX.pdb:A  SCOP d3coxa2
  262     0.00362          -0      0.2273     6.722    32    3    3      0.0625    0    356     15    132      7    T0863-D2-RaptorX.pdb:A  SCOP d1coya2
  263      0.0036          -0      0.5475     3.155    31    3    3      0.4194    0    356     15    356     11    T0863-D2-RaptorX.pdb:A  SCOP d1rtra_
  264    0.003595          -0      0.8605     4.374    26    3    4      0.1538    0    356     15    169     14    T0863-D2-RaptorX.pdb:A  SCOP d1ndba2
  265    0.003583          -0  1.798e+308     2.973    30    3    9         0.1    0    356     15    356     12    T0863-D2-RaptorX.pdb:A  SCOP d1a8za_
  266    0.003568          -0      0.6023     4.272    37    3    3      0.1081    0    356     15    356      8    T0863-D2-RaptorX.pdb:A  SCOP d1faoa_
  267    0.003561          -0  1.798e+308     3.566    33    3   10     0.06061    0    356     15    356     11    T0863-D2-RaptorX.pdb:A  SCOP d1lqva_
  268     0.00355          -0      0.8837     5.241    26    3    3           0    0    356     15    132     15    T0863-D2-RaptorX.pdb:A  SCOP d1lqua2
  269    0.003488          -0       1.024     4.170    36    4    3      0.1111    0    356     15    356     14    T0863-D2-RaptorX.pdb:A  SCOP d2av8a_
  270    0.003487          -0      0.1078     4.758    24    3    4     0.08333    0    356     15    132      7    T0863-D2-RaptorX.pdb:A  SCOP d1cc2a2
  271    0.003487          -0      0.1078     4.758    24    3    4     0.08333    0    356     15    132      7    T0863-D2-RaptorX.pdb:A  SCOP d1ijha2
  272    0.003487          -0      0.1078     4.758    24    3    4     0.08333    0    356     15    132      7    T0863-D2-RaptorX.pdb:A  SCOP d1cboa2
  273    0.003487          -0      0.1078     4.758    24    3    4     0.08333    0    356     15    132      7    T0863-D2-RaptorX.pdb:A  SCOP d1b8sa2
  274    0.003487          -0      0.1078     4.758    24    3    4     0.08333    0    356     15    132      7    T0863-D2-RaptorX.pdb:A  SCOP d1b4va2
  275    0.003441          -0       1.735     3.855    34    3    2     0.08824    0    356     15    356     14    T0863-D2-RaptorX.pdb:A  SCOP d1u77a_
  276    0.003441          -0       1.735     3.855    34    3    2     0.08824    0    356     15    356     14    T0863-D2-RaptorX.pdb:A  SCOP d1u7ga_
  277    0.003441          -0       1.735     3.855    34    3    2     0.08824    0    356     15    356     14    T0863-D2-RaptorX.pdb:A  SCOP d1u7ca_
  278    0.003429          -0      0.1954     5.052    24    3    3           0    0    356     15    123     10    T0863-D2-RaptorX.pdb:A  SCOP d1fwxa1
  279    0.003399          -0      0.3429     1.433    23    3    4     0.08696    0    356     15    356     13    T0863-D2-RaptorX.pdb:A  SCOP d1vg2a_
  280    0.003388          -0      0.6801     5.289    42    3    4     0.02381    0    356     15    356     13    T0863-D2-RaptorX.pdb:A  SCOP d1j2ua_
  281    0.003388          -0      0.6801     5.289    42    3    4     0.02381    0    356     15    356     13    T0863-D2-RaptorX.pdb:A  SCOP d1v7za_
  282    0.003388          -0      0.6801     5.289    42    3    4     0.02381    0    356     15    356     13    T0863-D2-RaptorX.pdb:A  SCOP d1j2ta_
  283    0.003378          -0      0.8003     5.424    27    3    3     0.07407    0    356     15    142     12    T0863-D2-RaptorX.pdb:A  SCOP d2bfga1
  284    0.003369          -0      0.6921     5.954    29    3    2     0.03448    0    356     15    142     12    T0863-D2-RaptorX.pdb:A  SCOP d2bs9a1
  285    0.003344          -0       1.773     3.758    33    4    0     0.06061    0    356     15    356     19    T0863-D2-RaptorX.pdb:A  SCOP d1r5za_
  286    0.003323          -0       0.125     1.819    24    3    4           0    0    356     15    356     12    T0863-D2-RaptorX.pdb:A  SCOP d1kkla_
  287    0.003304          -0      0.8915     3.216    30    3    2     0.06667    0    356     15    356     15    T0863-D2-RaptorX.pdb:A  SCOP d1jxqa_
  288    0.003286          -0     0.07494     4.554    24    3    3           0    0    356     15    149     10    T0863-D2-RaptorX.pdb:A  SCOP d1ycfa1
  289    0.003262          -0    0.003988     9.272    25    3    4        0.04    0    356     15     51     11    T0863-D2-RaptorX.pdb:A  SCOP d1r9ya1
  290    0.003262          -0    0.003988     9.272    25    3    4        0.04    0    356     15     51     11    T0863-D2-RaptorX.pdb:A  SCOP d1r9za1
  291    0.003262          -0    0.003988     9.272    25    3    4        0.04    0    356     15     51     11    T0863-D2-RaptorX.pdb:A  SCOP d1k6wa1
  292    0.003262          -0    0.003988     9.272    25    3    4        0.04    0    356     15     51     11    T0863-D2-RaptorX.pdb:A  SCOP d1k70a1
  293    0.003262          -0    0.003988     9.272    25    3    4        0.04    0    356     15     51     11    T0863-D2-RaptorX.pdb:A  SCOP d1r9xa1
  294    0.003262          -0    0.003988     9.272    25    3    4        0.04    0    356     15     51     11    T0863-D2-RaptorX.pdb:A  SCOP d1ra0a1
  295    0.003262          -0    0.003988     9.272    25    3    4        0.04    0    356     15     51     11    T0863-D2-RaptorX.pdb:A  SCOP d1ra5a1
  296    0.003262          -0    0.003988     9.272    25    3    4        0.04    0    356     15     51     11    T0863-D2-RaptorX.pdb:A  SCOP d1raka1
  297    0.003256          -0  1.798e+308     3.458    31    3    8     0.09677    0    356     15    356     15    T0863-D2-RaptorX.pdb:A  SCOP d1t7ma_
  298     0.00325          -0  1.798e+308     3.266    30    3    8     0.06667    0    356     15    356     10    T0863-D2-RaptorX.pdb:A  SCOP d1ek8a_
  299    0.003201          -0       0.799     4.233    24    3    4     0.04167    0    356     15    169     14    T0863-D2-RaptorX.pdb:A  SCOP d2h3wa2
  300    0.003201          -0       0.799     4.233    24    3    4     0.04167    0    356     15    169     14    T0863-D2-RaptorX.pdb:A  SCOP d1t7qa2
  301    0.003201          -0       0.799     4.233    24    3    4     0.04167    0    356     15    169     14    T0863-D2-RaptorX.pdb:A  SCOP d2h3ua2
  302    0.003201          -0       0.799     4.233    24    3    4     0.04167    0    356     15    169     14    T0863-D2-RaptorX.pdb:A  SCOP d2h3pa2
  303    0.003139          -0       0.798     5.559    42    3    2     0.04762    0    356     15    356     15    T0863-D2-RaptorX.pdb:A  SCOP d1aefa_
  304    0.003139          -0       0.798     5.559    42    3    2     0.04762    0    356     15    356     15    T0863-D2-RaptorX.pdb:A  SCOP d1aega_
  305    0.003139          -0       0.798     5.559    42    3    2     0.04762    0    356     15    356     15    T0863-D2-RaptorX.pdb:A  SCOP d1aeka_
  306    0.003139          -0       0.798     5.559    42    3    2     0.04762    0    356     15    356     15    T0863-D2-RaptorX.pdb:A  SCOP d1aeba_
  307    0.003139          -0       0.798     5.559    42    3    2     0.04762    0    356     15    356     15    T0863-D2-RaptorX.pdb:A  SCOP d1aeda_
  308    0.003139          -0       0.798     5.559    42    3    2     0.04762    0    356     15    356     15    T0863-D2-RaptorX.pdb:A  SCOP d1aeqa_
  309    0.003139          -0       0.798     5.559    42    3    2     0.04762    0    356     15    356     15    T0863-D2-RaptorX.pdb:A  SCOP d1ac8a_
  310    0.003139          -0       0.798     5.559    42    3    2     0.04762    0    356     15    356     15    T0863-D2-RaptorX.pdb:A  SCOP d1aema_
  311    0.003139          -0       0.798     5.559    42    3    2     0.04762    0    356     15    356     15    T0863-D2-RaptorX.pdb:A  SCOP d1aeha_
  312    0.003139          -0       0.798     5.559    42    3    2     0.04762    0    356     15    356     15    T0863-D2-RaptorX.pdb:A  SCOP d1aeja_
  313    0.003121          -0      0.8934     5.163    25    3    3        0.12    0    356     15    142     12    T0863-D2-RaptorX.pdb:A  SCOP d1w91a1
  314    0.003108          -0  1.798e+308     2.986    28    3    7      0.3929    0    356     15    356      7    T0863-D2-RaptorX.pdb:A  SCOP d1r1ua_
  315    0.003108          -0  1.798e+308     2.986    28    3    6           0    0    356     15    356      9    T0863-D2-RaptorX.pdb:A  SCOP d1hsxa_
  316    0.003096          -0      0.3791     5.303    30    3    4     0.03333    0    356     15    198     12    T0863-D2-RaptorX.pdb:A  SCOP d2igoa2
  317    0.003025          -0      0.8318     5.519    41    3    2     0.04878    0    356     15    356     15    T0863-D2-RaptorX.pdb:A  SCOP d1dcca_
  318     0.00302          -0      0.1713     4.450    35    3    7     0.05714    0    356     15    356     14    T0863-D2-RaptorX.pdb:A  SCOP d1k1ba_
  319    0.003006          -0  1.798e+308     3.296    29    3    4      0.4828    0    356     15    356      9    T0863-D2-RaptorX.pdb:A  SCOP d1ljfa_
  320    0.003006          -0  1.798e+308     3.296    29    3    4      0.4828    0    356     15    356      9    T0863-D2-RaptorX.pdb:A  SCOP d1ljea_
  321    0.003006          -0  1.798e+308     3.296    29    3    4      0.4828    0    356     15    356      9    T0863-D2-RaptorX.pdb:A  SCOP d1ljja_
  322    0.003006          -0  1.798e+308     3.296    29    3    4      0.4828    0    356     15    356      9    T0863-D2-RaptorX.pdb:A  SCOP d1ljia_
  323    0.003006          -0  1.798e+308     3.296    29    3    4      0.4828    0    356     15    356      9    T0863-D2-RaptorX.pdb:A  SCOP d1ljka_
  324    0.003006          -0  1.798e+308     3.296    29    3    4      0.4828    0    356     15    356      9    T0863-D2-RaptorX.pdb:A  SCOP d1hf4a_
  325    0.003006          -0  1.798e+308     3.296    29    3    4      0.4828    0    356     15    356      9    T0863-D2-RaptorX.pdb:A  SCOP d5lyma_
  326    0.002985          -0  1.798e+308     3.723    31    3    6           0    0    356     15    356     12    T0863-D2-RaptorX.pdb:A  SCOP d1kgla_
  327    0.002974          -0      0.0638     5.280    27    3    3      0.1111    0    356     15    168      9    T0863-D2-RaptorX.pdb:A  SCOP d1u5ja1
  328    0.002963          -0  1.798e+308     3.746    31    3    8     0.06452    0    356     15    356     14    T0863-D2-RaptorX.pdb:A  SCOP d1qwza_
  329    0.002947          -0      0.4834     5.476    30    3    3     0.03333    0    356     15    198     11    T0863-D2-RaptorX.pdb:A  SCOP d1tzla2
  330    0.002931          -0      0.1961     3.128    14    3    3     0.07143    0    356     15     90     11    T0863-D2-RaptorX.pdb:A  SCOP d1kcxa1
  331     0.00293          -0  1.798e+308     3.781    31    3    4      0.5806    0    356     15    356      9    T0863-D2-RaptorX.pdb:A  SCOP d1dkka_
  332    0.002922          -0      0.4374     6.044    20    3    2         0.1    0    356     15     76      7    T0863-D2-RaptorX.pdb:A  SCOP d1udxa3
  333    0.002921          -0     0.01241     6.313    29    3    6      0.1034    0    356     15    149     12    T0863-D2-RaptorX.pdb:A  SCOP d1d0na4
  334    0.002916          -0  1.798e+308     3.177    28    3    5      0.5357    0    356     15    356      9    T0863-D2-RaptorX.pdb:A  SCOP d1lj3a_
  335    0.002916          -0  1.798e+308     3.177    28    3    5      0.5357    0    356     15    356      9    T0863-D2-RaptorX.pdb:A  SCOP d1ucoa_
  336    0.002891          -0      0.1078     7.492    31    3    2     0.06452    0    356     15    129      8    T0863-D2-RaptorX.pdb:A  SCOP d1kfqa4
  337     0.00289          -0      0.1191     4.964    37    3    6     0.08108    0    356     15    356     10    T0863-D2-RaptorX.pdb:A  SCOP d1hj1a_
  338     0.00288          -0     0.01639     6.504    30    3    2     0.06667    0    356     15    154      6    T0863-D2-RaptorX.pdb:A  SCOP d1udya1
  339    0.002857          -0       0.746     2.794    26    3    3           0    0    356     15    356     13    T0863-D2-RaptorX.pdb:A  SCOP d1xsma_
  340    0.002853          -0      0.1755     3.863    31    3    5      0.3226    0    356     15    356     12    T0863-D2-RaptorX.pdb:A  SCOP d1mv9a_
  341    0.002847          -0       1.419     3.249    28    3    5     0.07143    0    356     15    356     15    T0863-D2-RaptorX.pdb:A  SCOP d1nrla_
  342    0.002838          -0    0.008131     5.026    37    3    5      0.1081    0    356     15    356     14    T0863-D2-RaptorX.pdb:A  SCOP d1nq2a_
  343    0.002831          -0      0.3582     4.923    19    3    3      0.1579    0    356     15     97      7    T0863-D2-RaptorX.pdb:A  SCOP d2giba1
  344    0.002813          -0      0.3548     5.602    40    4    8       0.075    0    356     15    356     20    T0863-D2-RaptorX.pdb:A  SCOP d1a87a_
  345    0.002802          -0      0.1436     4.401    26    3    5     0.07692    0    356     15    215      8    T0863-D2-RaptorX.pdb:A  SCOP d1u8va1
  346    0.002794          -0       1.292     2.860    26    3    4     0.03846    0    356     15    356     10    T0863-D2-RaptorX.pdb:A  SCOP d1w69a_
  347    0.002794          -0       1.292     2.860    26    3    4     0.03846    0    356     15    356     11    T0863-D2-RaptorX.pdb:A  SCOP d1w68a_
  348    0.002779          -0     0.04914     5.929    31    3    5     0.06452    0    356     15    198     15    T0863-D2-RaptorX.pdb:A  SCOP d1qs2a2
  349    0.002778          -0      0.0175     7.376    36    3    5     0.08333    0    356     15    186     11    T0863-D2-RaptorX.pdb:A  SCOP d2bxea2
  350    0.002769          -0  1.798e+308     3.333    28    3    4         0.5    0    356     15    356     14    T0863-D2-RaptorX.pdb:A  SCOP d1fh0a_
  351    0.002767          -0      0.3378     4.734    19    3    4           0    0    356     15    105      8    T0863-D2-RaptorX.pdb:A  SCOP d1fp5a2
  352    0.002756          -0  1.798e+308     3.559    29    3    5      0.1379    0    356     15    356     13    T0863-D2-RaptorX.pdb:A  SCOP d1nyka_
  353     0.00275          -0     0.01493     6.046    42    3    5      0.1429    0    356     15    356     14    T0863-D2-RaptorX.pdb:A  SCOP d1hm4a_
  354    0.002744          -0    0.003988     5.510    39    4    7     0.07692    0    356     15    356     19    T0863-D2-RaptorX.pdb:A  SCOP d1a59a_
  355     0.00274   2.638e-11      0.4602     4.831    19    3    1           0    0    356     15    103      8    T0863-D2-RaptorX.pdb:A  SCOP d1o0va1
  356    0.002711          -0      0.1115     6.279    43    3    4     0.06977    0    356     15    356     13    T0863-D2-RaptorX.pdb:A  SCOP d1xnxa_
  357      0.0027          -0  1.798e+308     5.384    38    3    9      0.2368    0    356     15    356      7    T0863-D2-RaptorX.pdb:A  SCOP d1v74a_
  358    0.002698          -0      0.4526     5.565    23    3    4     0.04348    0    356     15    124     10    T0863-D2-RaptorX.pdb:A  SCOP d1qnia1
  359    0.002694          -0   0.0001926     7.751    37    3    5     0.05405    0    356     15    186     10    T0863-D2-RaptorX.pdb:A  SCOP d1bm0a3
  360    0.002694          -0   0.0001926     7.751    37    3    5     0.05405    0    356     15    186     10    T0863-D2-RaptorX.pdb:A  SCOP d1ao6a3
  361    0.002693          -0  1.798e+308     4.043    31    3    7     0.09677    0    356     15    356      9    T0863-D2-RaptorX.pdb:A  SCOP d1we7a_
  362    0.002692          -0    0.008131     4.135    17    4    1           0    0    356     15    104     17    T0863-D2-RaptorX.pdb:A  SCOP d1vfpa4
  363    0.002666          -0       1.325     1.973    22    3    3     0.04545    0    356     15    356     14    T0863-D2-RaptorX.pdb:A  SCOP d1wp1a_
  364    0.002661          -0       2.411     2.771    25    3    3        0.04    0    356     15    356     11    T0863-D2-RaptorX.pdb:A  SCOP d1hzxa_
  365    0.002638          -0     0.01988     7.356    35    3    5     0.08571    0    356     15    186     10    T0863-D2-RaptorX.pdb:A  SCOP d2bxaa2
  366    0.002629          -0      0.0779     4.320    32    3    2     0.03125    0    356     15    356     13    T0863-D2-RaptorX.pdb:A  SCOP d1ie9a_
  367    0.002624          -0      0.3513     5.874    17    3    3           0    0    356     15     64      5    T0863-D2-RaptorX.pdb:A  SCOP d1lvaa3
  368    0.002623          -0  1.798e+308     3.050    26    3    7     0.03846    0    356     15    356     12    T0863-D2-RaptorX.pdb:A  SCOP d1dsba_
  369    0.002623          -0  1.798e+308     3.050    26    3    7     0.03846    0    356     15    356     12    T0863-D2-RaptorX.pdb:A  SCOP d1fvja_
  370    0.002619          -0      0.9599     4.257    24    3    4     0.04167    0    356     15    205     14    T0863-D2-RaptorX.pdb:A  SCOP d1yf2a2
  371    0.002609          -0       1.832     3.293    27    3    1     0.07407    0    356     15    356     12    T0863-D2-RaptorX.pdb:A  SCOP d1uzra_
  372    0.002561          -0  1.798e+308     3.122    26    3    5      0.1154    0    356     15    356     10    T0863-D2-RaptorX.pdb:A  SCOP d1isea_
  373    0.002559          -0     0.02674     6.504    43    3    8     0.09302    0    356     15    356     15    T0863-D2-RaptorX.pdb:A  SCOP d3prga_
  374    0.002555          -0       0.456     3.595    12    3    1     0.08333    0    356     15     65     11    T0863-D2-RaptorX.pdb:A  SCOP d1qhda1
  375    0.002542          -0     0.00358     5.091    25    3    4        0.04    0    356     15    178     14    T0863-D2-RaptorX.pdb:A  SCOP d1nkta4
  376    0.002542          -0     0.00358     5.091    25    3    4        0.04    0    356     15    178     14    T0863-D2-RaptorX.pdb:A  SCOP d1nl3a4
  377     0.00254          -0  1.798e+308     4.631    33    3    6      0.0303    0    356     15    356     15    T0863-D2-RaptorX.pdb:A  SCOP d1neca_
  378     0.00254          -0   0.0001011     8.263    38    3    5     0.02632    0    356     15    186     10    T0863-D2-RaptorX.pdb:A  SCOP d1o9xa3
  379    0.002509          -0       3.596     1.759     6    3    1           0    0    356     15     30     11    T0863-D2-RaptorX.pdb:A  SCOP d1gdha2
  380    0.002507          -0      0.4295     7.063    29    3    2     0.03448    0    356     15    144     14    T0863-D2-RaptorX.pdb:A  SCOP d1a31a1
  381    0.002476          -0      0.6745     2.484    23    3    0     0.04348    0    356     15    356     10    T0863-D2-RaptorX.pdb:A  SCOP d1jnba_
  382    0.002472          -0  1.798e+308     2.489    23    3    5      0.1739    0    356     15    356      9    T0863-D2-RaptorX.pdb:A  SCOP d1d1pa_
  383    0.002472          -0  1.798e+308     3.228    26    3    4           0    0    356     15    356     11    T0863-D2-RaptorX.pdb:A  SCOP d1u9ka_
  384    0.002429          -0       1.248     1.599    11    3    2           0    0    356     15    109     13    T0863-D2-RaptorX.pdb:A  SCOP d1qhaa3
  385    0.002348          -0        1.32     2.082    21    3    3     0.04762    0    356     15    356     15    T0863-D2-RaptorX.pdb:A  SCOP d1cp3a_
  386    0.002335          -0      0.2912     5.713    37    3    2     0.02703    0    356     15    356     15    T0863-D2-RaptorX.pdb:A  SCOP d1vjua_
  387    0.002327          -0  1.798e+308     4.509    31    3    9     0.06452    0    356     15    356      6    T0863-D2-RaptorX.pdb:A  SCOP d1d4ba_
  388     0.00231          -0         3.5     2.134    21    3    4     0.04762    0    356     15    356     11    T0863-D2-RaptorX.pdb:A  SCOP d1l9ha_
  389    0.002307          -0      0.4424     4.325    30    4    3     0.06667    0    356     15    356     16    T0863-D2-RaptorX.pdb:A  SCOP d1qpsa_
  390    0.002304          -0      0.7136     2.959    24    3    4           0    0    356     15    356     15    T0863-D2-RaptorX.pdb:A  SCOP d1rhm.1
  391    0.002304          -0      0.7136     2.959    24    3    4           0    0    356     15    356     15    T0863-D2-RaptorX.pdb:A  SCOP d1rhk.1
  392      0.0023          -0       1.665     4.072    11    3    2           0    0    356     15     52     15    T0863-D2-RaptorX.pdb:A  SCOP d2oora2
  393    0.002298          -0       2.489     3.678    27    3    5      0.1481    0    356     15    356     15    T0863-D2-RaptorX.pdb:A  SCOP d1rdfa_
  394    0.002286          -0    0.002527    10.254    40    3    2       0.075    0    356     15    155      6    T0863-D2-RaptorX.pdb:A  SCOP d1egca1
  395    0.002285          -0       3.623     0.889    10    3    0         0.1    0    356     15    113     12    T0863-D2-RaptorX.pdb:A  SCOP d1w07a2
  396     0.00227          -0     0.09046     5.695    25    3    4        0.08    0    356     15    168     10    T0863-D2-RaptorX.pdb:A  SCOP d1rqha1
  397     0.00227          -0     0.09046     5.695    25    3    4        0.08    0    356     15    168     10    T0863-D2-RaptorX.pdb:A  SCOP d1s3ha1
  398     0.00227          -0     0.09046     5.695    25    3    4        0.08    0    356     15    168     10    T0863-D2-RaptorX.pdb:A  SCOP d1rqba1
  399     0.00227          -0     0.09046     5.695    25    3    4        0.08    0    356     15    168     10    T0863-D2-RaptorX.pdb:A  SCOP d1rr2a1
  400    0.002268          -0  1.798e+308     3.252    25    3    4        0.04    0    356     15    356      7    T0863-D2-RaptorX.pdb:A  SCOP d1q1ha_
  401    0.002266          -0  1.798e+308     2.753    23    3    4     0.08696    0    356     15    356      5    T0863-D2-RaptorX.pdb:A  SCOP d1xjha_
  402    0.002262          -0  1.798e+308     4.388    30    3    6     0.03333    0    356     15    356     12    T0863-D2-RaptorX.pdb:A  SCOP d1riea_
  403     0.00226          -0      0.5156     4.814    32    3    6      0.0625    0    356     15    356     13    T0863-D2-RaptorX.pdb:A  SCOP d1nq1a_
  404    0.002258          -0       2.171     1.892    20    3    1           0    0    356     15    356     13    T0863-D2-RaptorX.pdb:A  SCOP d1gzma_
  405    0.002252          -0  1.798e+308     2.771    23    3    5     0.04348    0    356     15    356     10    T0863-D2-RaptorX.pdb:A  SCOP d1ssa.1
  406    0.002252          -0  1.798e+308     2.771    23    3    5     0.04348    0    356     15    356      9    T0863-D2-RaptorX.pdb:A  SCOP d1srna_
  407    0.002246          -0      0.9983     5.926    27    3    4      0.1852    0    356     15    186     15    T0863-D2-RaptorX.pdb:A  SCOP d2d3ta3
  408    0.002227          -0       1.214     5.483    35    3    5     0.05714    0    356     15    356     13    T0863-D2-RaptorX.pdb:A  SCOP d1vp6a_
  409    0.002195          -0    0.007101     9.271    26    3    3     0.03846    0    356     15     82      6    T0863-D2-RaptorX.pdb:A  SCOP d1tgha2
  410    0.002189          -0  1.798e+308     3.113    24    3    6     0.08333    0    356     15    356     10    T0863-D2-RaptorX.pdb:A  SCOP d1dd5a_
  411    0.002187          -0       1.225     1.267    10    3    2         0.1    0    356     15    109     14    T0863-D2-RaptorX.pdb:A  SCOP d1hkba3
  412    0.002185          -0  1.798e+308     4.060    28    3    6     0.03571    0    356     15    356      8    T0863-D2-RaptorX.pdb:A  SCOP d1owga_
  413    0.002185          -0  1.798e+308     4.060    28    3    6     0.03571    0    356     15    356      8    T0863-D2-RaptorX.pdb:A  SCOP d1ihfa_
  414    0.002183          -0      0.4991     5.758    36    3    4     0.08333    0    356     15    356     15    T0863-D2-RaptorX.pdb:A  SCOP d1gwxa_
  415    0.002183          -0  1.798e+308     2.597    22    3    4     0.09091    0    356     15    356      6    T0863-D2-RaptorX.pdb:A  SCOP d1bm9a_
  416    0.002181          -0    0.007101     6.409    32    3    5      0.0625    0    356     15    237     12    T0863-D2-RaptorX.pdb:A  SCOP d2nmta2
  417    0.002177          -0      0.4987     2.964    11    3    0     0.09091    0    356     15     79      7    T0863-D2-RaptorX.pdb:A  SCOP d1xzqa1
  418    0.002172          -0      0.7188     4.146    15    3    3     0.06667    0    356     15    100      7    T0863-D2-RaptorX.pdb:A  SCOP d1foka3
  419     0.00217          -0      0.1903     8.861    26    3    6           0    0    356     15     90      8    T0863-D2-RaptorX.pdb:A  SCOP d1c3ga2
  420    0.002153          -0      0.7188     5.266    21    3    2     0.04762    0    356     15    141     13    T0863-D2-RaptorX.pdb:A  SCOP d1uhva1
  421    0.002153          -0      0.7188     5.266    21    3    2     0.04762    0    356     15    141     13    T0863-D2-RaptorX.pdb:A  SCOP d1px8a1
  422    0.002149          -0  1.798e+308     2.912    23    3    4      0.1739    0    356     15    356      9    T0863-D2-RaptorX.pdb:A  SCOP d1ljla_
  423    0.002141          -0      0.3378     5.417    34    3    7      0.1176    0    356     15    356     15    T0863-D2-RaptorX.pdb:A  SCOP d1jt2a_
  424    0.002135          -0      0.3311     6.420    21    3    2     0.04762    0    356     15    104      9    T0863-D2-RaptorX.pdb:A  SCOP d1h3va1
  425    0.002121          -0      0.1301     0.285     4    3    0           0    0    356     15     21     13    T0863-D2-RaptorX.pdb:A  SCOP d1vc2a1
  426    0.002108          -0    2.48e-05     7.069    30    4    3     0.03333    0    356     15    183      6    T0863-D2-RaptorX.pdb:A  SCOP d2ddha1
  427      0.0021          -0   0.0001431     8.922    37    3    5      0.1081    0    356     15    186     10    T0863-D2-RaptorX.pdb:A  SCOP d2bxba2
  428      0.0021          -0   0.0001431     8.922    37    3    5      0.1081    0    356     15    186     10    T0863-D2-RaptorX.pdb:A  SCOP d2bxda2
  429      0.0021          -0   0.0001431     8.922    37    3    5      0.1081    0    356     15    186      9    T0863-D2-RaptorX.pdb:A  SCOP d2bxfa2
  430      0.0021          -0   0.0001431     8.922    37    3    5      0.1081    0    356     15    186      9    T0863-D2-RaptorX.pdb:A  SCOP d1e78a3
  431      0.0021          -0   0.0001926     8.922    37    3    5      0.1081    0    356     15    186      9    T0863-D2-RaptorX.pdb:A  SCOP d2bx8a2
  432      0.0021          -0   0.0001431     8.922    37    3    5      0.1081    0    356     15    186     10    T0863-D2-RaptorX.pdb:A  SCOP d1e7aa3
  433    0.002086          -0     0.01646     9.591    25    3    4        0.08    0    356     15     75      6    T0863-D2-RaptorX.pdb:A  SCOP d1j7ka1
  434    0.002086          -0     0.01646     9.591    25    3    4        0.08    0    356     15     75      6    T0863-D2-RaptorX.pdb:A  SCOP d1in8a1
  435    0.002076          -0      0.4613     4.887    31    3    2     0.09677    0    356     15    356     13    T0863-D2-RaptorX.pdb:A  SCOP d1q3ka_
  436    0.002045          -0     0.03324     3.061    23    3    5     0.08696    0    356     15    356     12    T0863-D2-RaptorX.pdb:A  SCOP d1f88a_
  437    0.002041          -0      0.6633     3.067    23    3    3      0.1739    0    356     15    356     11    T0863-D2-RaptorX.pdb:A  SCOP d2r2fa_
  438    0.002041          -0      0.6633     3.067    23    3    3      0.1739    0    356     15    356     11    T0863-D2-RaptorX.pdb:A  SCOP d1r2fa_
  439    0.002038          -0      0.1095     0.960     4    3    0           0    0    356     15     20     14    T0863-D2-RaptorX.pdb:A  SCOP d2g82a1
  440    0.002037          -0      0.1006     5.806    35    3    4     0.02857    0    356     15    356     14    T0863-D2-RaptorX.pdb:A  SCOP d1i7ia_
  441     0.00203          -0       0.243     4.292    28    3    4      0.1071    0    356     15    356     14    T0863-D2-RaptorX.pdb:A  SCOP d1fy9a_
  442    0.002028          -0     0.09717     5.695    25    3    3           0    0    356     15    188     13    T0863-D2-RaptorX.pdb:A  SCOP d2foka4
  443    0.002026    3.98e-11      0.5972     5.682    15    3    2           0    0    356     15     68      6    T0863-D2-RaptorX.pdb:A  SCOP d1guva2
  444    0.002007          -0     0.07205     7.443    30    3    3           0    0    356     15    176     11    T0863-D2-RaptorX.pdb:A  SCOP d2h23a1
  445    0.002007          -0     0.07205     7.443    30    3    3           0    0    356     15    176     11    T0863-D2-RaptorX.pdb:A  SCOP d1mlva1
  446    0.002007          -0     0.07205     7.443    30    3    3           0    0    356     15    176     11    T0863-D2-RaptorX.pdb:A  SCOP d1p0ya1
  447    0.002005          -0     0.00281     6.492    38    3    8           0    0    356     15    356     14    T0863-D2-RaptorX.pdb:A  SCOP d1ubxa_
  448    0.002004          -0     0.05617     5.654    34    3    2     0.05882    0    356     15    356     14    T0863-D2-RaptorX.pdb:A  SCOP d1ubva_
  449     0.00199          -0  1.798e+308     3.648    25    3    4        0.04    0    356     15    356     10    T0863-D2-RaptorX.pdb:A  SCOP d1eowa_
  450    0.001989          -0  1.798e+308     3.649    25    3    6        0.08    0    356     15    356      9    T0863-D2-RaptorX.pdb:A  SCOP d1phra_
  451    0.001984          -0      0.9955     1.475    10    3    1         0.1    0    356     15    114     14    T0863-D2-RaptorX.pdb:A  SCOP d1t9ba3
  452    0.001969          -0  1.798e+308     3.680    25    3    3        0.08    0    356     15    356     12    T0863-D2-RaptorX.pdb:A  SCOP d1ncza_
  453    0.001968   1.929e-16      0.3721     5.682    15    3    2           0    0    356     15     70      6    T0863-D2-RaptorX.pdb:A  SCOP d1wb0a2
  454    0.001967          -0      0.4719     3.171    13    3    1     0.07692    0    356     15    114     14    T0863-D2-RaptorX.pdb:A  SCOP d1t9da3
  455    0.001966          -0      0.2861     7.032    20    3    3           0    0    356     15     88      6    T0863-D2-RaptorX.pdb:A  SCOP d1ogba3
  456    0.001966          -0      0.2861     7.032    20    3    3           0    0    356     15     88      6    T0863-D2-RaptorX.pdb:A  SCOP d1ur9a3
  457    0.001966          -0      0.2861     7.032    20    3    3           0    0    356     15     88      6    T0863-D2-RaptorX.pdb:A  SCOP d1e6za3
  458    0.001966          -0      0.2861     7.032    20    3    3           0    0    356     15     88      6    T0863-D2-RaptorX.pdb:A  SCOP d1goia3
  459    0.001948          -0  1.798e+308     2.659    21    3    5     0.09524    0    356     15    356     14    T0863-D2-RaptorX.pdb:A  SCOP d1jcua_
  460    0.001947          -0      0.6134     3.714    25    3    3        0.04    0    356     15    356      6    T0863-D2-RaptorX.pdb:A  SCOP d1he9a_
  461    0.001941          -0  1.798e+308     2.950    22    3    6     0.09091    0    356     15    356      9    T0863-D2-RaptorX.pdb:A  SCOP d1fev.1
  462    0.001927          -0    0.007196     7.598    31    3    6     0.06452    0    356     15    189     14    T0863-D2-RaptorX.pdb:A  SCOP d1s5oa2
  463    0.001927          -0    0.007196     7.598    31    3    6     0.06452    0    356     15    189     14    T0863-D2-RaptorX.pdb:A  SCOP d1nm8a2
  464    0.001924          -0    0.005396    11.254    40    3    2       0.025    0    356     15    155      5    T0863-D2-RaptorX.pdb:A  SCOP d1egda1
  465    0.001923          -0  1.798e+308     3.246    23    3    5           0    0    356     15    356     15    T0863-D2-RaptorX.pdb:A  SCOP d1t7ta_
  466    0.001923          -0  1.798e+308     3.246    23    3    5           0    0    356     15    356     14    T0863-D2-RaptorX.pdb:A  SCOP d1t7fa_
  467    0.001923          -0  1.798e+308     3.246    23    3    5           0    0    356     15    356     14    T0863-D2-RaptorX.pdb:A  SCOP d1t79a_
  468    0.001913          -0      0.1043     0.782     4    3    0           0    0    356     15     22     14    T0863-D2-RaptorX.pdb:A  SCOP d1ihya1
  469    0.001913          -0  1.798e+308     5.387    32    4    7     0.09375    0    356     15    356     11    T0863-D2-RaptorX.pdb:A  SCOP d1eh1a_
  470    0.001911          -0  1.798e+308     2.997    22    3    4     0.04545    0    356     15    356     10    T0863-D2-RaptorX.pdb:A  SCOP d1topa_
  471    0.001911          -0  1.798e+308     2.997    22    3    4     0.04545    0    356     15    356     10    T0863-D2-RaptorX.pdb:A  SCOP d1ncxa_
  472    0.001911          -0  1.798e+308     2.997    22    3    4     0.04545    0    356     15    356     10    T0863-D2-RaptorX.pdb:A  SCOP d1ncya_
  473    0.001911          -0  1.798e+308     2.997    22    3    4     0.04545    0    356     15    356     10    T0863-D2-RaptorX.pdb:A  SCOP d4tnca_
  474    0.001902          -0  1.798e+308     3.012    22    3    4     0.09091    0    356     15    356      6    T0863-D2-RaptorX.pdb:A  SCOP d2nefa_
  475      0.0019          -0   0.0001431     8.016    32    3    8     0.09375    0    356     15    186     10    T0863-D2-RaptorX.pdb:A  SCOP d2bxga2
  476      0.0019          -0   0.0001431     8.016    32    3    8     0.09375    0    356     15    186      9    T0863-D2-RaptorX.pdb:A  SCOP d1e7ba3
  477      0.0019          -0   0.0001431     8.016    32    3    8     0.09375    0    356     15    186     10    T0863-D2-RaptorX.pdb:A  SCOP d2bxca2
  478    0.001898          -0       0.123     6.614    33    3    2      0.1515    0    356     15    275     15    T0863-D2-RaptorX.pdb:A  SCOP d1ewqa1
  479    0.001898          -0      0.1115     6.614    33    3    2      0.1515    0    356     15    275     15    T0863-D2-RaptorX.pdb:A  SCOP d1fw6a1
  480    0.001898          -0      0.1115     6.614    33    3    2      0.1515    0    356     15    275     15    T0863-D2-RaptorX.pdb:A  SCOP d1nnea1
  481    0.001889          -0      0.0126     9.683    24    3    4           0    0    356     15     75      6    T0863-D2-RaptorX.pdb:A  SCOP d1in5a1
  482    0.001888          -0    0.002851     4.400    18    3    3      0.1667    0    356     15    153      6    T0863-D2-RaptorX.pdb:A  SCOP d2d29a1
  483    0.001877          -0     0.04693     6.110    35    3    2     0.05714    0    356     15    356     15    T0863-D2-RaptorX.pdb:A  SCOP d1ffta_
  484    0.001868          -0       0.305     7.246    20    3    4        0.05    0    356     15     88      6    T0863-D2-RaptorX.pdb:A  SCOP d1e6na3
  485    0.001868          -0       0.305     7.246    20    3    4        0.05    0    356     15     88      6    T0863-D2-RaptorX.pdb:A  SCOP d1h0ia3
  486    0.001868          -0       0.305     7.246    20    3    4        0.05    0    356     15     88      6    T0863-D2-RaptorX.pdb:A  SCOP d1e15a3
  487    0.001868          -0       0.305     7.246    20    3    4        0.05    0    356     15     88      6    T0863-D2-RaptorX.pdb:A  SCOP d1o6ia3
  488    0.001861          -0  1.798e+308     3.078    22    3    3     0.09091    0    356     15    356      7    T0863-D2-RaptorX.pdb:A  SCOP d1c03a_
  489    0.001855          -0     0.01093     8.278    45    3    7     0.08889    0    356     15    356     15    T0863-D2-RaptorX.pdb:A  SCOP d4prga_
  490    0.001848          -0    0.001265     9.218    30    3    3      0.1667    0    356     15    131      6    T0863-D2-RaptorX.pdb:A  SCOP d1w0ka1
  491    0.001837          -0      0.1095     1.220     4    3    0        0.25    0    356     15     21     14    T0863-D2-RaptorX.pdb:A  SCOP d1cera1
  492    0.001833          -0     0.08093     7.520    29    3    3           0    0    356     15    177     11    T0863-D2-RaptorX.pdb:A  SCOP d1ozva1
  493    0.001828          -0     0.06923     7.645    19    3    4     0.05263    0    356     15     74      8    T0863-D2-RaptorX.pdb:A  SCOP d1q4ka2
  494    0.001827          -0      0.8826     3.393    13    3    1      0.1538    0    356     15    114     14    T0863-D2-RaptorX.pdb:A  SCOP d1n0ha3
