    1      0.8954          -0       2.766     0.000   229    3    4           1    0    242     13    242     15    T0905-D1-QUARK.pdb:A  SCOP d1htl.1
    2      0.8644          -0       4.114     0.000   225    3    5           1    0    242     13    242      8    T0905-D1-QUARK.pdb:A  SCOP d1vfja_
    3      0.8568          -0       4.997     0.000   224    3    5           1    0    242     13    242     10    T0905-D1-QUARK.pdb:A  SCOP d3pgma_
    4       0.834          -0       1.715     0.000   221    3    6           1    0    242     13    242     10    T0905-D1-QUARK.pdb:A  SCOP d1t82a_
    5       0.819          -0       4.296     0.000   219    3    4           1    0    242     13    242     11    T0905-D1-QUARK.pdb:A  SCOP d1m9fa_
    6       0.819          -0       4.296     0.000   219    3    4           1    0    242     13    242     11    T0905-D1-QUARK.pdb:A  SCOP d2cyha_
    7       0.819          -0       4.296     0.000   219    3    4           1    0    242     13    242     11    T0905-D1-QUARK.pdb:A  SCOP d1cwka_
    8       0.819          -0       4.296     0.000   219    3    4           1    0    242     13    242     11    T0905-D1-QUARK.pdb:A  SCOP d2cpla_
    9       0.819          -0       4.296     0.000   219    3    4           1    0    242     13    242     11    T0905-D1-QUARK.pdb:A  SCOP d1cwaa_
   10       0.819          -0       4.296     0.000   219    3    4           1    0    242     13    242     12    T0905-D1-QUARK.pdb:A  SCOP d1xq7a_
   11       0.819          -0       4.296     0.000   219    3    4           1    0    242     13    242     12    T0905-D1-QUARK.pdb:A  SCOP d1xo7a_
   12       0.819          -0       4.296     0.000   219    3    4           1    0    242     13    242     11    T0905-D1-QUARK.pdb:A  SCOP d1m9xa_
   13       0.819          -0       4.296     0.000   219    3    4           1    0    242     13    242     11    T0905-D1-QUARK.pdb:A  SCOP d2rmaa_
   14       0.819          -0       4.296     0.000   219    3    4           1    0    242     13    242     11    T0905-D1-QUARK.pdb:A  SCOP d2rmba_
   15       0.819          -0       4.296     0.000   219    3    4           1    0    242     13    242     11    T0905-D1-QUARK.pdb:A  SCOP d1m9ca_
   16       0.819          -0       4.296     0.000   219    3    4           1    0    242     13    242     11    T0905-D1-QUARK.pdb:A  SCOP d4cyha_
   17       0.819          -0       4.296     0.000   219    3    4           1    0    242     13    242     11    T0905-D1-QUARK.pdb:A  SCOP d1cwia_
   18       0.819          -0       4.296     0.000   219    3    4           1    0    242     13    242     11    T0905-D1-QUARK.pdb:A  SCOP d1cwba_
   19       0.819          -0       4.296     0.000   219    3    4           1    0    242     13    242     11    T0905-D1-QUARK.pdb:A  SCOP d5cyha_
   20       0.819          -0       4.296     0.000   219    3    4           1    0    242     13    242     11    T0905-D1-QUARK.pdb:A  SCOP d1vbta_
   21       0.819          -0       2.005     0.000   219    3    6           1    0    242     13    242      7    T0905-D1-QUARK.pdb:A  SCOP d1naqa_
   22       0.819          -0       4.296     0.000   219    3    4           1    0    242     13    242     11    T0905-D1-QUARK.pdb:A  SCOP d1rmha_
   23       0.819          -0       4.296     0.000   219    3    4           1    0    242     13    242     11    T0905-D1-QUARK.pdb:A  SCOP d1ak4a_
   24       0.819          -0       4.296     0.000   219    3    4           1    0    242     13    242      8    T0905-D1-QUARK.pdb:A  SCOP d3cysa_
   25       0.819          -0       5.713     0.000   219    3    4           1    0    242     13    242     11    T0905-D1-QUARK.pdb:A  SCOP d1ocaa_
   26       0.819          -0       4.296     0.000   219    3    4           1    0    242     13    242     11    T0905-D1-QUARK.pdb:A  SCOP d1m9ea_
   27       0.819          -0       4.296     0.000   219    3    4           1    0    242     13    242     11    T0905-D1-QUARK.pdb:A  SCOP d1nmka_
   28       0.819          -0       4.296     0.000   219    3    4           1    0    242     13    242     11    T0905-D1-QUARK.pdb:A  SCOP d1cwma_
   29       0.819          -0       4.296     0.000   219    3    4           1    0    242     13    242     11    T0905-D1-QUARK.pdb:A  SCOP d1cwla_
   30       0.819          -0       4.296     0.000   219    3    4           1    0    242     13    242     11    T0905-D1-QUARK.pdb:A  SCOP d1cwfa_
   31       0.819          -0       4.296     0.000   219    3    4           1    0    242     13    242     11    T0905-D1-QUARK.pdb:A  SCOP d1mika_
   32       0.819          -0       4.296     0.000   219    3    4           1    0    242     13    242     11    T0905-D1-QUARK.pdb:A  SCOP d1cwca_
   33       0.819          -0       4.296     0.000   219    3    4           1    0    242     13    242     11    T0905-D1-QUARK.pdb:A  SCOP d1m9ya_
   34       0.819          -0       4.296     0.000   219    3    4           1    0    242     13    242     11    T0905-D1-QUARK.pdb:A  SCOP d3cyha_
   35       0.819          -0       4.296     0.000   219    3    4           1    0    242     13    242     11    T0905-D1-QUARK.pdb:A  SCOP d1bcka_
   36       0.819          -0       4.296     0.000   219    3    4           1    0    242     13    242     11    T0905-D1-QUARK.pdb:A  SCOP d1m9da_
   37       0.819          -0       4.296     0.000   219    3    4           1    0    242     13    242     11    T0905-D1-QUARK.pdb:A  SCOP d1fgla_
   38       0.819          -0       4.296     0.000   219    3    4           1    0    242     13    242     11    T0905-D1-QUARK.pdb:A  SCOP d1cwja_
   39      0.8041          -0       1.209     0.000   217    3    6           1    0    242     13    242     13    T0905-D1-QUARK.pdb:A  SCOP d1ryaa_
   40      0.7967          -0       3.064     0.000   216    3    5           1    0    242     13    242     12    T0905-D1-QUARK.pdb:A  SCOP d1lnma_
   41      0.7967          -0        2.13     0.000   216    3    5           1    0    242     13    242     12    T0905-D1-QUARK.pdb:A  SCOP d1bm5a_
   42      0.7967          -0       3.064     0.000   216    3    5           1    0    242     13    242     12    T0905-D1-QUARK.pdb:A  SCOP d1lkea_
   43      0.7967          -0  1.798e+308     0.000   216    3    5           1    0    242     13    242     15    T0905-D1-QUARK.pdb:A  SCOP d1mv5a_
   44      0.7967          -0        1.17     0.000   216    3    5           1    0    242     13    242     12    T0905-D1-QUARK.pdb:A  SCOP d1acda_
   45      0.7967          -0        1.17     0.000   216    3    5           1    0    242     13    242     12    T0905-D1-QUARK.pdb:A  SCOP d1a18a_
   46      0.7967          -0       1.665     0.000   216    3    5           1    0    242     13    242     15    T0905-D1-QUARK.pdb:A  SCOP d1hia.1
   47      0.7967          -0        1.17     0.000   216    3    5           1    0    242     13    242     13    T0905-D1-QUARK.pdb:A  SCOP d1ab0a_
   48      0.7967          -0        1.17     0.000   216    3    5           1    0    242     13    242     13    T0905-D1-QUARK.pdb:A  SCOP d2hmba_
   49      0.7967          -0        1.17     0.000   216    3    5           1    0    242     13    242     13    T0905-D1-QUARK.pdb:A  SCOP d1hmra_
   50      0.7967          -0       1.665     0.000   216    3    5           1    0    242     13    242     13    T0905-D1-QUARK.pdb:A  SCOP d1hmta_
   51      0.7967          -0       1.853     0.000   216    3    5           1    0    242     13    242     13    T0905-D1-QUARK.pdb:A  SCOP d1vyfa_
   52      0.7967          -0       2.623     0.000   216    3    5           1    0    242     13    242     12    T0905-D1-QUARK.pdb:A  SCOP d1lpja_
   53      0.7967          -0       2.623     0.000   216    3    5           1    0    242     13    242     12    T0905-D1-QUARK.pdb:A  SCOP d1jbha_
   54      0.7967          -0       2.623     0.000   216    3    5           1    0    242     13    242     12    T0905-D1-QUARK.pdb:A  SCOP d1crba_
   55      0.7967          -0        1.17     0.000   216    3    5           1    0    242     13    242     13    T0905-D1-QUARK.pdb:A  SCOP d1hmsa_
   56      0.7967          -0        1.17     0.000   216    3    5           1    0    242     13    242     12    T0905-D1-QUARK.pdb:A  SCOP d2ifba_
   57      0.7967          -0       3.725     0.000   216    3    5           1    0    242     13    242     13    T0905-D1-QUARK.pdb:A  SCOP d1jjja_
   58      0.7967          -0       2.623     0.000   216    3    5           1    0    242     13    242     12    T0905-D1-QUARK.pdb:A  SCOP d1opaa_
   59      0.7967          -0  1.798e+308     0.000   216    3    5           1    0    242     13    242     11    T0905-D1-QUARK.pdb:A  SCOP d1f2ka_
   60      0.7893          -0       2.568     0.000   215    3    5           1    0    242     13    242     11    T0905-D1-QUARK.pdb:A  SCOP d1yema_
   61      0.7893          -0      0.8544     0.000   215    3    5           1    0    242     13    242     15    T0905-D1-QUARK.pdb:A  SCOP d1f5ja_
   62      0.7893          -0       1.458     0.000   215    3    6           1    0    242     13    242      7    T0905-D1-QUARK.pdb:A  SCOP d1kvd.1
   63      0.7893          -0       1.458     0.000   215    3    6           1    0    242     13    242      8    T0905-D1-QUARK.pdb:A  SCOP d1kve.1
   64       0.782          -0      0.7361     0.000   214    3    6           1    0    242     13    242     11    T0905-D1-QUARK.pdb:A  SCOP d1e3ba_
   65       0.782          -0      0.7361     0.000   214    3    6           1    0    242     13    242     11    T0905-D1-QUARK.pdb:A  SCOP d1e8ka_
   66       0.782          -0      0.7361     0.000   214    3    6           1    0    242     13    242     11    T0905-D1-QUARK.pdb:A  SCOP d1dywa_
   67       0.782          -0       3.062     0.000   214    3    6           1    0    242     13    242     15    T0905-D1-QUARK.pdb:A  SCOP d1ppwa_
   68       0.782          -0      0.7361     0.000   214    3    6           1    0    242     13    242     11    T0905-D1-QUARK.pdb:A  SCOP d1qnha_
   69       0.782          -0       2.862     0.000   214    3    6           1    0    242     13    242     15    T0905-D1-QUARK.pdb:A  SCOP d1pvfa_
   70       0.782          -0      0.7361     0.000   214    3    6           1    0    242     13    242     11    T0905-D1-QUARK.pdb:A  SCOP d1qnga_
   71      0.7747          -0       2.382     0.000   213    3    7           1    0    242     13    242     15    T0905-D1-QUARK.pdb:A  SCOP d1kmsa_
   72      0.7747          -0       2.382     0.000   213    3    6           1    0    242     13    242     15    T0905-D1-QUARK.pdb:A  SCOP d1hfpa_
   73      0.7747          -0       2.919     0.000   213    3    7           1    0    242     13    242     15    T0905-D1-QUARK.pdb:A  SCOP d1ppva_
   74      0.7674          -0       2.382     0.000   212    3    7           1    0    242     13    242     15    T0905-D1-QUARK.pdb:A  SCOP d1dlsa_
   75      0.7674          -0       3.426     0.000   212    3    5           1    0    242     13    242      6    T0905-D1-QUARK.pdb:A  SCOP d1xsba_
   76      0.7674          -0       1.698     0.000   212    3    7           1    0    242     13    242     10    T0905-D1-QUARK.pdb:A  SCOP d1rdca_
   77      0.7674          -0       2.382     0.000   212    3    7           1    0    242     13    242     14    T0905-D1-QUARK.pdb:A  SCOP d1kmva_
   78      0.7602          -0       1.584     0.000   211    3    6           1    0    242     13    242     14    T0905-D1-QUARK.pdb:A  SCOP d1np6a_
   79      0.7602          -0       2.487     0.000   211    3    7           1    0    242     13    242     15    T0905-D1-QUARK.pdb:A  SCOP d1ow2a_
   80      0.7602          -0       2.487     0.000   211    3    7           1    0    242     13    242     12    T0905-D1-QUARK.pdb:A  SCOP d1q54a_
   81      0.7602          -0       2.487     0.000   211    3    7           1    0    242     13    242     15    T0905-D1-QUARK.pdb:A  SCOP d1nfza_
   82      0.7579   2.142e-12       3.071     0.447   213    3    6      0.9859    0    242     13    242      6    T0905-D1-QUARK.pdb:A  SCOP d1no8a_
   83       0.753          -0       1.949     0.000   210    4    9           1    0    242     13    242     18    T0905-D1-QUARK.pdb:A  SCOP d1t71a_
   84       0.753          -0       2.382     0.000   210    3    7           1    0    242     13    242     15    T0905-D1-QUARK.pdb:A  SCOP d1dr4a_
   85       0.753          -0       2.382     0.000   210    3    7           1    0    242     13    242     15    T0905-D1-QUARK.pdb:A  SCOP d1dr2a_
   86       0.753          -0       2.382     0.000   210    3    7           1    0    242     13    242     15    T0905-D1-QUARK.pdb:A  SCOP d1dr3a_
   87       0.753          -0       2.382     0.000   210    3    7           1    0    242     13    242     15    T0905-D1-QUARK.pdb:A  SCOP d1dr1a_
   88       0.753          -0       2.382     0.000   210    3    7           1    0    242     13    242     15    T0905-D1-QUARK.pdb:A  SCOP d8dfra_
   89      0.7469          -0       2.699     0.979   220    3    7      0.9909    0    242     13    242      7    T0905-D1-QUARK.pdb:A  SCOP d1kr4a_
   90      0.7436          -0      0.1608     0.449   211    3    6      0.9858    0    242     13    242     15    T0905-D1-QUARK.pdb:A  SCOP d1pvxa_
   91      0.7435          -0       1.782     0.449   211    3    6      0.9858    0    242     13    242     14    T0905-D1-QUARK.pdb:A  SCOP d1bhma_
   92      0.7387          -0       1.937     0.000   208    3    9           1    0    242     13    242     10    T0905-D1-QUARK.pdb:A  SCOP d1wsja_
   93      0.7387          -0       2.929     0.000   208    3    6           1    0    242     13    242     12    T0905-D1-QUARK.pdb:A  SCOP d1sbra_
   94      0.7364          -0       1.782     0.450   210    3    6      0.9857    0    242     13    242     14    T0905-D1-QUARK.pdb:A  SCOP d2bama_
   95      0.7317          -0       3.024     0.000   207    3    6           1    0    242     13    242     13    T0905-D1-QUARK.pdb:A  SCOP d1s7ha_
   96      0.7317          -0       3.326     0.000   207    4    7           1    0    242     13    242     18    T0905-D1-QUARK.pdb:A  SCOP d1pv1a_
   97      0.7298          -0       3.392     0.446   209    3    8      0.9952    0    242     13    242     12    T0905-D1-QUARK.pdb:A  SCOP d1e2ea_
   98      0.7246          -0       1.675     0.000   206    3    8           1    0    242     13    242     11    T0905-D1-QUARK.pdb:A  SCOP d1jkna_
   99      0.7246          -0       3.607     0.000   206    3    6           1    0    242     13    242     11    T0905-D1-QUARK.pdb:A  SCOP d1fsia_
  100      0.7246          -0           3     0.000   206    3    5           1    0    242     13    242     12    T0905-D1-QUARK.pdb:A  SCOP d1f3ya_
  101      0.7223          -0       2.409     0.452   208    3    9      0.9856    0    242     13    242     15    T0905-D1-QUARK.pdb:A  SCOP d4pgma_
  102      0.7216          -0       1.174     1.102   219    3    8      0.9726    0    242     13    242     11    T0905-D1-QUARK.pdb:A  SCOP d1r5ta_
  103       0.718          -0     0.05805     0.787   212    3    7      0.9858    0    242     13    242     15    T0905-D1-QUARK.pdb:A  SCOP d1reda_
  104      0.7176          -0       3.643     0.000   205    3    7           1    0    242     13    242     13    T0905-D1-QUARK.pdb:A  SCOP d1hd2a_
  105      0.7176          -0      0.9391     0.000   205    3    7           1    0    242     13    242     12    T0905-D1-QUARK.pdb:A  SCOP d1vjla_
  106      0.7155   6.986e-09       3.995     0.808   212    3    6      0.9906    0    242     13    242      7    T0905-D1-QUARK.pdb:A  SCOP d1b4ba_
  107      0.7087          -0       3.392     0.449   206    3    8      0.9951    0    242     13    242     12    T0905-D1-QUARK.pdb:A  SCOP d1e9aa_
  108      0.7041          -0     0.05805     0.791   210    3    6      0.9857    0    242     13    242     15    T0905-D1-QUARK.pdb:A  SCOP d1enxa_
  109      0.7041          -0     0.05805     0.791   210    3    6      0.9857    0    242     13    242     15    T0905-D1-QUARK.pdb:A  SCOP d1xyoa_
  110      0.7041          -0     0.05805     0.791   210    3    6      0.9857    0    242     13    242     15    T0905-D1-QUARK.pdb:A  SCOP d1xypa_
  111      0.7041          -0     0.05805     0.791   210    3    6      0.9857    0    242     13    242     15    T0905-D1-QUARK.pdb:A  SCOP d1reea_
  112      0.7041          -0     0.05805     0.791   210    3    6      0.9857    0    242     13    242     15    T0905-D1-QUARK.pdb:A  SCOP d1refa_
  113      0.7037          -0       3.085     0.000   203    3    7           1    0    242     13    242     13    T0905-D1-QUARK.pdb:A  SCOP d1h4oa_
  114      0.7037          -0       3.085     0.000   203    3    7           1    0    242     13    242     13    T0905-D1-QUARK.pdb:A  SCOP d1urma_
  115      0.7026          -0       2.448     1.181   218    3    6      0.9862    0    242     13    242     11    T0905-D1-QUARK.pdb:A  SCOP d1xvqa_
  116      0.6967          -0       3.177     0.000   202    3    8           1    0    242     13    242     12    T0905-D1-QUARK.pdb:A  SCOP d2tmka_
  117      0.6967          -0       3.177     0.000   202    3    8           1    0    242     13    242     13    T0905-D1-QUARK.pdb:A  SCOP d3tmka_
  118      0.6967          -0       3.607     0.000   202    3    7           1    0    242     13    242     10    T0905-D1-QUARK.pdb:A  SCOP d1jh6a_
  119      0.6967          -0        2.54     1.094   215    4    8       0.986    0    242     13    242     19    T0905-D1-QUARK.pdb:A  SCOP d1d2ha_
  120      0.6899          -0       1.805     0.000   201    3    8           1    0    242     13    242     10    T0905-D1-QUARK.pdb:A  SCOP d1hjra_
  121       0.683          -0       2.801     0.000   200    3    7           1    0    242     13    242     10    T0905-D1-QUARK.pdb:A  SCOP d1sgla_
  122      0.6821          -0       1.564     1.189   215    3    6       0.986    0    242     13    242     13    T0905-D1-QUARK.pdb:A  SCOP d1q98a_
  123      0.6713          -0       2.075     1.047   210    3    7      0.9857    0    242     13    242      7    T0905-D1-QUARK.pdb:A  SCOP d1s79a_
  124      0.6683          -0       2.487     0.539   201    3    8      0.9801    0    242     13    242     13    T0905-D1-QUARK.pdb:A  SCOP d1oc3a_
  125       0.656          -0       2.272     0.000   196    3    8           1    0    242     13    242     14    T0905-D1-QUARK.pdb:A  SCOP d1mh1a_
  126       0.656          -0       4.729     0.000   196    4    9           1    0    242     13    242     20    T0905-D1-QUARK.pdb:A  SCOP d1vlqa_
  127      0.6554          -0       1.564     1.200   211    3    7      0.9858    0    242     13    242      9    T0905-D1-QUARK.pdb:A  SCOP d1c79a_
  128      0.6554          -0       1.564     1.200   211    3    7      0.9858    0    242     13    242      9    T0905-D1-QUARK.pdb:A  SCOP d1c77a_
  129      0.6554          -0       1.564     1.200   211    3    7      0.9858    0    242     13    242      9    T0905-D1-QUARK.pdb:A  SCOP d1c78a_
  130      0.6548          -0       1.434     0.543   199    3   11      0.9799    0    242     13    242     11    T0905-D1-QUARK.pdb:A  SCOP d1fb1a_
  131       0.651          -0     0.01658     1.268   212    3    6      0.9858    0    242     13    242     15    T0905-D1-QUARK.pdb:A  SCOP d1jyca_
  132      0.6493          -0       1.281     0.000   195    3    9           1    0    242     13    242     15    T0905-D1-QUARK.pdb:A  SCOP d1r53a_
  133      0.6426          -0       1.306     0.000   194    3    7           1    0    242     13    242     15    T0905-D1-QUARK.pdb:A  SCOP d3rana_
  134      0.6423          -0       2.396     1.162   208    4    8      0.9904    0    242     13    242     20    T0905-D1-QUARK.pdb:A  SCOP d1r74a_
  135      0.6312          -0      0.6498     1.154   206    3    6      0.9806    0    242     13    242     10    T0905-D1-QUARK.pdb:A  SCOP d1dfva_
  136      0.6308          -0       1.376     1.199   207    5   11       0.971    0    242     13    242     14    T0905-D1-QUARK.pdb:A  SCOP d1jlja_
  137      0.6308          -0       1.376     1.199   207    5   11       0.971    0    242     13    242     14    T0905-D1-QUARK.pdb:A  SCOP d1ihca_
  138      0.6287          -0      0.1661     1.083   204    3   11      0.9559    0    242     13    242     15    T0905-D1-QUARK.pdb:A  SCOP d1hrua_
  139      0.6275          -0       1.086     1.417   212    3    7      0.9717    0    242     13    242     13    T0905-D1-QUARK.pdb:A  SCOP d1qxha_
  140      0.6236          -0       1.494     0.813   198    3    7      0.9848    0    242     13    242     15    T0905-D1-QUARK.pdb:A  SCOP d1neda_
  141      0.6229          -0       2.619     0.000   191    4    9           1    0    242     13    242     13    T0905-D1-QUARK.pdb:A  SCOP d1iyna_
  142      0.6229          -0       2.272     0.000   191    3    9           1    0    242     13    242     12    T0905-D1-QUARK.pdb:A  SCOP d1fq1a_
  143      0.6229          -0       3.774     0.000   191    4    9           1    0    242     13    242     20    T0905-D1-QUARK.pdb:A  SCOP d1c14a_
  144      0.6228          -0       1.843     1.171   205    4    8      0.9902    0    242     13    242     20    T0905-D1-QUARK.pdb:A  SCOP d1r8ya_
  145      0.6221          -0       2.005     0.545   194    3    9      0.9794    0    242     13    242     10    T0905-D1-QUARK.pdb:A  SCOP d1jbaa_
  146      0.6164          -0       5.623     0.000   190    4   11           1    0    242     13    242     20    T0905-D1-QUARK.pdb:A  SCOP d1h7ra_
  147      0.6099          -0       2.272     0.000   189    4   10           1    0    242     13    242     17    T0905-D1-QUARK.pdb:A  SCOP d1x7ha_
  148      0.6099          -0       2.547     0.000   189    3   10           1    0    242     13    242     14    T0905-D1-QUARK.pdb:A  SCOP d1txna_
  149      0.6073          -0       2.632     1.151   202    3    9      0.9802    0    242     13    242     13    T0905-D1-QUARK.pdb:A  SCOP d1bjfa_
  150      0.6037          -0       2.066     1.040   199    3    9      0.9799    0    242     13    242     12    T0905-D1-QUARK.pdb:A  SCOP d1tmka_
  151      0.6035          -0       3.588     0.000   188    3    9           1    0    242     13    242      8    T0905-D1-QUARK.pdb:A  SCOP d1q9ca_
  152      0.6014          -0       1.622     1.195   202    3    7      0.9901    0    242     13    242      9    T0905-D1-QUARK.pdb:A  SCOP d1th8a_
  153      0.5999          -0       0.393     0.588   191    3    6      0.9843    0    242     13    242     15    T0905-D1-QUARK.pdb:A  SCOP d1ept.1
  154      0.5999          -0       0.393     0.588   191    3    6      0.9843    0    242     13    242     15    T0905-D1-QUARK.pdb:A  SCOP d2pka.1
  155      0.5997          -0      0.5392     0.744   182    3    8      0.9615    0    242     13    215     14    T0905-D1-QUARK.pdb:A  SCOP d1w77a1
  156      0.5977          -0      0.4526     1.263   203    3    8      0.9852    0    242     13    242     11    T0905-D1-QUARK.pdb:A  SCOP d1iv4a_
  157      0.5971          -0       2.272     0.000   187    4   10           1    0    242     13    242     17    T0905-D1-QUARK.pdb:A  SCOP d1x7ga_
  158      0.5948          -0      0.6921     0.724   192    3   11      0.9635    0    242     13    242     15    T0905-D1-QUARK.pdb:A  SCOP d5pgma_
  159      0.5914          -0      0.4006     1.266   202    3    8      0.9851    0    242     13    242     11    T0905-D1-QUARK.pdb:A  SCOP d1iv3a_
  160      0.5914          -0      0.4006     1.266   202    3    8      0.9851    0    242     13    242      9    T0905-D1-QUARK.pdb:A  SCOP d1iv2a_
  161      0.5914          -0      0.4006     1.266   202    3    8      0.9851    0    242     13    242     11    T0905-D1-QUARK.pdb:A  SCOP d1iv1a_
  162      0.5904          -0       3.161     1.314   203    5   10      0.9704    0    242     13    242     19    T0905-D1-QUARK.pdb:A  SCOP d1p91a_
  163      0.5886          -0       1.935     1.201   200    3    8        0.99    0    242     13    242     13    T0905-D1-QUARK.pdb:A  SCOP d1uula_
  164      0.5847          -0       1.153     1.575   209    3    6      0.9809    0    242     13    242     13    T0905-D1-QUARK.pdb:A  SCOP d3np1a_
  165      0.5844          -0        1.21     1.000   195    3   10      0.9692    0    242     13    242     13    T0905-D1-QUARK.pdb:A  SCOP d1udha_
  166      0.5839          -0      0.8559     0.951   194    3   13      0.9794    0    242     13    242     13    T0905-D1-QUARK.pdb:A  SCOP d1k1aa_
  167      0.5824          -0      0.4243     0.477   187    3   10       0.984    0    242     13    242     15    T0905-D1-QUARK.pdb:A  SCOP d1qhfa_
  168      0.5822          -0       2.622     1.161   198    3    8      0.9798    0    242     13    242     12    T0905-D1-QUARK.pdb:A  SCOP d1oy5a_
  169        0.58          -0      0.8934     1.569   208    3    7      0.9808    0    242     13    242     10    T0905-D1-QUARK.pdb:A  SCOP d1q6wa_
  170      0.5798          -0        2.34     0.607   188    3    6       0.984    0    242     13    242     13    T0905-D1-QUARK.pdb:A  SCOP d1hzta_
  171      0.5798          -0        2.34     0.607   188    3    6       0.984    0    242     13    242      9    T0905-D1-QUARK.pdb:A  SCOP d1r67a_
  172      0.5785          -0       1.153     1.579   208    3    7      0.9808    0    242     13    242     13    T0905-D1-QUARK.pdb:A  SCOP d4np1a_
  173      0.5785          -0       1.153     1.579   208    3    7      0.9808    0    242     13    242     13    T0905-D1-QUARK.pdb:A  SCOP d2np1a_
  174      0.5785          -0       1.153     1.579   208    3    7      0.9808    0    242     13    242     13    T0905-D1-QUARK.pdb:A  SCOP d1np1a_
  175       0.577          -0       3.755     1.367   202    3    8      0.9851    0    242     13    242     14    T0905-D1-QUARK.pdb:A  SCOP d1m1la_
  176      0.5769          -0       1.906     1.518   206    3    6      0.9903    0    242     13    242     13    T0905-D1-QUARK.pdb:A  SCOP d1eoba_
  177        0.57          -0       1.273     1.414   202    3   11      0.9752    0    242     13    242     13    T0905-D1-QUARK.pdb:A  SCOP d1e9fa_
  178       0.568          -0      0.1804     1.350   200    3    8       0.975    0    242     13    242     13    T0905-D1-QUARK.pdb:A  SCOP d1cq3a_
  179      0.5673          -0        2.16     0.610   186    3    6      0.9839    0    242     13    242     12    T0905-D1-QUARK.pdb:A  SCOP d1jyha_
  180      0.5672          -0      0.6484     1.545   205    4    9      0.9659    0    242     13    242     18    T0905-D1-QUARK.pdb:A  SCOP d1kr5a_
  181      0.5662          -0     0.06118     1.322   199    3    8      0.9698    0    242     13    242      9    T0905-D1-QUARK.pdb:A  SCOP d1nq3a_
  182      0.5656          -0        3.72     0.000   182    4   12           1    0    242     13    242     20    T0905-D1-QUARK.pdb:A  SCOP d1n2oa_
  183       0.564          -0       1.273     1.417   201    3   11      0.9751    0    242     13    242     13    T0905-D1-QUARK.pdb:A  SCOP d1e98a_
  184       0.564          -0       1.273     1.417   201    3   11      0.9751    0    242     13    242     13    T0905-D1-QUARK.pdb:A  SCOP d1e2fa_
  185      0.5611          -0      0.6484     1.549   204    4    9      0.9657    0    242     13    242     19    T0905-D1-QUARK.pdb:A  SCOP d1i1na_
  186      0.5606          -0       2.564     1.322   198    3    9      0.9848    0    242     13    242     13    T0905-D1-QUARK.pdb:A  SCOP d1n5la_
  187      0.5587          -0       1.604     1.294   197    3    8      0.9848    0    242     13    242     12    T0905-D1-QUARK.pdb:A  SCOP d1kaga_
  188      0.5579          -0       1.273     1.420   200    3   11       0.975    0    242     13    242     13    T0905-D1-QUARK.pdb:A  SCOP d1nn5a_
  189      0.5579          -0       1.273     1.420   200    3   11       0.975    0    242     13    242     13    T0905-D1-QUARK.pdb:A  SCOP d1e2ga_
  190      0.5579          -0       1.273     1.420   200    3   11       0.975    0    242     13    242     13    T0905-D1-QUARK.pdb:A  SCOP d1e2qa_
  191      0.5579          -0       1.273     1.421   200    3   11       0.975    0    242     13    242     13    T0905-D1-QUARK.pdb:A  SCOP d1nn0a_
  192      0.5579          -0       1.273     1.421   200    3   11       0.975    0    242     13    242     13    T0905-D1-QUARK.pdb:A  SCOP d1e9ea_
  193      0.5578          -0       1.273     1.421   200    3   11       0.975    0    242     13    242     13    T0905-D1-QUARK.pdb:A  SCOP d1nmza_
  194      0.5574          -0       2.872     1.218   195    4    8      0.9846    0    242     13    242     13    T0905-D1-QUARK.pdb:A  SCOP d1t5ba_
  195      0.5551          -0      0.2278     0.760   186    4   12      0.9785    0    242     13    242     17    T0905-D1-QUARK.pdb:A  SCOP d1xw8a_
  196      0.5539          -0     0.09378     1.329   197    3    8      0.9695    0    242     13    242      9    T0905-D1-QUARK.pdb:A  SCOP d1onia_
  197      0.5519          -0       1.273     1.424   199    3   11      0.9749    0    242     13    242     13    T0905-D1-QUARK.pdb:A  SCOP d1e9ca_
  198      0.5519          -0       1.273     1.424   199    3   11      0.9749    0    242     13    242     13    T0905-D1-QUARK.pdb:A  SCOP d1nmxa_
  199      0.5519          -0       1.273     1.424   199    3   11      0.9749    0    242     13    242     13    T0905-D1-QUARK.pdb:A  SCOP d1e9ba_
  200      0.5519          -0       1.273     1.424   199    3   11      0.9749    0    242     13    242     13    T0905-D1-QUARK.pdb:A  SCOP d1e2da_
  201      0.5519          -0       1.273     1.424   199    3   11      0.9749    0    242     13    242     13    T0905-D1-QUARK.pdb:A  SCOP d1nn1a_
  202      0.5519          -0       1.273     1.424   199    3   11      0.9749    0    242     13    242     13    T0905-D1-QUARK.pdb:A  SCOP d1nmya_
  203      0.5519          -0       1.273     1.424   199    3   11      0.9749    0    242     13    242     13    T0905-D1-QUARK.pdb:A  SCOP d1nn3a_
  204      0.5519          -0       1.273     1.424   199    3   11      0.9749    0    242     13    242     13    T0905-D1-QUARK.pdb:A  SCOP d1e99a_
  205      0.5512          -0       1.434     1.222   194    3    9      0.9845    0    242     13    242     15    T0905-D1-QUARK.pdb:A  SCOP d1k49a_
  206      0.5494          -0       1.513     1.794   209    3    8      0.9713    0    242     13    242     12    T0905-D1-QUARK.pdb:A  SCOP d1kuxa_
  207      0.5494          -0       1.701     1.794   209    3    8      0.9713    0    242     13    242     13    T0905-D1-QUARK.pdb:A  SCOP d1kuya_
  208      0.5477          -0       2.487     1.205   193    4    9      0.9896    0    242     13    242     10    T0905-D1-QUARK.pdb:A  SCOP d1tika_
  209      0.5472          -0      0.4721     1.457   199    4    9      0.9799    0    242     13    242     14    T0905-D1-QUARK.pdb:A  SCOP d1rf8a_
  210      0.5461          -0     0.01988     1.304   195    3    8      0.9744    0    242     13    242      7    T0905-D1-QUARK.pdb:A  SCOP d1j7ha_
  211      0.5459          -0       1.273     1.427   198    3   11      0.9747    0    242     13    242     13    T0905-D1-QUARK.pdb:A  SCOP d1e9da_
  212      0.5458          -0      0.3934     1.751   207    3    7      0.9855    0    242     13    242      6    T0905-D1-QUARK.pdb:A  SCOP d1rrba_
  213      0.5405          -0       1.909     1.124   190    4    8      0.9789    0    242     13    242     20    T0905-D1-QUARK.pdb:A  SCOP d1tr9a_
  214      0.5363          -0       1.805     1.294   193    3    9      0.9845    0    242     13    242     13    T0905-D1-QUARK.pdb:A  SCOP d1qmva_
  215      0.5352          -0        1.21     1.020   187    3    9      0.9679    0    242     13    242     14    T0905-D1-QUARK.pdb:A  SCOP d1udga_
  216      0.5338          -0       2.399     1.226   191    3    8      0.9895    0    242     13    242     15    T0905-D1-QUARK.pdb:A  SCOP d1vzva_
  217      0.5311          -0       3.833     0.893   184    4    7      0.9783    0    242     13    242     17    T0905-D1-QUARK.pdb:A  SCOP d1cfra_
  218      0.5304          -0       2.564     1.339   193    3   10      0.9845    0    242     13    242     14    T0905-D1-QUARK.pdb:A  SCOP d1mrna_
  219      0.5287          -0      0.6981     1.472   196    4    8      0.9745    0    242     13    242     14    T0905-D1-QUARK.pdb:A  SCOP d1qk5a_
  220      0.5279          -0       4.617     0.000   174    5   11           1    0    242     13    237     22    T0905-D1-QUARK.pdb:A  SCOP d1ynya2
  221      0.5255          -0      0.9777     1.335   192    3    7      0.9844    0    242     13    242     12    T0905-D1-QUARK.pdb:A  SCOP d1qzna_
  222      0.5247          -0       1.095     1.979   210    3    8      0.9667    0    242     13    242      7    T0905-D1-QUARK.pdb:A  SCOP d1v6ha_
  223      0.5247          -0       1.095     1.979   210    3    8      0.9667    0    242     13    242      7    T0905-D1-QUARK.pdb:A  SCOP d1nzaa_
  224      0.5233          -0      0.5888     1.548   197    3    8      0.9848    0    242     13    242     12    T0905-D1-QUARK.pdb:A  SCOP d1h48a_
  225      0.5229          -0      0.7012     0.000   175    3   12           1    0    242     13    242     13    T0905-D1-QUARK.pdb:A  SCOP d5tmpa_
  226      0.5217          -0       1.645     1.141   187    3    5       0.984    0    242     13    242      7    T0905-D1-QUARK.pdb:A  SCOP d1rzxa_
  227      0.5204          -0     0.04914     1.414   193    3    9      0.9689    0    242     13    242      9    T0905-D1-QUARK.pdb:A  SCOP d1ukka_
  228      0.5186          -0       2.564     1.346   191    3   10      0.9843    0    242     13    242     14    T0905-D1-QUARK.pdb:A  SCOP d1mrsa_
  229      0.5186          -0       2.564     1.346   191    3   10      0.9843    0    242     13    242     13    T0905-D1-QUARK.pdb:A  SCOP d1n5ja_
  230      0.5186          -0       2.564     1.346   191    3   10      0.9843    0    242     13    242     13    T0905-D1-QUARK.pdb:A  SCOP d1g3ua_
  231      0.5186          -0       2.564     1.346   191    3   10      0.9843    0    242     13    242     13    T0905-D1-QUARK.pdb:A  SCOP d1n5ia_
  232      0.5184          -0       1.737     1.760   202    3    7      0.9851    0    242     13    242     12    T0905-D1-QUARK.pdb:A  SCOP d1s99a_
  233      0.5174          -0       4.463     1.312   190    4    9      0.9632    0    242     13    242     18    T0905-D1-QUARK.pdb:A  SCOP d1fiua_
  234      0.5158          -0      0.3729     1.094   185    4   13      0.9838    0    242     13    242     17    T0905-D1-QUARK.pdb:A  SCOP d1pl9a_
  235      0.5141          -0       1.047     2.045   210    3    8      0.9667    0    242     13    242      7    T0905-D1-QUARK.pdb:A  SCOP d1p1la_
  236      0.5137          -0       1.906     0.610   177    3    8      0.9831    0    242     13    242     15    T0905-D1-QUARK.pdb:A  SCOP d1h2ea_
  237       0.513          -0       2.255     0.620   177    4   11      0.9831    0    242     13    242     18    T0905-D1-QUARK.pdb:A  SCOP d1e58a_
  238       0.511          -0       2.105     0.000   173    3    9           1    0    242     13    242     15    T0905-D1-QUARK.pdb:A  SCOP d1vjua_
  239      0.5108          -0        1.63     1.776   201    4    8      0.9851    0    242     13    242     12    T0905-D1-QUARK.pdb:A  SCOP d1u14a_
  240        0.51          -0       3.109     1.412   191    3    9      0.9843    0    242     13    242     15    T0905-D1-QUARK.pdb:A  SCOP d1o6ea_
  241      0.5071          -0       2.255     0.622   176    4   11       0.983    0    242     13    242     18    T0905-D1-QUARK.pdb:A  SCOP d1e59a_
  242      0.5028          -0       1.501     1.343   188    3    6      0.9787    0    242     13    242      9    T0905-D1-QUARK.pdb:A  SCOP d1kz6a_
  243      0.5028          -0       1.501     1.343   188    3    6      0.9787    0    242     13    242      9    T0905-D1-QUARK.pdb:A  SCOP d1kyva_
  244      0.5028          -0       1.501     1.343   188    3    6      0.9787    0    242     13    242      9    T0905-D1-QUARK.pdb:A  SCOP d1kz9a_
  245      0.5028          -0       1.501     1.343   188    3    6      0.9787    0    242     13    242      9    T0905-D1-QUARK.pdb:A  SCOP d1kz4a_
  246      0.5009          -0      0.1459     1.809   200    3    8        0.98    0    242     13    242     12    T0905-D1-QUARK.pdb:A  SCOP d1kxla_
  247      0.4979          -0       1.622     1.503   191    3   10      0.9791    0    242     13    242     15    T0905-D1-QUARK.pdb:A  SCOP d1c7za_
  248      0.4979          -0       1.622     1.503   191    3   10      0.9791    0    242     13    242     15    T0905-D1-QUARK.pdb:A  SCOP d1c80a_
  249      0.4979          -0       1.622     1.503   191    3   10      0.9791    0    242     13    242     14    T0905-D1-QUARK.pdb:A  SCOP d1tipa_
  250      0.4978          -0      0.1479     1.504   191    3    8      0.9686    0    242     13    242      9    T0905-D1-QUARK.pdb:A  SCOP d1vlaa_
  251       0.497          -0       1.501     1.346   187    3    6      0.9786    0    242     13    242      9    T0905-D1-QUARK.pdb:A  SCOP d1kz1a_
  252       0.497          -0       1.501     1.346   187    3    6      0.9786    0    242     13    242      9    T0905-D1-QUARK.pdb:A  SCOP d1kyxa_
  253       0.497          -0       1.501     1.346   187    3    6      0.9786    0    242     13    242      9    T0905-D1-QUARK.pdb:A  SCOP d1kyya_
  254      0.4965          -0       2.384     1.805   199    5    9      0.9749    0    242     13    242     21    T0905-D1-QUARK.pdb:A  SCOP d1p9oa_
  255      0.4953          -0     0.03383     1.813   199    3    7      0.9799    0    242     13    242     10    T0905-D1-QUARK.pdb:A  SCOP d1p4ma_
  256      0.4949          -0       2.964     1.363   187    4   10      0.9679    0    242     13    242     20    T0905-D1-QUARK.pdb:A  SCOP d1qz3a_
  257      0.4944          -0      0.9028     1.451   189    3    8      0.9841    0    242     13    242     14    T0905-D1-QUARK.pdb:A  SCOP d1sgwa_
  258      0.4935          -0       2.434     0.931   178    3    5      0.9831    0    242     13    242     14    T0905-D1-QUARK.pdb:A  SCOP d1bvva_
  259      0.4935          -0       2.113     0.931   178    3    5      0.9831    0    242     13    242     14    T0905-D1-QUARK.pdb:A  SCOP d1hv1a_
  260      0.4935          -0       2.113     0.931   178    3    5      0.9831    0    242     13    242     14    T0905-D1-QUARK.pdb:A  SCOP d1bcxa_
  261      0.4935          -0       2.113     0.931   178    3    5      0.9831    0    242     13    242     14    T0905-D1-QUARK.pdb:A  SCOP d2bvva_
  262      0.4935          -0       2.113     0.931   178    3    5      0.9831    0    242     13    242     14    T0905-D1-QUARK.pdb:A  SCOP d1xnba_
  263      0.4935          -0       2.113     0.931   178    3    5      0.9831    0    242     13    242     14    T0905-D1-QUARK.pdb:A  SCOP d1c5ha_
  264      0.4935          -0       2.113     0.931   178    3    5      0.9831    0    242     13    242     14    T0905-D1-QUARK.pdb:A  SCOP d1xnca_
  265      0.4935          -0       2.113     0.931   178    3    5      0.9831    0    242     13    242     14    T0905-D1-QUARK.pdb:A  SCOP d1c5ia_
  266      0.4935          -0       2.434     0.931   178    3    5      0.9831    0    242     13    242     14    T0905-D1-QUARK.pdb:A  SCOP d1hv0a_
  267      0.4932          -0       1.554     1.614   193    3    7      0.9689    0    242     13    242     15    T0905-D1-QUARK.pdb:A  SCOP d1fnza_
  268      0.4918          -0      0.7201     1.697   195    4    8      0.9795    0    242     13    242     14    T0905-D1-QUARK.pdb:A  SCOP d1fsga_
  269      0.4918          -0       2.138     1.871   200    3    9       0.965    0    242     13    242     15    T0905-D1-QUARK.pdb:A  SCOP d1uaja_
  270      0.4912          -0       1.145     1.350   186    3    6      0.9785    0    242     13    242     15    T0905-D1-QUARK.pdb:A  SCOP d1ebba_
  271      0.4896          -0       1.403     1.527   190    3    7      0.9684    0    242     13    242      8    T0905-D1-QUARK.pdb:A  SCOP d1v30a_
  272      0.4886          -0      0.8605     1.238   183    3    9      0.9891    0    242     13    242     14    T0905-D1-QUARK.pdb:A  SCOP d2bfra_
  273      0.4883   2.708e-11       2.085     1.331   185    3    6      0.9676    0    242     13    242      6    T0905-D1-QUARK.pdb:A  SCOP d1a1ba_
  274      0.4883          -0       2.085     1.331   185    3    6      0.9676    0    242     13    242      8    T0905-D1-QUARK.pdb:A  SCOP d1a09a_
  275      0.4883   9.517e-11       2.085     1.331   185    3    6      0.9676    0    242     13    242      5    T0905-D1-QUARK.pdb:A  SCOP d1a1ea_
  276      0.4883       1e-11       2.055     1.331   185    3    6      0.9676    0    242     13    242      6    T0905-D1-QUARK.pdb:A  SCOP d1shda_
  277      0.4883       1e-11       2.055     1.331   185    3    6      0.9676    0    242     13    242      6    T0905-D1-QUARK.pdb:A  SCOP d1a08a_
  278      0.4883   2.708e-11       2.085     1.331   185    3    6      0.9676    0    242     13    242      6    T0905-D1-QUARK.pdb:A  SCOP d1a1ca_
  279      0.4883          -0       2.055     1.331   185    3    6      0.9676    0    242     13    242      8    T0905-D1-QUARK.pdb:A  SCOP d1a07a_
  280      0.4883   2.708e-11       2.085     1.331   185    3    6      0.9676    0    242     13    242      6    T0905-D1-QUARK.pdb:A  SCOP d1a1aa_
  281      0.4863          -0       4.559     0.000   167    5   10           1    0    242     13    237     22    T0905-D1-QUARK.pdb:A  SCOP d1k1da2
  282      0.4847          -0       1.333     1.639   192    3    8      0.9688    0    242     13    242      5    T0905-D1-QUARK.pdb:A  SCOP d2if1a_
  283      0.4812          -0       2.516     1.432   186    3    7      0.9839    0    242     13    242     14    T0905-D1-QUARK.pdb:A  SCOP d1i51.1
  284      0.4809          -0       2.233     1.704   193    3    9      0.9845    0    242     13    242     11    T0905-D1-QUARK.pdb:A  SCOP d1g66a_
  285      0.4802          -0      0.3378     1.598   190    4   11      0.9684    0    242     13    242     20    T0905-D1-QUARK.pdb:A  SCOP d1kyta_
  286      0.4802          -0       4.161     1.481   187    4    5      0.9786    0    242     13    242     15    T0905-D1-QUARK.pdb:A  SCOP d1grqa_
  287      0.4802          -0       4.161     1.481   187    4    5      0.9786    0    242     13    242     13    T0905-D1-QUARK.pdb:A  SCOP d1grra_
  288      0.4802          -0       4.161     1.481   187    4    5      0.9786    0    242     13    242     15    T0905-D1-QUARK.pdb:A  SCOP d1qhxa_
  289      0.4798          -0       1.323     1.953   200    3   15        0.98    0    242     13    242     13    T0905-D1-QUARK.pdb:A  SCOP d1ot8a_
  290      0.4793   4.033e-07       2.853     1.787   195    3    7      0.9846    0    242     13    242      8    T0905-D1-QUARK.pdb:A  SCOP d1i8na_
  291      0.4787          -0     0.04951     1.825   196    3    8      0.9694    0    242     13    242     13    T0905-D1-QUARK.pdb:A  SCOP d1w2ba_
  292      0.4774          -0      0.1899     1.243   181    4   12      0.9613    0    242     13    242     20    T0905-D1-QUARK.pdb:A  SCOP d1gg0a_
  293      0.4773          -0       1.625     1.730   193    3    7      0.9637    0    242     13    242     12    T0905-D1-QUARK.pdb:A  SCOP d1umha_
  294      0.4756          -0       1.635     1.594   189    3    7       0.963    0    242     13    242     12    T0905-D1-QUARK.pdb:A  SCOP d1g5ca_
  295      0.4753          -0       2.233     1.708   192    3    9      0.9844    0    242     13    242     11    T0905-D1-QUARK.pdb:A  SCOP d1bs9a_
  296      0.4753          -0       2.233     1.708   192    3    9      0.9844    0    242     13    242     11    T0905-D1-QUARK.pdb:A  SCOP d2axea_
  297      0.4746          -0       4.161     1.484   186    4    5      0.9785    0    242     13    242     15    T0905-D1-QUARK.pdb:A  SCOP d1qhya_
  298      0.4727          -0       2.612     0.000   165    4    9           1    0    242     13    238     20    T0905-D1-QUARK.pdb:A  SCOP d1nfga2
  299       0.471          -0       1.174     1.776   193    3    6      0.9845    0    242     13    242     14    T0905-D1-QUARK.pdb:A  SCOP d1pkja_
  300       0.471          -0       1.174     1.776   193    3    6      0.9845    0    242     13    242     14    T0905-D1-QUARK.pdb:A  SCOP d1pkha_
  301       0.471          -0       1.174     1.776   193    3    6      0.9845    0    242     13    242     14    T0905-D1-QUARK.pdb:A  SCOP d1ogha_
  302       0.471          -0       1.174     1.776   193    3    6      0.9845    0    242     13    242     14    T0905-D1-QUARK.pdb:A  SCOP d1pkka_
  303      0.4702          -0       1.384     1.395   183    4    8      0.9672    0    242     13    242     15    T0905-D1-QUARK.pdb:A  SCOP d1l1qa_
  304      0.4702          -0        1.13     1.395   183    4    8      0.9672    0    242     13    242     15    T0905-D1-QUARK.pdb:A  SCOP d1l1ra_
  305      0.4701          -0       1.625     2.386   212    3    7       0.967    0    242     13    242     10    T0905-D1-QUARK.pdb:A  SCOP d1eqma_
  306      0.4701          -0       1.625     2.386   212    3    7       0.967    0    242     13    242      9    T0905-D1-QUARK.pdb:A  SCOP d1rb0a_
  307      0.4686          -0       3.307     1.931   197    3    9      0.9797    0    242     13    242     15    T0905-D1-QUARK.pdb:A  SCOP d1ki9a_
  308      0.4684          -0       3.343     1.366   182    3    8       0.989    0    242     13    242     15    T0905-D1-QUARK.pdb:A  SCOP d1hdra_
  309      0.4683          -0        2.35     1.796   193    3    6      0.9845    0    242     13    242     11    T0905-D1-QUARK.pdb:A  SCOP d1go4a_
  310      0.4677          -0    0.002527     1.937   197    3    9      0.9594    0    242     13    242     12    T0905-D1-QUARK.pdb:A  SCOP d1mzwa_
  311      0.4674          -0       1.926     0.624   169    4    9      0.9822    0    242     13    242     14    T0905-D1-QUARK.pdb:A  SCOP d1noxa_
  312      0.4666          -0   0.0009098     1.911   196    3    9      0.9541    0    242     13    242     11    T0905-D1-QUARK.pdb:A  SCOP d1ogfa_
  313      0.4666          -0   0.0009098     1.911   196    3    9      0.9541    0    242     13    242     11    T0905-D1-QUARK.pdb:A  SCOP d1ogda_
  314      0.4666          -0   0.0009098     1.911   196    3    9      0.9541    0    242     13    242     11    T0905-D1-QUARK.pdb:A  SCOP d1ogca_
  315      0.4666          -0   0.0009098     1.911   196    3    9      0.9541    0    242     13    242     11    T0905-D1-QUARK.pdb:A  SCOP d1ogea_
  316      0.4654          -0     0.00593     1.851   194    3    8      0.9742    0    242     13    242      9    T0905-D1-QUARK.pdb:A  SCOP d1xrga_
  317      0.4649          -0       1.625     2.420   212    3    7       0.967    0    242     13    242      9    T0905-D1-QUARK.pdb:A  SCOP d1kbra_
  318      0.4646      0.1243       3.931     1.563   186    3    6      0.9892    0    242     13    242      6    T0905-D1-QUARK.pdb:A  SCOP d1qnua_
  319      0.4645          -0      0.1479     1.484   184    3    7      0.9837    0    242     13    242     12    T0905-D1-QUARK.pdb:A  SCOP d1t0aa_
  320      0.4642          -0       2.044     1.171   177    3    8      0.9831    0    242     13    242     15    T0905-D1-QUARK.pdb:A  SCOP d1fuaa_
  321      0.4608          -0     0.06819     1.203   177    3    7      0.9831    0    242     13    242     14    T0905-D1-QUARK.pdb:A  SCOP d1t57a_
  322      0.4606          -0      0.6833     1.595   186    3   10      0.9892    0    242     13    242     13    T0905-D1-QUARK.pdb:A  SCOP d1fl1a_
  323      0.4605          -0       0.313     1.781   191    4   10      0.9634    0    242     13    242     18    T0905-D1-QUARK.pdb:A  SCOP d1v82a_
  324       0.459          -0       5.685     0.000   114    3    1           1    0    242     13    117     13    T0905-D1-QUARK.pdb:A  SCOP d1mkya2
  325       0.459    9.57e-12       2.015     1.568   185    3    6       0.973    0    242     13    242      6    T0905-D1-QUARK.pdb:A  SCOP d1nzla_
  326       0.459    9.57e-12       2.015     1.568   185    3    6       0.973    0    242     13    242      6    T0905-D1-QUARK.pdb:A  SCOP d1nzva_
  327      0.4569          -0       1.018     2.266   205    3    8      0.9659    0    242     13    242      7    T0905-D1-QUARK.pdb:A  SCOP d1o5ja_
  328      0.4569          -0       1.018     2.266   205    3    8      0.9659    0    242     13    242      7    T0905-D1-QUARK.pdb:A  SCOP d1vhfa_
  329      0.4566          -0       3.792     1.507   183    5    8      0.9836    0    242     13    242     22    T0905-D1-QUARK.pdb:A  SCOP d1kfla_
  330      0.4562          -0      0.9791     0.866   143    3    8       0.972    0    242     13    171     13    T0905-D1-QUARK.pdb:A  SCOP d1xa0a2
  331      0.4559          -0        2.68     1.920   194    3    8      0.9794    0    242     13    242     13    T0905-D1-QUARK.pdb:A  SCOP d1tyfa_
  332      0.4552          -0     0.08093     1.821   191    3    8      0.9843    0    242     13    242     13    T0905-D1-QUARK.pdb:A  SCOP d1r4za_
  333      0.4551          -0       0.313     1.786   190    4   10      0.9632    0    242     13    242     18    T0905-D1-QUARK.pdb:A  SCOP d1v84a_
  334      0.4551          -0       1.735     0.646   167    4   11       0.982    0    242     13    242     17    T0905-D1-QUARK.pdb:A  SCOP d1t8pa_
  335      0.4537          -0       1.578     0.000   163    4    8           1    0    242     13    242     16    T0905-D1-QUARK.pdb:A  SCOP d1xq1a_
  336      0.4536          -0        1.83     2.133   200    3    8       0.985    0    242     13    242     13    T0905-D1-QUARK.pdb:A  SCOP d1icf.1
  337      0.4517          -0      0.6398     2.178   201    3   10      0.9652    0    242     13    242     13    T0905-D1-QUARK.pdb:A  SCOP d1o81a_
  338      0.4513   3.478e-11       3.279     0.000   114    3    2           1    0    242     13    119      9    T0905-D1-QUARK.pdb:A  SCOP d1i4xa2
  339      0.4513   2.443e-07       3.588     0.000   114    3    2           1    0    242     13    119      9    T0905-D1-QUARK.pdb:A  SCOP d1i4ra2
  340      0.4513   2.443e-07       3.588     0.000   114    3    2           1    0    242     13    119      9    T0905-D1-QUARK.pdb:A  SCOP d1i4pa2
  341      0.4507        1.08       6.273     0.000   112    3    1           1    0    242     13    115      9    T0905-D1-QUARK.pdb:A  SCOP d1bxta2
  342      0.4498          -0       1.076     1.438   180    3   10      0.9667    0    242     13    242     12    T0905-D1-QUARK.pdb:A  SCOP d1kuva_
  343      0.4498          -0     0.07494     1.826   190    3    8      0.9842    0    242     13    242     13    T0905-D1-QUARK.pdb:A  SCOP d1i6wa_
  344      0.4498          -0     0.07494     1.826   190    3    8      0.9842    0    242     13    242     13    T0905-D1-QUARK.pdb:A  SCOP d1r50a_
  345      0.4492          -0       1.302     0.942   170    4    8      0.9824    0    242     13    242     15    T0905-D1-QUARK.pdb:A  SCOP d1o5oa_
  346      0.4472    0.003449       4.251     0.000   113    3    2           1    0    242     13    118      9    T0905-D1-QUARK.pdb:A  SCOP d1ck1a2
  347      0.4472   3.034e-05       4.251     0.000   113    3    2           1    0    242     13    118     11    T0905-D1-QUARK.pdb:A  SCOP d1stea2
  348      0.4464          -0       0.746     1.955   193    3    7      0.9793    0    242     13    242     15    T0905-D1-QUARK.pdb:A  SCOP d1mvta_
  349      0.4463          -0       1.581     1.956   193    3    6      0.9793    0    242     13    242     15    T0905-D1-QUARK.pdb:A  SCOP d1ohja_
  350      0.4448          -0       2.872     1.351   177    3    9      0.9831    0    242     13    242     11    T0905-D1-QUARK.pdb:A  SCOP d1pbwa_
  351      0.4428          -0     0.07955     1.807   188    4   10      0.9734    0    242     13    242     14    T0905-D1-QUARK.pdb:A  SCOP d1cjba_
  352      0.4425      0.4557        5.05     0.000   110    3    1           1    0    242     13    113      9    T0905-D1-QUARK.pdb:A  SCOP d1i4ha2
  353      0.4425     0.02805       5.068     0.000   110    3    1           1    0    242     13    113     11    T0905-D1-QUARK.pdb:A  SCOP d1sxta2
  354      0.4424          -0       1.454     2.543   211    3    7      0.9668    0    242     13    242      9    T0905-D1-QUARK.pdb:A  SCOP d1hq2a_
  355      0.4424          -0       1.454     2.543   211    3    7      0.9668    0    242     13    242      9    T0905-D1-QUARK.pdb:A  SCOP d1f9ha_
  356      0.4424          -0       1.454     2.543   211    3    7      0.9668    0    242     13    242      9    T0905-D1-QUARK.pdb:A  SCOP d1q0na_
  357      0.4424          -0       1.604     2.543   211    3    7      0.9668    0    242     13    242      9    T0905-D1-QUARK.pdb:A  SCOP d1ru1a_
  358      0.4423          -0       1.554     2.306   203    3    9      0.9704    0    242     13    242     15    T0905-D1-QUARK.pdb:A  SCOP d1n3ta_
  359      0.4422   3.616e-15       1.363     2.020   194    3    7      0.9742    0    242     13    242     10    T0905-D1-QUARK.pdb:A  SCOP d1uuna_
  360      0.4417          -0       0.828     2.218   200    3    7       0.985    0    242     13    242     12    T0905-D1-QUARK.pdb:A  SCOP d1f98a_
  361      0.4417          -0       0.828     2.218   200    3    7       0.985    0    242     13    242     12    T0905-D1-QUARK.pdb:A  SCOP d1otea_
  362      0.4417          -0       0.828     2.218   200    3    7       0.985    0    242     13    242     12    T0905-D1-QUARK.pdb:A  SCOP d1otaa_
  363      0.4417          -0       0.828     2.218   200    3    7       0.985    0    242     13    242     12    T0905-D1-QUARK.pdb:A  SCOP d1gsva_
  364      0.4417          -0       0.828     2.218   200    3    7       0.985    0    242     13    242     12    T0905-D1-QUARK.pdb:A  SCOP d1otba_
  365      0.4417          -0       0.828     2.218   200    3    7       0.985    0    242     13    242     12    T0905-D1-QUARK.pdb:A  SCOP d1gsxa_
  366      0.4417          -0       0.828     2.218   200    3    7       0.985    0    242     13    242     12    T0905-D1-QUARK.pdb:A  SCOP d1koua_
  367      0.4417          -0       0.828     2.218   200    3    7       0.985    0    242     13    242     12    T0905-D1-QUARK.pdb:A  SCOP d1ot9a_
  368      0.4417          -0       0.828     2.218   200    3    7       0.985    0    242     13    242     12    T0905-D1-QUARK.pdb:A  SCOP d2pypa_
  369      0.4417          -0       0.828     2.218   200    3    7       0.985    0    242     13    242     12    T0905-D1-QUARK.pdb:A  SCOP d2phya_
  370      0.4417          -0       0.828     2.218   200    3    7       0.985    0    242     13    242     11    T0905-D1-QUARK.pdb:A  SCOP d1ugua_
  371      0.4417          -0       0.828     2.218   200    3    7       0.985    0    242     13    242     12    T0905-D1-QUARK.pdb:A  SCOP d1gswa_
  372      0.4417          -0       0.828     2.218   200    3    7       0.985    0    242     13    242     12    T0905-D1-QUARK.pdb:A  SCOP d1ot6a_
  373      0.4417          -0       0.828     2.218   200    3    7       0.985    0    242     13    242     12    T0905-D1-QUARK.pdb:A  SCOP d1s4ra_
  374      0.4417          -0       0.828     2.218   200    3    7       0.985    0    242     13    242     10    T0905-D1-QUARK.pdb:A  SCOP d1otda_
  375      0.4417          -0       0.828     2.218   200    3    7       0.985    0    242     13    242     12    T0905-D1-QUARK.pdb:A  SCOP d1s4sa_
  376      0.4417          -0       0.828     2.218   200    3    7       0.985    0    242     13    242     12    T0905-D1-QUARK.pdb:A  SCOP d1nwza_
  377      0.4417          -0       0.828     2.218   200    3    7       0.985    0    242     13    242     12    T0905-D1-QUARK.pdb:A  SCOP d2pyra_
  378      0.4417          -0       0.828     2.218   200    3    7       0.985    0    242     13    242     12    T0905-D1-QUARK.pdb:A  SCOP d1f9ia_
  379      0.4417          -0       0.828     2.218   200    3    7       0.985    0    242     13    242     12    T0905-D1-QUARK.pdb:A  SCOP d1d7ea_
  380      0.4417          -0       0.828     2.218   200    3    7       0.985    0    242     13    242     12    T0905-D1-QUARK.pdb:A  SCOP d1otia_
  381      0.4412          -0        0.25     2.314   203    3    8      0.9655    0    242     13    242      9    T0905-D1-QUARK.pdb:A  SCOP d1d6na_
  382      0.4389   3.116e-13       3.588     0.000   111    3    2           1    0    242     13    116     11    T0905-D1-QUARK.pdb:A  SCOP d1unsa2
  383      0.4386          -0      0.3967     1.534   180    4   11      0.9667    0    242     13    242     17    T0905-D1-QUARK.pdb:A  SCOP d1oe6a_
  384      0.4377          -0       1.615     2.575   211    3    7      0.9668    0    242     13    242      9    T0905-D1-QUARK.pdb:A  SCOP d1rtza_
  385      0.4377          -0       1.615     2.575   211    3    7      0.9668    0    242     13    242     10    T0905-D1-QUARK.pdb:A  SCOP d1g4ca_
  386      0.4367          -0       1.477     1.187   172    3    8      0.9826    0    242     13    242     14    T0905-D1-QUARK.pdb:A  SCOP d4fuaa_
  387      0.4357          -0       2.079     1.966   191    3    9      0.9791    0    242     13    242     14    T0905-D1-QUARK.pdb:A  SCOP d1nrga_
  388      0.4347          -0       1.154     1.607   181    3    7      0.9834    0    242     13    242      9    T0905-D1-QUARK.pdb:A  SCOP d1q8xa_
  389      0.4346          -0      0.9218     1.608   181    3    6      0.9724    0    242     13    242      5    T0905-D1-QUARK.pdb:A  SCOP d1is0a_
  390      0.4331   1.818e-10       2.292     1.698   183    3    6      0.9836    0    242     13    242     11    T0905-D1-QUARK.pdb:A  SCOP d1h6xa_
  391      0.4323          -0       3.886     2.346   202    3    8      0.9802    0    242     13    242     14    T0905-D1-QUARK.pdb:A  SCOP d1nksa_
  392      0.4312          -0      0.4078     1.291   173    3   10      0.9827    0    242     13    242     15    T0905-D1-QUARK.pdb:A  SCOP d1jjva_
  393       0.431          -0      0.2861     2.386   203    3    8      0.9655    0    242     13    242     14    T0905-D1-QUARK.pdb:A  SCOP d1hmpa_
  394      0.4283          -0       1.263     0.646   162    4    7      0.9815    0    242     13    242     15    T0905-D1-QUARK.pdb:A  SCOP d1vfra_
  395      0.4282          -0       3.642     1.329   135    3    3      0.9704    0    242     13    147     12    T0905-D1-QUARK.pdb:A  SCOP d1ndha2
  396      0.4257          -0       1.268     2.042   191    3    7      0.9686    0    242     13    242     11    T0905-D1-QUARK.pdb:A  SCOP d1su9a_
  397      0.4243          -0       2.738     1.985   189    3    7      0.9841    0    242     13    242      8    T0905-D1-QUARK.pdb:A  SCOP d1g7ea_
  398      0.4225          -0      0.5225     2.165   194    3    7      0.9845    0    242     13    242     12    T0905-D1-QUARK.pdb:A  SCOP d1an7a_
  399      0.4225          -0       1.204     0.655   161    4    9      0.9814    0    242     13    242     16    T0905-D1-QUARK.pdb:A  SCOP d1oona_
  400      0.4225          -0       1.353     0.655   161    4    8      0.9814    0    242     13    242     15    T0905-D1-QUARK.pdb:A  SCOP d1icva_
  401      0.4225          -0       1.353     0.655   161    4    8      0.9814    0    242     13    242     16    T0905-D1-QUARK.pdb:A  SCOP d1idta_
  402      0.4225          -0       1.353     0.655   161    4    8      0.9814    0    242     13    242     16    T0905-D1-QUARK.pdb:A  SCOP d1oo6a_
  403      0.4225          -0       1.353     0.655   161    4    8      0.9814    0    242     13    242     15    T0905-D1-QUARK.pdb:A  SCOP d1ooqa_
  404      0.4224          -0       1.604     2.567   207    3    8      0.9662    0    242     13    242     10    T0905-D1-QUARK.pdb:A  SCOP d1ru2a_
  405      0.4221          -0       3.054     1.711   181    5    8      0.9779    0    242     13    242     21    T0905-D1-QUARK.pdb:A  SCOP d1qr7a_
  406      0.4221          -0       3.157     1.711   181    5    8      0.9779    0    242     13    242     21    T0905-D1-QUARK.pdb:A  SCOP d1gg1a_
  407      0.4217          -0      0.3445     1.827   184    3    8      0.9674    0    242     13    242      7    T0905-D1-QUARK.pdb:A  SCOP d1vm0a_
  408      0.4215          -0       1.925     2.173   194    3    6      0.9845    0    242     13    242     14    T0905-D1-QUARK.pdb:A  SCOP d1qwda_
  409      0.4204          -0      0.8559     1.910   186    3    6      0.9677    0    242     13    242     13    T0905-D1-QUARK.pdb:A  SCOP d1w30a_
  410      0.4202   2.438e-07       3.588     0.000   110    3    3           1    0    242     13    119      9    T0905-D1-QUARK.pdb:A  SCOP d1cqva2
  411      0.4202   2.438e-07       3.588     0.000   110    3    3           1    0    242     13    119      9    T0905-D1-QUARK.pdb:A  SCOP d1i4qa2
  412      0.4202          -0       4.123     0.000   110    3    5           1    0    242     13    119     13    T0905-D1-QUARK.pdb:A  SCOP d1clia2
  413      0.4202          -0       3.128     1.526   176    3    7      0.9773    0    242     13    242     13    T0905-D1-QUARK.pdb:A  SCOP d1ryba_
  414      0.4198          -0         3.1     0.853   163    4   10      0.9877    0    242     13    242     19    T0905-D1-QUARK.pdb:A  SCOP d1q7ta_
  415      0.4187          -0       1.774     2.161   193    3    8      0.9845    0    242     13    242     12    T0905-D1-QUARK.pdb:A  SCOP d1byra_
  416      0.4187          -0       1.774     2.161   193    3    8      0.9845    0    242     13    242     12    T0905-D1-QUARK.pdb:A  SCOP d1bysa_
  417      0.4171          -0       1.204     0.657   160    4    9      0.9812    0    242     13    242     15    T0905-D1-QUARK.pdb:A  SCOP d1oo5a_
  418      0.4171          -0       1.353     0.657   160    4    8      0.9812    0    242     13    242     15    T0905-D1-QUARK.pdb:A  SCOP d1ds7a_
  419       0.417          -0      0.8746     1.596   177    3    6      0.9661    0    242     13    242     11    T0905-D1-QUARK.pdb:A  SCOP d1kgya_
  420      0.4169          -0       3.157     1.716   180    5    8      0.9778    0    242     13    242     21    T0905-D1-QUARK.pdb:A  SCOP d1n8fa_
  421      0.4168          -0      0.6781     1.597   177    4   12      0.9548    0    242     13    242     19    T0905-D1-QUARK.pdb:A  SCOP d1oe5a_
  422      0.4168          -0      0.5431     2.367   199    3    6      0.9849    0    242     13    242     12    T0905-D1-QUARK.pdb:A  SCOP d1qy2a_
  423      0.4153          -0       1.142     1.805   182    4   10       0.967    0    242     13    242     20    T0905-D1-QUARK.pdb:A  SCOP d1ri2a_
  424      0.4146          -0        2.35     1.402   172    5    7      0.9767    0    242     13    242     21    T0905-D1-QUARK.pdb:A  SCOP d1evqa_
  425       0.414   0.0002035       3.681     1.995   187    3    6       0.984    0    242     13    242      6    T0905-D1-QUARK.pdb:A  SCOP d1whya_
  426      0.4129          -0      0.3498     2.106   190    3   10      0.9684    0    242     13    242     12    T0905-D1-QUARK.pdb:A  SCOP d1jfua_
  427      0.4125          -0       2.547     1.489   171    4   10      0.9708    0    242     13    235     18    T0905-D1-QUARK.pdb:A  SCOP d2icsa2
  428      0.4118          -0       1.204     0.659   159    4    9      0.9811    0    242     13    242     16    T0905-D1-QUARK.pdb:A  SCOP d1icra_
  429      0.4117          -0      0.6781     1.601   176    4   12      0.9545    0    242     13    242     20    T0905-D1-QUARK.pdb:A  SCOP d1oe4a_
  430      0.4102          -0       1.074     1.809   181    4   10      0.9669    0    242     13    242     20    T0905-D1-QUARK.pdb:A  SCOP d1ri3a_
  431      0.4102          -0       1.279     1.809   181    4   10      0.9669    0    242     13    242     20    T0905-D1-QUARK.pdb:A  SCOP d1ri5a_
  432      0.4102          -0      0.9514     1.809   181    4   10      0.9669    0    242     13    242     20    T0905-D1-QUARK.pdb:A  SCOP d1ri4a_
  433      0.4098          -0      0.2694     1.495   162    5   10      0.9815    0    242     13    212     21    T0905-D1-QUARK.pdb:A  SCOP d2nsxa2
  434      0.4088   1.764e-08        3.69     2.171   191    3    7      0.9843    0    242     13    242     11    T0905-D1-QUARK.pdb:A  SCOP d1duja_
  435      0.4084          -0        1.23     1.058   164    4    9      0.9329    0    242     13    242     15    T0905-D1-QUARK.pdb:A  SCOP d1icua_
  436       0.408          -0      0.3372     1.751   179    4   10      0.9385    0    242     13    242     20    T0905-D1-QUARK.pdb:A  SCOP d1lzla_
  437      0.4074          -0       1.283     2.588   204    3    6      0.9853    0    242     13    242     13    T0905-D1-QUARK.pdb:A  SCOP d1nyka_
  438      0.4069          -0       2.389     0.817   160    4    8      0.9812    0    242     13    242     15    T0905-D1-QUARK.pdb:A  SCOP d1neca_
  439      0.4061          -0      0.4225     0.965   162    4    8      0.9815    0    242     13    242     15    T0905-D1-QUARK.pdb:A  SCOP d1i5ea_
  440      0.4054          -0      0.4756     2.063   187    3    8      0.9679    0    242     13    242     11    T0905-D1-QUARK.pdb:A  SCOP d1st9a_
  441      0.4046          -0      0.7367     1.262   167    3    8       0.976    0    242     13    242      8    T0905-D1-QUARK.pdb:A  SCOP d1jj9a_
  442      0.4046          -0      0.7367     1.262   167    3    8       0.976    0    242     13    242      8    T0905-D1-QUARK.pdb:A  SCOP d1jana_
  443      0.4046          -0      0.7367     1.262   167    3    8       0.976    0    242     13    242      8    T0905-D1-QUARK.pdb:A  SCOP d1bzsa_
  444      0.4042          -0      0.2694     1.500   161    5   10      0.9814    0    242     13    212     21    T0905-D1-QUARK.pdb:A  SCOP d2nt0a2
  445      0.4034          -0      0.9123     2.436   198    3    9      0.9697    0    242     13    242     14    T0905-D1-QUARK.pdb:A  SCOP d1khpa_
  446      0.4027          -0    0.000761     2.185   190    3    8      0.9737    0    242     13    242      9    T0905-D1-QUARK.pdb:A  SCOP d1qd9a_
  447      0.4015          -0       2.594     1.918   182    4    9      0.9725    0    242     13    242     17    T0905-D1-QUARK.pdb:A  SCOP d1mn6a_
  448      0.4013          -0       1.454     2.544   201    3   10      0.9701    0    242     13    242     15    T0905-D1-QUARK.pdb:A  SCOP d1a8ra_
  449      0.4004          -0      0.1043     1.204   165    4   11      0.9758    0    242     13    242     17    T0905-D1-QUARK.pdb:A  SCOP d1ahia_
  450         0.4          -0    0.007196     2.368   195    3    8      0.9692    0    242     13    242     12    T0905-D1-QUARK.pdb:A  SCOP d2bena_
  451         0.4          -0    0.007196     2.368   195    3    8      0.9692    0    242     13    242     12    T0905-D1-QUARK.pdb:A  SCOP d2bema_
  452      0.3995          -0     0.05141     2.006   184    3    9      0.9674    0    242     13    242      8    T0905-D1-QUARK.pdb:A  SCOP d1rm8a_
  453      0.3995          -0      0.7367     1.265   166    3    8      0.9759    0    242     13    242      8    T0905-D1-QUARK.pdb:A  SCOP d1kbca_
  454      0.3991          -0     0.02246     2.312   193    3    7      0.9689    0    242     13    242     15    T0905-D1-QUARK.pdb:A  SCOP d1pz7a_
  455      0.3989          -0       1.765     1.272   166    3    5      0.9759    0    242     13    242     11    T0905-D1-QUARK.pdb:A  SCOP d1jmva_
  456      0.3975          -0       0.523     1.561   172    3    7      0.9709    0    242     13    242      7    T0905-D1-QUARK.pdb:A  SCOP d1sjra_
  457      0.3968          -0       1.234     2.232   190    3    8      0.9684    0    242     13    242     15    T0905-D1-QUARK.pdb:A  SCOP d1h6ra_
  458      0.3968          -0       1.234     2.232   190    3    8      0.9684    0    242     13    242     15    T0905-D1-QUARK.pdb:A  SCOP d1emka_
  459      0.3968          -0       1.234     2.232   190    3    8      0.9684    0    242     13    242     15    T0905-D1-QUARK.pdb:A  SCOP d1emma_
  460      0.3968          -0       1.234     2.232   190    3    8      0.9684    0    242     13    242     15    T0905-D1-QUARK.pdb:A  SCOP d1emla_
  461      0.3968          -0       1.234     2.232   190    3    8      0.9684    0    242     13    242     15    T0905-D1-QUARK.pdb:A  SCOP d2emoa_
  462      0.3965          -0       2.594     1.923   181    4    9      0.9724    0    242     13    242     19    T0905-D1-QUARK.pdb:A  SCOP d1mnaa_
  463      0.3965          -0       2.767     1.923   181    4    9      0.9724    0    242     13    242     18    T0905-D1-QUARK.pdb:A  SCOP d1mnqa_
  464      0.3958          -0       1.508     2.173   188    5   10      0.9574    0    242     13    242     23    T0905-D1-QUARK.pdb:A  SCOP d1iy9a_
  465      0.3951          -0    0.009184     1.898   180    3    6      0.9833    0    242     13    242      9    T0905-D1-QUARK.pdb:A  SCOP d1f18a_
  466      0.3947          -0       2.438     1.045   161    3    7      0.9814    0    242     13    242     14    T0905-D1-QUARK.pdb:A  SCOP d1rz2a_
  467      0.3939          -0      0.8934     1.871   179    3    6      0.9721    0    242     13    242      6    T0905-D1-QUARK.pdb:A  SCOP d1f1wa_
  468      0.3939          -0      0.8934     1.871   179    3    6      0.9721    0    242     13    242      6    T0905-D1-QUARK.pdb:A  SCOP d1f2fa_
  469      0.3928          -0         0.6     1.474   169    4   11      0.9467    0    242     13    242     16    T0905-D1-QUARK.pdb:A  SCOP d1riia_
  470      0.3919          -0      0.2218     2.238   189    3    8      0.9683    0    242     13    242     12    T0905-D1-QUARK.pdb:A  SCOP d1ngla_
  471      0.3906          -0      0.3721     2.078   184    3    7       0.962    0    242     13    242     13    T0905-D1-QUARK.pdb:A  SCOP d1ufra_
  472      0.3904          -0       2.721     1.826   177    4    8      0.9718    0    242     13    242     15    T0905-D1-QUARK.pdb:A  SCOP d1wd5a_
  473      0.3903          -0      0.4912     2.805   207    3    6      0.9614    0    242     13    242     13    T0905-D1-QUARK.pdb:A  SCOP d1eoaa_
  474      0.3894          -0      0.4634     2.123   185    4    8      0.9676    0    242     13    242     20    T0905-D1-QUARK.pdb:A  SCOP d1d2ca_
  475      0.3889          -0      0.7277     1.467   168    3    7      0.9583    0    242     13    242     12    T0905-D1-QUARK.pdb:A  SCOP d1g2aa_
  476      0.3877          -0    0.006319     2.238   188    3   10      0.9681    0    242     13    242     13    T0905-D1-QUARK.pdb:A  SCOP d1jh7a_
  477      0.3864          -0    0.001951     1.972   180    3    9      0.9444    0    242     13    242     15    T0905-D1-QUARK.pdb:A  SCOP d1ojqa_
  478      0.3856          -0      0.9887     2.085   183    3    5      0.9836    0    242     13    242      8    T0905-D1-QUARK.pdb:A  SCOP d1jbra_
  479      0.3854          -0       0.123     2.323   190    3    9      0.9684    0    242     13    242     14    T0905-D1-QUARK.pdb:A  SCOP d1ggxa_
  480      0.3831          -0     0.01658     2.309   189    3    7      0.9841    0    242     13    242     10    T0905-D1-QUARK.pdb:A  SCOP d1c44a_
  481      0.3825          -0       0.884     1.856   176    3    6      0.9659    0    242     13    242     11    T0905-D1-QUARK.pdb:A  SCOP d1nuka_
  482      0.3819          -0       2.582     1.744   173    3    8      0.9595    0    242     13    242     15    T0905-D1-QUARK.pdb:A  SCOP d1f1ja_
  483      0.3817          -0        1.83     2.543   196    3    6      0.9898    0    242     13    242     13    T0905-D1-QUARK.pdb:A  SCOP d2pcda_
  484      0.3817          -0        1.83     2.543   196    3    6      0.9898    0    242     13    242     13    T0905-D1-QUARK.pdb:A  SCOP d3pcda_
  485      0.3817          -0       1.339     2.543   196    3    6      0.9898    0    242     13    242     14    T0905-D1-QUARK.pdb:A  SCOP d1eo9a_
  486      0.3817          -0       1.339     2.543   196    3    6      0.9898    0    242     13    242     13    T0905-D1-QUARK.pdb:A  SCOP d1eoca_
  487      0.3817          -0        1.83     2.543   196    3    6      0.9898    0    242     13    242     13    T0905-D1-QUARK.pdb:A  SCOP d1eo2a_
  488      0.3814          -0    0.001951     1.977   179    3    9      0.9441    0    242     13    242     15    T0905-D1-QUARK.pdb:A  SCOP d1ojza_
  489      0.3796          -0       1.047     2.169   184    3   12      0.9565    0    242     13    242     15    T0905-D1-QUARK.pdb:A  SCOP d1g8ia_
  490      0.3794          -0      0.8539     1.603   169    3   11      0.9822    0    242     13    242     15    T0905-D1-QUARK.pdb:A  SCOP d1u4ga_
  491      0.3793          -0      0.1524     1.329   163    3   10      0.9877    0    242     13    242     15    T0905-D1-QUARK.pdb:A  SCOP d1ooea_
  492      0.3791          -0        3.26     1.562   168    3    7      0.9762    0    242     13    242     13    T0905-D1-QUARK.pdb:A  SCOP d1ryma_
  493      0.3787          -0       3.052     0.712   116    3    4      0.9741    0    242     13    139     11    T0905-D1-QUARK.pdb:A  SCOP d1a1sa2
  494      0.3779          -0       1.224     3.102   214    3    7       0.972    0    242     13    242      5    T0905-D1-QUARK.pdb:A  SCOP d1wj4a_
