    1      0.9328          -0  1.798e+308     0.000   113    2    1           1    0    117      8    117      6    T0907-D3-QUARK.pdb:A  SCOP d2kaua_
    2      0.9328          -0  1.798e+308     0.000   113    2    1           1    0    117      8    117      6    T0907-D3-QUARK.pdb:A  SCOP d1ejsa_
    3      0.9328          -0  1.798e+308     0.000   113    2    1           1    0    117      8    117      6    T0907-D3-QUARK.pdb:A  SCOP d1fwia_
    4      0.9328          -0  1.798e+308     0.000   113    2    1           1    0    117      8    117      6    T0907-D3-QUARK.pdb:A  SCOP d1fwga_
    5      0.9328          -0  1.798e+308     0.000   113    2    1           1    0    117      8    117      6    T0907-D3-QUARK.pdb:A  SCOP d1fwaa_
    6      0.9328          -0  1.798e+308     0.000   113    2    1           1    0    117      8    117      6    T0907-D3-QUARK.pdb:A  SCOP d1fwba_
    7      0.9328          -0  1.798e+308     0.000   113    2    1           1    0    117      8    117      6    T0907-D3-QUARK.pdb:A  SCOP d1fwca_
    8      0.9328          -0  1.798e+308     0.000   113    2    1           1    0    117      8    117      6    T0907-D3-QUARK.pdb:A  SCOP d1fwda_
    9      0.9328          -0  1.798e+308     0.000   113    3    1           1    0    117      8    117      6    T0907-D3-QUARK.pdb:A  SCOP d1ejxa_
   10      0.9328          -0  1.798e+308     0.000   113    3    1           1    0    117      8    117     13    T0907-D3-QUARK.pdb:A  SCOP d1tk9a_
   11      0.9328       1.525       4.703     0.000   113    3    1           1    0    117      8    117     11    T0907-D3-QUARK.pdb:A  SCOP d1yjka2
   12      0.9328      0.5957       4.774     0.000   113    3    1           1    0    117      8    117     11    T0907-D3-QUARK.pdb:A  SCOP d1opma2
   13      0.9328      0.5957       4.774     0.000   113    3    1           1    0    117      8    117     11    T0907-D3-QUARK.pdb:A  SCOP d3phma2
   14      0.9328        1.26       4.525     0.000   113    3    1           1    0    117      8    117     13    T0907-D3-QUARK.pdb:A  SCOP d1yipa2
   15      0.9328          -0        3.77     0.000   113    2    1           1    0    117      8    117      8    T0907-D3-QUARK.pdb:A  SCOP d1ja3a_
   16      0.9328          -0       2.016     0.000   113    2    1           1    0    117      8    117     10    T0907-D3-QUARK.pdb:A  SCOP d1h7za_
   17      0.9328          -0      0.8544     0.000   113    2    1           1    0    117      8    117      9    T0907-D3-QUARK.pdb:A  SCOP d1i9ra_
   18      0.9328          -0       1.337     0.000   113    3    1           1    0    117      8    117     10    T0907-D3-QUARK.pdb:A  SCOP d1kd7a_
   19      0.9328          -0        3.77     0.000   113    3    1           1    0    117      8    117     12    T0907-D3-QUARK.pdb:A  SCOP d1rj7a_
   20      0.9328          -0       3.123     0.000   113    2    1           1    0    117      8    117      7    T0907-D3-QUARK.pdb:A  SCOP d1mzka_
   21      0.9328          -0       3.343     0.000   113    3    1           1    0    117      8    117      7    T0907-D3-QUARK.pdb:A  SCOP d1l6oa_
   22      0.9328          -0       4.502     0.000   113    3    1           1    0    117      8    117     14    T0907-D3-QUARK.pdb:A  SCOP d1ep5a_
   23      0.9328          -0       4.502     0.000   113    3    1           1    0    117      8    117     14    T0907-D3-QUARK.pdb:A  SCOP d1ep6a_
   24      0.9328   0.0008073       3.614     0.000   113    2    2           1    0    117      8    117      9    T0907-D3-QUARK.pdb:A  SCOP d1jd6a_
   25      0.9328   0.0008073       3.614     0.000   113    2    2           1    0    117      8    117      9    T0907-D3-QUARK.pdb:A  SCOP d1jd5a_
   26      0.9328      0.1782       3.066     0.000   113    2    1           1    0    117      8    117      7    T0907-D3-QUARK.pdb:A  SCOP d1xbda_
   27      0.9328          -0       2.352     0.000   113    3    1           1    0    117      8    117     12    T0907-D3-QUARK.pdb:A  SCOP d1s9aa_
   28      0.9328       2.027       4.874     0.000   113    3    1           1    0    117      8    117     11    T0907-D3-QUARK.pdb:A  SCOP d1yi9a2
   29      0.9328          -0  1.798e+308     0.000   113    3    1           1    0    117      8    117     11    T0907-D3-QUARK.pdb:A  SCOP d1jn1a_
   30      0.9328      0.5957       4.774     0.000   113    3    1           1    0    117      8    117     11    T0907-D3-QUARK.pdb:A  SCOP d1phma2
   31      0.9328          -0  1.798e+308     0.000   113    2    1           1    0    117      8    117      6    T0907-D3-QUARK.pdb:A  SCOP d1a5ka_
   32      0.9328          -0  1.798e+308     0.000   113    2    1           1    0    117      8    117      6    T0907-D3-QUARK.pdb:A  SCOP d1a5la_
   33      0.9328          -0  1.798e+308     0.000   113    2    1           1    0    117      8    117      6    T0907-D3-QUARK.pdb:A  SCOP d1ejva_
   34      0.9328          -0  1.798e+308     0.000   113    2    1           1    0    117      8    117      6    T0907-D3-QUARK.pdb:A  SCOP d1krba_
   35      0.9328          -0  1.798e+308     0.000   113    2    1           1    0    117      8    117      6    T0907-D3-QUARK.pdb:A  SCOP d1fwja_
   36      0.9328          -0       2.389     0.000   113    2    1           1    0    117      8    117      7    T0907-D3-QUARK.pdb:A  SCOP d1jrua_
   37      0.9164   0.0001254       3.099     0.000   112    2    2           1    0    117      8    117      8    T0907-D3-QUARK.pdb:A  SCOP d1jd4a_
   38      0.9001          -0       1.544     0.000   111    2    1           1    0    117      8    117     10    T0907-D3-QUARK.pdb:A  SCOP d1gvma_
   39      0.9001          -0       3.398     0.000   111    4    3           1    0    117      8    117     16    T0907-D3-QUARK.pdb:A  SCOP d8api.1
   40      0.9001          -0       4.871     0.000   111    4    2           1    0    117      8    117     12    T0907-D3-QUARK.pdb:A  SCOP d1amxa_
   41      0.8839          -0       2.822     0.000   110    3    2           1    0    117      8    117     15    T0907-D3-QUARK.pdb:A  SCOP d1idoa_
   42      0.8839          -0       2.822     0.000   110    3    2           1    0    117      8    117     14    T0907-D3-QUARK.pdb:A  SCOP d1m1ua_
   43      0.8804          -0      0.2311     0.606   112    3    2      0.9732    0    117      8    117     14    T0907-D3-QUARK.pdb:A  SCOP d1c4ra_
   44      0.8795   1.943e-09       2.055     0.614   112    2    2      0.9732    0    117      8    117      5    T0907-D3-QUARK.pdb:A  SCOP d1e5ba_
   45      0.8795     0.01086        2.94     0.614   112    2    2      0.9732    0    117      8    117      7    T0907-D3-QUARK.pdb:A  SCOP d1e5ca_
   46      0.8786          -0       2.756     0.622   112    5    2      0.9732    0    117      8    117     25    T0907-D3-QUARK.pdb:A  SCOP d7nn9a_
   47      0.8786          -0       2.756     0.622   112    5    2      0.9732    0    117      8    117     25    T0907-D3-QUARK.pdb:A  SCOP d2qwia_
   48      0.8786          -0       2.756     0.622   112    5    2      0.9732    0    117      8    117     25    T0907-D3-QUARK.pdb:A  SCOP d2qwja_
   49      0.8786          -0       2.756     0.622   112    5    2      0.9732    0    117      8    117     25    T0907-D3-QUARK.pdb:A  SCOP d1bjia_
   50      0.8679          -0       2.827     0.000   109    2    2           1    0    117      8    117      6    T0907-D3-QUARK.pdb:A  SCOP d1jj4a_
   51      0.8679   2.097e-05        4.64     0.000   109    2    2           1    0    117      8    117      7    T0907-D3-QUARK.pdb:A  SCOP d1obxa_
   52      0.8638      0.3412       2.747     0.615   111    3    3       0.973    0    117      8    117      4    T0907-D3-QUARK.pdb:A  SCOP d1vfya_
   53      0.8364          -0           2     0.000   107    3    3           1    0    117      8    117     14    T0907-D3-QUARK.pdb:A  SCOP d1cywa_
   54      0.8364      0.1351       3.872     0.000   107    2    1           1    0    117      8    117      7    T0907-D3-QUARK.pdb:A  SCOP d1q4qa_
   55      0.8208          -0       2.576     0.000   106    2    2           1    0    117      8    117      5    T0907-D3-QUARK.pdb:A  SCOP d1f9fa_
   56      0.8158          -0       2.944     0.633   108    2    3      0.9722    0    117      8    117      6    T0907-D3-QUARK.pdb:A  SCOP d1wi5a_
   57      0.8158          -0       2.242     0.633   108    3    3      0.9722    0    117      8    117     13    T0907-D3-QUARK.pdb:A  SCOP d1n9za_
   58      0.8054          -0       2.876     0.000   105    3    3           1    0    117      8    117     15    T0907-D3-QUARK.pdb:A  SCOP d1c81a_
   59      0.8054          -0       1.508     0.000   105    3    3           1    0    117      8    117     15    T0907-D3-QUARK.pdb:A  SCOP d1na5a_
   60      0.8054          -0       2.604     0.000   105    2    2           1    0    117      8    117      9    T0907-D3-QUARK.pdb:A  SCOP d1joba_
   61      0.8004          -0      0.2311     0.636   107    2    3       0.972    0    117      8    117      6    T0907-D3-QUARK.pdb:A  SCOP d1by9a_
   62      0.7962   1.861e-08       4.431     0.000    97    2    1           1    0    117      8    101      8    T0907-D3-QUARK.pdb:A  SCOP d1ng2a2
   63      0.7962   1.861e-08       4.431     0.000    97    2    1           1    0    117      8    101      8    T0907-D3-QUARK.pdb:A  SCOP d1ueca2
   64      0.7954          -0       0.884     0.000   103    3    3           1    0    117      8    114     14    T0907-D3-QUARK.pdb:A  SCOP d1zcba2
   65      0.7901          -0       3.222     0.000   104    3    3           1    0    117      8    117     15    T0907-D3-QUARK.pdb:A  SCOP d1r53a_
   66      0.7829          -0       3.073     0.000    99    2    2           1    0    117      8    107     10    T0907-D3-QUARK.pdb:A  SCOP d2a1ua2
   67      0.7792          -0       2.411     0.000    95    2    1           1    0    117      8     99      8    T0907-D3-QUARK.pdb:A  SCOP d1gc6a2
   68       0.779          -0       2.508     0.919   108    2    2      0.9722    0    117      8    117      9    T0907-D3-QUARK.pdb:A  SCOP d1k9ia_
   69      0.7759          -0        1.63     1.033   109    2    3      0.9725    0    117      8    117      8    T0907-D3-QUARK.pdb:A  SCOP d1kc2a_
   70       0.775          -0       2.547     0.000   103    4    3           1    0    117      8    117     11    T0907-D3-QUARK.pdb:A  SCOP d1m3ga_
   71      0.7672   6.818e-14       3.714     0.000    98    2    3           1    0    117      8    107      8    T0907-D3-QUARK.pdb:A  SCOP d1rlua2
   72      0.7672   6.818e-14       3.714     0.000    98    2    3           1    0    117      8    107      8    T0907-D3-QUARK.pdb:A  SCOP d1rq7a2
   73      0.7641          -0       2.508     0.923   107    2    2       0.972    0    117      8    117      7    T0907-D3-QUARK.pdb:A  SCOP d1sl5a_
   74      0.7534          -0       0.628     1.249   110    2    3      0.9455    0    117      8    117     10    T0907-D3-QUARK.pdb:A  SCOP d1hcxa_
   75      0.7521      0.2035       5.578     0.000    88    3    0           1    0    117      8     88      6    T0907-D3-QUARK.pdb:A  SCOP d1y8ta1
   76      0.7465          -0       1.423     1.041   107    2    4       0.972    0    117      8    117     10    T0907-D3-QUARK.pdb:A  SCOP d1joda_
   77      0.7452          -0       2.709     0.000   101    2    3           1    0    117      8    117      9    T0907-D3-QUARK.pdb:A  SCOP d1j19a2
   78      0.7332          -0       2.977     1.037   106    3    4      0.9717    0    117      8    117     13    T0907-D3-QUARK.pdb:A  SCOP d1vp6a_
   79      0.7305          -0       2.862     0.000   100    4    3           1    0    117      8    117     19    T0907-D3-QUARK.pdb:A  SCOP d1p0ha_
   80      0.7305          -0       2.862     0.000   100    4    3           1    0    117      8    117     19    T0907-D3-QUARK.pdb:A  SCOP d1ozpa_
   81      0.7305          -0       1.069     0.000   100    3    3           1    0    117      8    117     15    T0907-D3-QUARK.pdb:A  SCOP d1jjfa_
   82      0.7286          -0       1.765     1.067   106    2    3      0.9528    0    117      8    117      7    T0907-D3-QUARK.pdb:A  SCOP d1sl4a_
   83       0.728          -0       1.662     0.000    89    2    1           1    0    117      8     93      9    T0907-D3-QUARK.pdb:A  SCOP d1yq2a2
   84       0.712          -0      0.7086     0.648   101    2    5      0.9703    0    117      8    117      8    T0907-D3-QUARK.pdb:A  SCOP d1whxa_
   85      0.7108          -0       1.725     0.000    93    3    4           1    0    117      8    104     11    T0907-D3-QUARK.pdb:A  SCOP d1xzqa2
   86      0.7104          -0       1.266     0.771    96    2    3      0.9583    0    117      8    104      8    T0907-D3-QUARK.pdb:A  SCOP d1s3ia1
   87      0.7104          -0      0.9149     0.771    96    2    3      0.9583    0    117      8    104      9    T0907-D3-QUARK.pdb:A  SCOP d2bw0a1
   88      0.7078          -0       2.074     0.000    91    3    3           1    0    117      8    100     13    T0907-D3-QUARK.pdb:A  SCOP d2gj9a1
   89      0.7058    2.29e-07       3.714     0.000    94    2    3           1    0    117      8    107      8    T0907-D3-QUARK.pdb:A  SCOP d1rq2a2
   90      0.7016          -0       2.907     0.000    98    3    3           1    0    117      8    117     15    T0907-D3-QUARK.pdb:A  SCOP d1nmqa_
   91      0.7016          -0       2.907     0.000    98    3    3           1    0    117      8    117     15    T0907-D3-QUARK.pdb:A  SCOP d1cp3a_
   92      0.7016          -0       2.907     0.000    98    3    3           1    0    117      8    117     15    T0907-D3-QUARK.pdb:A  SCOP d1qx3a_
   93      0.7016          -0       2.907     0.000    98    4    3           1    0    117      8    117     16    T0907-D3-QUARK.pdb:A  SCOP d1nmsa_
   94       0.701      0.3984       3.986     0.000    83    3    1           1    0    117      8     84      8    T0907-D3-QUARK.pdb:A  SCOP d1mxca3
   95       0.701       0.561       3.986     0.000    83    3    1           1    0    117      8     84      8    T0907-D3-QUARK.pdb:A  SCOP d1xraa3
   96       0.701       0.561       3.986     0.000    83    3    1           1    0    117      8     84      8    T0907-D3-QUARK.pdb:A  SCOP d1xrba3
   97       0.701       0.561       3.986     0.000    83    3    1           1    0    117      8     84      8    T0907-D3-QUARK.pdb:A  SCOP d1mxba3
   98       0.701       0.561       3.986     0.000    83    3    1           1    0    117      8     84      8    T0907-D3-QUARK.pdb:A  SCOP d1mxaa3
   99      0.7004          -0      0.5922     0.688    91    3    2       0.967    0    117      8     96      7    T0907-D3-QUARK.pdb:A  SCOP d1f4ha1
  100      0.6919   0.0003266       4.032     0.692    90    3    2      0.9667    0    117      8     95      7    T0907-D3-QUARK.pdb:A  SCOP d1f45a3
  101      0.6919   1.102e-08       3.364     0.692    90    3    2      0.9667    0    117      8     95      7    T0907-D3-QUARK.pdb:A  SCOP d1f42a3
  102      0.6919          -0       1.419     1.443   108    2    2      0.9815    0    117      8    117      7    T0907-D3-QUARK.pdb:A  SCOP d1pd6a_
  103      0.6889          -0       4.014     1.061   103    3    3      0.9709    0    117      8    117     11    T0907-D3-QUARK.pdb:A  SCOP d1mkpa_
  104      0.6873          -0       2.729     0.000    97    2    3           1    0    117      8    117      9    T0907-D3-QUARK.pdb:A  SCOP d1e5wa2
  105      0.6838          -0       2.729     0.000    89    2    2           1    0    117      8     99      8    T0907-D3-QUARK.pdb:A  SCOP d2yvca2
  106      0.6838          -0        3.24     0.000    89    2    2           1    0    117      8     99      8    T0907-D3-QUARK.pdb:A  SCOP d2d10a2
  107      0.6754          -0       2.986     0.000    88    2    2           1    0    117      8     98      8    T0907-D3-QUARK.pdb:A  SCOP d2d11a2
  108      0.6731          -0      0.2179     1.330   105    3    3      0.9714    0    117      8    117     13    T0907-D3-QUARK.pdb:A  SCOP d1vcqa_
  109      0.6731          -0      0.2179     1.330   105    3    3      0.9714    0    117      8    117     13    T0907-D3-QUARK.pdb:A  SCOP d1vcpa_
  110      0.6731          -0      0.2179     1.330   105    3    3      0.9714    0    117      8    117     13    T0907-D3-QUARK.pdb:A  SCOP d1dyla_
  111      0.6694          -0       1.181     0.658    98    2    5      0.9694    0    117      8    117     10    T0907-D3-QUARK.pdb:A  SCOP d1ksxa_
  112      0.6627    0.002035       5.372     0.000    84    2    1           1    0    117      8     91      7    T0907-D3-QUARK.pdb:A  SCOP d2gjwa2
  113      0.6593          -0       3.243     0.000    95    4    2           1    0    117      8    117     17    T0907-D3-QUARK.pdb:A  SCOP d1cfra_
  114      0.6535          -0       2.448     0.000    87    2    2           1    0    117      8     99      8    T0907-D3-QUARK.pdb:A  SCOP d1ef1a2
  115      0.6535          -0       2.986     0.000    87    2    2           1    0    117      8     99      8    T0907-D3-QUARK.pdb:A  SCOP d1sgha2
  116      0.6535          -0       2.986     0.000    87    2    2           1    0    117      8     99      8    T0907-D3-QUARK.pdb:A  SCOP d2d2qa2
  117      0.6535          -0       2.986     0.000    87    2    2           1    0    117      8     99      8    T0907-D3-QUARK.pdb:A  SCOP d1gc7a2
  118      0.6485          -0     0.04719     1.325   103    3    4      0.9515    0    117      8    117     10    T0907-D3-QUARK.pdb:A  SCOP d1dg6a_
  119      0.6435          -0       3.343     0.000    80    2    1           1    0    117      8     85     10    T0907-D3-QUARK.pdb:A  SCOP d1vrla2
  120      0.6429     1.4e-10       3.232     0.707    85    2    2      0.9647    0    117      8     91      8    T0907-D3-QUARK.pdb:A  SCOP d1r11a2
  121      0.6416          -0      0.6355     0.711    84    2    2      0.9643    0    117      8     89      8    T0907-D3-QUARK.pdb:A  SCOP d1a3qa1
  122      0.6362          -0       1.033     1.488   101    2    3      0.9703    0    117      8    110      9    T0907-D3-QUARK.pdb:A  SCOP d1oz2a1
  123      0.6341          -0       3.343     0.000    78    2    1           1    0    117      8     82     10    T0907-D3-QUARK.pdb:A  SCOP d1rrqa2
  124       0.634          -0       1.033     1.495   100    2    3        0.97    0    117      8    108      9    T0907-D3-QUARK.pdb:A  SCOP d1oz3a1
  125      0.6275          -0       3.156     0.711    84    2    2      0.9643    0    117      8     91      8    T0907-D3-QUARK.pdb:A  SCOP d1rlva2
  126      0.6171          -0       3.786     0.000    76    2    1           1    0    117      8     80      9    T0907-D3-QUARK.pdb:A  SCOP d1n4ka2
  127      0.6158    0.002135       3.212     1.526   103    2    3      0.9806    0    117      8    117      7    T0907-D3-QUARK.pdb:A  SCOP d1t2ta_
  128      0.6158    0.002135       3.212     1.526   103    2    3      0.9806    0    117      8    117      7    T0907-D3-QUARK.pdb:A  SCOP d1i3ja_
  129      0.6157          -0       1.403     1.920   109    2    2      0.9725    0    117      8    117     10    T0907-D3-QUARK.pdb:A  SCOP d1a25a_
  130      0.6156   0.0002142       2.404     1.921   109    2    2      0.9725    0    117      8    117      4    T0907-D3-QUARK.pdb:A  SCOP d1t1ha_
  131      0.6133          -0      0.1011     1.679   105    2    3      0.9619    0    117      8    117      7    T0907-D3-QUARK.pdb:A  SCOP d1d1na_
  132      0.6123          -0       2.718     0.715    83    2    2      0.9639    0    117      8     91      8    T0907-D3-QUARK.pdb:A  SCOP d1r0va2
  133      0.6111          -0       1.452     1.131    89    3    4      0.9663    0    117      8     97     13    T0907-D3-QUARK.pdb:A  SCOP d1iica2
  134        0.61          -0      0.5473     1.890   108    3    3      0.9537    0    117      8    117     12    T0907-D3-QUARK.pdb:A  SCOP d1a3ka_
  135      0.6069   8.491e-14       1.755     1.582    99    3    4      0.9697    0    117      8    108      7    T0907-D3-QUARK.pdb:A  SCOP d2fmta1
  136      0.5902          -0       1.177     1.937   107    2    4       0.972    0    117      8    117      7    T0907-D3-QUARK.pdb:A  SCOP d1owxa_
  137      0.5814          -0       1.955     0.707    86    3    4      0.9651    0    117      8    103     13    T0907-D3-QUARK.pdb:A  SCOP d1h6ca2
  138      0.5814          -0       1.955     0.707    86    3    4      0.9651    0    117      8    103     13    T0907-D3-QUARK.pdb:A  SCOP d1h6ba2
  139      0.5814          -0       1.955     0.707    86    3    4      0.9651    0    117      8    103     13    T0907-D3-QUARK.pdb:A  SCOP d1h6da2
  140      0.5814          -0       1.955     0.707    86    3    4      0.9651    0    117      8    103     13    T0907-D3-QUARK.pdb:A  SCOP d1h6aa2
  141      0.5745   2.182e-11       3.043     0.000    71    2    1           1    0    117      8     75      6    T0907-D3-QUARK.pdb:A  SCOP d1ijea1
  142      0.5745          -0       3.043     0.000    71    2    1           1    0    117      8     75      8    T0907-D3-QUARK.pdb:A  SCOP d1g7ca1
  143      0.5745          -0       3.043     0.000    71    2    1           1    0    117      8     75      7    T0907-D3-QUARK.pdb:A  SCOP d2b7ca1
  144      0.5745   2.182e-11       3.043     0.000    71    2    1           1    0    117      8     75      6    T0907-D3-QUARK.pdb:A  SCOP d1f60a1
  145      0.5745   2.182e-11       3.043     0.000    71    2    1           1    0    117      8     75      6    T0907-D3-QUARK.pdb:A  SCOP d1ijfa1
  146      0.5716          -0       1.972     1.381    94    2    3      0.9681    0    117      8    109      9    T0907-D3-QUARK.pdb:A  SCOP d1o75a1
  147      0.5686          -0      0.7811     1.147    86    2    2      0.9651    0    117      8     97      8    T0907-D3-QUARK.pdb:A  SCOP d1rxta2
  148      0.5654          -0       3.354     1.028    93    3    3      0.9677    0    117      8    117      7    T0907-D3-QUARK.pdb:A  SCOP d1ntea_
  149      0.5654   2.478e-14       3.354     1.028    93    2    3      0.9677    0    117      8    117      7    T0907-D3-QUARK.pdb:A  SCOP d1r6ja_
  150      0.5622          -0       3.755     1.751    92    3    2      0.9565    0    117      8     96     15    T0907-D3-QUARK.pdb:A  SCOP d2phla2
  151      0.5575          -0       3.354     1.192    94    3    3      0.9681    0    117      8    117      7    T0907-D3-QUARK.pdb:A  SCOP d1obya_
  152      0.5424          -0      0.3311     1.218    93    3    6      0.9677    0    117      8    117     15    T0907-D3-QUARK.pdb:A  SCOP d1lfaa_
  153      0.5385          -0       1.726     0.000    63    2    0           1    0    117      8     63      5    T0907-D3-QUARK.pdb:A  SCOP d1o7la3
  154      0.5385          -0       1.726     0.000    63    2    0           1    0    117      8     63      5    T0907-D3-QUARK.pdb:A  SCOP d1b9na4
  155      0.5385          -0       1.726     0.000    63    2    0           1    0    117      8     63      6    T0907-D3-QUARK.pdb:A  SCOP d1b9ma4
  156      0.5361          -0       1.725     2.065   104    4    3      0.9712    0    117      8    117     17    T0907-D3-QUARK.pdb:A  SCOP d1qwya_
  157      0.5357          -0      0.2748     1.358    94    3    5      0.9362    0    117      8    117     14    T0907-D3-QUARK.pdb:A  SCOP d1em2a_
  158      0.5338          -0       3.519     0.000    72    3    3           1    0    117      8     83     14    T0907-D3-QUARK.pdb:A  SCOP d3bcca2
  159      0.5299          -0       1.726     0.000    62    2    0           1    0    117      8     62      5    T0907-D3-QUARK.pdb:A  SCOP d1h9ra2
  160      0.5272          -0      0.1043     1.994   102    2    3      0.9706    0    117      8    117     10    T0907-D3-QUARK.pdb:A  SCOP d1p90a_
  161      0.5233     0.01763       4.431     0.000    65    2    1           1    0    117      8     69      4    T0907-D3-QUARK.pdb:A  SCOP d1ov3a2
  162      0.5184     0.02177       3.399     1.121    72    2    2      0.9583    0    117      8     75      5    T0907-D3-QUARK.pdb:A  SCOP d1h3da2
  163      0.5172          -0     0.08804     2.357   107    2    3      0.9439    0    117      8    117      7    T0907-D3-QUARK.pdb:A  SCOP d1rl1a_
  164      0.5159     0.02216       3.248     0.000    65    3    2           1    0    117      8     70      6    T0907-D3-QUARK.pdb:A  SCOP d1vf8a2
  165      0.5159          -0        2.56     1.887    98    2    4      0.9694    0    117      8    114     10    T0907-D3-QUARK.pdb:A  SCOP d1u0ma2
  166      0.5137          -0     0.07331     0.829    87    2    2      0.9885    0    117      8    117     10    T0907-D3-QUARK.pdb:A  SCOP d1ddma_
  167      0.5126          -0       2.213     2.208   104    3    3      0.9712    0    117      8    117     10    T0907-D3-QUARK.pdb:A  SCOP d1mh6a_
  168      0.5086          -0       3.262     0.000    65    2    3           1    0    117      8     71      7    T0907-D3-QUARK.pdb:A  SCOP d2fy8a2
  169      0.5086   1.113e-12       2.593     1.314    79    2    2       0.962    0    117      8     88      7    T0907-D3-QUARK.pdb:A  SCOP d1ryia2
  170      0.5039          -0        1.98     1.590    94    2    4      0.9681    0    117      8    117     10    T0907-D3-QUARK.pdb:A  SCOP d1k3za_
  171       0.501          -0       1.613     2.218   103    2    2      0.9709    0    117      8    117      8    T0907-D3-QUARK.pdb:A  SCOP d1my7a_
  172       0.501          -0       1.613     2.218   103    2    2      0.9709    0    117      8    117      9    T0907-D3-QUARK.pdb:A  SCOP d1bfta_
  173       0.501          -0       1.613     2.218   103    2    2      0.9709    0    117      8    117      8    T0907-D3-QUARK.pdb:A  SCOP d1my5a_
  174      0.4991          -0       0.181     0.780    67    2    2      0.9552    0    117      8     72      8    T0907-D3-QUARK.pdb:A  SCOP d1ltxa2
  175      0.4973          -0      0.4489     1.854    97    2    4      0.9381    0    117      8    117      8    T0907-D3-QUARK.pdb:A  SCOP d1rm8a_
  176      0.4894          -0      0.1893     1.768    95    4    4      0.9368    0    117      8    117     16    T0907-D3-QUARK.pdb:A  SCOP d1tzda_
  177      0.4893          -0     0.06463     1.624    89    2    3      0.9326    0    117      8    107      9    T0907-D3-QUARK.pdb:A  SCOP d1dzba2
  178      0.4874          -0    0.005499     2.182   101    3    3      0.9406    0    117      8    117     12    T0907-D3-QUARK.pdb:A  SCOP d1osga_
  179      0.4844          -0      0.5529     0.000    69    2    4           1    0    117      8     84     10    T0907-D3-QUARK.pdb:A  SCOP d1w5ea2
  180      0.4834          -0      0.8682     1.238    88    3    3      0.9659    0    117      8    117     10    T0907-D3-QUARK.pdb:A  SCOP d1iqaa_
  181      0.4792          -0     0.04327     2.357   103    3    3      0.9612    0    117      8    117     14    T0907-D3-QUARK.pdb:A  SCOP d1rhr.1
  182      0.4786          -0       1.574     1.652    85    2    3      0.9765    0    117      8     99      7    T0907-D3-QUARK.pdb:A  SCOP d1nhja1
  183      0.4757     0.04842       3.476     0.000    80    2    6           1    0    117      8    115     10    T0907-D3-QUARK.pdb:A  SCOP d1f0la3
  184       0.472          -0      0.4086     1.658    81    3    4       0.963    0    117      8     91     12    T0907-D3-QUARK.pdb:A  SCOP d1iyka2
  185      0.4713          -0       2.765     0.000    66    3    3           1    0    117      8     79     15    T0907-D3-QUARK.pdb:A  SCOP d1m6ya2
  186      0.4707          -0       2.305     1.365    72    2    2      0.9583    0    117      8     78      5    T0907-D3-QUARK.pdb:A  SCOP d1r3ea1
  187      0.4705          -0        3.77     0.000    68    2    4           1    0    117      8     84      9    T0907-D3-QUARK.pdb:A  SCOP d1w5ba2
  188      0.4627          -0       1.578     0.000    62    3    2           1    0    117      8     71     10    T0907-D3-QUARK.pdb:A  SCOP d1ok7a3
  189      0.4582          -0     0.02064     1.620    90    3    2      0.9667    0    117      8    117     13    T0907-D3-QUARK.pdb:A  SCOP d1ycsa_
  190      0.4577          -0       1.169     0.000    59    3    2           1    0    117      8     65     11    T0907-D3-QUARK.pdb:A  SCOP d1vmea1
  191      0.4568          -0      0.5529     0.000    67    2    4           1    0    117      8     84      9    T0907-D3-QUARK.pdb:A  SCOP d1w59a2
  192      0.4568          -0      0.6411     0.000    67    2    4           1    0    117      8     84      9    T0907-D3-QUARK.pdb:A  SCOP d1fsza2
  193      0.4568          -0        3.77     0.000    67    2    4           1    0    117      8     84      9    T0907-D3-QUARK.pdb:A  SCOP d1w5aa2
  194      0.4555          -0       1.444     1.641    90    3    2      0.9778    0    117      8    117      7    T0907-D3-QUARK.pdb:A  SCOP d2xbda_
  195      0.4547          -0      0.8527     1.347    75    2    4        0.96    0    117      8     88      7    T0907-D3-QUARK.pdb:A  SCOP d1ng3a2
  196      0.4547          -0      0.8527     1.347    75    2    4        0.96    0    117      8     88      7    T0907-D3-QUARK.pdb:A  SCOP d1ng4a2
  197      0.4542          -0      0.3621     1.822    84    3    4      0.9524    0    117      8     97     12    T0907-D3-QUARK.pdb:A  SCOP d2nmta2
  198      0.4525   1.761e-10       5.713     0.000    60    3    2           1    0    117      8     68      8    T0907-D3-QUARK.pdb:A  SCOP d1r3na2
  199      0.4493   8.162e-11       3.879     0.000    58    2    2           1    0    117      8     64      5    T0907-D3-QUARK.pdb:A  SCOP d1r3fa1
  200      0.4479          -0       1.578     0.000    61    3    2           1    0    117      8     71     10    T0907-D3-QUARK.pdb:A  SCOP d1unna3
  201      0.4479   8.162e-11       3.879     0.000    57    2    2           1    0    117      8     62      5    T0907-D3-QUARK.pdb:A  SCOP d1k8wa3
  202      0.4444      0.7293       4.269     0.000    52    3    0           1    0    117      8     52      5    T0907-D3-QUARK.pdb:A  SCOP d1yvha3
  203      0.4444     0.08784       4.269     0.000    52    3    0           1    0    117      8     52      6    T0907-D3-QUARK.pdb:A  SCOP d1b47a3
  204      0.4443          -0     0.01274     1.649    89    3    2      0.9775    0    117      8    117     14    T0907-D3-QUARK.pdb:A  SCOP d1c8na_
  205      0.4421          -0       1.574     1.679    82    2    2      0.9756    0    117      8     99      8    T0907-D3-QUARK.pdb:A  SCOP d1nhha1
  206      0.4421          -0       1.574     1.679    82    2    2      0.9756    0    117      8     99      7    T0907-D3-QUARK.pdb:A  SCOP d1b63a1
  207      0.4421          -0       1.574     1.679    82    2    2      0.9756    0    117      8     99      8    T0907-D3-QUARK.pdb:A  SCOP d1b62a1
  208      0.4421          -0      0.9383     1.679    82    2    2      0.9756    0    117      8     99      8    T0907-D3-QUARK.pdb:A  SCOP d1bkna1
  209      0.4421          -0       1.574     1.679    82    2    2      0.9756    0    117      8     99      8    T0907-D3-QUARK.pdb:A  SCOP d1nhia1
  210      0.4393          -0       3.495     1.412    76    3    2      0.9605    0    117      8     92     11    T0907-D3-QUARK.pdb:A  SCOP d1efca1
  211      0.4382          -0       2.082     1.618    88    3    2      0.9659    0    117      8    117     14    T0907-D3-QUARK.pdb:A  SCOP d1gzha_
  212      0.4381          -0       3.542     1.522    77    3    2       0.961    0    117      8     92     11    T0907-D3-QUARK.pdb:A  SCOP d2fx3a1
  213      0.4361          -0    0.008131     1.635    88    2    4      0.9318    0    117      8    117     10    T0907-D3-QUARK.pdb:A  SCOP d1fhwa_
  214      0.4334          -0       1.046     0.000    60    3    2           1    0    117      8     71      8    T0907-D3-QUARK.pdb:A  SCOP d1jqja3
  215       0.433          -0       2.144     2.309    88    2    2      0.9773    0    117      8     96      7    T0907-D3-QUARK.pdb:A  SCOP d1jz0a1
  216       0.433          -0       2.144     2.309    88    2    2      0.9773    0    117      8     96      7    T0907-D3-QUARK.pdb:A  SCOP d1bgla1
  217       0.433          -0       2.144     2.309    88    2    2      0.9773    0    117      8     96      7    T0907-D3-QUARK.pdb:A  SCOP d1jyya1
  218       0.433          -0       2.144     2.309    88    2    2      0.9773    0    117      8     96      7    T0907-D3-QUARK.pdb:A  SCOP d1f49a1
  219      0.4316          -0       2.396     1.751    89    3    2      0.9663    0    117      8    117     13    T0907-D3-QUARK.pdb:A  SCOP d1r1za_
  220      0.4309   8.162e-11       3.879     0.000    55    2    2           1    0    117      8     60      5    T0907-D3-QUARK.pdb:A  SCOP d1zl3a1
  221      0.4292          -0     0.02987     2.061    93    3    5      0.9032    0    117      8    117      7    T0907-D3-QUARK.pdb:A  SCOP d1x8sa_
  222      0.4292          -0     0.02987     2.061    93    3    5      0.9032    0    117      8    117      7    T0907-D3-QUARK.pdb:A  SCOP d1rzxa_
  223      0.4279          -0      0.6833     2.194    94    3    5      0.9362    0    117      8    115      7    T0907-D3-QUARK.pdb:A  SCOP d1es6a2
  224      0.4266          -0       1.557     1.862    78    2    2      0.9615    0    117      8     88     10    T0907-D3-QUARK.pdb:A  SCOP d1g7ra1
  225      0.4266          -0       1.557     1.862    78    2    2      0.9615    0    117      8     88     10    T0907-D3-QUARK.pdb:A  SCOP d1g7sa1
  226      0.4202          -0      0.4489     1.401    77    2    3       0.961    0    117      8     99      8    T0907-D3-QUARK.pdb:A  SCOP d1ni2a2
  227      0.4183   5.458e-14       3.669     0.000    71    2    3           1    0    117      8    103      7    T0907-D3-QUARK.pdb:A  SCOP d2imoa2
  228      0.4183   5.458e-14       3.669     0.000    71    2    3           1    0    117      8    103      8    T0907-D3-QUARK.pdb:A  SCOP d1z2la2
  229      0.4178          -0     0.02707     2.215    94    3    4      0.9468    0    117      8    117     15    T0907-D3-QUARK.pdb:A  SCOP d1fiba_
  230      0.4178          -0     0.02707     2.215    94    3    4      0.9468    0    117      8    117     15    T0907-D3-QUARK.pdb:A  SCOP d3fiba_
  231      0.4171          -0       1.444     1.368    76    2    4      0.9605    0    117      8     98      7    T0907-D3-QUARK.pdb:A  SCOP d1elia2
  232      0.4171          -0       1.444     1.368    76    2    4      0.9605    0    117      8     98      7    T0907-D3-QUARK.pdb:A  SCOP d1el8a2
  233      0.4171          -0       1.444     1.368    76    2    4      0.9605    0    117      8     98      7    T0907-D3-QUARK.pdb:A  SCOP d1l9da2
  234      0.4171          -0       1.444     1.368    76    2    4      0.9605    0    117      8     98      7    T0907-D3-QUARK.pdb:A  SCOP d1el9a2
  235      0.4171          -0       1.444     1.368    76    2    4      0.9605    0    117      8     98      7    T0907-D3-QUARK.pdb:A  SCOP d1el5a2
  236      0.4171          -0       1.444     1.368    76    2    4      0.9605    0    117      8     98      7    T0907-D3-QUARK.pdb:A  SCOP d1l9ea2
  237      0.4171          -0       1.444     1.368    76    2    4      0.9605    0    117      8     98      7    T0907-D3-QUARK.pdb:A  SCOP d2gf3a2
  238      0.4171          -0       1.444     1.368    76    2    4      0.9605    0    117      8     98      7    T0907-D3-QUARK.pdb:A  SCOP d2gb0a2
  239      0.4171          -0       1.444     1.368    76    2    4      0.9605    0    117      8     98      7    T0907-D3-QUARK.pdb:A  SCOP d2a89a2
  240      0.4171          -0       1.444     1.368    76    2    4      0.9605    0    117      8     98      7    T0907-D3-QUARK.pdb:A  SCOP d1l9ca2
  241      0.4171          -0       1.444     1.368    76    2    4      0.9605    0    117      8     98      7    T0907-D3-QUARK.pdb:A  SCOP d1el7a2
  242       0.417          -0       3.343     0.000    55    2    3           1    0    117      8     62     10    T0907-D3-QUARK.pdb:A  SCOP d1gvha3
  243      0.4161          -0      0.5431     2.349    85    2    2      0.9765    0    117      8     92     10    T0907-D3-QUARK.pdb:A  SCOP d1ig0a1
  244      0.4147          -0      0.1263     2.394    90    3    2      0.9667    0    117      8    102     13    T0907-D3-QUARK.pdb:A  SCOP d1gtta2
  245      0.4141          -0      0.8527     1.737    87    3    2      0.9655    0    117      8    117     11    T0907-D3-QUARK.pdb:A  SCOP d1tjma_
  246      0.4141          -0      0.8527     1.737    87    3    2      0.9655    0    117      8    117     10    T0907-D3-QUARK.pdb:A  SCOP d1uova_
  247      0.4114          -0       1.282     1.596    85    4    4      0.9647    0    117      8    117     20    T0907-D3-QUARK.pdb:A  SCOP d1esna_
  248       0.411          -0       1.056     1.753    85    3    3      0.9294    0    117      8    112      9    T0907-D3-QUARK.pdb:A  SCOP d1lmka2
  249      0.4081          -0     0.03383     1.707    86    4    2      0.9651    0    117      8    117     17    T0907-D3-QUARK.pdb:A  SCOP d1xpba_
  250      0.4081          -0     0.03383     1.707    86    4    2      0.9651    0    117      8    117     18    T0907-D3-QUARK.pdb:A  SCOP d1i2sa_
  251      0.4081          -0     0.03383     1.707    86    4    2      0.9651    0    117      8    117     17    T0907-D3-QUARK.pdb:A  SCOP d1i2wa_
  252      0.4081          -0     0.03383     1.707    86    4    2      0.9651    0    117      8    117     17    T0907-D3-QUARK.pdb:A  SCOP d1esua_
  253      0.4081          -0     0.03383     1.707    86    4    2      0.9651    0    117      8    117     17    T0907-D3-QUARK.pdb:A  SCOP d1bsga_
  254      0.4081          -0     0.03383     1.707    86    4    2      0.9651    0    117      8    117     19    T0907-D3-QUARK.pdb:A  SCOP d1iysa_
  255      0.4081          -0     0.03383     1.707    86    4    2      0.9651    0    117      8    117     19    T0907-D3-QUARK.pdb:A  SCOP d1iyoa_
  256      0.4081          -0     0.03383     1.707    86    4    2      0.9651    0    117      8    117     17    T0907-D3-QUARK.pdb:A  SCOP d1n9ba_
  257       0.405          -0       1.678     1.652    85    2    2      0.9647    0    117      8    117      8    T0907-D3-QUARK.pdb:A  SCOP d1u41a_
  258      0.4013          -0     0.02929     1.684    85    4    3      0.9765    0    117      8    117     16    T0907-D3-QUARK.pdb:A  SCOP d1dy6a_
  259      0.3962          -0       1.283     1.501    82    3    5      0.9268    0    117      8    116     12    T0907-D3-QUARK.pdb:A  SCOP d2hoea2
  260      0.3922          -0       1.925     0.873    56    2    3      0.9464    0    117      8     63      7    T0907-D3-QUARK.pdb:A  SCOP d2hvya1
  261      0.3895          -0       1.314     1.171    71    2    3      0.9577    0    117      8     96      7    T0907-D3-QUARK.pdb:A  SCOP d1jz2a1
  262      0.3895          -0       1.314     1.171    71    2    3      0.9577    0    117      8     96      7    T0907-D3-QUARK.pdb:A  SCOP d1f4aa1
  263      0.3862          -0     0.02371     2.393    93    3    3      0.9462    0    117      8    117     15    T0907-D3-QUARK.pdb:A  SCOP d1pega_
  264      0.3781          -0       1.323     2.070    80    3    4      0.9375    0    117      8     98      7    T0907-D3-QUARK.pdb:A  SCOP d2gysa3
  265      0.3779          -0       1.298     1.179    70    2    3      0.9571    0    117      8     96      7    T0907-D3-QUARK.pdb:A  SCOP d1jz3a1
  266      0.3779          -0       1.298     1.179    70    2    3      0.9571    0    117      8     96      7    T0907-D3-QUARK.pdb:A  SCOP d1dp0a1
  267      0.3779          -0       1.298     1.179    70    2    3      0.9571    0    117      8     96      7    T0907-D3-QUARK.pdb:A  SCOP d1jyxa1
  268      0.3779          -0       1.298     1.179    70    2    3      0.9571    0    117      8     96      7    T0907-D3-QUARK.pdb:A  SCOP d1jyna1
  269      0.3779          -0       1.298     1.179    70    2    3      0.9571    0    117      8     96      7    T0907-D3-QUARK.pdb:A  SCOP d1jz5a1
  270      0.3779          -0       1.298     1.179    70    2    3      0.9571    0    117      8     96      7    T0907-D3-QUARK.pdb:A  SCOP d1hn1a1
  271      0.3779          -0       1.298     1.179    70    2    3      0.9571    0    117      8     96      7    T0907-D3-QUARK.pdb:A  SCOP d1jz4a1
  272      0.3779          -0       1.298     1.179    70    2    3      0.9571    0    117      8     96      7    T0907-D3-QUARK.pdb:A  SCOP d1jz6a1
  273      0.3779          -0       1.298     1.179    70    2    3      0.9571    0    117      8     96      7    T0907-D3-QUARK.pdb:A  SCOP d1px3a1
  274      0.3779          -0       1.298     1.179    70    2    3      0.9571    0    117      8     96      7    T0907-D3-QUARK.pdb:A  SCOP d1jyva1
  275      0.3779          -0       1.298     1.179    70    2    3      0.9571    0    117      8     96      7    T0907-D3-QUARK.pdb:A  SCOP d1px4a1
  276      0.3779          -0       1.298     1.179    70    2    3      0.9571    0    117      8     96      7    T0907-D3-QUARK.pdb:A  SCOP d1jywa1
  277      0.3779          -0       1.298     1.179    70    2    3      0.9571    0    117      8     96      7    T0907-D3-QUARK.pdb:A  SCOP d1jz7a1
  278      0.3779          -0       1.298     1.179    70    2    3      0.9571    0    117      8     96      7    T0907-D3-QUARK.pdb:A  SCOP d1jz8a1
  279      0.3771          -0       1.371     2.332    91    3    1       0.956    0    117      8    117      9    T0907-D3-QUARK.pdb:A  SCOP d1wida_
  280      0.3758          -0     0.01764     2.854    99    2    4      0.9495    0    117      8    117      8    T0907-D3-QUARK.pdb:A  SCOP d1byna_
  281      0.3757          -0      0.7698     0.835    60    2    5        0.95    0    117      8     76      9    T0907-D3-QUARK.pdb:A  SCOP d2b5ea3
  282      0.3753          -0       2.208     2.349    85    3    2      0.9765    0    117      8    102     13    T0907-D3-QUARK.pdb:A  SCOP d1i7oa2
  283      0.3749          -0     0.02707     2.350    91    3    6      0.9231    0    117      8    117     15    T0907-D3-QUARK.pdb:A  SCOP d1rd4a_
  284      0.3724          -0     0.01244     2.942   100    2    4        0.95    0    117      8    117      9    T0907-D3-QUARK.pdb:A  SCOP d1rsya_
  285      0.3671      0.1294       2.282     0.923    48    2    1      0.9375    0    117      8     49      3    T0907-D3-QUARK.pdb:A  SCOP d1pjia3
  286      0.3638          -0        1.33     3.131   102    2    7      0.8529    0    117      8    117      7    T0907-D3-QUARK.pdb:A  SCOP d1qlca_
  287      0.3571          -0       1.814     1.991    74    2    2      0.9595    0    117      8     91      8    T0907-D3-QUARK.pdb:A  SCOP d1cs6a3
  288       0.357          -0     0.01626     1.586    72    2    4      0.9167    0    117      8     97      8    T0907-D3-QUARK.pdb:A  SCOP d1biha3
  289      0.3551          -0     0.01244     1.833    81    2    5      0.9259    0    117      8    115     10    T0907-D3-QUARK.pdb:A  SCOP d1c7ta4
  290      0.3551          -0     0.01244     1.833    81    2    5      0.9259    0    117      8    115     10    T0907-D3-QUARK.pdb:A  SCOP d1c7sa4
  291      0.3551          -0     0.01244     1.833    81    2    5      0.9259    0    117      8    115      9    T0907-D3-QUARK.pdb:A  SCOP d1qbba4
  292      0.3551          -0     0.01244     1.833    81    2    5      0.9259    0    117      8    115     10    T0907-D3-QUARK.pdb:A  SCOP d1qbaa4
  293      0.3499          -0      0.1419     2.139    85    2    5      0.9176    0    117      8    117      9    T0907-D3-QUARK.pdb:A  SCOP d1eaza_
  294       0.342          -0      0.1557     0.863    57    2    4      0.9474    0    117      8     75      6    T0907-D3-QUARK.pdb:A  SCOP d2c22a1
  295       0.342          -0      0.1557     0.863    57    2    4      0.9474    0    117      8     75      6    T0907-D3-QUARK.pdb:A  SCOP d2uvra1
  296      0.3402          -0     0.07845     2.153    84    3    3      0.9524    0    117      8    117      7    T0907-D3-QUARK.pdb:A  SCOP d1umsa_
  297      0.3381   8.938e-07       2.419     1.512    61    3    2      0.9508    0    117      8     75      5    T0907-D3-QUARK.pdb:A  SCOP d1m9sa1
  298      0.3359          -0     0.04812     1.614    77    2    3       0.987    0    117      8    117     10    T0907-D3-QUARK.pdb:A  SCOP d1foua_
  299      0.3324          -0      0.6065     2.224    69    2    3       0.971    0    117      8     79      8    T0907-D3-QUARK.pdb:A  SCOP d2gmja2
  300      0.3324          -0      0.6065     2.224    69    2    3       0.971    0    117      8     79      8    T0907-D3-QUARK.pdb:A  SCOP d2gmha2
  301      0.3313          -0       0.799     2.161    83    2    2      0.9639    0    117      8    117      5    T0907-D3-QUARK.pdb:A  SCOP d1ihwa_
  302      0.3313          -0       0.799     2.161    83    2    2      0.9639    0    117      8    117      5    T0907-D3-QUARK.pdb:A  SCOP d1ihva_
  303      0.3297          -0     0.05681     0.870    56    2    4      0.9464    0    117      8     75      6    T0907-D3-QUARK.pdb:A  SCOP d2agqa1
  304      0.3297          -0     0.05681     0.870    56    2    4      0.9464    0    117      8     75      6    T0907-D3-QUARK.pdb:A  SCOP d1s10a1
  305      0.3297          -0     0.05189     0.870    56    2    4      0.9464    0    117      8     75      6    T0907-D3-QUARK.pdb:A  SCOP d1s0oa1
  306      0.3297          -0     0.05681     0.870    56    2    4      0.9464    0    117      8     75      6    T0907-D3-QUARK.pdb:A  SCOP d1rysa1
  307      0.3297          -0      0.1557     0.870    56    2    4      0.9464    0    117      8     75      6    T0907-D3-QUARK.pdb:A  SCOP d2jeja1
  308      0.3297          -0      0.1557     0.870    56    2    4      0.9464    0    117      8     75      6    T0907-D3-QUARK.pdb:A  SCOP d1s9fa1
  309      0.3297          -0     0.05681     0.870    56    2    4      0.9464    0    117      8     75      6    T0907-D3-QUARK.pdb:A  SCOP d1jx4a1
  310      0.3297          -0      0.1557     0.870    56    2    4      0.9464    0    117      8     75      6    T0907-D3-QUARK.pdb:A  SCOP d2c2ra1
  311      0.3297          -0      0.1557     0.870    56    2    4      0.9464    0    117      8     75      6    T0907-D3-QUARK.pdb:A  SCOP d2j6ta1
  312      0.3297          -0     0.05681     0.870    56    2    4      0.9464    0    117      8     75      6    T0907-D3-QUARK.pdb:A  SCOP d1s0na1
  313      0.3297          -0      0.1557     0.870    56    2    4      0.9464    0    117      8     75      6    T0907-D3-QUARK.pdb:A  SCOP d2bqua1
  314      0.3297          -0      0.1557     0.870    56    2    4      0.9464    0    117      8     75      6    T0907-D3-QUARK.pdb:A  SCOP d2jeia1
  315      0.3297          -0      0.1557     0.870    56    2    4      0.9464    0    117      8     75      6    T0907-D3-QUARK.pdb:A  SCOP d2jega1
  316      0.3297          -0     0.05681     0.870    56    2    4      0.9464    0    117      8     75      6    T0907-D3-QUARK.pdb:A  SCOP d1n56a1
  317      0.3297          -0     0.05681     0.870    56    2    4      0.9464    0    117      8     75      6    T0907-D3-QUARK.pdb:A  SCOP d1s0ma1
  318      0.3297          -0      0.1557     0.870    56    2    4      0.9464    0    117      8     75      6    T0907-D3-QUARK.pdb:A  SCOP d2j6sa1
  319      0.3297          -0      0.1557     0.870    56    2    4      0.9464    0    117      8     75      6    T0907-D3-QUARK.pdb:A  SCOP d2c28a1
  320      0.3297          -0      0.1557     0.870    56    2    4      0.9464    0    117      8     75      6    T0907-D3-QUARK.pdb:A  SCOP d2jefa1
  321      0.3297          -0      0.1557     0.870    56    2    4      0.9464    0    117      8     75      6    T0907-D3-QUARK.pdb:A  SCOP d2br0a1
  322      0.3297          -0      0.1557     0.870    56    2    4      0.9464    0    117      8     75      6    T0907-D3-QUARK.pdb:A  SCOP d2uvwa1
  323      0.3297          -0      0.1557     0.870    56    2    4      0.9464    0    117      8     75      6    T0907-D3-QUARK.pdb:A  SCOP d2uvva1
  324      0.3297          -0      0.1557     0.870    56    2    4      0.9464    0    117      8     75      6    T0907-D3-QUARK.pdb:A  SCOP d2bqra1
  325      0.3297          -0      0.1557     0.870    56    2    4      0.9464    0    117      8     75      6    T0907-D3-QUARK.pdb:A  SCOP d2bq3a1
  326      0.3294          -0       1.678     1.629    71    2    2      0.9577    0    117      8    101     10    T0907-D3-QUARK.pdb:A  SCOP d1tuia1
  327      0.3276          -0     0.00593     2.345    85    5    5      0.8824    0    117      8    117     25    T0907-D3-QUARK.pdb:A  SCOP d1jen.3
  328      0.3276          -0     0.00593     2.345    85    5    5      0.8824    0    117      8    117     25    T0907-D3-QUARK.pdb:A  SCOP d1jl0a_
  329      0.3184          -0       1.695     1.719    58    3    2      0.8966    0    117      8     68      6    T0907-D3-QUARK.pdb:A  SCOP d2dt1a2
  330      0.3184          -0       1.695     1.719    58    3    2      0.8966    0    117      8     68      6    T0907-D3-QUARK.pdb:A  SCOP d2dt3a2
  331      0.3184          -0       1.695     1.719    58    3    2      0.8966    0    117      8     68      6    T0907-D3-QUARK.pdb:A  SCOP d2dt0a2
  332      0.3184          -0       1.695     1.719    58    3    2      0.8966    0    117      8     68      6    T0907-D3-QUARK.pdb:A  SCOP d1syta2
  333      0.3184          -0       1.695     1.719    58    3    2      0.8966    0    117      8     68      6    T0907-D3-QUARK.pdb:A  SCOP d2dt2a2
  334      0.3184          -0       1.695     1.719    58    3    2      0.8966    0    117      8     68      6    T0907-D3-QUARK.pdb:A  SCOP d1zbwa2
  335      0.3184          -0       1.695     1.719    58    3    2      0.8966    0    117      8     68      6    T0907-D3-QUARK.pdb:A  SCOP d2olha2
  336      0.3184          -0       1.695     1.719    58    3    2      0.8966    0    117      8     68      6    T0907-D3-QUARK.pdb:A  SCOP d1ljya2
  337      0.3184          -0       1.695     1.719    58    3    2      0.8966    0    117      8     68      6    T0907-D3-QUARK.pdb:A  SCOP d1xhga2
  338      0.3184          -0       1.965     1.719    58    3    2      0.8966    0    117      8     68      6    T0907-D3-QUARK.pdb:A  SCOP d1xrva2
  339      0.3184          -0       1.695     1.719    58    3    2      0.8966    0    117      8     68      6    T0907-D3-QUARK.pdb:A  SCOP d1sr0a2
  340      0.3184          -0       1.695     1.719    58    3    2      0.8966    0    117      8     68      6    T0907-D3-QUARK.pdb:A  SCOP d1owqa2
  341      0.3184          -0       1.965     1.719    58    3    2      0.8966    0    117      8     68      6    T0907-D3-QUARK.pdb:A  SCOP d1zbva2
  342      0.3184          -0       1.965     1.719    58    3    2      0.8966    0    117      8     68      6    T0907-D3-QUARK.pdb:A  SCOP d2o92a2
  343      0.3184          -0       1.695     1.719    58    3    2      0.8966    0    117      8     68      6    T0907-D3-QUARK.pdb:A  SCOP d2aosa2
  344      0.3184          -0       1.695     1.719    58    3    2      0.8966    0    117      8     68      6    T0907-D3-QUARK.pdb:A  SCOP d1zu8a2
  345      0.3184          -0       1.695     1.719    58    3    2      0.8966    0    117      8     68      6    T0907-D3-QUARK.pdb:A  SCOP d2b31a2
  346      0.3173          -0       2.382     0.000    46    2    1           1    0    117      8     57     10    T0907-D3-QUARK.pdb:A  SCOP d2c42a3
  347      0.3173          -0       2.382     0.000    46    2    1           1    0    117      8     57     10    T0907-D3-QUARK.pdb:A  SCOP d2c3ma3
  348      0.3173          -0       2.382     0.000    46    2    1           1    0    117      8     57     10    T0907-D3-QUARK.pdb:A  SCOP d1b0pa3
  349      0.3173          -0       2.382     0.000    46    2    1           1    0    117      8     57     10    T0907-D3-QUARK.pdb:A  SCOP d1keka3
  350      0.3173          -0       2.382     0.000    46    2    1           1    0    117      8     57     10    T0907-D3-QUARK.pdb:A  SCOP d2c3ua3
  351      0.3173          -0       2.382     0.000    46    2    1           1    0    117      8     57     10    T0907-D3-QUARK.pdb:A  SCOP d2c3pa3
  352      0.3173          -0       2.382     0.000    46    2    1           1    0    117      8     57     10    T0907-D3-QUARK.pdb:A  SCOP d2c3ya3
  353      0.3157          -0      0.1043     2.419    80    3    4       0.975    0    117      8    105     15    T0907-D3-QUARK.pdb:A  SCOP d1z6ra3
  354       0.315          -0     0.02064     2.167    81    2    2       0.963    0    117      8    117      6    T0907-D3-QUARK.pdb:A  SCOP d1dv8a_
  355      0.3135          -0      0.1911     2.408    84    3    5      0.9643    0    117      8    117     15    T0907-D3-QUARK.pdb:A  SCOP d1chda_
  356      0.3109          -0     0.02488     2.208    81    2    3      0.9506    0    117      8    117      8    T0907-D3-QUARK.pdb:A  SCOP d1os2a_
  357      0.3109          -0     0.02488     2.208    81    2    3      0.9506    0    117      8    117      8    T0907-D3-QUARK.pdb:A  SCOP d1os9a_
  358      0.3109          -0     0.02488     2.208    81    2    3      0.9506    0    117      8    117      9    T0907-D3-QUARK.pdb:A  SCOP d1utza_
  359      0.3106          -0    0.009127     2.287    82    2    4      0.9268    0    117      8    117      8    T0907-D3-QUARK.pdb:A  SCOP d1h8ga_
  360      0.3036          -0       2.382     0.000    45    2    1           1    0    117      8     57     10    T0907-D3-QUARK.pdb:A  SCOP d2c3oa3
  361      0.3036          -0       2.382     0.000    45    2    1           1    0    117      8     57     10    T0907-D3-QUARK.pdb:A  SCOP d2pdaa3
  362      0.3021          -0     0.02929     2.220    80    2    3        0.95    0    117      8    117     10    T0907-D3-QUARK.pdb:A  SCOP d1hv5a_
  363      0.3015          -0      0.5473     2.527    84    3    3      0.9524    0    117      8    117     13    T0907-D3-QUARK.pdb:A  SCOP d1ue0a_
  364      0.2975          -0       1.678     1.514    62    2    4      0.9516    0    117      8     88      7    T0907-D3-QUARK.pdb:A  SCOP d1ni5a4
  365      0.2968     0.05381       2.136     2.378    81    2    5      0.9506    0    117      8    116     10    T0907-D3-QUARK.pdb:A  SCOP d1toxa3
  366      0.2947          -0      0.1188     2.524    83    2    4      0.9277    0    117      8    117      6    T0907-D3-QUARK.pdb:A  SCOP d1fyka_
  367      0.2939          -0       3.123     0.000    38    2    1           1    0    117      8     42      7    T0907-D3-QUARK.pdb:A  SCOP d1jjua3
  368      0.2883     0.05381       2.136     2.392    80    2    6        0.95    0    117      8    116     10    T0907-D3-QUARK.pdb:A  SCOP d1mdta3
  369      0.2846          -0      0.3791     1.632    63    2    4      0.9524    0    117      8     92      7    T0907-D3-QUARK.pdb:A  SCOP d1nija2
  370      0.2841          -0     0.01658     2.173    77    4    3       0.961    0    117      8    117     17    T0907-D3-QUARK.pdb:A  SCOP d1utha_
  371      0.2839          -0      0.3575     2.637    83    3    4      0.9157    0    117      8    117     14    T0907-D3-QUARK.pdb:A  SCOP d1udza_
  372      0.2796          -0       1.635     2.348    73    3    5      0.9452    0    117      8    101     10    T0907-D3-QUARK.pdb:A  SCOP d1mc0a1
  373      0.2793   0.0002114        1.33     2.065    68    2    4      0.9412    0    117      8     96      6    T0907-D3-QUARK.pdb:A  SCOP d1rxva1
  374      0.2753          -0        2.37     1.564    64    2    4      0.9531    0    117      8    100      9    T0907-D3-QUARK.pdb:A  SCOP d1w5fa2
  375      0.2713          -0       1.037     2.133    57    3    2      0.8947    0    117      8     68      6    T0907-D3-QUARK.pdb:A  SCOP d1tfva2
  376      0.2711          -0     0.01764     1.890    72    2    4      0.9167    0    117      8    117      4    T0907-D3-QUARK.pdb:A  SCOP d1e0ba_
  377      0.2695          -0     0.02707     2.296    70    2    4      0.9143    0    117      8     98      5    T0907-D3-QUARK.pdb:A  SCOP d1rq5a2
  378      0.2657          -0        2.09     1.005    39    2    2      0.9231    0    117      8     44      9    T0907-D3-QUARK.pdb:A  SCOP d1wb2a3
  379      0.2653          -0      0.0385     2.465    78    2    2      0.9487    0    117      8    117      8    T0907-D3-QUARK.pdb:A  SCOP d1xara_
  380      0.2629          -0       1.638     2.576    67    2    6     0.04478    0    117      8     84      8    T0907-D3-QUARK.pdb:A  SCOP d1xrca3
  381      0.2571          -0       1.734     1.498    61    2    4      0.9508    0    117      8     99      8    T0907-D3-QUARK.pdb:A  SCOP d1h4ra2
  382      0.2553          -0      0.1954     2.375    69    2    3       0.913    0    117      8     98      9    T0907-D3-QUARK.pdb:A  SCOP d2ca1a1
  383      0.2547          -0      0.6571     2.591    76    3   10     0.03947    0    117      8    111     12    T0907-D3-QUARK.pdb:A  SCOP d1zcaa2
  384      0.2526          -0      0.1584     2.345    69    2    4      0.9275    0    117      8    100      8    T0907-D3-QUARK.pdb:A  SCOP d2c77a1
  385      0.2472   4.822e-17       2.292     1.817    68    2    4      0.9706    0    117      8    117      8    T0907-D3-QUARK.pdb:A  SCOP d1sk3a_
  386      0.2472          -0       1.949     1.817    68    2    4      0.9706    0    117      8    117      9    T0907-D3-QUARK.pdb:A  SCOP d1sk4a_
  387      0.2469          -0       1.209     2.736    63    2    5      0.3651    0    117      8     75      5    T0907-D3-QUARK.pdb:A  SCOP d1q1ka2
  388      0.2435          -0     0.03065     1.790    52    2    4      0.8846    0    117      8     70      9    T0907-D3-QUARK.pdb:A  SCOP d1p16a1
  389       0.243          -0     0.01658     2.242    72    4    5      0.9583    0    117      8    117     17    T0907-D3-QUARK.pdb:A  SCOP d1utba_
  390       0.243          -0     0.03847     2.252    66    2    3      0.9242    0    117      8     98      7    T0907-D3-QUARK.pdb:A  SCOP d1gh7a3
  391      0.2421          -0       1.468     1.457    64    2    4      0.9531    0    117      8    117     10    T0907-D3-QUARK.pdb:A  SCOP d2azea1
  392      0.2405          -0      0.1188     2.443    74    2    5      0.9054    0    117      8    117      5    T0907-D3-QUARK.pdb:A  SCOP d1dpua_
  393      0.2396          -0       1.694     2.470    59    2    3      0.9492    0    117      8     74      6    T0907-D3-QUARK.pdb:A  SCOP d1nh7a2
  394      0.2396          -0       1.694     2.470    59    2    3      0.9492    0    117      8     74      6    T0907-D3-QUARK.pdb:A  SCOP d1nh8a2
  395      0.2364          -0       2.175     2.574    65    2    8      0.2308    0    117      8     88      7    T0907-D3-QUARK.pdb:A  SCOP d1u1ia2
  396      0.2361          -0       2.229     3.772    76    2    2      0.9605    0    117      8     81      8    T0907-D3-QUARK.pdb:A  SCOP d1pw9a1
  397      0.2361   4.977e-10       3.119     3.772    76    3    2      0.9605    0    117      8     81      9    T0907-D3-QUARK.pdb:A  SCOP d1b08a1
  398      0.2361          -0       2.229     3.772    76    2    2      0.9605    0    117      8     81      8    T0907-D3-QUARK.pdb:A  SCOP d1pwba1
  399      0.2344          -0        2.36     1.996    59    3    2      0.9661    0    117      8     88      8    T0907-D3-QUARK.pdb:A  SCOP d1o0va1
  400      0.2338          -0      0.1042     2.492    68    2    5      0.8824    0    117      8    100      9    T0907-D3-QUARK.pdb:A  SCOP d1exma1
  401      0.2326          -0    0.002287     2.503    63    2    3      0.9048    0    117      8     86     10    T0907-D3-QUARK.pdb:A  SCOP d1s0ua1
  402      0.2309          -0      0.1225     2.530    68    2    3      0.9265    0    117      8    100     10    T0907-D3-QUARK.pdb:A  SCOP d2c78a1
  403      0.2306          -0      0.3489     1.642    47    2    4      0.9362    0    117      8     63      6    T0907-D3-QUARK.pdb:A  SCOP d1cdwa2
  404      0.2297          -0     0.02064     2.151    69    3    5      0.9565    0    117      8    117     15    T0907-D3-QUARK.pdb:A  SCOP d1aoxa_
  405      0.2288          -0     0.04719     2.164    69    2    2       0.942    0    117      8    117      8    T0907-D3-QUARK.pdb:A  SCOP d1nw9a_
  406      0.2286          -0     0.00593     3.068    80    3    6      0.8875    0    117      8    117     12    T0907-D3-QUARK.pdb:A  SCOP d1p4pa_
  407      0.2285          -0      0.7385     1.355    52    2    4      0.9423    0    117      8     84     10    T0907-D3-QUARK.pdb:A  SCOP d1h7ua1
  408       0.227          -0     0.09914     2.536    73    3    4      0.9726    0    117      8    117     13    T0907-D3-QUARK.pdb:A  SCOP d1b5sa_
  409      0.2246          -0       1.436     2.317    67    2    8     0.01493    0    117      8    107      8    T0907-D3-QUARK.pdb:A  SCOP d1ofua2
  410      0.2225          -0    0.009138     2.786    71    2    5      0.8592    0    117      8    104      9    T0907-D3-QUARK.pdb:A  SCOP d2cfia1
  411      0.2222          -0       4.327     0.000    26    3    0           1    0    117      8     26     12    T0907-D3-QUARK.pdb:A  SCOP d1jvsa2
  412      0.2222          -0     0.07587     2.310    69    3    5       0.913    0    117      8    115     12    T0907-D3-QUARK.pdb:A  SCOP d1shza2
  413      0.2217          -0      0.3416     2.054    52    2    4           0    0    117      8     71     10    T0907-D3-QUARK.pdb:A  SCOP d1cjda2
  414      0.2217          -0      0.3416     2.054    52    2    4           0    0    117      8     71      9    T0907-D3-QUARK.pdb:A  SCOP d1hqna2
  415      0.2217          -0      0.3416     2.054    52    2    4           0    0    117      8     71      9    T0907-D3-QUARK.pdb:A  SCOP d1hx6a2
  416      0.2175          -0       1.363     2.146    53    2    4     0.01887    0    117      8     73     10    T0907-D3-QUARK.pdb:A  SCOP d1oxta1
  417      0.2152          -0       1.037     3.231    73    3    3       0.863    0    117      8     98      7    T0907-D3-QUARK.pdb:A  SCOP d1ut9a2
  418      0.2147          -0     0.04278     2.434    50    3    4        0.74    0    117      8     60     12    T0907-D3-QUARK.pdb:A  SCOP d1ciya2
  419      0.2141          -0     0.06819     2.141    55    2    1      0.9455    0    117      8     80     10    T0907-D3-QUARK.pdb:A  SCOP d1q12a1
  420      0.2137          -0      0.2968     2.669    56    2    3      0.9286    0    117      8     70     10    T0907-D3-QUARK.pdb:A  SCOP d2hxha2
  421      0.2137          -0      0.2968     2.669    56    2    3      0.9286    0    117      8     70     10    T0907-D3-QUARK.pdb:A  SCOP d2hxfa2
  422      0.2097   4.822e-17       2.282     2.352    57    2    2      0.9474    0    117      8     82     10    T0907-D3-QUARK.pdb:A  SCOP d1rcqa1
  423      0.2094          -0      0.2534     2.076    50    2    4        0.02    0    117      8     69      7    T0907-D3-QUARK.pdb:A  SCOP d2apoa1
  424      0.2069          -0       3.952     2.706    60    3    7     0.06667    0    117      8     82     15    T0907-D3-QUARK.pdb:A  SCOP d1nu1a2
  425      0.2069          -0       3.666     2.706    60    3    7     0.06667    0    117      8     82     14    T0907-D3-QUARK.pdb:A  SCOP d1ntma2
  426      0.2059          -0      0.1263     2.604    65    2    3      0.9385    0    117      8    100      9    T0907-D3-QUARK.pdb:A  SCOP d1aipa1
  427      0.2057          -0       3.569     2.622    59    3    7      0.0678    0    117      8     82     15    T0907-D3-QUARK.pdb:A  SCOP d2a06a2
  428      0.2045      0.2331       3.736     1.887    48    2    4           0    0    117      8     69      4    T0907-D3-QUARK.pdb:A  SCOP d1i8ta2
  429      0.1976          -0        4.15     2.200    54    3    7     0.01852    0    117      8     82     14    T0907-D3-QUARK.pdb:A  SCOP d1l0la2
  430      0.1976          -0        4.15     2.200    54    3    7     0.01852    0    117      8     82     14    T0907-D3-QUARK.pdb:A  SCOP d1ntka2
  431      0.1976          -0        4.15     2.200    54    3    7     0.01852    0    117      8     82     15    T0907-D3-QUARK.pdb:A  SCOP d1ppja2
  432      0.1976          -0        4.15     2.200    54    3    7     0.01852    0    117      8     82     14    T0907-D3-QUARK.pdb:A  SCOP d1sqva2
  433      0.1972          -0     0.01366     2.899    59    2    6      0.6441    0    117      8     78      8    T0907-D3-QUARK.pdb:A  SCOP d1fcca1
  434      0.1962          -0      0.5968     1.940    46    2    3     0.02174    0    117      8     65      8    T0907-D3-QUARK.pdb:A  SCOP d1djsa2
  435      0.1947          -0     0.08093     2.481    67    4    3      0.9254    0    117      8    117     20    T0907-D3-QUARK.pdb:A  SCOP d1kiaa_
  436      0.1947          -0       3.662     2.543    57    3    6     0.03509    0    117      8     83     13    T0907-D3-QUARK.pdb:A  SCOP d2bcca2
  437      0.1943          -0       1.798     2.095    49    3    5           0    0    117      8     71      6    T0907-D3-QUARK.pdb:A  SCOP d1lnqa4
  438      0.1916          -0       1.988     2.389    51    2    3      0.9412    0    117      8     71      8    T0907-D3-QUARK.pdb:A  SCOP d1jhwa3
  439      0.1898          -0      0.5994     1.152    29    2    2      0.8966    0    117      8     33     10    T0907-D3-QUARK.pdb:A  SCOP d1iz0a1
  440      0.1897          -0       3.123     2.049    46    3    5     0.02174    0    117      8     65      8    T0907-D3-QUARK.pdb:A  SCOP d2f0aa1
  441      0.1887          -0     0.01018     2.383    53    2    5      0.8868    0    117      8     78      9    T0907-D3-QUARK.pdb:A  SCOP d1h3va1
  442      0.1861          -0      0.2212     2.546    53    2    4     0.01887    0    117      8     75      6    T0907-D3-QUARK.pdb:A  SCOP d2atla1
  443      0.1861   0.0006129       2.301     2.546    53    2    4     0.01887    0    117      8     75      6    T0907-D3-QUARK.pdb:A  SCOP d2c2ea1
  444      0.1861   8.233e-05       2.301     2.546    53    2    4     0.01887    0    117      8     75      6    T0907-D3-QUARK.pdb:A  SCOP d2agoa1
  445      0.1861   0.0006129       2.301     2.546    53    2    4     0.01887    0    117      8     75      6    T0907-D3-QUARK.pdb:A  SCOP d1s97a1
  446      0.1846          -0      0.3826     2.082    48    2    5           0    0    117      8     72      6    T0907-D3-QUARK.pdb:A  SCOP d2j6ua1
  447      0.1801     0.02776       2.862     2.343    42    3    3     0.02381    0    117      8     52      5    T0907-D3-QUARK.pdb:A  SCOP d2cbla3
  448      0.1797          -0     0.00474     2.724    67    2    3      0.8955    0    117      8    117      8    T0907-D3-QUARK.pdb:A  SCOP d1fb8a_
  449      0.1724     0.02302       2.824     2.175    40    3    4           0    0    117      8     52      5    T0907-D3-QUARK.pdb:A  SCOP d1fbva3
  450      0.1719          -0     0.03684     2.947    68    3    6      0.8529    0    117      8    117     13    T0907-D3-QUARK.pdb:A  SCOP d1ohda2
  451      0.1707          -0     0.02536     1.861    39    2    3      0.8462    0    117      8     55     10    T0907-D3-QUARK.pdb:A  SCOP d1u2ba1
  452      0.1702          -0       1.343     2.053    39    3    4           0    0    117      8     52     15    T0907-D3-QUARK.pdb:A  SCOP d1k25a4
  453      0.1684          -0      0.1301     2.474    35    2    2      0.8857    0    117      8     37      7    T0907-D3-QUARK.pdb:A  SCOP d1jnda2
  454      0.1684          -0     0.08361     2.474    35    2    2      0.8857    0    117      8     37      6    T0907-D3-QUARK.pdb:A  SCOP d1wooa1
  455      0.1684          -0     0.08361     2.474    35    2    2      0.8857    0    117      8     37      6    T0907-D3-QUARK.pdb:A  SCOP d1wopa1
  456      0.1684          -0     0.08361     2.474    35    2    2      0.8857    0    117      8     37      6    T0907-D3-QUARK.pdb:A  SCOP d1wora1
  457      0.1684          -0     0.08361     2.474    35    2    2      0.8857    0    117      8     37      6    T0907-D3-QUARK.pdb:A  SCOP d1wosa1
  458      0.1655          -0       1.135     2.293    47    3    1      0.9362    0    117      8     72     11    T0907-D3-QUARK.pdb:A  SCOP d1vpka3
  459      0.1642          -0       2.051     2.562    36    2    3     0.08333    0    117      8     39      6    T0907-D3-QUARK.pdb:A  SCOP d1l2fa3
  460       0.161          -0     0.01244     2.273    55    2    4      0.9273    0    117      8    102      6    T0907-D3-QUARK.pdb:A  SCOP d1cg2a2
  461       0.159          -0       1.371     1.993    56    3    2      0.9643    0    117      8    117     10    T0907-D3-QUARK.pdb:A  SCOP d1u5za_
  462       0.159          -0       1.387     1.993    56    3    2      0.9643    0    117      8    117     10    T0907-D3-QUARK.pdb:A  SCOP d1xu2a_
  463      0.1588          -0      0.1758     1.092    22    2    1      0.9091    0    117      8     23      8    T0907-D3-QUARK.pdb:A  SCOP d2alaa1
  464      0.1573          -0     0.00474     3.119    55    2    8      0.5636    0    117      8     79      9    T0907-D3-QUARK.pdb:A  SCOP d2iwga1
  465      0.1563          -0       1.464     2.018    33    2    1      0.0303    0    117      8     41     10    T0907-D3-QUARK.pdb:A  SCOP d1wdta1
  466      0.1559    2.12e-05       3.226     2.481    48    2    4     0.02083    0    117      8     75      6    T0907-D3-QUARK.pdb:A  SCOP d2uvua1
  467      0.1555          -0     0.01908     2.189    52    3    3      0.8846    0    117      8     97     11    T0907-D3-QUARK.pdb:A  SCOP d2cvoa2
  468       0.155          -0       0.337     4.437    68    2    7      0.1912    0    117      8     80      8    T0907-D3-QUARK.pdb:A  SCOP d2ggua1
  469      0.1535   0.0002935       2.434     1.925    37    2    3           0    0    117      8     54      5    T0907-D3-QUARK.pdb:A  SCOP d1v43a1
  470      0.1525          -0    0.001822     2.752    62    4    3      0.9032    0    117      8    117     20    T0907-D3-QUARK.pdb:A  SCOP d1eg1a_
  471      0.1499          -0      0.4912     4.171    71    4    4      0.8592    0    117      8     98     16    T0907-D3-QUARK.pdb:A  SCOP d2giya1
  472      0.1492          -0      0.1301     2.487    47    2    2      0.9574    0    117      8     75      6    T0907-D3-QUARK.pdb:A  SCOP d1foha4
  473      0.1484          -0      0.4953     4.287    65    2    4     0.03077    0    117      8     80      8    T0907-D3-QUARK.pdb:A  SCOP d2os9a1
  474      0.1484          -0      0.4953     4.287    65    2    4     0.03077    0    117      8     80      8    T0907-D3-QUARK.pdb:A  SCOP d2orja1
  475      0.1484          -0      0.4953     4.287    65    2    4     0.03077    0    117      8     80      8    T0907-D3-QUARK.pdb:A  SCOP d2orka1
  476      0.1483          -0      0.4507     2.374    46    2    5     0.02174    0    117      8     75      6    T0907-D3-QUARK.pdb:A  SCOP d2c2da1
  477      0.1459          -0     0.05936     3.617    70    4   11         0.5    0    117      8    117     16    T0907-D3-QUARK.pdb:A  SCOP d1ck4a_
  478      0.1439          -0     0.09447     3.482    68    2    9      0.4559    0    117      8    117      7    T0907-D3-QUARK.pdb:A  SCOP d1euba_
  479      0.1403          -0        1.67     4.250    76    2    3      0.9605    0    117      8    117     10    T0907-D3-QUARK.pdb:A  SCOP d1twqa_
  480      0.1397          -0       1.154     3.018    55    3    2      0.8909    0    117      8     92     11    T0907-D3-QUARK.pdb:A  SCOP d2bvna1
  481      0.1347          -0     0.02488     2.050    52    4    2      0.9615    0    117      8    117     14    T0907-D3-QUARK.pdb:A  SCOP d1h8za_
  482      0.1345          -0       2.113     2.859    31    2    2     0.09677    0    117      8     32      9    T0907-D3-QUARK.pdb:A  SCOP d1vcla3
  483      0.1345          -0       1.758     1.851    37    2    4     0.02703    0    117      8     63      6    T0907-D3-QUARK.pdb:A  SCOP d2it5a1
  484      0.1345          -0        1.83     1.851    37    2    4     0.02703    0    117      8     63      6    T0907-D3-QUARK.pdb:A  SCOP d2it6a1
  485      0.1326          -0     0.03847     2.515    43    2    3      0.8372    0    117      8     70     10    T0907-D3-QUARK.pdb:A  SCOP d1pvga1
  486      0.1326          -0     0.03847     2.515    43    2    3      0.8372    0    117      8     70     10    T0907-D3-QUARK.pdb:A  SCOP d1qzra1
  487      0.1297   0.0004456       1.027     4.478    70    2    9      0.2857    0    117      8    100      5    T0907-D3-QUARK.pdb:A  SCOP d1ob5a1
  488      0.1291          -0       1.838     3.157    55    2    6      0.6545    0    117      8     95     10    T0907-D3-QUARK.pdb:A  SCOP d1ei1a1
  489      0.1287          -0      0.0385     2.070    51    2    2      0.9608    0    117      8    117     10    T0907-D3-QUARK.pdb:A  SCOP d1qxwa_
  490      0.1287          -0      0.0385     2.070    51    2    2      0.9608    0    117      8    117     10    T0907-D3-QUARK.pdb:A  SCOP d1qxya_
  491      0.1282   7.232e-05       1.233     2.693    51    2    5     0.01961    0    117      8     96      6    T0907-D3-QUARK.pdb:A  SCOP d1rxwa1
  492      0.1271          -0     0.06735     4.056    58    2    5      0.8966    0    117      8     80      9    T0907-D3-QUARK.pdb:A  SCOP d1oqxa1
  493      0.1271          -0     0.01493     3.474    59    2    4      0.7966    0    117      8    100      7    T0907-D3-QUARK.pdb:A  SCOP d1ha3a1
  494      0.1271          -0       2.051     2.383    40    2    2       0.925    0    117      8     66      8    T0907-D3-QUARK.pdb:A  SCOP d1gyga2
