<html><head></head><body><pre style="word-wrap: break-word; white-space: pre-wrap;"> PDBe Fold v2.59. (src3) 14 Apr 2014 result file.

                   RESULT SUMMARY

   ##      Q-score      P-score     Z-score   RMSD    Nalgn Nsse Ngaps Seq-%     Nmd Nres-Q Nsse-Q Nres-T Nsse-T Query Target
    1      0.5974       1.405       6.246     0.000   194    3   11           1    0    251     14    251      7    T0904-D1-QUARK.pdb:A  SCOP d1rj1a_
    2      0.5791      0.7475       6.019     0.000   191    3   12           1    0    251     14    251      7    T0904-D1-QUARK.pdb:A  SCOP d1rj4a_
    3      0.5791       2.428       6.694     0.000   191    3   11           1    0    251     14    251      4    T0904-D1-QUARK.pdb:A  SCOP d1nzea_
    4       0.573       1.675       5.793     0.000   190    3   12           1    0    251     14    251      5    T0904-D1-QUARK.pdb:A  SCOP d1x90a_
    5        0.52          -0       5.565     0.000   181    3   14           1    0    251     14    251     13    T0904-D1-QUARK.pdb:A  SCOP d1vg4a_
    6      0.5194          -0        3.63     0.558   184    3   16      0.9783    0    251     14    251     15    T0904-D1-QUARK.pdb:A  SCOP d1tffa_
    7      0.4973          -0       8.551     0.000   177    8    9           1    0    251     14    251     31    T0904-D1-QUARK.pdb:A  SCOP d3bcta_
    8      0.4917          -0       8.313     0.000   176    9    8           1    0    251     14    251     34    T0904-D1-QUARK.pdb:A  SCOP d1th1a_
    9       0.487          -0       4.408     0.780   181    6   15      0.9779    0    251     14    251     19    T0904-D1-QUARK.pdb:A  SCOP d1hz4a_
   10      0.4861      0.6423       5.433     0.000   175    4   13           1    0    251     14    251      8    T0904-D1-QUARK.pdb:A  SCOP d1ggqa_
   11      0.4806       2.194       4.586     0.000   174    3   14           1    0    251     14    251      4    T0904-D1-QUARK.pdb:A  SCOP d1owaa_
   12      0.4806          -0       8.152     0.000   174    8   10           1    0    251     14    251     34    T0904-D1-QUARK.pdb:A  SCOP d1jppa_
   13      0.4806   2.663e-12       5.639     0.000   174    3   14           1    0    251     14    251     15    T0904-D1-QUARK.pdb:A  SCOP d1nfpa_
   14      0.4696          -0       2.938     0.000   172    4   18           1    0    251     14    251      9    T0904-D1-QUARK.pdb:A  SCOP d1o9da_
   15      0.4696          -0       2.267     0.000   172    3   17           1    0    251     14    251     14    T0904-D1-QUARK.pdb:A  SCOP d1ubxa_
   16      0.4696      0.0714       3.168     0.000   172    3   15           1    0    251     14    251     10    T0904-D1-QUARK.pdb:A  SCOP d1qkpa_
   17      0.4641          -0       8.797     0.000   171    8    9           1    0    251     14    251     34    T0904-D1-QUARK.pdb:A  SCOP d1i7wa_
   18      0.4641          -0       2.924     0.000   171    4   18           1    0    251     14    251      9    T0904-D1-QUARK.pdb:A  SCOP d1o9ea_
   19      0.4587   1.002e-10       3.966     0.000   170    3   14           1    0    251     14    251      5    T0904-D1-QUARK.pdb:A  SCOP d1o9ra_
   20      0.4587       0.153       4.162     0.000   170    4   14           1    0    251     14    251      6    T0904-D1-QUARK.pdb:A  SCOP d1f1ma_
   21      0.4587          -0       2.792     0.000   170    4   18           1    0    251     14    251      9    T0904-D1-QUARK.pdb:A  SCOP d1o9fa_
   22      0.4565          -0       4.002     0.000   154    3   14           1    0    251     14    207     15    T0904-D1-QUARK.pdb:A  SCOP d1ls1a2
   23      0.4565          -0       4.002     0.000   154    3   14           1    0    251     14    207     15    T0904-D1-QUARK.pdb:A  SCOP d1ffha2
   24      0.4533          -0       5.618     0.000   169    3   14           1    0    251     14    251     12    T0904-D1-QUARK.pdb:A  SCOP d1v4ja_
   25      0.4533          -0        8.92     0.000   169    8    8           1    0    251     14    251     34    T0904-D1-QUARK.pdb:A  SCOP d1luja_
   26      0.4533          -0       8.797     0.000   169    8   10           1    0    251     14    251     34    T0904-D1-QUARK.pdb:A  SCOP d1jdha_
   27      0.4533          -0       5.618     0.000   169    3   14           1    0    251     14    251     12    T0904-D1-QUARK.pdb:A  SCOP d1v4ea_
   28       0.448          -0       8.797     0.000   168    8   10           1    0    251     14    251     34    T0904-D1-QUARK.pdb:A  SCOP d1g3ja_
   29       0.448          -0       5.484     0.000   168    5   16           1    0    251     14    251     19    T0904-D1-QUARK.pdb:A  SCOP d1xjla_
   30       0.448          -0       9.074     0.000   168    8   10           1    0    251     14    251     34    T0904-D1-QUARK.pdb:A  SCOP d1m1ea_
   31      0.4472          -0       2.951     0.584   171    4   18      0.9766    0    251     14    251      9    T0904-D1-QUARK.pdb:A  SCOP d1o9ca_
   32      0.4427    0.001496       4.335     0.000   167    3   13           1    0    251     14    251      8    T0904-D1-QUARK.pdb:A  SCOP d1g5za_
   33      0.4374          -0       8.751     0.000   166    8   10           1    0    251     14    251     34    T0904-D1-QUARK.pdb:A  SCOP d2bcta_
   34      0.4374          -0       3.672     0.000   166    3   14           1    0    251     14    251     14    T0904-D1-QUARK.pdb:A  SCOP d1vjga_
   35      0.4321          -0       7.309     0.000   165    8   11           1    0    251     14    251     34    T0904-D1-QUARK.pdb:A  SCOP d1t08a_
   36      0.4321          -0        4.92     0.000   165    4   16           1    0    251     14    251     14    T0904-D1-QUARK.pdb:A  SCOP d1ghqa_
   37      0.4217          -0       7.888     0.000   163    9    9           1    0    251     14    251     34    T0904-D1-QUARK.pdb:A  SCOP d1qz7a_
   38      0.4217    0.001996       3.588     0.000   163    4   14           1    0    251     14    251      5    T0904-D1-QUARK.pdb:A  SCOP d1hrsa_
   39      0.4199          -0       4.903     0.000   154    9   18           1    0    251     14    225     17    T0904-D1-QUARK.pdb:A  SCOP d1xqsa1
   40      0.4166          -0       2.986     0.000   162    3   15           1    0    251     14    251     14    T0904-D1-QUARK.pdb:A  SCOP d1fvpa_
   41      0.4166          -0       2.851     0.000   162    3   13           1    0    251     14    251      9    T0904-D1-QUARK.pdb:A  SCOP d1c41a_
   42      0.4166          -0        2.34     0.000   162    3   16           1    0    251     14    251      9    T0904-D1-QUARK.pdb:A  SCOP d1knca_
   43      0.4166   0.0007133       3.457     0.000   162    4   15           1    0    251     14    251      5    T0904-D1-QUARK.pdb:A  SCOP d1gwga_
   44      0.4145          -0       5.371     0.000   153    9   19           1    0    251     14    225     17    T0904-D1-QUARK.pdb:A  SCOP d1xqra1
   45      0.4114     0.01626       3.401     0.000   161    3   15           1    0    251     14    251      5    T0904-D1-QUARK.pdb:A  SCOP d1rcda_
   46      0.4114          -0       2.651     0.000   161    3   15           1    0    251     14    251     14    T0904-D1-QUARK.pdb:A  SCOP d1ah2a_
   47      0.4114     0.01626       3.401     0.000   161    3   15           1    0    251     14    251      5    T0904-D1-QUARK.pdb:A  SCOP d1rcca_
   48      0.4103          -0       4.023     0.000   146    3   12           1    0    251     14    207     15    T0904-D1-QUARK.pdb:A  SCOP d2c03a2
   49      0.4083   4.547e-08       3.672     0.000   141    3   10           1    0    251     14    194     11    T0904-D1-QUARK.pdb:A  SCOP d2c6pa2
   50      0.4059   0.0001025       3.298     0.593   163    4   15      0.9755    0    251     14    251      5    T0904-D1-QUARK.pdb:A  SCOP d1mfra_
   51      0.4017          -0       3.204     1.375   175    3   14      0.9771    0    251     14    251     13    T0904-D1-QUARK.pdb:A  SCOP d1t3da_
   52      0.4013          -0       4.438     0.000   159    3   14           1    0    251     14    251     14    T0904-D1-QUARK.pdb:A  SCOP d1n3ba_
   53      0.3962    0.007878       3.298     0.000   158    3   14           1    0    251     14    251      5    T0904-D1-QUARK.pdb:A  SCOP d1rcea_
   54      0.3912          -0  1.798e+308     0.000   157    3   16           1    0    251     14    251      9    T0904-D1-QUARK.pdb:A  SCOP d1scta_
   55      0.3912   5.004e-06       3.138     0.000   157    3   13           1    0    251     14    251      5    T0904-D1-QUARK.pdb:A  SCOP d1krqa_
   56      0.3863          -0       1.985     0.000   156    3   15           1    0    251     14    251     15    T0904-D1-QUARK.pdb:A  SCOP d1ee1a_
   57      0.3863          -0       2.005     0.000   156    3   15           1    0    251     14    251     15    T0904-D1-QUARK.pdb:A  SCOP d2nsya_
   58      0.3863          -0       2.005     0.000   156    3   15           1    0    251     14    251     15    T0904-D1-QUARK.pdb:A  SCOP d1nsya_
   59      0.3863          -0       3.742     0.000   156    3   16           1    0    251     14    251     15    T0904-D1-QUARK.pdb:A  SCOP d1viya_
   60      0.3863          -0       2.005     0.000   156    3   15           1    0    251     14    251     14    T0904-D1-QUARK.pdb:A  SCOP d1ifxa_
   61      0.3863          -0       2.005     0.000   156    3   15           1    0    251     14    251     15    T0904-D1-QUARK.pdb:A  SCOP d1kqpa_
   62      0.3862          -0        3.53     0.000   135    3   11           1    0    251     14    188     13    T0904-D1-QUARK.pdb:A  SCOP d1ybaa1
   63      0.3862          -0        3.53     0.000   135    3   11           1    0    251     14    188     12    T0904-D1-QUARK.pdb:A  SCOP d2p9ea1
   64      0.3813          -0       2.005     0.000   155    3   16           1    0    251     14    251     14    T0904-D1-QUARK.pdb:A  SCOP d1ih8a_
   65      0.3813     0.07026       4.133     0.000   155    3   13           1    0    251     14    251      5    T0904-D1-QUARK.pdb:A  SCOP d1vlga_
   66      0.3813    4.79e-06       3.157     0.000   155    3   15           1    0    251     14    251      5    T0904-D1-QUARK.pdb:A  SCOP d1euma_
   67      0.3813          -0        3.33     0.000   155    3   15           1    0    251     14    251     15    T0904-D1-QUARK.pdb:A  SCOP d1ffta_
   68      0.3808          -0         3.1     0.604   158    3   14      0.9747    0    251     14    251     14    T0904-D1-QUARK.pdb:A  SCOP d1m1la_
   69       0.378          -0       5.112     1.339   169    5   13      0.9822    0    251     14    251     13    T0904-D1-QUARK.pdb:A  SCOP d1k1aa_
   70      0.3685          -0       1.655     1.194   164    3   16      0.9756    0    251     14    251      7    T0904-D1-QUARK.pdb:A  SCOP d1c8sa_
   71      0.3683          -0       3.383     0.000   138    3   12           1    0    251     14    206     15    T0904-D1-QUARK.pdb:A  SCOP d1jpja2
   72      0.3677          -0       4.822     0.000   126    4   12           1    0    251     14    172     18    T0904-D1-QUARK.pdb:A  SCOP d1miva1
   73      0.3628          -0       2.911     0.662   134    3   11      0.9701    0    251     14    188     14    T0904-D1-QUARK.pdb:A  SCOP d2pa3a1
   74      0.3619   0.0006504       4.269     0.000   151    3   11           1    0    251     14    251      4    T0904-D1-QUARK.pdb:A  SCOP d1tp4a_
   75      0.3619   4.436e-15       3.535     0.000   151    3   12           1    0    251     14    251      5    T0904-D1-QUARK.pdb:A  SCOP d1nf6a_
   76      0.3619   1.909e-14       3.535     0.000   151    3   12           1    0    251     14    251      5    T0904-D1-QUARK.pdb:A  SCOP d1nfva_
   77      0.3619   4.436e-15       3.535     0.000   151    3   12           1    0    251     14    251      5    T0904-D1-QUARK.pdb:A  SCOP d1nf4a_
   78      0.3619          -0       2.651     0.000   151    3   13           1    0    251     14    251     11    T0904-D1-QUARK.pdb:A  SCOP d1fb1a_
   79      0.3619          -0       4.694     0.000   151    3   13           1    0    251     14    251     13    T0904-D1-QUARK.pdb:A  SCOP d1xnxa_
   80      0.3613          -0       4.836     1.034   134    7   15      0.9701    0    251     14    177     16    T0904-D1-QUARK.pdb:A  SCOP d2bapa1
   81      0.3612          -0       4.699     0.675   128    4   12      0.9688    0    251     14    172     18    T0904-D1-QUARK.pdb:A  SCOP d1miwa1
   82      0.3597          -0       3.886     0.815   156    4   13      0.9744    0    251     14    251     18    T0904-D1-QUARK.pdb:A  SCOP d1rpaa_
   83      0.3581          -0       3.552     0.000   130    3   11           1    0    251     14    188     13    T0904-D1-QUARK.pdb:A  SCOP d2p9ga1
   84      0.3581          -0       3.642     0.000   130    3   11           1    0    251     14    188     13    T0904-D1-QUARK.pdb:A  SCOP d2p9ca1
   85      0.3573          -0       3.017     0.665   133    3   11      0.9699    0    251     14    188     14    T0904-D1-QUARK.pdb:A  SCOP d1psda1
   86      0.3571          -0       2.305     0.000   150    3   14           1    0    251     14    251      5    T0904-D1-QUARK.pdb:A  SCOP d1iesa_
   87      0.3571          -0       2.305     0.000   150    3   14           1    0    251     14    251      5    T0904-D1-QUARK.pdb:A  SCOP d1iera_
   88      0.3571          -0       3.765     0.000   150    3   16           1    0    251     14    251     15    T0904-D1-QUARK.pdb:A  SCOP d1vhta_
   89      0.3571          -0       3.765     0.000   150    3   16           1    0    251     14    251     15    T0904-D1-QUARK.pdb:A  SCOP d1vhla_
   90      0.3534     0.06968       5.538     0.000   126    5   12           1    0    251     14    179      8    T0904-D1-QUARK.pdb:A  SCOP d2feza2
   91      0.3531          -0       3.864     0.000   127    3   11           1    0    251     14    182     11    T0904-D1-QUARK.pdb:A  SCOP d1a0pa2
   92      0.3524          -0       2.305     0.000   149    3   14           1    0    251     14    251      5    T0904-D1-QUARK.pdb:A  SCOP d1rcga_
   93      0.3524          -0       2.305     0.000   149    3   14           1    0    251     14    251      5    T0904-D1-QUARK.pdb:A  SCOP d1rcia_
   94      0.3524          -0       3.382     0.000   149    4   14           1    0    251     14    251     19    T0904-D1-QUARK.pdb:A  SCOP d1ny6a_
   95      0.3464          -0       2.938     0.670   131    3   12      0.9695    0    251     14    188     13    T0904-D1-QUARK.pdb:A  SCOP d1sc6a1
   96       0.343          -0       4.206     0.000   147    3   15           1    0    251     14    251     15    T0904-D1-QUARK.pdb:A  SCOP d1ggpa_
   97       0.343          -0       4.595     0.000   147    3   13           1    0    251     14    251      9    T0904-D1-QUARK.pdb:A  SCOP d1jd5a_
   98       0.343          -0       4.595     0.000   147    3   13           1    0    251     14    251      9    T0904-D1-QUARK.pdb:A  SCOP d1jd6a_
   99      0.3383          -0       1.917     0.000   146    3   16           1    0    251     14    251     15    T0904-D1-QUARK.pdb:A  SCOP d1t35a_
  100      0.3383          -0       3.986     0.000   146    3   16           1    0    251     14    251     15    T0904-D1-QUARK.pdb:A  SCOP d1jjva_
  101      0.3346          -0       2.085     0.930   152    3   16      0.9737    0    251     14    251     12    T0904-D1-QUARK.pdb:A  SCOP d1xg7a_
  102      0.3337          -0        2.37     0.000   145    3   16           1    0    251     14    251     15    T0904-D1-QUARK.pdb:A  SCOP d1t3ha_
  103      0.3337          -0       4.703     0.000   145    3   16           1    0    251     14    251     13    T0904-D1-QUARK.pdb:A  SCOP d1txua_
  104      0.3297          -0       4.392     1.053   129    7   15       0.969    0    251     14    179     17    T0904-D1-QUARK.pdb:A  SCOP d2bnxa1
  105      0.3291          -0       3.737     0.000   144    3   15           1    0    251     14    251     15    T0904-D1-QUARK.pdb:A  SCOP d1ml2a_
  106      0.3291          -0        3.12     0.000   144    3   17           1    0    251     14    251     15    T0904-D1-QUARK.pdb:A  SCOP d1bvaa_
  107      0.3291          -0       3.737     0.000   144    3   15           1    0    251     14    251     15    T0904-D1-QUARK.pdb:A  SCOP d1mkra_
  108      0.3291          -0        3.12     0.000   144    3   17           1    0    251     14    251     15    T0904-D1-QUARK.pdb:A  SCOP d1soga_
  109      0.3264          -0       5.193     0.000   109    3    5           1    0    251     14    145      8    T0904-D1-QUARK.pdb:A  SCOP d1oyja1
  110      0.3264          -0       3.885     0.000   102    3    7           1    0    251     14    127      5    T0904-D1-QUARK.pdb:A  SCOP d1jlwa1
  111      0.3259          -0       3.134     0.000   125    3   14           1    0    251     14    191     14    T0904-D1-QUARK.pdb:A  SCOP d1gdha1
  112      0.3246          -0       1.815     0.000   143    3   15           1    0    251     14    251     11    T0904-D1-QUARK.pdb:A  SCOP d1lxaa_
  113      0.3246          -0       2.612     0.000   143    4   14           1    0    251     14    251     20    T0904-D1-QUARK.pdb:A  SCOP d1lbwa_
  114      0.3237          -0       2.629     1.335   129    3   12       0.969    0    251     14    171     14    T0904-D1-QUARK.pdb:A  SCOP d1iyza2
  115      0.3205          -0       4.313     0.000   120    5   12           1    0    251     14    179      8    T0904-D1-QUARK.pdb:A  SCOP d2ff4a2
  116      0.3201   3.953e-10       1.118     0.000   142    3   14           1    0    251     14    251      6    T0904-D1-QUARK.pdb:A  SCOP d1xwma_
  117      0.3201          -0       3.872     0.000   142    3   14           1    0    251     14    251     14    T0904-D1-QUARK.pdb:A  SCOP d1sqsa_
  118      0.3195          -0       2.752     1.266   154    5   15       0.974    0    251     14    251     15    T0904-D1-QUARK.pdb:A  SCOP d1ouva_
  119      0.3176          -0       2.208     1.135   134    3   12      0.9403    0    251     14    197     15    T0904-D1-QUARK.pdb:A  SCOP d1dv2a3
  120      0.3171          -0       3.326     0.000   122    3   10           1    0    251     14    187     14    T0904-D1-QUARK.pdb:A  SCOP d1pv9a2
  121      0.3162          -0        3.09     0.942   127    3   12      0.9685    0    251     14    185     15    T0904-D1-QUARK.pdb:A  SCOP d1oipa2
  122      0.3162          -0        3.09     0.942   127    3   12      0.9685    0    251     14    185     15    T0904-D1-QUARK.pdb:A  SCOP d1r5la2
  123      0.3156          -0        1.27     0.000   141    3   13           1    0    251     14    251     15    T0904-D1-QUARK.pdb:A  SCOP d1bkca_
  124      0.3146          -0       3.291     1.574   159    3   15      0.9748    0    251     14    251     15    T0904-D1-QUARK.pdb:A  SCOP d1h3ja_
  125      0.3079          -0       4.048     0.943   146    3   14      0.9726    0    251     14    251     10    T0904-D1-QUARK.pdb:A  SCOP d1l8wa_
  126      0.3067          -0       2.977     0.000   139    3   16           1    0    251     14    251     15    T0904-D1-QUARK.pdb:A  SCOP d1cmva_
  127      0.3067          -0      0.9842     0.000   139    3   14           1    0    251     14    251     11    T0904-D1-QUARK.pdb:A  SCOP d1fm6a_
  128      0.3063          -0       2.065     0.637   142    3   18      0.9718    0    251     14    251     10    T0904-D1-QUARK.pdb:A  SCOP d1fx8a_
  129      0.3063          -0       2.065     0.637   142    3   18      0.9718    0    251     14    251     10    T0904-D1-QUARK.pdb:A  SCOP d1ldfa_
  130       0.306          -0       3.666     0.643   142    3   15      0.9718    0    251     14    251     12    T0904-D1-QUARK.pdb:A  SCOP d1h0oa_
  131      0.3049          -0       4.917     0.000   111    4    8           1    0    251     14    161     13    T0904-D1-QUARK.pdb:A  SCOP d1ou5a1
  132      0.3023          -0       2.767     0.000   138    4   18           1    0    251     14    251     16    T0904-D1-QUARK.pdb:A  SCOP d1t5ja_
  133      0.3023          -0       2.477     0.000   138    3   13           1    0    251     14    251     12    T0904-D1-QUARK.pdb:A  SCOP d1xata_
  134      0.3007          -0       1.867     1.943   164    3   19      0.9756    0    251     14    251     12    T0904-D1-QUARK.pdb:A  SCOP d1hm7a_
  135      0.2998   1.546e-10       4.756     0.000   108    3    8           1    0    251     14    155     13    T0904-D1-QUARK.pdb:A  SCOP d1udxa2
  136      0.2973          -0       4.023     1.548   154    5   15       0.961    0    251     14    251     14    T0904-D1-QUARK.pdb:A  SCOP d1k1ba_
  137      0.2962          -0       2.178     1.250   148    4   15       0.973    0    251     14    251     20    T0904-D1-QUARK.pdb:A  SCOP d1ltza_
  138      0.2946          -0        3.46     0.957   143    4   13       0.972    0    251     14    251     20    T0904-D1-QUARK.pdb:A  SCOP d2ptda_
  139      0.2946          -0       3.343     0.957   143    4   13       0.972    0    251     14    251     17    T0904-D1-QUARK.pdb:A  SCOP d6ptda_
  140      0.2946          -0       3.343     0.957   143    4   13       0.972    0    251     14    251     20    T0904-D1-QUARK.pdb:A  SCOP d1ptga_
  141      0.2946          -0       3.343     0.957   143    4   13       0.972    0    251     14    251     19    T0904-D1-QUARK.pdb:A  SCOP d5ptda_
  142      0.2938          -0       4.187     0.940   135    3   11      0.9704    0    251     14    225     14    T0904-D1-QUARK.pdb:A  SCOP d1u0la2
  143      0.2936          -0       3.903     0.000   136    3   13           1    0    251     14    251     15    T0904-D1-QUARK.pdb:A  SCOP d1vjua_
  144      0.2936          -0       2.525     0.000   136    3   17           1    0    251     14    251     10    T0904-D1-QUARK.pdb:A  SCOP d5csma_
  145      0.2936          -0      0.9842     0.000   136    3   15           1    0    251     14    251     13    T0904-D1-QUARK.pdb:A  SCOP d1lbda_
  146      0.2931          -0       3.697     1.116   145    3   14      0.9724    0    251     14    251     15    T0904-D1-QUARK.pdb:A  SCOP d1chka_
  147      0.2922          -0      0.2618     1.132   145    3   18      0.9793    0    251     14    251      7    T0904-D1-QUARK.pdb:A  SCOP d1r9ka_
  148      0.2906          -0       3.372     0.689   123    3   10      0.9756    0    251     14    197     15    T0904-D1-QUARK.pdb:A  SCOP d1j4aa1
  149      0.2896          -0       2.756     1.821   158    3   18      0.9747    0    251     14    251     14    T0904-D1-QUARK.pdb:A  SCOP d1hm4a_
  150      0.2893          -0       2.065     0.000   135    3   14           1    0    251     14    251     15    T0904-D1-QUARK.pdb:A  SCOP d1o29a_
  151      0.2893          -0       1.737     0.000   135    3   15           1    0    251     14    251      8    T0904-D1-QUARK.pdb:A  SCOP d1m4ra_
  152       0.289          -0       2.301     0.644   138    3   13       0.971    0    251     14    251      6    T0904-D1-QUARK.pdb:A  SCOP d1qc7a_
  153      0.2886          -0       2.545     0.653   138    3   15       0.971    0    251     14    251     13    T0904-D1-QUARK.pdb:A  SCOP d1m7wa_
  154      0.2873          -0        2.34     0.000   121    4   11           1    0    251     14    203     18    T0904-D1-QUARK.pdb:A  SCOP d1p8ja2
  155      0.2871          -0       2.641     1.611   126    3   11      0.9762    0    251     14    171     14    T0904-D1-QUARK.pdb:A  SCOP d1iz0a2
  156      0.2869          -0       4.684     0.000    91    3    7           1    0    251     14    115     11    T0904-D1-QUARK.pdb:A  SCOP d1hk1a2
  157      0.2869          -0       4.684     0.000    91    3    7           1    0    251     14    115     10    T0904-D1-QUARK.pdb:A  SCOP d1hk2a2
  158       0.285          -0       2.065     0.000   134    3   14           1    0    251     14    251     15    T0904-D1-QUARK.pdb:A  SCOP d1o27a_
  159       0.285          -0       2.065     0.000   134    3   14           1    0    251     14    251     15    T0904-D1-QUARK.pdb:A  SCOP d1o28a_
  160       0.285          -0       2.065     0.000   134    3   14           1    0    251     14    251     15    T0904-D1-QUARK.pdb:A  SCOP d1o24a_
  161       0.285          -0       2.065     0.000   134    3   14           1    0    251     14    251     15    T0904-D1-QUARK.pdb:A  SCOP d1kq4a_
  162       0.285          -0       3.214     0.000   134    3   13           1    0    251     14    251      9    T0904-D1-QUARK.pdb:A  SCOP d1vyia_
  163       0.285          -0       2.065     0.000   134    3   14           1    0    251     14    251     15    T0904-D1-QUARK.pdb:A  SCOP d1o2aa_
  164       0.285          -0       2.065     0.000   134    3   14           1    0    251     14    251     15    T0904-D1-QUARK.pdb:A  SCOP d1o25a_
  165       0.285          -0       2.766     0.000   134    3   15           1    0    251     14    251     11    T0904-D1-QUARK.pdb:A  SCOP d1pbwa_
  166      0.2839          -0       2.311     1.257   145    3   15      0.9724    0    251     14    251     13    T0904-D1-QUARK.pdb:A  SCOP d1ie9a_
  167      0.2839          -0       2.311     1.257   145    3   15      0.9724    0    251     14    251     13    T0904-D1-QUARK.pdb:A  SCOP d1s0za_
  168      0.2839          -0       2.311     1.257   145    3   15      0.9724    0    251     14    251     13    T0904-D1-QUARK.pdb:A  SCOP d1s19a_
  169      0.2834          -0       3.343     0.000   109    3   12           1    0    251     14    167     14    T0904-D1-QUARK.pdb:A  SCOP d1qapa1
  170       0.283          -0       3.253     2.400   171    3   15      0.5146    0    251     14    251     13    T0904-D1-QUARK.pdb:A  SCOP d1vg7a_
  171      0.2788          -0       1.916     1.863   156    3   20      0.9744    0    251     14    251     14    T0904-D1-QUARK.pdb:A  SCOP d1ps1a_
  172      0.2763          -0       1.027     0.651   135    3   13      0.9704    0    251     14    251      5    T0904-D1-QUARK.pdb:A  SCOP d2htsa_
  173      0.2753          -0       1.645     1.148   141    3   16      0.9787    0    251     14    251      9    T0904-D1-QUARK.pdb:A  SCOP d1r6ea_
  174      0.2745          -0       4.069     0.000    83    3    7           1    0    251     14    100      7    T0904-D1-QUARK.pdb:A  SCOP d1xxha1
  175      0.2724          -0       1.466     0.000   131    3   16           1    0    251     14    251     14    T0904-D1-QUARK.pdb:A  SCOP d1smsa_
  176      0.2724          -0       2.781     0.000   131    3   14           1    0    251     14    251     13    T0904-D1-QUARK.pdb:A  SCOP d1r20a_
  177      0.2703   4.707e-12       3.672     0.000    84    3    3           1    0    251     14    104      5    T0904-D1-QUARK.pdb:A  SCOP d2phga2
  178        0.27          -0       3.032     1.559   147    3   13      0.9796    0    251     14    251     15    T0904-D1-QUARK.pdb:A  SCOP d1ex9a_
  179      0.2694          -0       3.082     1.375   120    3   12      0.9667    0    251     14    176     13    T0904-D1-QUARK.pdb:A  SCOP d1m3qa1
  180      0.2694          -0       3.056     1.375   120    3   12      0.9667    0    251     14    176     13    T0904-D1-QUARK.pdb:A  SCOP d1hu0a1
  181      0.2694          -0       3.146     0.977   137    4   13      0.9708    0    251     14    251     20    T0904-D1-QUARK.pdb:A  SCOP d4ptda_
  182      0.2692          -0       1.361     1.521   146    3   17      0.9726    0    251     14    251     10    T0904-D1-QUARK.pdb:A  SCOP d1s6ca_
  183      0.2682          -0       2.743     0.000   130    3   18           1    0    251     14    251     11    T0904-D1-QUARK.pdb:A  SCOP d1csma_
  184      0.2666          -0       1.906     1.163   139    3   16      0.9712    0    251     14    251      5    T0904-D1-QUARK.pdb:A  SCOP d1ny9a_
  185      0.2648          -0       5.776     1.478   144    5   10      0.9792    0    251     14    251     20    T0904-D1-QUARK.pdb:A  SCOP d1avra_
  186      0.2648          -0       5.776     1.478   144    5   10      0.9792    0    251     14    251     20    T0904-D1-QUARK.pdb:A  SCOP d1hvda_
  187      0.2648          -0       5.776     1.478   144    5   10      0.9792    0    251     14    251     20    T0904-D1-QUARK.pdb:A  SCOP d1hvfa_
  188      0.2648          -0       5.632     1.478   144    5   10      0.9792    0    251     14    251     20    T0904-D1-QUARK.pdb:A  SCOP d1hvea_
  189      0.2646          -0       1.642     1.316   141    4   15      0.9433    0    251     14    251     20    T0904-D1-QUARK.pdb:A  SCOP d1lb9a_
  190      0.2641          -0       1.298     0.000   129    3   15           1    0    251     14    251     15    T0904-D1-QUARK.pdb:A  SCOP d2prga_
  191      0.2627          -0       2.553     1.509   144    4   16      0.9722    0    251     14    251     16    T0904-D1-QUARK.pdb:A  SCOP d1ij5a_
  192      0.2611          -0      0.1078     1.531   144    3   20      0.9722    0    251     14    251     15    T0904-D1-QUARK.pdb:A  SCOP d1rdfa_
  193      0.2611          -0       3.108     2.238   160    3   16        0.55    0    251     14    251     13    T0904-D1-QUARK.pdb:A  SCOP d1vg2a_
  194      0.2611          -0       3.122     2.238   160    3   16        0.55    0    251     14    251     12    T0904-D1-QUARK.pdb:A  SCOP d1v4ka_
  195       0.261          -0      0.6644     0.981   118    3   13      0.9661    0    251     14    192     15    T0904-D1-QUARK.pdb:A  SCOP d1kyza2
  196      0.2604          -0       3.082     2.246   160    3   16        0.55    0    251     14    251     12    T0904-D1-QUARK.pdb:A  SCOP d1v4ha_
  197      0.2601          -0        1.33     0.000   128    3   14           1    0    251     14    251     10    T0904-D1-QUARK.pdb:A  SCOP d1hj1a_
  198      0.2601          -0       1.564     0.000   128    3   13           1    0    251     14    251     12    T0904-D1-QUARK.pdb:A  SCOP d1q89a_
  199      0.2597          -0       3.082     1.386   118    3   12      0.9661    0    251     14    176     13    T0904-D1-QUARK.pdb:A  SCOP d2noea1
  200      0.2597          -0       3.082     1.386   118    3   12      0.9661    0    251     14    176     13    T0904-D1-QUARK.pdb:A  SCOP d2nola1
  201      0.2597          -0       2.938     1.386   118    3   12      0.9661    0    251     14    176     13    T0904-D1-QUARK.pdb:A  SCOP d1yqma1
  202      0.2597          -0       3.082     1.386   118    3   12      0.9661    0    251     14    176     13    T0904-D1-QUARK.pdb:A  SCOP d1lwya1
  203      0.2583          -0       3.831     1.615   129    4   12      0.9225    0    251     14    199     16    T0904-D1-QUARK.pdb:A  SCOP d1dxya1
  204      0.2573          -0       2.964     2.244   159    3   16      0.5472    0    251     14    251     12    T0904-D1-QUARK.pdb:A  SCOP d1v4ia_
  205      0.2573          -0       3.082     2.244   159    3   16      0.5472    0    251     14    251     12    T0904-D1-QUARK.pdb:A  SCOP d1vg6a_
  206      0.2552      0.3805       4.699     1.723   143    3    7       0.972    0    251     14    240     15    T0904-D1-QUARK.pdb:A  SCOP d2exla1
  207       0.255          -0       3.082     1.391   117    3   13      0.9658    0    251     14    176     13    T0904-D1-QUARK.pdb:A  SCOP d1ebma1
  208       0.255          -0       3.082     1.391   117    3   13      0.9658    0    251     14    176     13    T0904-D1-QUARK.pdb:A  SCOP d1lwwa1
  209       0.255          -0       3.082     1.392   117    3   12      0.9658    0    251     14    176     13    T0904-D1-QUARK.pdb:A  SCOP d2noba1
  210       0.255          -0       3.082     1.392   117    3   12      0.9658    0    251     14    176     13    T0904-D1-QUARK.pdb:A  SCOP d1yqla1
  211       0.255          -0         3.2     1.392   117    3   12      0.9658    0    251     14    176     13    T0904-D1-QUARK.pdb:A  SCOP d1yqka1
  212       0.255          -0       2.938     1.392   117    3   12      0.9658    0    251     14    176     13    T0904-D1-QUARK.pdb:A  SCOP d2noza1
  213      0.2512          -0       2.814     1.555   121    3   11      0.9669    0    251     14    183     10    T0904-D1-QUARK.pdb:A  SCOP d1pvsa1
  214      0.2503   0.0001089       4.204     1.327   104    3    8      0.9712    0    251     14    144     10    T0904-D1-QUARK.pdb:A  SCOP d1orba2
  215      0.2486          -0       4.142     0.000    79    3    6           1    0    251     14    100      7    T0904-D1-QUARK.pdb:A  SCOP d1xxia1
  216      0.2481          -0       2.872     0.000    91    3    8           1    0    251     14    133     15    T0904-D1-QUARK.pdb:A  SCOP d1jroa4
  217      0.2481          -0       2.872     0.000    91    3    8           1    0    251     14    133     15    T0904-D1-QUARK.pdb:A  SCOP d1jrpa4
  218      0.2479          -0       1.961     1.991   150    3   15      0.9467    0    251     14    251      9    T0904-D1-QUARK.pdb:A  SCOP d1emua_
  219      0.2475          -0      0.3114     0.676   128    3   17      0.9688    0    251     14    251     15    T0904-D1-QUARK.pdb:A  SCOP d1chda_
  220      0.2473          -0       4.854     0.000    83    3    6           1    0    251     14    111     11    T0904-D1-QUARK.pdb:A  SCOP d1k4sa2
  221      0.2467          -0       1.642     0.968   131    3   13      0.9771    0    251     14    251     10    T0904-D1-QUARK.pdb:A  SCOP d1ae9a_
  222      0.2453          -0       3.372     0.000    98    3    9           1    0    251     14    156     15    T0904-D1-QUARK.pdb:A  SCOP d1vj0a2
  223      0.2452          -0       1.635     1.011   112    3   14      0.9643    0    251     14    183     10    T0904-D1-QUARK.pdb:A  SCOP d1mpga1
  224      0.2451          -0        6.22     1.504   139    5   10      0.9784    0    251     14    251     20    T0904-D1-QUARK.pdb:A  SCOP d1alaa_
  225      0.2445          -0       4.099     0.000    94    3    8           1    0    251     14    144      7    T0904-D1-QUARK.pdb:A  SCOP d2g7la2
  226      0.2445          -0        3.72     1.514   139    3   11      0.9712    0    251     14    251     14    T0904-D1-QUARK.pdb:A  SCOP d1io2a_
  227      0.2444   6.537e-12       3.504     1.094    99    3    9      0.9596    0    251     14    141     15    T0904-D1-QUARK.pdb:A  SCOP d1j1za2
  228      0.2444          -0       3.504     1.094    99    3    9      0.9596    0    251     14    141     15    T0904-D1-QUARK.pdb:A  SCOP d1kh1a2
  229      0.2444          -0       3.504     1.094    99    3    9      0.9596    0    251     14    141     15    T0904-D1-QUARK.pdb:A  SCOP d1kh3a2
  230      0.2444          -0       3.504     1.094    99    3    9      0.9596    0    251     14    141     15    T0904-D1-QUARK.pdb:A  SCOP d1kh2a2
  231      0.2444          -0       3.504     1.094    99    3    9      0.9596    0    251     14    141     15    T0904-D1-QUARK.pdb:A  SCOP d1kora2
  232      0.2444   6.537e-12       3.504     1.094    99    3    9      0.9596    0    251     14    141     15    T0904-D1-QUARK.pdb:A  SCOP d1j20a2
  233      0.2444          -0       3.504     1.094    99    3    9      0.9596    0    251     14    141     15    T0904-D1-QUARK.pdb:A  SCOP d1j21a2
  234      0.2431          -0       2.805     1.619   128    3   13      0.9766    0    251     14    208     15    T0904-D1-QUARK.pdb:A  SCOP d1jpna2
  235      0.2427          -0       1.775     1.486   138    4   15      0.9783    0    251     14    251     20    T0904-D1-QUARK.pdb:A  SCOP d1y9ua_
  236      0.2411          -0       1.233     0.000   120    3   17           1    0    251     14    238     14    T0904-D1-QUARK.pdb:A  SCOP d1z1ba2
  237      0.2406          -0      0.6921     1.958   147    3   18       0.619    0    251     14    251      8    T0904-D1-QUARK.pdb:A  SCOP d1lw1a_
  238      0.2397      0.4302       4.735     0.000    76    3    3           1    0    251     14     96      5    T0904-D1-QUARK.pdb:A  SCOP d2phga1
  239      0.2396          -0       1.389     0.682   126    3   18      0.9683    0    251     14    251     15    T0904-D1-QUARK.pdb:A  SCOP d1ldka_
  240      0.2391          -0       1.774     0.000    91    3    9           1    0    251     14    138     14    T0904-D1-QUARK.pdb:A  SCOP d1jhda2
  241      0.2387          -0       3.193     0.000    83    3    8           1    0    251     14    115     11    T0904-D1-QUARK.pdb:A  SCOP d1e7fa2
  242      0.2377          -0       1.154     1.001   129    4   17       0.969    0    251     14    251     20    T0904-D1-QUARK.pdb:A  SCOP d1agma_
  243      0.2377          -0       1.154     1.001   129    4   17       0.969    0    251     14    251     20    T0904-D1-QUARK.pdb:A  SCOP d1glma_
  244      0.2377          -0       1.154     1.001   129    4   17       0.969    0    251     14    251     20    T0904-D1-QUARK.pdb:A  SCOP d3glya_
  245      0.2377          -0       1.154     1.001   129    4   17       0.969    0    251     14    251     20    T0904-D1-QUARK.pdb:A  SCOP d1gaha_
  246      0.2377          -0       1.154     1.001   129    4   17       0.969    0    251     14    251     20    T0904-D1-QUARK.pdb:A  SCOP d1gaia_
  247      0.2371          -0       3.062     2.049   148    3   15      0.9797    0    251     14    251     15    T0904-D1-QUARK.pdb:A  SCOP d1jjfa_
  248      0.2371          -0       3.147     2.049   148    3   15      0.9797    0    251     14    251     15    T0904-D1-QUARK.pdb:A  SCOP d1jt2a_
  249      0.2363          -0       2.454     1.363   134    3   15      0.9701    0    251     14    251     15    T0904-D1-QUARK.pdb:A  SCOP d1ezma_
  250      0.2363          -0       1.452     0.000   122    3   14           1    0    251     14    251     11    T0904-D1-QUARK.pdb:A  SCOP d1q88a_
  251      0.2361          -0        1.03     2.312   154    5   18      0.5455    0    251     14    251      9    T0904-D1-QUARK.pdb:A  SCOP d1qjaa_
  252      0.2357          -0       1.973     0.684   125    3   13       0.976    0    251     14    251      5    T0904-D1-QUARK.pdb:A  SCOP d1l3pa_
  253      0.2353          -0       2.858     1.653   139    3   12      0.9784    0    251     14    251     14    T0904-D1-QUARK.pdb:A  SCOP d1pw4a_
  254      0.2351          -0      0.8003     0.747   102    3   11      0.9608    0    251     14    166     11    T0904-D1-QUARK.pdb:A  SCOP d1jkja2
  255      0.2341          -0       1.996     1.635   125    3   13       0.976    0    251     14    205     15    T0904-D1-QUARK.pdb:A  SCOP d1okka2
  256      0.2326     0.04489       4.414     0.000    83    3    8           1    0    251     14    118      9    T0904-D1-QUARK.pdb:A  SCOP d1lc0a2
  257      0.2326     0.04489       4.414     0.000    83    3    8           1    0    251     14    118     10    T0904-D1-QUARK.pdb:A  SCOP d1gcua2
  258      0.2326     0.04489       4.414     0.000    83    3    8           1    0    251     14    118      9    T0904-D1-QUARK.pdb:A  SCOP d1lc3a2
  259      0.2321          -0      0.7729     1.249   131    3   13      0.9771    0    251     14    251     15    T0904-D1-QUARK.pdb:A  SCOP d1ice.1
  260      0.2318          -0       1.477     1.152   109    3   11      0.9633    0    251     14    178     14    T0904-D1-QUARK.pdb:A  SCOP d1t6da2
  261      0.2307          -0      0.5254     1.820   141    3   17      0.9504    0    251     14    251     15    T0904-D1-QUARK.pdb:A  SCOP d1oroa_
  262      0.2299          -0       3.356     2.402   132    3   12       0.947    0    251     14    184     15    T0904-D1-QUARK.pdb:A  SCOP d1oiza2
  263      0.2299          -0        4.89     1.734   139    4   12      0.9712    0    251     14    251     17    T0904-D1-QUARK.pdb:A  SCOP d1ty8a_
  264      0.2291          -0      0.6226     1.795   140    3   20      0.9714    0    251     14    251     14    T0904-D1-QUARK.pdb:A  SCOP d1xqoa_
  265      0.2283          -0      0.5555     1.254   130    3   14      0.9769    0    251     14    251     15    T0904-D1-QUARK.pdb:A  SCOP d1sc1.1
  266      0.2283          -0      0.5555     1.254   130    3   14      0.9769    0    251     14    251     15    T0904-D1-QUARK.pdb:A  SCOP d1sc4.1
  267      0.2283          -0       3.239     1.757   139    4   12      0.9784    0    251     14    251     20    T0904-D1-QUARK.pdb:A  SCOP d3ptda_
  268      0.2283          -0       3.239     1.757   139    4   12      0.9784    0    251     14    251     19    T0904-D1-QUARK.pdb:A  SCOP d7ptda_
  269      0.2283          -0       3.343     1.757   139    4   12      0.9784    0    251     14    251     20    T0904-D1-QUARK.pdb:A  SCOP d1gyma_
  270      0.2277          -0       2.664     2.003   144    4   16      0.9444    0    251     14    251     18    T0904-D1-QUARK.pdb:A  SCOP d1lrva_
  271      0.2277          -0      0.1568     1.330   131    3   16      0.9695    0    251     14    251      5    T0904-D1-QUARK.pdb:A  SCOP d1g8qa_
  272      0.2273          -0      0.4212     1.456   133    3   16      0.9774    0    251     14    251      8    T0904-D1-QUARK.pdb:A  SCOP d1k95a_
  273      0.2265          -0       1.589     1.685   137    3   12      0.9708    0    251     14    251     12    T0904-D1-QUARK.pdb:A  SCOP d1ogla_
  274      0.2263          -0       2.124     1.156   105    3   11      0.9619    0    251     14    169     15    T0904-D1-QUARK.pdb:A  SCOP d2dw7a1
  275      0.2262          -0       4.881     1.740   138    4   13       0.971    0    251     14    251     18    T0904-D1-QUARK.pdb:A  SCOP d1txza_
  276      0.2262          -0       1.154     1.013   126    4   17      0.9683    0    251     14    251     20    T0904-D1-QUARK.pdb:A  SCOP d1doga_
  277      0.2258          -0       3.237     0.825    83    3    6      0.9518    0    251     14    113     12    T0904-D1-QUARK.pdb:A  SCOP d1ohca2
  278      0.2251          -0       4.509     1.854   140    4   10      0.9857    0    251     14    251     11    T0904-D1-QUARK.pdb:A  SCOP d1to9a_
  279      0.2249          -0       3.797     0.000    86    3    6           1    0    251     14    131      5    T0904-D1-QUARK.pdb:A  SCOP d1gtia1
  280      0.2245          -0       2.204     2.048   144    7   17      0.9167    0    251     14    251     17    T0904-D1-QUARK.pdb:A  SCOP d1wdya_
  281      0.2244          -0      0.7188     0.754   100    3   13        0.96    0    251     14    167     12    T0904-D1-QUARK.pdb:A  SCOP d1oi7a2
  282      0.2242          -0       2.605     1.617   135    5   13      0.9704    0    251     14    251     18    T0904-D1-QUARK.pdb:A  SCOP d1fp3a_
  283      0.2237          -0      0.5254     1.459   132    3   17      0.9773    0    251     14    251      8    T0904-D1-QUARK.pdb:A  SCOP d1f4oa_
  284      0.2235          -0       2.477     1.679   136    3   13      0.9779    0    251     14    251     10    T0904-D1-QUARK.pdb:A  SCOP d1di1a_
  285      0.2231          -0       4.475     2.052   132    4   13      0.9697    0    251     14    212     20    T0904-D1-QUARK.pdb:A  SCOP d1w6ka2
  286      0.2218          -0      0.6226     1.806   138    3   19       0.971    0    251     14    251     14    T0904-D1-QUARK.pdb:A  SCOP d1xqpa_
  287      0.2212          -0       2.477     1.383   130    3   15      0.9692    0    251     14    251     15    T0904-D1-QUARK.pdb:A  SCOP d1u4ga_
  288      0.2204          -0       2.487     0.000    92    3    8           1    0    251     14    153      6    T0904-D1-QUARK.pdb:A  SCOP d1gnea1
  289      0.2202          -0       3.077     0.830    82    3    6      0.9512    0    251     14    113     12    T0904-D1-QUARK.pdb:A  SCOP d1ohea2
  290      0.2202          -0       3.077     0.830    82    3    6      0.9512    0    251     14    113     13    T0904-D1-QUARK.pdb:A  SCOP d1ohda2
  291      0.2199          -0        2.37     1.787   137    3   18      0.9781    0    251     14    251     15    T0904-D1-QUARK.pdb:A  SCOP d1c8ia_
  292      0.2195          -0       2.929     0.000    93    3   10           1    0    251     14    157     15    T0904-D1-QUARK.pdb:A  SCOP d1vl6a1
  293      0.2193          -0      0.9791     1.718   120    3   13      0.9333    0    251     14    197     14    T0904-D1-QUARK.pdb:A  SCOP d1dv1a3
  294      0.2192          -0      0.8326     1.990   141    3   14      0.9433    0    251     14    251     13    T0904-D1-QUARK.pdb:A  SCOP d1oyka_
  295      0.2185          -0      0.2861     1.857   121    3   15      0.9835    0    251     14    193     15    T0904-D1-QUARK.pdb:A  SCOP d1hl3a1
  296      0.2174          -0       3.135     0.000    98    3   13           1    0    251     14    176     14    T0904-D1-QUARK.pdb:A  SCOP d1zbsa1
  297      0.2165          -0       2.075     2.119   143    3   14       0.986    0    251     14    251     15    T0904-D1-QUARK.pdb:A  SCOP d1r53a_
  298      0.2163          -0        2.36     1.793   136    3   18      0.9779    0    251     14    251     15    T0904-D1-QUARK.pdb:A  SCOP d1hsra_
  299      0.2163          -0        2.36     1.793   136    3   18      0.9779    0    251     14    251     15    T0904-D1-QUARK.pdb:A  SCOP d1gzaa_
  300      0.2163          -0        2.36     1.793   136    3   18      0.9779    0    251     14    251     15    T0904-D1-QUARK.pdb:A  SCOP d1arpa_
  301      0.2163          -0        2.36     1.793   136    3   18      0.9779    0    251     14    251     15    T0904-D1-QUARK.pdb:A  SCOP d1gzba_
  302      0.2163          -0        2.36     1.793   136    3   18      0.9779    0    251     14    251     15    T0904-D1-QUARK.pdb:A  SCOP d1arxa_
  303      0.2162          -0       3.152     0.000    79    3    8           1    0    251     14    115     10    T0904-D1-QUARK.pdb:A  SCOP d1e7ha2
  304      0.2162          -0        3.03     0.000    79    3    8           1    0    251     14    115     10    T0904-D1-QUARK.pdb:A  SCOP d1gnja2
  305      0.2144          -0       2.213     1.872   137    3   18      0.9708    0    251     14    251     15    T0904-D1-QUARK.pdb:A  SCOP d1arya_
  306      0.2144          -0       2.213     1.872   137    3   18      0.9708    0    251     14    251     15    T0904-D1-QUARK.pdb:A  SCOP d1arua_
  307      0.2144          -0       2.213     1.872   137    3   18      0.9708    0    251     14    251     15    T0904-D1-QUARK.pdb:A  SCOP d1ck6a_
  308      0.2132          -0       1.535     2.465   150    4   12      0.9533    0    251     14    251      9    T0904-D1-QUARK.pdb:A  SCOP d1h6oa_
  309      0.2132   1.022e-09       5.268     2.124   142    4   11      0.9859    0    251     14    251     14    T0904-D1-QUARK.pdb:A  SCOP d1mhpa_
  310      0.2131          -0       2.448     1.620   109    3   11      0.9633    0    251     14    172     14    T0904-D1-QUARK.pdb:A  SCOP d1bxza2
  311      0.2127          -0        2.35     1.800   135    3   18      0.9778    0    251     14    251     15    T0904-D1-QUARK.pdb:A  SCOP d1arva_
  312      0.2126          -0       3.071     1.641   104    3    9      0.9423    0    251     14    156     13    T0904-D1-QUARK.pdb:A  SCOP d2auma1
  313      0.2126          -0       3.071     1.641   104    3    9      0.9423    0    251     14    156     13    T0904-D1-QUARK.pdb:A  SCOP d2auna1
  314      0.2123          -0      0.8559     1.704   133    3   14      0.9398    0    251     14    251     15    T0904-D1-QUARK.pdb:A  SCOP d5pgma_
  315      0.2121          -0       2.501     1.707   133    4   14      0.9474    0    251     14    251     20    T0904-D1-QUARK.pdb:A  SCOP d1lvwa_
  316      0.2108          -0        2.56     0.000    78    3    9           1    0    251     14    115     11    T0904-D1-QUARK.pdb:A  SCOP d1tf0a2
  317      0.2108          -0       3.152     0.000    78    3    8           1    0    251     14    115     11    T0904-D1-QUARK.pdb:A  SCOP d1bj5a2
  318      0.2108          -0       3.152     0.000    78    3    9           1    0    251     14    115     11    T0904-D1-QUARK.pdb:A  SCOP d1e7ga2
  319      0.2108          -0       3.152     0.000    78    3    9           1    0    251     14    115     11    T0904-D1-QUARK.pdb:A  SCOP d1hk5a2
  320      0.2101          -0       2.883     0.779    94    4   10      0.9681    0    251     14    157      7    T0904-D1-QUARK.pdb:A  SCOP d1u5ka2
  321      0.2093          -0      0.2534     1.592   130    3   17      0.9692    0    251     14    251     14    T0904-D1-QUARK.pdb:A  SCOP d1mnpa_
  322      0.2084          -0       2.247     2.075   116    3   13      0.9138    0    251     14    174     15    T0904-D1-QUARK.pdb:A  SCOP d1yb5a2
  323      0.2083          -0       1.885     1.820   134    3   12      0.9776    0    251     14    251      5    T0904-D1-QUARK.pdb:A  SCOP d1veia_
  324      0.2082          -0       4.881     1.772   133    4   12      0.9699    0    251     14    251     18    T0904-D1-QUARK.pdb:A  SCOP d1njra_
  325       0.208          -0       2.894     1.442   127    3   13      0.9685    0    251     14    251     12    T0904-D1-QUARK.pdb:A  SCOP d1lv2a_
  326      0.2076          -0       1.975     0.788    95    3   10      0.9789    0    251     14    162     12    T0904-D1-QUARK.pdb:A  SCOP d2d0oa1
  327      0.2075          -0       1.693     2.166   141    8   18      0.8865    0    251     14    251     23    T0904-D1-QUARK.pdb:A  SCOP d1w3ba_
  328      0.2063          -0     0.08491     0.000   114    3   15           1    0    251     14    251     12    T0904-D1-QUARK.pdb:A  SCOP d1cnsa_
  329      0.2057          -0       3.056     1.782   108    4   11       0.963    0    251     14    167     18    T0904-D1-QUARK.pdb:A  SCOP d1yira1
  330      0.2052          -0       3.062     1.717   131    3   12      0.9695    0    251     14    251     10    T0904-D1-QUARK.pdb:A  SCOP d1m5xa_
  331      0.2052          -0      0.6977     2.017   137    4   16      0.9124    0    251     14    251     20    T0904-D1-QUARK.pdb:A  SCOP d1lb8a_
  332       0.205          -0       2.501     2.073   113    3   10      0.9558    0    251     14    168     14    T0904-D1-QUARK.pdb:A  SCOP d1ntoa2
  333      0.2044          -0       2.726     1.398    88    3    9      0.9659    0    251     14    124      7    T0904-D1-QUARK.pdb:A  SCOP d2ofpa1
  334      0.2038          -0        2.15     1.576   128    3   13      0.9688    0    251     14    251     11    T0904-D1-QUARK.pdb:A  SCOP d1lqja_
  335      0.2038          -0       1.607     1.576   128    3   12      0.9688    0    251     14    251     14    T0904-D1-QUARK.pdb:A  SCOP d1m1ua_
  336      0.2038          -0       1.607     1.576   128    3   12      0.9688    0    251     14    251     15    T0904-D1-QUARK.pdb:A  SCOP d1idoa_
  337      0.2037          -0      0.9408     1.911   119    3   13      0.9328    0    251     14    197     13    T0904-D1-QUARK.pdb:A  SCOP d1bnca3
  338      0.2037          -0       1.737     1.367   100    4   12        0.96    0    251     14    162     12    T0904-D1-QUARK.pdb:A  SCOP d1qufa2
  339      0.2028          -0       1.524     1.650   129    4   13       0.969    0    251     14    251      6    T0904-D1-QUARK.pdb:A  SCOP d1ddfa_
  340      0.2023          -0     0.05864     1.513   112    3   13      0.9286    0    251     14    197      9    T0904-D1-QUARK.pdb:A  SCOP d1xkpa1
  341       0.202          -0       1.795     1.689   117    3   14      0.9744    0    251     14    205     15    T0904-D1-QUARK.pdb:A  SCOP d2cnwa2
  342      0.2015          -0     0.07205     1.665   113    3   15      0.9735    0    251     14    193     14    T0904-D1-QUARK.pdb:A  SCOP d1hkua1
  343      0.2009          -0       3.338     1.737   111    3   12       0.964    0    251     14    183     10    T0904-D1-QUARK.pdb:A  SCOP d1diza1
  344      0.2005          -0      0.8354     2.092   137    5   21      0.9416    0    251     14    251     17    T0904-D1-QUARK.pdb:A  SCOP d1tnoa_
  345      0.2002     0.03283       4.007     1.409    93    3    8       0.957    0    251     14    141      9    T0904-D1-QUARK.pdb:A  SCOP d1tvca2
  346      0.2001          -0       3.152     0.000    76    3    8           1    0    251     14    115     10    T0904-D1-QUARK.pdb:A  SCOP d1e7ia2
  347      0.2001          -0       3.152     0.000    76    3    9           1    0    251     14    115     11    T0904-D1-QUARK.pdb:A  SCOP d1bkea2
  348         0.2          -0      0.7457     2.026   120    3   14        0.95    0    251     14    197     15    T0904-D1-QUARK.pdb:A  SCOP d1ulza3
  349      0.1999          -0       2.019     1.858   132    3   14      0.9545    0    251     14    251     14    T0904-D1-QUARK.pdb:A  SCOP d1u77a_
  350      0.1993          -0       1.836     1.765   130    3   14      0.9769    0    251     14    251     13    T0904-D1-QUARK.pdb:A  SCOP d1cbya_
  351      0.1993          -0       1.583     1.373    99    4   12      0.9596    0    251     14    162     13    T0904-D1-QUARK.pdb:A  SCOP d1quea2
  352      0.1987          -0     0.02987     1.878   132    3   17       0.947    0    251     14    251     15    T0904-D1-QUARK.pdb:A  SCOP d1opra_
  353      0.1987          -0       1.372     2.556   147    4   18      0.9728    0    251     14    251     20    T0904-D1-QUARK.pdb:A  SCOP d1u60a_
  354      0.1987          -0       3.564     0.000    78    3    8           1    0    251     14    122     14    T0904-D1-QUARK.pdb:A  SCOP d1ky4a1
  355      0.1987          -0       1.689     1.554   126    4   16      0.9683    0    251     14    251     19    T0904-D1-QUARK.pdb:A  SCOP d1t8ua_
  356      0.1987          -0       2.649     2.026   135    4   16      0.9704    0    251     14    251     20    T0904-D1-QUARK.pdb:A  SCOP d1si0a_
  357      0.1977          -0       3.326     1.629   127    3   12      0.9685    0    251     14    251      6    T0904-D1-QUARK.pdb:A  SCOP d1he9a_
  358      0.1977          -0       2.245     1.994   134    3   17      0.9701    0    251     14    251     12    T0904-D1-QUARK.pdb:A  SCOP d1tx4a_
  359      0.1977          -0       2.245     1.994   134    3   17      0.9701    0    251     14    251     12    T0904-D1-QUARK.pdb:A  SCOP d1ow3a_
  360      0.1974          -0       1.244     2.493   145    3   20      0.7517    0    251     14    251     11    T0904-D1-QUARK.pdb:A  SCOP d1am4a_
  361      0.1973          -0     0.08404     1.521   125    3   15       0.968    0    251     14    251     15    T0904-D1-QUARK.pdb:A  SCOP d1na5a_
  362      0.1972          -0       1.795     1.697   116    3   13      0.9741    0    251     14    206     15    T0904-D1-QUARK.pdb:A  SCOP d2j7pa2
  363       0.196          -0       3.054     1.369   104    3   11      0.9615    0    251     14    182      9    T0904-D1-QUARK.pdb:A  SCOP d2ic8a1
  364      0.1957          -0       2.709     2.684   149    4   12      0.9799    0    251     14    251     19    T0904-D1-QUARK.pdb:A  SCOP d1xi6a_
  365      0.1957          -0       2.019     1.819    98    3    9      0.9592    0    251     14    143     15    T0904-D1-QUARK.pdb:A  SCOP d1jeca2
  366      0.1957          -0       2.019     1.819    98    3    9      0.9592    0    251     14    143     15    T0904-D1-QUARK.pdb:A  SCOP d1g8fa2
  367      0.1954          -0     0.02246     1.933   132    3   14       0.947    0    251     14    251     15    T0904-D1-QUARK.pdb:A  SCOP d1dgqa_
  368      0.1952          -0       1.575     1.531   122    4   15      0.9672    0    251     14    241     17    T0904-D1-QUARK.pdb:A  SCOP d1brwa2
  369      0.1951          -0       2.259     2.487   144    4   18      0.5556    0    251     14    251     14    T0904-D1-QUARK.pdb:A  SCOP d1qaza_
  370      0.1949          -0        3.03     0.000    75    3    9           1    0    251     14    115     12    T0904-D1-QUARK.pdb:A  SCOP d1n5ua2
  371      0.1944          -0       0.215     2.048   134    3   15      0.9627    0    251     14    251     12    T0904-D1-QUARK.pdb:A  SCOP d1ozwa_
  372      0.1942      0.3127       5.614     0.000    58    3    2           1    0    251     14     69      6    T0904-D1-QUARK.pdb:A  SCOP d1hqca1
  373      0.1939          -0      0.7367     2.104   114    3   12      0.9298    0    251     14    179      6    T0904-D1-QUARK.pdb:A  SCOP d2ciwa2
  374      0.1936          -0       3.564     0.000    77    3    8           1    0    251     14    122     14    T0904-D1-QUARK.pdb:A  SCOP d1k0ua1
  375      0.1936          -0       3.564     0.000    77    3    8           1    0    251     14    122     14    T0904-D1-QUARK.pdb:A  SCOP d2h5la1
  376      0.1936          -0        3.46     2.338   140    3   14      0.9571    0    251     14    251     10    T0904-D1-QUARK.pdb:A  SCOP d1w5ca_
  377      0.1935          -0       1.689     1.650   126    3   16      0.9683    0    251     14    251     14    T0904-D1-QUARK.pdb:A  SCOP d1u74a_
  378      0.1933          -0       1.685     1.346   103    3   13      0.9612    0    251     14    182     15    T0904-D1-QUARK.pdb:A  SCOP d1v3ta2
  379      0.1933          -0       1.805     1.346   103    3   13      0.9612    0    251     14    182     14    T0904-D1-QUARK.pdb:A  SCOP d1v3ua2
  380      0.1933          -0       1.805     1.346   103    3   13      0.9612    0    251     14    182     15    T0904-D1-QUARK.pdb:A  SCOP d2dm6a2
  381      0.1932          -0       2.747     0.000    85    3   12           1    0    251     14    149      8    T0904-D1-QUARK.pdb:A  SCOP d1h9ga2
  382      0.1912          -0       2.019     1.828    97    3    9      0.9588    0    251     14    143     14    T0904-D1-QUARK.pdb:A  SCOP d1r6xa2
  383      0.1911          -0      0.1761     2.055   133    3   15      0.9624    0    251     14    251     12    T0904-D1-QUARK.pdb:A  SCOP d1oyla_
  384      0.1911          -0       0.215     2.055   133    3   15      0.9624    0    251     14    251     12    T0904-D1-QUARK.pdb:A  SCOP d1ozla_
  385      0.1904          -0       3.336     2.342   113    3   10      0.9823    0    251     14    166     14    T0904-D1-QUARK.pdb:A  SCOP d2b2xa1
  386        0.19          -0      0.7367     2.112   113    3   12      0.9292    0    251     14    179      6    T0904-D1-QUARK.pdb:A  SCOP d2ciza2
  387        0.19          -0      0.7367     2.112   113    3   12      0.9292    0    251     14    179      6    T0904-D1-QUARK.pdb:A  SCOP d2cj0a2
  388        0.19          -0      0.7367     2.112   113    3   12      0.9292    0    251     14    179      6    T0904-D1-QUARK.pdb:A  SCOP d2cixa2
  389        0.19          -0       3.054     1.382   102    3   11      0.9608    0    251     14    180     10    T0904-D1-QUARK.pdb:A  SCOP d2o7la1
  390      0.1898          -0         2.9     0.000    79    3    7           1    0    251     14    131      5    T0904-D1-QUARK.pdb:A  SCOP d1baya1
  391      0.1894          -0       2.535     1.836    96    3    9      0.9583    0    251     14    141     12    T0904-D1-QUARK.pdb:A  SCOP d1m8pa2
  392      0.1894          -0       3.265     1.869   114    3    9      0.9649    0    251     14    197     14    T0904-D1-QUARK.pdb:A  SCOP d1j49a1
  393      0.1893          -0       1.916     1.610   102    3   11      0.9608    0    251     14    170     15    T0904-D1-QUARK.pdb:A  SCOP d1nyta1
  394      0.1893          -0       1.484     1.352   102    3   13      0.9608    0    251     14    182     15    T0904-D1-QUARK.pdb:A  SCOP d1v3va2
  395      0.1881          -0       3.401     1.454    84    3    5      0.9524    0    251     14    121      5    T0904-D1-QUARK.pdb:A  SCOP d1u9oa2
  396      0.1879          -0       3.794     0.000    73    3    6           1    0    251     14    113     10    T0904-D1-QUARK.pdb:A  SCOP d1j78a2
  397      0.1877          -0        3.93     2.325   106    3    8      0.9717    0    251     14    149     15    T0904-D1-QUARK.pdb:A  SCOP d3huda2
  398      0.1863          -0      0.1658     2.136   133    3   15      0.9549    0    251     14    251     13    T0904-D1-QUARK.pdb:A  SCOP d1xk2a_
  399      0.1861          -0      0.7367     2.121   112    3   12      0.9286    0    251     14    179      6    T0904-D1-QUARK.pdb:A  SCOP d2j5ma2
  400      0.1861          -0      0.7367     2.121   112    3   12      0.9286    0    251     14    179      6    T0904-D1-QUARK.pdb:A  SCOP d2j19a2
  401      0.1861          -0      0.7367     2.121   112    3   12      0.9286    0    251     14    179      6    T0904-D1-QUARK.pdb:A  SCOP d2cj1a2
  402      0.1861          -0      0.7367     2.121   112    3   12      0.9286    0    251     14    179      6    T0904-D1-QUARK.pdb:A  SCOP d2cj2a2
  403      0.1861          -0      0.7367     2.121   112    3   12      0.9286    0    251     14    179      6    T0904-D1-QUARK.pdb:A  SCOP d2ciya2
  404      0.1861          -0      0.7367     2.121   112    3   12      0.9286    0    251     14    179      6    T0904-D1-QUARK.pdb:A  SCOP d2civa2
  405      0.1861          -0      0.7367     2.121   112    3   12      0.9286    0    251     14    179      6    T0904-D1-QUARK.pdb:A  SCOP d2j18a2
  406      0.1861          -0     0.02987     1.433   120    3   19      0.9167    0    251     14    251      8    T0904-D1-QUARK.pdb:A  SCOP d1aj5a_
  407      0.1859          -0        3.03     0.000    70    3    7           1    0    251     14    105     10    T0904-D1-QUARK.pdb:A  SCOP d2bxma1
  408      0.1854          -0      0.4323     1.797   126    4   15      0.9127    1    251     14    251     19    T0904-D1-QUARK.pdb:A  SCOP d1y4ta_
  409      0.1854          -0       0.701     2.199   134    3   19      0.9403    0    251     14    251     14    T0904-D1-QUARK.pdb:A  SCOP d1mn2a_
  410      0.1853          -0       1.282     1.800   126    3   15      0.9683    0    251     14    251     15    T0904-D1-QUARK.pdb:A  SCOP d2qr2a_
  411      0.1853          -0       1.266     1.800   126    3   15      0.9683    0    251     14    251     15    T0904-D1-QUARK.pdb:A  SCOP d1qr2a_
  412      0.1851          -0       1.876     1.637   123    3   15      0.9756    0    251     14    251     15    T0904-D1-QUARK.pdb:A  SCOP d1ydha_
  413       0.185          -0       3.119     0.000    78    3    7           1    0    251     14    131      6    T0904-D1-QUARK.pdb:A  SCOP d2oaca1
  414      0.1848          -0       0.749     1.950   114    3   13      0.9298    0    251     14    197     15    T0904-D1-QUARK.pdb:A  SCOP d2gpwa3
  415      0.1847          -0        5.29     2.088   111    3    5       0.964    0    251     14    179     15    T0904-D1-QUARK.pdb:A  SCOP d1mdla1
  416      0.1845          -0      0.1191     2.071   131    3   15      0.9618    0    251     14    251     12    T0904-D1-QUARK.pdb:A  SCOP d1n45a_
  417      0.1843          -0       1.825     1.897    84    3    6       0.869    0    251     14    109     12    T0904-D1-QUARK.pdb:A  SCOP d1fo1a1
  418      0.1838          -0       1.737     1.979    98    3   10      0.9388    0    251     14    145     12    T0904-D1-QUARK.pdb:A  SCOP d1dkra2
  419      0.1836          -0       2.019     1.883   127    3   14      0.9528    0    251     14    251     14    T0904-D1-QUARK.pdb:A  SCOP d1xqea_
  420      0.1831          -0      0.1658     2.144   132    3   15      0.9545    0    251     14    251     13    T0904-D1-QUARK.pdb:A  SCOP d1ozra_
  421      0.1826          -0       2.967     2.105   131    3   14      0.9466    0    251     14    251      7    T0904-D1-QUARK.pdb:A  SCOP d1sxda_
  422      0.1822          -0       0.701     2.207   133    3   19      0.9398    0    251     14    251     14    T0904-D1-QUARK.pdb:A  SCOP d1mn1a_
  423      0.1816          -0       2.426     1.843   123    4   13      0.9756    0    251     14    241     15    T0904-D1-QUARK.pdb:A  SCOP d1otpa2
  424      0.1809          -0        5.29     2.097   110    3    5      0.9636    0    251     14    179     15    T0904-D1-QUARK.pdb:A  SCOP d1mraa1
  425      0.1808          -0       1.283     2.125   107    3   11      0.9533    0    251     14    168     14    T0904-D1-QUARK.pdb:A  SCOP d1nvga2
  426      0.1806          -0        3.03     0.000    69    3    7           1    0    251     14    105     10    T0904-D1-QUARK.pdb:A  SCOP d2i30a1
  427      0.1805          -0       5.343     2.722   144    3   12      0.9792    0    251     14    251     13    T0904-D1-QUARK.pdb:A  SCOP d1w0ha_
  428      0.1804          -0       5.021     1.670   122    5   10      0.9754    0    251     14    251     21    T0904-D1-QUARK.pdb:A  SCOP d1anwa_
  429      0.1803          -0       0.123     1.613   121    3   15      0.9669    0    251     14    251      5    T0904-D1-QUARK.pdb:A  SCOP d1iv5a_
  430      0.1801          -0        2.35     2.729   144    4   14      0.9792    0    251     14    251     19    T0904-D1-QUARK.pdb:A  SCOP d1lbxa_
  431      0.1772          -0     0.02246     1.949   126    3   16      0.9524    0    251     14    251     15    T0904-D1-QUARK.pdb:A  SCOP d1lfaa_
  432       0.177          -0       5.007     1.678   121    5   10      0.9752    0    251     14    251     20    T0904-D1-QUARK.pdb:A  SCOP d1haka_
  433      0.1768          -0       3.653     1.623   120    3   11      0.9667    0    251     14    251     15    T0904-D1-QUARK.pdb:A  SCOP d2uuga_
  434      0.1767          -0      0.1978     2.302   133    3   15      0.9624    0    251     14    251     12    T0904-D1-QUARK.pdb:A  SCOP d1xk3a_
  435      0.1758          -0       2.977     2.123    99    3    9      0.9697    0    251     14    148     15    T0904-D1-QUARK.pdb:A  SCOP d1qlha2
  436      0.1739          -0       2.948     0.872    76    3    9      0.9474    0    251     14    122     14    T0904-D1-QUARK.pdb:A  SCOP d1xwfa1
  437      0.1735          -0       2.512     1.161    81    4    8      0.9506    0    251     14    131      6    T0904-D1-QUARK.pdb:A  SCOP d1tu7a1
  438      0.1721          -0       1.621     2.095   127    5   16      0.9134    0    251     14    251     21    T0904-D1-QUARK.pdb:A  SCOP d1dk5a_
  439      0.1718          -0        1.63     1.987   110    3   11      0.9727    0    251     14    195     14    T0904-D1-QUARK.pdb:A  SCOP d1ybha2
  440      0.1718          -0        1.63     1.987   110    3   11      0.9727    0    251     14    195     14    T0904-D1-QUARK.pdb:A  SCOP d1yhya2
  441      0.1718          -0        1.63     1.987   110    3   11      0.9727    0    251     14    195     14    T0904-D1-QUARK.pdb:A  SCOP d1yhza2
  442      0.1718          -0       4.469     0.000    65    3    6           1    0    251     14     98      6    T0904-D1-QUARK.pdb:A  SCOP d2gnoa1
  443      0.1702          -0       1.049     1.756   120    4   13       0.975    0    251     14    251     19    T0904-D1-QUARK.pdb:A  SCOP d1g0ha_
  444      0.1702          -0       1.041     1.756   120    4   13       0.975    0    251     14    251     19    T0904-D1-QUARK.pdb:A  SCOP d1dk4a_
  445      0.1701          -0       1.574     2.345   117    3   12      0.9658    0    251     14    199     13    T0904-D1-QUARK.pdb:A  SCOP d2o8ra2
  446      0.1698          -0        3.33     2.777   118    3   10      0.9746    0    251     14    176     13    T0904-D1-QUARK.pdb:A  SCOP d1n3ca1
  447      0.1693          -0       3.859     3.367   130    3    9      0.7923    0    251     14    176     13    T0904-D1-QUARK.pdb:A  SCOP d1ko9a1
  448      0.1685          -0      0.6745     2.540   135    3   21       0.563    0    251     14    251     15    T0904-D1-QUARK.pdb:A  SCOP d1k56a_
  449      0.1676          -0       1.349     2.125   111    3   11      0.9369    0    251     14    195     14    T0904-D1-QUARK.pdb:A  SCOP d1yi1a2
  450      0.1673          -0       3.718     2.216    98    3    5      0.9592    0    251     14    148     12    T0904-D1-QUARK.pdb:A  SCOP d7adha2
  451      0.1667          -0     0.04712     2.482   133    4   15      0.9098    0    251     14    251     20    T0904-D1-QUARK.pdb:A  SCOP d1mssa_
  452      0.1665          -0       2.919     1.657   117    3   13      0.9744    0    251     14    251     15    T0904-D1-QUARK.pdb:A  SCOP d1ij6a_
  453      0.1663          -0       3.912     1.823    98    3    7      0.9592    0    251     14    168     11    T0904-D1-QUARK.pdb:A  SCOP d1l9va1
  454      0.1663          -0      0.4721     2.025   104    3   12      0.9423    0    251     14    178     15    T0904-D1-QUARK.pdb:A  SCOP d2o7na1
  455      0.1663          -0       1.628     2.026   104    3   10      0.9423    0    251     14    178     15    T0904-D1-QUARK.pdb:A  SCOP d2icaa1
  456      0.1651          -0       3.194     2.080    94    3    8      0.9574    0    251     14    144     15    T0904-D1-QUARK.pdb:A  SCOP d1tvza2
  457      0.1642          -0   1.717e-05     2.293   128    3   15      0.9141    0    251     14    251     15    T0904-D1-QUARK.pdb:A  SCOP d1jpra_
  458      0.1629          -0       2.728     1.539    74    3    8      0.9595    0    251     14    106      7    T0904-D1-QUARK.pdb:A  SCOP d1ut8a1
  459      0.1629          -0       3.708     2.299    98    3    6      0.9592    0    251     14    148     14    T0904-D1-QUARK.pdb:A  SCOP d6adha2
  460      0.1628          -0       2.282     1.541    74    3    8      0.9595    0    251     14    106      7    T0904-D1-QUARK.pdb:A  SCOP d1ut5a1
  461      0.1621          -0       3.695     0.000    46    3    2           1    0    251     14     52     11    T0904-D1-QUARK.pdb:A  SCOP d2giua1
  462       0.162          -0       2.756     1.854    96    3   13      0.9583    0    251     14    164     14    T0904-D1-QUARK.pdb:A  SCOP d2naca1
  463      0.1612          -0       2.279     2.309   108    3   11       0.963    0    251     14    181     13    T0904-D1-QUARK.pdb:A  SCOP d1npda1
  464       0.161          -0    0.003393     2.103   123    3   14       0.935    0    251     14    251     15    T0904-D1-QUARK.pdb:A  SCOP d1buaa_
  465      0.1608          -0      0.2329     2.067   111    3   14       0.964    0    251     14    207     11    T0904-D1-QUARK.pdb:A  SCOP d1qzwa3
  466      0.1607          -0       1.095     2.547   132    3   15      0.8106    0    251     14    251     14    T0904-D1-QUARK.pdb:A  SCOP d1u7ca_
  467      0.1604          -0       2.894     2.166   124    3   13      0.9355    0    251     14    251      7    T0904-D1-QUARK.pdb:A  SCOP d1he1a_
  468      0.1601          -0       2.104     1.850   118    3   12      0.9746    0    251     14    251      7    T0904-D1-QUARK.pdb:A  SCOP d1wija_
  469        0.16          -0       1.027     2.607   133    3   12      0.4887    0    251     14    251      5    T0904-D1-QUARK.pdb:A  SCOP d1s0pa_
  470      0.1596          -0       2.307     3.337   150    6   20      0.8933    0    251     14    251     17    T0904-D1-QUARK.pdb:A  SCOP d1ft2a_
  471       0.159          -0       3.619     2.294   126    5   11      0.9762    0    251     14    251     25    T0904-D1-QUARK.pdb:A  SCOP d1iema_
  472       0.159          -0       3.619     2.294   126    5   11      0.9762    0    251     14    251     25    T0904-D1-QUARK.pdb:A  SCOP d1l2sa_
  473       0.159          -0       1.971     3.096   118    8   16      0.2288    0    251     14    169     34    T0904-D1-QUARK.pdb:A  SCOP d2gl7a1
  474      0.1589          -0       2.699     1.897   116    4   12      0.9741    0    251     14    241     16    T0904-D1-QUARK.pdb:A  SCOP d2tpta2
  475      0.1587          -0      0.6095     1.822   117    4   12      0.9402    0    251     14    251     11    T0904-D1-QUARK.pdb:A  SCOP d1io0a_
  476      0.1585          -0        0.43     1.995   120    3   15      0.9333    0    251     14    251     15    T0904-D1-QUARK.pdb:A  SCOP d1e3wa_
  477      0.1583          -0       3.157     1.996   111    3    9       0.964    0    251     14    215     11    T0904-D1-QUARK.pdb:A  SCOP d1kmha3
  478      0.1582          -0       3.695     0.000    45    3    2           1    0    251     14     51     12    T0904-D1-QUARK.pdb:A  SCOP d2i0ga1
  479       0.158          -0       5.393     2.143    73    8    4      0.1507    0    251     14     89     29    T0904-D1-QUARK.pdb:A  SCOP d1v18a1
  480      0.1574          -0      0.4424     2.879   138    3   17      0.6232    0    251     14    251      5    T0904-D1-QUARK.pdb:A  SCOP d1h96a_
  481      0.1569          -0       1.074     2.275   110    3   11      0.9273    0    251     14    195     14    T0904-D1-QUARK.pdb:A  SCOP d1z8na2
  482      0.1556          -0       3.373     2.247    95    3    6      0.9579    0    251     14    148     14    T0904-D1-QUARK.pdb:A  SCOP d5adha2
  483      0.1556          -0      0.9149     2.262   124    3   18      0.6452    0    251     14    251     15    T0904-D1-QUARK.pdb:A  SCOP d1rh5a_
  484      0.1554          -0       3.663     1.675    79    3    5      0.9494    0    251     14    122      8    T0904-D1-QUARK.pdb:A  SCOP d2fnpa1
  485      0.1551      0.1085       4.944     0.000    45    3    0           1    0    251     14     52      4    T0904-D1-QUARK.pdb:A  SCOP d1oqya3
  486      0.1551      0.6799       4.724     0.000    45    3    0           1    0    251     14     52      4    T0904-D1-QUARK.pdb:A  SCOP d1qzea3
  487      0.1551          -0        2.91     2.343    95    3    9      0.9263    0    251     14    144     15    T0904-D1-QUARK.pdb:A  SCOP d1xpla2
  488      0.1551          -0       2.738     2.343    95    3    9      0.9263    0    251     14    144     15    T0904-D1-QUARK.pdb:A  SCOP d1xpka2
  489      0.1551          -0       2.738     2.343    95    3    9      0.9263    0    251     14    144     15    T0904-D1-QUARK.pdb:A  SCOP d1txta2
  490      0.1549          -0       2.409     1.559    72    3    8      0.9583    0    251     14    105      7    T0904-D1-QUARK.pdb:A  SCOP d1exna1
  491      0.1545          -0       1.474     2.274   106    3    9      0.9245    0    251     14    184     15    T0904-D1-QUARK.pdb:A  SCOP d1ygya1
  492      0.1535          -0        3.02     1.884    93    3   10       0.957    0    251     14    161     13    T0904-D1-QUARK.pdb:A  SCOP d1w35a2
  493      0.1535          -0        3.02     1.884    93    3   10       0.957    0    251     14    161     13    T0904-D1-QUARK.pdb:A  SCOP d1w34a2
  494      0.1534          -0       1.842     1.886    93    3   11       0.957    0    251     14    161     13    T0904-D1-QUARK.pdb:A  SCOP d2bsaa2
