<html><head></head><body><pre style="word-wrap: break-word; white-space: pre-wrap;"> PDBe Fold v2.59. (src3) 14 Apr 2014 result file.

                   RESULT SUMMARY

   ##      Q-score      P-score     Z-score   RMSD    Nalgn Nsse Ngaps Seq-%     Nmd Nres-Q Nsse-Q Nres-T Nsse-T Query Target
    1           1          -0       2.972     0.000    67    2    0           1    0     67      6     67     10    T0953s1TS322-D1.pdb:A  SCOP d1iiua_
    2           1          -0       3.343     0.000    67    3    0           1    0     67      6     67     13    T0953s1TS322-D1.pdb:A  SCOP d1eoba_
    3           1   6.653e-11       4.765     0.000    67    2    0           1    0     67      6     67     10    T0953s1TS322-D1.pdb:A  SCOP d1hqpa_
    4           1          -0       1.364     0.000    67    3    0           1    0     67      6     67     14    T0953s1TS322-D1.pdb:A  SCOP d1beba_
    5           1          -0       1.364     0.000    67    3    0           1    0     67      6     67     14    T0953s1TS322-D1.pdb:A  SCOP d1beba_
    6           1          -0       1.364     0.000    67    3    0           1    0     67      6     67     13    T0953s1TS322-D1.pdb:A  SCOP d1b8ea_
    7           1          -0       1.364     0.000    67    3    0           1    0     67      6     67     13    T0953s1TS322-D1.pdb:A  SCOP d1b8ea_
    8           1      0.3685       3.015     0.000    67    2    0           1    0     67      6     67      3    T0953s1TS322-D1.pdb:A  SCOP d1l3ha_
    9           1          -0       2.358     0.000    67    3    0           1    0     67      6     67     13    T0953s1TS322-D1.pdb:A  SCOP d1bsoa_
   10           1          -0       1.364     0.000    67    3    0           1    0     67      6     67     13    T0953s1TS322-D1.pdb:A  SCOP d1bsoa_
   11           1          -0       2.358     0.000    67    3    0           1    0     67      6     67     13    T0953s1TS322-D1.pdb:A  SCOP d1bsoa_
   12           1          -0       3.343     0.000    67    3    0           1    0     67      6     67     13    T0953s1TS322-D1.pdb:A  SCOP d1eo2a_
   13           1          -0       1.364     0.000    67    3    0           1    0     67      6     67     14    T0953s1TS322-D1.pdb:A  SCOP d1bsqa_
   14           1          -0       1.662     0.000    67    3    0           1    0     67      6     67     14    T0953s1TS322-D1.pdb:A  SCOP d1bsqa_
   15           1          -0       2.358     0.000    67    3    0           1    0     67      6     67     14    T0953s1TS322-D1.pdb:A  SCOP d1bsya_
   16           1          -0       1.364     0.000    67    3    0           1    0     67      6     67     14    T0953s1TS322-D1.pdb:A  SCOP d1bsya_
   17           1          -0       2.358     0.000    67    3    0           1    0     67      6     67     14    T0953s1TS322-D1.pdb:A  SCOP d1bsya_
   18           1          -0       1.662     0.000    67    3    0           1    0     67      6     67     12    T0953s1TS322-D1.pdb:A  SCOP d2blga_
   19           1          -0       1.364     0.000    67    3    0           1    0     67      6     67     12    T0953s1TS322-D1.pdb:A  SCOP d2blga_
   20           1          -0       1.662     0.000    67    3    0           1    0     67      6     67     12    T0953s1TS322-D1.pdb:A  SCOP d2blga_
   21           1          -0       1.364     0.000    67    3    0           1    0     67      6     67     13    T0953s1TS322-D1.pdb:A  SCOP d3blga_
   22           1          -0       1.662     0.000    67    3    0           1    0     67      6     67     13    T0953s1TS322-D1.pdb:A  SCOP d3blga_
   23           1          -0       1.662     0.000    67    3    0           1    0     67      6     67     13    T0953s1TS322-D1.pdb:A  SCOP d1b0oa_
   24           1          -0       1.364     0.000    67    3    0           1    0     67      6     67     13    T0953s1TS322-D1.pdb:A  SCOP d1b0oa_
   25           1          -0       1.364     0.000    67    3    0           1    0     67      6     67     12    T0953s1TS322-D1.pdb:A  SCOP d1jv4a_
   26           1          -0       3.599     0.000    67    2    0           1    0     67      6     67      8    T0953s1TS322-D1.pdb:A  SCOP d1b8qa_
   27           1          -0       2.382     0.000    67    2    0           1    0     67      6     67      7    T0953s1TS322-D1.pdb:A  SCOP d1uhpa_
   28           1          -0       1.778     0.000    67    2    0           1    0     67      6     67      9    T0953s1TS322-D1.pdb:A  SCOP d1uefa_
   29           1          -0       2.198     0.000    67    3    0           1    0     67      6     67      9    T0953s1TS322-D1.pdb:A  SCOP d1oo2a_
   30           1   2.272e-05       4.638     0.000    67    2    0           1    0     67      6     67      7    T0953s1TS322-D1.pdb:A  SCOP d1ujva_
   31           1          -0       3.073     0.000    67    2    0           1    0     67      6     67      8    T0953s1TS322-D1.pdb:A  SCOP d1ddva_
   32           1          -0       3.073     0.000    67    2    0           1    0     67      6     67      8    T0953s1TS322-D1.pdb:A  SCOP d1ddva_
   33           1          -0       3.343     0.000    67    3    0           1    0     67      6     67     13    T0953s1TS322-D1.pdb:A  SCOP d2pcda_
   34           1          -0       1.186     0.000    67    2    0           1    0     67      6     67      7    T0953s1TS322-D1.pdb:A  SCOP d1ueqa_
   35           1          -0         1.6     0.000    67    4    0           1    0     67      6     67     14    T0953s1TS322-D1.pdb:A  SCOP d1at3a_
   36           1          -0       3.177     0.000    67    2    0           1    0     67      6     67      7    T0953s1TS322-D1.pdb:A  SCOP d1m5za_
   37           1   8.004e-15       4.152     0.000    67    2    0           1    0     67      6     67     10    T0953s1TS322-D1.pdb:A  SCOP d1kt7a_
   38           1   8.004e-15       4.152     0.000    67    2    0           1    0     67      6     67     10    T0953s1TS322-D1.pdb:A  SCOP d1kt6a_
   39           1   8.004e-15       4.152     0.000    67    2    0           1    0     67      6     67     10    T0953s1TS322-D1.pdb:A  SCOP d1kt4a_
   40           1   8.004e-15       4.152     0.000    67    2    0           1    0     67      6     67     10    T0953s1TS322-D1.pdb:A  SCOP d1kt5a_
   41           1   8.004e-15       4.152     0.000    67    2    0           1    0     67      6     67     10    T0953s1TS322-D1.pdb:A  SCOP d1hbqa_
   42           1          -0       2.972     0.000    67    2    0           1    0     67      6     67     10    T0953s1TS322-D1.pdb:A  SCOP d1jyda_
   43           1   8.004e-15       4.152     0.000    67    2    0           1    0     67      6     67     10    T0953s1TS322-D1.pdb:A  SCOP d1hbpa_
   44           1          -0       3.343     0.000    67    3    0           1    0     67      6     67     13    T0953s1TS322-D1.pdb:A  SCOP d3pcda_
   45           1          -0       4.152     0.000    67    2    0           1    0     67      6     67     10    T0953s1TS322-D1.pdb:A  SCOP d1erba_
   46           1          -0       3.693     0.000    67    2    0           1    0     67      6     67      9    T0953s1TS322-D1.pdb:A  SCOP d1fela_
   47           1          -0       4.152     0.000    67    2    0           1    0     67      6     67     10    T0953s1TS322-D1.pdb:A  SCOP d1fema_
   48           1          -0       2.972     0.000    67    2    0           1    0     67      6     67     10    T0953s1TS322-D1.pdb:A  SCOP d1aqba_
   49           1   1.446e-16       3.923     0.000    67    2    0           1    0     67      6     67     10    T0953s1TS322-D1.pdb:A  SCOP d1rbpa_
   50           1          -0       2.972     0.000    67    2    0           1    0     67      6     67     10    T0953s1TS322-D1.pdb:A  SCOP d1brpa_
   51           1          -0       2.972     0.000    67    2    0           1    0     67      6     67     10    T0953s1TS322-D1.pdb:A  SCOP d1brqa_
   52           1   4.061e-11       2.777     0.000    67    2    0           1    0     67      6     67      3    T0953s1TS322-D1.pdb:A  SCOP d1udla_
   53           1          -0       3.855     0.000    67    2    0           1    0     67      6     67     10    T0953s1TS322-D1.pdb:A  SCOP d1jsga_
   54           1          -0        4.73     0.000    67    2    0           1    0     67      6     67      8    T0953s1TS322-D1.pdb:A  SCOP d1jnpa_
   55           1          -0       4.195     0.000    67    2    0           1    0     67      6     67      8    T0953s1TS322-D1.pdb:A  SCOP d1jnpa_
   56           1          -0       3.073     0.000    67    3    0           1    0     67      6     67      8    T0953s1TS322-D1.pdb:A  SCOP d1jnpa_
   57           1          -0        3.24     0.000    67    3    0           1    0     67      6     67      9    T0953s1TS322-D1.pdb:A  SCOP d1a1xa_
   58           1          -0       3.343     0.000    67    2    0           1    0     67      6     67      9    T0953s1TS322-D1.pdb:A  SCOP d1a1xa_
   59           1          -0         1.6     0.000    67    2    0           1    0     67      6     67      7    T0953s1TS322-D1.pdb:A  SCOP d1sf3a_
   60           1          -0        1.63     0.000    67    3    0           1    0     67      6     67      8    T0953s1TS322-D1.pdb:A  SCOP d1qtta_
   61           1          -0       3.343     0.000    67    3    0           1    0     67      6     67      7    T0953s1TS322-D1.pdb:A  SCOP d1sf3a_
   62           1          -0       2.272     0.000    67    2    0           1    0     67      6     67      5    T0953s1TS322-D1.pdb:A  SCOP d1jo8a_
   63           1          -0       2.743     0.000    67    2    0           1    0     67      6     67      7    T0953s1TS322-D1.pdb:A  SCOP d1i1ja_
   64           1          -0       1.922     0.000    67    2    0           1    0     67      6     67      7    T0953s1TS322-D1.pdb:A  SCOP d1i1ja_
   65           1          -0       2.043     0.000    67    5    0           1    0     67      6     67      6    T0953s1TS322-D1.pdb:A  SCOP d1sf5a_
   66           1          -0         1.6     0.000    67    2    0           1    0     67      6     67      6    T0953s1TS322-D1.pdb:A  SCOP d1sf5a_
   67           1          -0       3.343     0.000    67    3    0           1    0     67      6     67      6    T0953s1TS322-D1.pdb:A  SCOP d1sf5a_
   68           1          -0       2.043     0.000    67    5    0           1    0     67      6     67      6    T0953s1TS322-D1.pdb:A  SCOP d1bxaa_
   69           1          -0         1.6     0.000    67    2    0           1    0     67      6     67      6    T0953s1TS322-D1.pdb:A  SCOP d1bxaa_
   70           1          -0  1.798e+308     0.000    67    5    0           1    0     67      6     67     25    T0953s1TS322-D1.pdb:A  SCOP d1ofza_
   71           1          -0  1.798e+308     0.000    67    5    0           1    0     67      6     67     25    T0953s1TS322-D1.pdb:A  SCOP d1ofza_
   72           1          -0  1.798e+308     0.000    67    5    0           1    0     67      6     67     25    T0953s1TS322-D1.pdb:A  SCOP d1ofza_
   73           1          -0         1.6     0.000    67    5    0           1    0     67      6     67     22    T0953s1TS322-D1.pdb:A  SCOP d1rwia_
   74           1          -0       2.043     0.000    67    5    0           1    0     67      6     67      6    T0953s1TS322-D1.pdb:A  SCOP d1aaca_
   75           1          -0       3.343     0.000    67    2    0           1    0     67      6     67      6    T0953s1TS322-D1.pdb:A  SCOP d1aaca_
   76           1          -0       2.043     0.000    67    5    0           1    0     67      6     67      6    T0953s1TS322-D1.pdb:A  SCOP d2raca_
   77           1          -0       1.364     0.000    67    4    0           1    0     67      6     67     11    T0953s1TS322-D1.pdb:A  SCOP d1df3a_
   78           1   3.746e-10       5.448     0.000    67    2    0           1    0     67      6     67     10    T0953s1TS322-D1.pdb:A  SCOP d1dfva_
   79           1          -0       2.411     0.000    67    2    0           1    0     67      6     67      9    T0953s1TS322-D1.pdb:A  SCOP d1xkia_
   80           1   9.643e-11       4.944     0.000    67    3    0           1    0     67      6     67      9    T0953s1TS322-D1.pdb:A  SCOP d1sa8a_
   81           1          -0       1.778     0.000    67    2    0           1    0     67      6     67      6    T0953s1TS322-D1.pdb:A  SCOP d1wnra_
   82           1          -0       2.641     0.000    67    2    0           1    0     67      6     67      5    T0953s1TS322-D1.pdb:A  SCOP d1qp3a_
   83           1     0.02246       4.962     0.000    67    2    0           1    0     67      6     67      5    T0953s1TS322-D1.pdb:A  SCOP d1vifa_
   84           1     0.02246       4.962     0.000    67    2    0           1    0     67      6     67      5    T0953s1TS322-D1.pdb:A  SCOP d1viea_
   85           1          -0       2.043     0.000    67    5    0           1    0     67      6     67      6    T0953s1TS322-D1.pdb:A  SCOP d1sfda_
   86           1      0.3899       5.025     0.000    67    2    0           1    0     67      6     67      5    T0953s1TS322-D1.pdb:A  SCOP d2vgha_
   87           1          -0       2.382     0.000    67    2    0           1    0     67      6     67      5    T0953s1TS322-D1.pdb:A  SCOP d1ixda_
   88           1          -0         1.6     0.000    67    2    0           1    0     67      6     67      6    T0953s1TS322-D1.pdb:A  SCOP d1sfda_
   89           1      0.3899       5.025     0.000    67    2    0           1    0     67      6     67      5    T0953s1TS322-D1.pdb:A  SCOP d1vgha_
   90           1          -0       2.043     0.000    67    5    0           1    0     67      6     67      6    T0953s1TS322-D1.pdb:A  SCOP d1sfha_
   91           1          -0       2.947     0.000    67    2    0           1    0     67      6     67      9    T0953s1TS322-D1.pdb:A  SCOP d1swga_
   92           1   2.116e-13       3.635     0.000    67    2    0           1    0     67      6     67      9    T0953s1TS322-D1.pdb:A  SCOP d1nqna_
   93           1          -0       4.836     0.000    67    2    0           1    0     67      6     67     10    T0953s1TS322-D1.pdb:A  SCOP d1ldoa_
   94           1          -0       2.947     0.000    67    2    0           1    0     67      6     67      8    T0953s1TS322-D1.pdb:A  SCOP d2avia_
   95           1          -0       4.836     0.000    67    2    0           1    0     67      6     67      8    T0953s1TS322-D1.pdb:A  SCOP d2avia_
   96           1   6.057e-09       5.894     0.000    67    2    0           1    0     67      6     67      9    T0953s1TS322-D1.pdb:A  SCOP d1oh1a_
   97           1          -0         1.6     0.000    67    2    0           1    0     67      6     67      6    T0953s1TS322-D1.pdb:A  SCOP d1sfha_
   98           1          -0       2.043     0.000    67    5    0           1    0     67      6     67      7    T0953s1TS322-D1.pdb:A  SCOP d1sf3a_
   99           1          -0       3.855     0.000    67    3    0           1    0     67      6     67     10    T0953s1TS322-D1.pdb:A  SCOP d1jsga_
  100           1          -0       2.623     0.000    67    2    0           1    0     67      6     67     10    T0953s1TS322-D1.pdb:A  SCOP d1jsga_
  101           1          -0       3.073     0.000    67    2    0           1    0     67      6     67     10    T0953s1TS322-D1.pdb:A  SCOP d1jsga_
  102           1          -0       2.272     0.000    67    2    0           1    0     67      6     67      8    T0953s1TS322-D1.pdb:A  SCOP d1f5ca_
  103           1          -0       2.272     0.000    67    2    0           1    0     67      6     67      9    T0953s1TS322-D1.pdb:A  SCOP d1pc5a_
  104           1          -0       2.272     0.000    67    2    0           1    0     67      6     67      8    T0953s1TS322-D1.pdb:A  SCOP d1d3wa_
  105           1          -0       2.272     0.000    67    2    0           1    0     67      6     67      9    T0953s1TS322-D1.pdb:A  SCOP d1f5ba_
  106           1          -0       2.272     0.000    67    2    0           1    0     67      6     67      9    T0953s1TS322-D1.pdb:A  SCOP d1pc4a_
  107           1          -0       2.272     0.000    67    2    0           1    0     67      6     67      9    T0953s1TS322-D1.pdb:A  SCOP d6fd1a_
  108           1          -0       2.272     0.000    67    2    0           1    0     67      6     67      9    T0953s1TS322-D1.pdb:A  SCOP d7fd1a_
  109           1   2.411e-16       3.686     0.000    67    3    0           1    0     67      6     67      5    T0953s1TS322-D1.pdb:A  SCOP d2crta_
  110           1          -0       3.317     0.000    67    3    0           1    0     67      6     67      7    T0953s1TS322-D1.pdb:A  SCOP d1dqka_
  111           1          -0       2.144     0.000    67    3    0           1    0     67      6     67      7    T0953s1TS322-D1.pdb:A  SCOP d1dqka_
  112           1          -0       3.262     0.000    67    2    0           1    0     67      6     67      5    T0953s1TS322-D1.pdb:A  SCOP d2crta_
  113           1          -0       5.095     0.000    67    2    0           1    0     67      6     67      9    T0953s1TS322-D1.pdb:A  SCOP d3lvea_
  114           1          -0       1.957     0.000    67    3    0           1    0     67      6     67      7    T0953s1TS322-D1.pdb:A  SCOP d1tzaa_
  115           1      0.0974       3.384     0.000    67    2    0           1    0     67      6     67      8    T0953s1TS322-D1.pdb:A  SCOP d1s1ga_
  116           1     0.04161       3.485     0.000    67    2    0           1    0     67      6     67      6    T0953s1TS322-D1.pdb:A  SCOP d1qdwa_
  117           1     0.04161       3.485     0.000    67    3    0           1    0     67      6     67      7    T0953s1TS322-D1.pdb:A  SCOP d1dsxa_
  118           1    0.001367       2.915     0.000    67    2    0           1    0     67      6     67      3    T0953s1TS322-D1.pdb:A  SCOP d1kbta_
  119           1          -0       3.429     0.000    67    3    0           1    0     67      6     67      9    T0953s1TS322-D1.pdb:A  SCOP d1exha_
  120           1    0.003724       3.495     0.000    67    2    0           1    0     67      6     67      5    T0953s1TS322-D1.pdb:A  SCOP d1v6pa_
  121           1          -0       3.429     0.000    67    3    0           1    0     67      6     67      9    T0953s1TS322-D1.pdb:A  SCOP d1exga_
  122           1          -0       1.714     0.000    67    2    0           1    0     67      6     67     10    T0953s1TS322-D1.pdb:A  SCOP d1nbca_
  123           1          -0       2.947     0.000    67    3    0           1    0     67      6     67     10    T0953s1TS322-D1.pdb:A  SCOP d1g43a_
  124           1          -0       2.947     0.000    67    2    0           1    0     67      6     67     10    T0953s1TS322-D1.pdb:A  SCOP d1g43a_
  125           1          -0       2.714     0.000    67    3    0           1    0     67      6     67     10    T0953s1TS322-D1.pdb:A  SCOP d1g43a_
  126           1          -0       2.623     0.000    67    3    0           1    0     67      6     67      9    T0953s1TS322-D1.pdb:A  SCOP d1anua_
  127           1          -0       2.623     0.000    67    3    0           1    0     67      6     67      9    T0953s1TS322-D1.pdb:A  SCOP d1anua_
  128           1          -0       3.384     0.000    67    3    0           1    0     67      6     67      5    T0953s1TS322-D1.pdb:A  SCOP d1xt3a_
  129           1          -0       2.272     0.000    67    2    0           1    0     67      6     67      7    T0953s1TS322-D1.pdb:A  SCOP d1h98a_
  130           1          -0       2.272     0.000    67    2    0           1    0     67      6     67      9    T0953s1TS322-D1.pdb:A  SCOP d1b0va_
  131           1          -0       2.272     0.000    67    2    0           1    0     67      6     67      9    T0953s1TS322-D1.pdb:A  SCOP d1frxa_
  132           1          -0       2.272     0.000    67    2    0           1    0     67      6     67      9    T0953s1TS322-D1.pdb:A  SCOP d1frla_
  133           1          -0       2.272     0.000    67    2    0           1    0     67      6     67      9    T0953s1TS322-D1.pdb:A  SCOP d1gaoa_
  134           1          -0       2.272     0.000    67    2    0           1    0     67      6     67      9    T0953s1TS322-D1.pdb:A  SCOP d1ftca_
  135           1          -0       2.272     0.000    67    2    0           1    0     67      6     67      8    T0953s1TS322-D1.pdb:A  SCOP d1frha_
  136           1          -0       2.272     0.000    67    2    0           1    0     67      6     67      9    T0953s1TS322-D1.pdb:A  SCOP d1frma_
  137           1          -0       2.272     0.000    67    2    0           1    0     67      6     67      9    T0953s1TS322-D1.pdb:A  SCOP d1axqa_
  138           1          -0       2.272     0.000    67    2    0           1    0     67      6     67      9    T0953s1TS322-D1.pdb:A  SCOP d1fdba_
  139           1          -0       2.272     0.000    67    2    0           1    0     67      6     67      9    T0953s1TS322-D1.pdb:A  SCOP d1ff2a_
  140           1          -0       2.272     0.000    67    2    0           1    0     67      6     67      9    T0953s1TS322-D1.pdb:A  SCOP d1frja_
  141           1          -0       2.272     0.000    67    2    0           1    0     67      6     67      8    T0953s1TS322-D1.pdb:A  SCOP d1frka_
  142           1          -0       2.272     0.000    67    2    0           1    0     67      6     67      8    T0953s1TS322-D1.pdb:A  SCOP d1a6la_
  143           1          -0       2.272     0.000    67    2    0           1    0     67      6     67      8    T0953s1TS322-D1.pdb:A  SCOP d1b0ta_
  144           1          -0       2.272     0.000    67    2    0           1    0     67      6     67      9    T0953s1TS322-D1.pdb:A  SCOP d1fria_
  145           1          -0       2.272     0.000    67    2    0           1    0     67      6     67      9    T0953s1TS322-D1.pdb:A  SCOP d1fera_
  146           1          -0       2.272     0.000    67    2    0           1    0     67      6     67      9    T0953s1TS322-D1.pdb:A  SCOP d1fdaa_
  147           1          -0       2.272     0.000    67    2    0           1    0     67      6     67      8    T0953s1TS322-D1.pdb:A  SCOP d1g6ba_
  148           1          -0       2.272     0.000    67    2    0           1    0     67      6     67      9    T0953s1TS322-D1.pdb:A  SCOP d1fd2a_
  149           1          -0       2.272     0.000    67    2    0           1    0     67      6     67      9    T0953s1TS322-D1.pdb:A  SCOP d2fd2a_
  150           1          -0       2.272     0.000    67    2    0           1    0     67      6     67      9    T0953s1TS322-D1.pdb:A  SCOP d1fdda_
  151           1          -0       2.272     0.000    67    2    0           1    0     67      6     67      9    T0953s1TS322-D1.pdb:A  SCOP d5fd1a_
  152           1          -0       2.272     0.000    67    2    0           1    0     67      6     67      9    T0953s1TS322-D1.pdb:A  SCOP d1g3oa_
  153           1     0.00157        3.75     0.000    67    2    0           1    0     67      6     67      6    T0953s1TS322-D1.pdb:A  SCOP d1mgqa_
  154           1    0.000354       3.802     0.000    67    2    0           1    0     67      6     67      6    T0953s1TS322-D1.pdb:A  SCOP d1n9sa_
  155           1          -0       1.209     0.000    67    2    0           1    0     67      6     67      7    T0953s1TS322-D1.pdb:A  SCOP d1n9ra_
  156           1      0.0443       3.156     0.000    67    2    0           1    0     67      6     67      4    T0953s1TS322-D1.pdb:A  SCOP d1cdqa_
  157           1       1.196       4.059     0.000    67    2    0           1    0     67      6     67      4    T0953s1TS322-D1.pdb:A  SCOP d1pija_
  158           1          -0       2.198     0.000    67    3    0           1    0     67      6     67      8    T0953s1TS322-D1.pdb:A  SCOP d1gkoa_
  159           1          -0       3.156     0.000    67    2    0           1    0     67      6     67      6    T0953s1TS322-D1.pdb:A  SCOP d1cdra_
  160           1          -0       1.778     0.000    67    2    0           1    0     67      6     67     10    T0953s1TS322-D1.pdb:A  SCOP d1mvpa_
  161           1          -0         1.5     0.000    67    2    0           1    0     67      6     67      6    T0953s1TS322-D1.pdb:A  SCOP d1rrba_
  162           1          -0        3.24     0.000    67    2    0           1    0     67      6     67      8    T0953s1TS322-D1.pdb:A  SCOP d1qaba_
  163           1          -0       2.822     0.000    67    2    0           1    0     67      6     67      8    T0953s1TS322-D1.pdb:A  SCOP d1nsoa_
  164           1          -0       3.855     0.000    67    2    0           1    0     67      6     67      7    T0953s1TS322-D1.pdb:A  SCOP d1xz9a1
  165           1   7.629e-13       3.427     0.000    67    2    0           1    0     67      6     67      6    T0953s1TS322-D1.pdb:A  SCOP d1cdsa_
  166           1    2.26e-10       4.878     0.000    67    3    0           1    0     67      6     67      8    T0953s1TS322-D1.pdb:A  SCOP d1btna_
  167           1   3.857e-16       4.073     0.000    67    2    0           1    0     67      6     67      6    T0953s1TS322-D1.pdb:A  SCOP d1droa_
  168           1          -0       2.419     0.000    67    2    0           1    0     67      6     67      8    T0953s1TS322-D1.pdb:A  SCOP d1fhoa_
  169           1          -0       3.109     0.000    67    2    0           1    0     67      6     67      8    T0953s1TS322-D1.pdb:A  SCOP d1fhoa_
  170           1      0.1273        4.67     0.000    67    2    0           1    0     67      6     67      8    T0953s1TS322-D1.pdb:A  SCOP d1unra_
  171           1      0.1789       4.778     0.000    67    2    0           1    0     67      6     67      8    T0953s1TS322-D1.pdb:A  SCOP d1unpa_
  172           1          -0       3.514     0.000    67    2    0           1    0     67      6     67      8    T0953s1TS322-D1.pdb:A  SCOP d1p6sa_
  173           1          -0       2.876     0.000    67    2    0           1    0     67      6     67      5    T0953s1TS322-D1.pdb:A  SCOP d1v5ma_
  174           1          -0       2.876     0.000    67    2    0           1    0     67      6     67      5    T0953s1TS322-D1.pdb:A  SCOP d1v5ma_
  175           1          -0       3.836     0.000    67    2    0           1    0     67      6     67      8    T0953s1TS322-D1.pdb:A  SCOP d1v5pa_
  176           1          -0       3.531     0.000    67    2    0           1    0     67      6     67      7    T0953s1TS322-D1.pdb:A  SCOP d1wjla_
  177           1          -0       3.343     0.000    67    2    0           1    0     67      6     67      7    T0953s1TS322-D1.pdb:A  SCOP d1v61a_
  178           1          -0       1.364     0.000    67    2    0           1    0     67      6     67      5    T0953s1TS322-D1.pdb:A  SCOP d1v6pa_
  179           1          -0       2.876     0.000    67    4    0           1    0     67      6     67     10    T0953s1TS322-D1.pdb:A  SCOP d1ohza_
  180           1          -0       2.876     0.000    67    4    0           1    0     67      6     67     10    T0953s1TS322-D1.pdb:A  SCOP d1ohza_
  181           1          -0       2.876     0.000    67    3    0           1    0     67      6     67     10    T0953s1TS322-D1.pdb:A  SCOP d1ohza_
  182           1       1.818       5.289     0.000    67    2    0           1    0     67      6     67      7    T0953s1TS322-D1.pdb:A  SCOP d1fx3a_
  183           1          -0       3.343     0.000    67    3    0           1    0     67      6     67     11    T0953s1TS322-D1.pdb:A  SCOP d1rxla_
  184           1      0.3156        5.47     0.000    67    2    0           1    0     67      6     67      7    T0953s1TS322-D1.pdb:A  SCOP d1n1aa_
  185           1          -0       3.343     0.000    67    2    0           1    0     67      6     67      8    T0953s1TS322-D1.pdb:A  SCOP d1b6ca_
  186           1          -0           2     0.000    67    2    0           1    0     67      6     67      5    T0953s1TS322-D1.pdb:A  SCOP d1neaa_
  187           1          -0       4.259     0.000    67    3    0           1    0     67      6     67     14    T0953s1TS322-D1.pdb:A  SCOP d1rgq.1
  188           1          -0       3.343     0.000    67    2    0           1    0     67      6     67      7    T0953s1TS322-D1.pdb:A  SCOP d1j4ia_
  189           1          -0           3     0.000    67    4    0           1    0     67      6     67     20    T0953s1TS322-D1.pdb:A  SCOP d1uk3a_
  190           1          -0       2.623     0.000    67    2    0           1    0     67      6     67      8    T0953s1TS322-D1.pdb:A  SCOP d1qz8a_
  191           1          -0       2.623     0.000    67    2    0           1    0     67      6     67      8    T0953s1TS322-D1.pdb:A  SCOP d1qz8a_
  192           1          -0       3.343     0.000    67    2    0           1    0     67      6     67      7    T0953s1TS322-D1.pdb:A  SCOP d1j4ra_
  193           1          -0       2.907     0.000    67    2    0           1    0     67      6     67      7    T0953s1TS322-D1.pdb:A  SCOP d1x9la_
  194           1          -0       2.907     0.000    67    2    0           1    0     67      6     67      7    T0953s1TS322-D1.pdb:A  SCOP d1x9la_
  195           1          -0       2.907     0.000    67    2    0           1    0     67      6     67      7    T0953s1TS322-D1.pdb:A  SCOP d1x9la_
  196           1          -0       3.608     0.000    67    2    0           1    0     67      6     67      9    T0953s1TS322-D1.pdb:A  SCOP d1v76a_
  197           1          -0       2.947     0.000    67    2    0           1    0     67      6     67      5    T0953s1TS322-D1.pdb:A  SCOP d1vyca_
  198           1       0.432       3.872     0.000    67    2    0           1    0     67      6     67      5    T0953s1TS322-D1.pdb:A  SCOP d3mon.5
  199           1          -0       2.211     0.000    67    2    0           1    0     67      6     67      6    T0953s1TS322-D1.pdb:A  SCOP d1i81a_
  200           1     0.01627       4.102     0.000    67    2    0           1    0     67      6     67      6    T0953s1TS322-D1.pdb:A  SCOP d1loja_
  201           1      0.3653       3.912     0.000    67    2    0           1    0     67      6     67      6    T0953s1TS322-D1.pdb:A  SCOP d1loja_
  202           1     0.01627       4.102     0.000    67    2    0           1    0     67      6     67      6    T0953s1TS322-D1.pdb:A  SCOP d1mgqa_
  203           1          -0       3.271     0.000    67    4    0           1    0     67      6     67     16    T0953s1TS322-D1.pdb:A  SCOP d1scra_
  204           1          -0       3.987     0.000    67    4    0           1    0     67      6     67     16    T0953s1TS322-D1.pdb:A  SCOP d1scra_
  205           1          -0       3.987     0.000    67    4    0           1    0     67      6     67     16    T0953s1TS322-D1.pdb:A  SCOP d1scsa_
  206           1          -0       3.271     0.000    67    4    0           1    0     67      6     67     16    T0953s1TS322-D1.pdb:A  SCOP d1scsa_
  207           1          -0       3.987     0.000    67    4    0           1    0     67      6     67     16    T0953s1TS322-D1.pdb:A  SCOP d2ctva_
  208           1          -0       3.271     0.000    67    4    0           1    0     67      6     67     16    T0953s1TS322-D1.pdb:A  SCOP d2ctva_
  209           1          -0       3.783     0.000    67    4    0           1    0     67      6     67     18    T0953s1TS322-D1.pdb:A  SCOP d1dq6a_
  210           1          -0       3.271     0.000    67    4    0           1    0     67      6     67     18    T0953s1TS322-D1.pdb:A  SCOP d1dq6a_
  211           1          -0       3.783     0.000    67    4    0           1    0     67      6     67     16    T0953s1TS322-D1.pdb:A  SCOP d1enra_
  212           1          -0       3.271     0.000    67    4    0           1    0     67      6     67     16    T0953s1TS322-D1.pdb:A  SCOP d1enra_
  213           1          -0       3.987     0.000    67    4    0           1    0     67      6     67     16    T0953s1TS322-D1.pdb:A  SCOP d1qnya_
  214           1          -0       3.271     0.000    67    4    0           1    0     67      6     67     16    T0953s1TS322-D1.pdb:A  SCOP d1qnya_
  215           1          -0       3.783     0.000    67    4    0           1    0     67      6     67     18    T0953s1TS322-D1.pdb:A  SCOP d1dq0a_
  216           1          -0       3.271     0.000    67    4    0           1    0     67      6     67     18    T0953s1TS322-D1.pdb:A  SCOP d1dq0a_
  217           1          -0       3.987     0.000    67    4    0           1    0     67      6     67     16    T0953s1TS322-D1.pdb:A  SCOP d1gkba_
  218           1          -0       3.271     0.000    67    4    0           1    0     67      6     67     16    T0953s1TS322-D1.pdb:A  SCOP d1gkba_
  219           1          -0       3.271     0.000    67    4    0           1    0     67      6     67     16    T0953s1TS322-D1.pdb:A  SCOP d1i3ha_
  220           1          -0       3.987     0.000    67    4    0           1    0     67      6     67     16    T0953s1TS322-D1.pdb:A  SCOP d1i3ha_
  221           1          -0        4.26     0.000    67    4    0           1    0     67      6     67     16    T0953s1TS322-D1.pdb:A  SCOP d1jbca_
  222           1          -0       3.271     0.000    67    4    0           1    0     67      6     67     16    T0953s1TS322-D1.pdb:A  SCOP d1jbca_
  223           1          -0       3.987     0.000    67    4    0           1    0     67      6     67     16    T0953s1TS322-D1.pdb:A  SCOP d1nlsa_
  224           1          -0       3.271     0.000    67    4    0           1    0     67      6     67     16    T0953s1TS322-D1.pdb:A  SCOP d1nlsa_
  225           1          -0       2.721     0.000    67    4    0           1    0     67      6     67     16    T0953s1TS322-D1.pdb:A  SCOP d1lr3a_
  226           1          -0       2.721     0.000    67    4    0           1    0     67      6     67     16    T0953s1TS322-D1.pdb:A  SCOP d1lr2a_
  227           1          -0       2.721     0.000    67    4    0           1    0     67      6     67     15    T0953s1TS322-D1.pdb:A  SCOP d1thva_
  228           1          -0       2.919     0.000    67    3    0           1    0     67      6     67     15    T0953s1TS322-D1.pdb:A  SCOP d1thva_
  229           1          -0       3.987     0.000    67    4    0           1    0     67      6     67     15    T0953s1TS322-D1.pdb:A  SCOP d1enqa_
  230           1          -0       3.271     0.000    67    4    0           1    0     67      6     67     16    T0953s1TS322-D1.pdb:A  SCOP d1vlna_
  231           1          -0       3.271     0.000    67    4    0           1    0     67      6     67     16    T0953s1TS322-D1.pdb:A  SCOP d1onaa_
  232           1          -0       3.987     0.000    67    4    0           1    0     67      6     67     16    T0953s1TS322-D1.pdb:A  SCOP d1onaa_
  233           1          -0       3.563     0.000    67    4    0           1    0     67      6     67     15    T0953s1TS322-D1.pdb:A  SCOP d1apna_
  234           1          -0       3.271     0.000    67    4    0           1    0     67      6     67     16    T0953s1TS322-D1.pdb:A  SCOP d1qgla_
  235           1          -0       3.987     0.000    67    4    0           1    0     67      6     67     16    T0953s1TS322-D1.pdb:A  SCOP d1cvna_
  236           1          -0       3.271     0.000    67    4    0           1    0     67      6     67     16    T0953s1TS322-D1.pdb:A  SCOP d1cvna_
  237           1          -0       3.271     0.000    67    4    0           1    0     67      6     67     16    T0953s1TS322-D1.pdb:A  SCOP d1hqwa_
  238           1          -0       3.783     0.000    67    4    0           1    0     67      6     67     16    T0953s1TS322-D1.pdb:A  SCOP d1hqwa_
  239           1          -0        4.26     0.000    67    4    0           1    0     67      6     67     18    T0953s1TS322-D1.pdb:A  SCOP d2enra_
  240           1          -0       3.271     0.000    67    4    0           1    0     67      6     67     18    T0953s1TS322-D1.pdb:A  SCOP d2enra_
  241           1          -0       3.563     0.000    67    4    0           1    0     67      6     67     15    T0953s1TS322-D1.pdb:A  SCOP d1dq2a_
  242           1          -0       3.783     0.000    67    4    0           1    0     67      6     67     16    T0953s1TS322-D1.pdb:A  SCOP d1dq1a_
  243           1          -0       3.271     0.000    67    4    0           1    0     67      6     67     16    T0953s1TS322-D1.pdb:A  SCOP d1dq1a_
  244           1          -0       3.271     0.000    67    4    0           1    0     67      6     67     18    T0953s1TS322-D1.pdb:A  SCOP d5cnaa_
  245           1          -0       3.271     0.000    67    4    0           1    0     67      6     67     16    T0953s1TS322-D1.pdb:A  SCOP d1dq5a_
  246           1          -0       3.783     0.000    67    4    0           1    0     67      6     67     16    T0953s1TS322-D1.pdb:A  SCOP d1dq5a_
  247           1          -0       3.271     0.000    67    4    0           1    0     67      6     67     18    T0953s1TS322-D1.pdb:A  SCOP d1jw6a_
  248           1          -0       3.783     0.000    67    4    0           1    0     67      6     67     18    T0953s1TS322-D1.pdb:A  SCOP d1jw6a_
  249           1          -0       3.271     0.000    67    4    0           1    0     67      6     67     18    T0953s1TS322-D1.pdb:A  SCOP d1gica_
  250           1          -0       3.271     0.000    67    4    0           1    0     67      6     67     16    T0953s1TS322-D1.pdb:A  SCOP d1cona_
  251           1          -0       3.987     0.000    67    4    0           1    0     67      6     67     16    T0953s1TS322-D1.pdb:A  SCOP d1cona_
  252           1          -0       3.987     0.000    67    4    0           1    0     67      6     67     16    T0953s1TS322-D1.pdb:A  SCOP d1qdca_
  253           1          -0       3.271     0.000    67    4    0           1    0     67      6     67     16    T0953s1TS322-D1.pdb:A  SCOP d1qdca_
  254           1          -0       1.342     0.000    67    2    0           1    0     67      6     67     10    T0953s1TS322-D1.pdb:A  SCOP d1w9sa_
  255           1          -0       2.623     0.000    67    3    0           1    0     67      6     67     10    T0953s1TS322-D1.pdb:A  SCOP d1o8pa_
  256           1          -0       2.623     0.000    67    3    0           1    0     67      6     67     10    T0953s1TS322-D1.pdb:A  SCOP d1naea_
  257           1          -0       1.734     0.000    67    3    0           1    0     67      6     67      9    T0953s1TS322-D1.pdb:A  SCOP d1stma_
  258           1     0.03011       3.064     0.000    67    2    0           1    0     67      6     67      3    T0953s1TS322-D1.pdb:A  SCOP d1kj5a_
  259           1          -0       2.275     0.000    67    3    0           1    0     67      6     67      7    T0953s1TS322-D1.pdb:A  SCOP d1g6ea_
  260           1          -0  1.798e+308     0.000    67    3    0           1    0     67      6     67     15    T0953s1TS322-D1.pdb:A  SCOP d1f38a_
  261           1          -0       2.623     0.000    67    3    0           1    0     67      6     67     10    T0953s1TS322-D1.pdb:A  SCOP d1o8sa_
  262           1          -0       2.623     0.000    67    3    0           1    0     67      6     67     10    T0953s1TS322-D1.pdb:A  SCOP d1od3a_
  263           1          -0         3.7     0.000    67    3    0           1    0     67      6     67     10    T0953s1TS322-D1.pdb:A  SCOP d1wh0a_
  264           1          -0       3.855     0.000    67    3    0           1    0     67      6     67     10    T0953s1TS322-D1.pdb:A  SCOP d1guia_
  265           1          -0       2.623     0.000    67    2    0           1    0     67      6     67     10    T0953s1TS322-D1.pdb:A  SCOP d1guia_
  266           1   8.877e-05       2.641     0.000    67    2    0           1    0     67      6     67      3    T0953s1TS322-D1.pdb:A  SCOP d1ut3a_
  267           1          -0           2     0.000    67    2    0           1    0     67      6     67      8    T0953s1TS322-D1.pdb:A  SCOP d1uloa_
  268           1     0.04006       3.478     0.000    67    2    0           1    0     67      6     67      3    T0953s1TS322-D1.pdb:A  SCOP d1bnba_
  269           1          -0         3.7     0.000    67    3    0           1    0     67      6     67     10    T0953s1TS322-D1.pdb:A  SCOP d1wh0a_
  270           1          -0       3.855     0.000    67    3    0           1    0     67      6     67      7    T0953s1TS322-D1.pdb:A  SCOP d1wgva_
  271           1          -0       2.382     0.000    67    2    0           1    0     67      6     67     10    T0953s1TS322-D1.pdb:A  SCOP d1ecza_
  272           1          -0       2.623     0.000    67    4    0           1    0     67      6     67      8    T0953s1TS322-D1.pdb:A  SCOP d1fjja_
  273           1          -0       2.623     0.000    67    4    0           1    0     67      6     67      7    T0953s1TS322-D1.pdb:A  SCOP d1vi3a_
  274           1      0.1379       3.865     0.000    67    2    0           1    0     67      6     67      4    T0953s1TS322-D1.pdb:A  SCOP d1fqqa_
  275           1          -0       3.343     0.000    67    3    0           1    0     67      6     67      7    T0953s1TS322-D1.pdb:A  SCOP d1fuxa_
  276           1          -0       3.343     0.000    67    3    0           1    0     67      6     67      7    T0953s1TS322-D1.pdb:A  SCOP d1fuxa_
  277           1          -0       3.343     0.000    67    3    0           1    0     67      6     67      7    T0953s1TS322-D1.pdb:A  SCOP d1fuxa_
  278           1    4.42e-07       2.275     0.000    67    2    0           1    0     67      6     67      4    T0953s1TS322-D1.pdb:A  SCOP d1e4ta_
  279           1          -0       2.721     0.000    67    4    0           1    0     67      6     67     16    T0953s1TS322-D1.pdb:A  SCOP d1thwa_
  280           1          -0       2.721     0.000    67    4    0           1    0     67      6     67     14    T0953s1TS322-D1.pdb:A  SCOP d1pp3a_
  281           1          -0       2.721     0.000    67    3    0           1    0     67      6     67     14    T0953s1TS322-D1.pdb:A  SCOP d1pp3a_
  282           1          -0       2.721     0.000    67    4    0           1    0     67      6     67     16    T0953s1TS322-D1.pdb:A  SCOP d1ly0a_
  283           1          -0       2.721     0.000    67    4    0           1    0     67      6     67     16    T0953s1TS322-D1.pdb:A  SCOP d1lxza_
  284           1          -0       2.721     0.000    67    4    0           1    0     67      6     67     16    T0953s1TS322-D1.pdb:A  SCOP d1rqwa_
  285           1          -0       2.777     0.000    67    3    0           1    0     67      6     67     10    T0953s1TS322-D1.pdb:A  SCOP d1ws8a_
  286           1          -0       2.777     0.000    67    3    0           1    0     67      6     67     11    T0953s1TS322-D1.pdb:A  SCOP d1ws7a_
  287           1          -0       3.343     0.000    67    3    0           1    0     67      6     67      8    T0953s1TS322-D1.pdb:A  SCOP d1so9a_
  288           1          -0       3.343     0.000    67    3    0           1    0     67      6     67      8    T0953s1TS322-D1.pdb:A  SCOP d1so9a_
  289           1          -0       3.343     0.000    67    2    0           1    0     67      6     67      8    T0953s1TS322-D1.pdb:A  SCOP d1so9a_
  290           1          -0       4.138     0.000    67    2    0           1    0     67      6     67     10    T0953s1TS322-D1.pdb:A  SCOP d2tnfa_
  291           1          -0       4.245     0.000    67    2    0           1    0     67      6     67      9    T0953s1TS322-D1.pdb:A  SCOP d1sp0a_
  292           1      0.2111       2.714     0.000    67    2    0           1    0     67      6     67      4    T0953s1TS322-D1.pdb:A  SCOP d1bf0a_
  293           1          -0       5.713     0.000    67    2    0           1    0     67      6     67      9    T0953s1TS322-D1.pdb:A  SCOP d1wtla_
  294           1          -0       1.325     0.000    67    3    0           1    0     67      6     67     11    T0953s1TS322-D1.pdb:A  SCOP d1tnra_
  295           1          -0        4.16     0.000    67    2    0           1    0     67      6     67     10    T0953s1TS322-D1.pdb:A  SCOP d4tsva_
  296           1          -0       3.312     0.000    67    3    0           1    0     67      6     67     10    T0953s1TS322-D1.pdb:A  SCOP d1gmia_
  297           1          -0       2.382     0.000    67    2    0           1    0     67      6     67     10    T0953s1TS322-D1.pdb:A  SCOP d1gmia_
  298           1          -0  1.798e+308     0.000    67    3    0           1    0     67      6     67     12    T0953s1TS322-D1.pdb:A  SCOP d1umia_
  299           1          -0        3.26     0.000    67    3    0           1    0     67      6     67      8    T0953s1TS322-D1.pdb:A  SCOP d1nlqa_
  300           1          -0       2.619     0.000    67    3    0           1    0     67      6     67      8    T0953s1TS322-D1.pdb:A  SCOP d1nlqa_
  301           1          -0       1.342     0.000    67    2    0           1    0     67      6     67     10    T0953s1TS322-D1.pdb:A  SCOP d1w9ta_
  302           1     0.04006       3.478     0.000    67    2    0           1    0     67      6     67      4    T0953s1TS322-D1.pdb:A  SCOP d1ijua_
  303           1          -0           2     0.000    67    3    0           1    0     67      6     67     13    T0953s1TS322-D1.pdb:A  SCOP d1qq2a_
  304           1          -0       4.224     0.000    67    5    0           1    0     67      6     67     21    T0953s1TS322-D1.pdb:A  SCOP d1jova_
  305           1          -0      0.6411     0.000    67    2    0           1    0     67      6     67     10    T0953s1TS322-D1.pdb:A  SCOP d1uu5a_
  306           1          -0      0.6411     0.000    67    2    0           1    0     67      6     67      9    T0953s1TS322-D1.pdb:A  SCOP d1uu4a_
  307           1          -0      0.6411     0.000    67    2    0           1    0     67      6     67      9    T0953s1TS322-D1.pdb:A  SCOP d1uu4a_
  308           1          -0      0.6411     0.000    67    2    0           1    0     67      6     67      9    T0953s1TS322-D1.pdb:A  SCOP d1w2ua_
  309           1          -0      0.6411     0.000    67    2    0           1    0     67      6     67      9    T0953s1TS322-D1.pdb:A  SCOP d1uu6a_
  310           1          -0      0.6411     0.000    67    2    0           1    0     67      6     67     10    T0953s1TS322-D1.pdb:A  SCOP d1olra_
  311           1          -0       2.623     0.000    67    2    0           1    0     67      6     67     10    T0953s1TS322-D1.pdb:A  SCOP d1vj2a_
  312           1          -0       3.343     0.000    67    3    0           1    0     67      6     67      6    T0953s1TS322-D1.pdb:A  SCOP d1id2a_
  313           1          -0         1.6     0.000    67    3    0           1    0     67      6     67      9    T0953s1TS322-D1.pdb:A  SCOP d1jxga_
  314           1   4.822e-17       3.578     0.000    67    2    0           1    0     67      6     67      7    T0953s1TS322-D1.pdb:A  SCOP d1beta_
  315           1          -0       3.343     0.000    67    3    0           1    0     67      6     67     13    T0953s1TS322-D1.pdb:A  SCOP d1lgna_
  316           1          -0       3.343     0.000    67    3    0           1    0     67      6     67     13    T0953s1TS322-D1.pdb:A  SCOP d1lgna_
  317           1          -0       2.947     0.000    67    2    0           1    0     67      6     67      9    T0953s1TS322-D1.pdb:A  SCOP d1oj1a_
  318           1          -0       2.947     0.000    67    2    0           1    0     67      6     67      9    T0953s1TS322-D1.pdb:A  SCOP d1oj8a_
  319           1   1.237e-06       5.268     0.000    67    2    0           1    0     67      6     67      9    T0953s1TS322-D1.pdb:A  SCOP d1onca_
  320           1          -0       1.186     0.000    67    2    0           1    0     67      6     67      7    T0953s1TS322-D1.pdb:A  SCOP d1iyua_
  321           1          -0       1.364     0.000    67    2    0           1    0     67      6     67      7    T0953s1TS322-D1.pdb:A  SCOP d1iyua_
  322           1          -0       4.351     0.000    67    3    0           1    0     67      6     67     14    T0953s1TS322-D1.pdb:A  SCOP d1q56a_
  323           1          -0       3.669     0.000    67    2    0           1    0     67      6     67      8    T0953s1TS322-D1.pdb:A  SCOP d1nina_
  324           1          -0       3.669     0.000    67    2    0           1    0     67      6     67      8    T0953s1TS322-D1.pdb:A  SCOP d1nina_
  325           1          -0           2     0.000    67    2    0           1    0     67      6     67      8    T0953s1TS322-D1.pdb:A  SCOP d1tcza_
  326           1          -0           2     0.000    67    2    0           1    0     67      6     67      8    T0953s1TS322-D1.pdb:A  SCOP d1tcza_
  327           1     0.00436       4.195     0.000    67    2    0           1    0     67      6     67      6    T0953s1TS322-D1.pdb:A  SCOP d1b8ka_
  328           1          -0       3.239     0.000    67    2    0           1    0     67      6     67      8    T0953s1TS322-D1.pdb:A  SCOP d1td3a_
  329           1    0.001046       2.523     0.000    67    2    0           1    0     67      6     67      3    T0953s1TS322-D1.pdb:A  SCOP d1k9ra_
  330           1          -0         1.6     0.000    67    2    0           1    0     67      6     67      6    T0953s1TS322-D1.pdb:A  SCOP d2raca_
  331           1          -0       2.597     0.000    67    3    0           1    0     67      6     67      5    T0953s1TS322-D1.pdb:A  SCOP d1ks6a_
  332           1          -0       3.343     0.000    67    3    0           1    0     67      6     67      6    T0953s1TS322-D1.pdb:A  SCOP d2raca_
  333           1          -0       2.043     0.000    67    5    0           1    0     67      6     67      6    T0953s1TS322-D1.pdb:A  SCOP d1t5ka_
  334           1          -0       2.043     0.000    67    5    0           1    0     67      6     67      6    T0953s1TS322-D1.pdb:A  SCOP d1aaja_
  335           1          -0         1.6     0.000    67    2    0           1    0     67      6     67      6    T0953s1TS322-D1.pdb:A  SCOP d1aaja_
  336           1    0.009642       3.607     0.000    67    2    0           1    0     67      6     67      5    T0953s1TS322-D1.pdb:A  SCOP d1k9aa1
  337           1   6.198e-07       3.442     0.000    67    2    0           1    0     67      6     67      4    T0953s1TS322-D1.pdb:A  SCOP d1cska_
  338           1          -0       2.822     0.000    67    3    0           1    0     67      6     67     12    T0953s1TS322-D1.pdb:A  SCOP d1ugw.1
  339           1          -0       3.384     0.000    67    2    0           1    0     67      6     67      5    T0953s1TS322-D1.pdb:A  SCOP d1h8ka_
  340           1          -0       2.822     0.000    67    3    0           1    0     67      6     67     12    T0953s1TS322-D1.pdb:A  SCOP d1ugy.1
  341           1          -0       2.043     0.000    67    5    0           1    0     67      6     67      6    T0953s1TS322-D1.pdb:A  SCOP d1aana_
  342           1   4.057e-08       3.147     0.000    67    3    0           1    0     67      6     67      5    T0953s1TS322-D1.pdb:A  SCOP d1e6ga_
  343           1          -0       2.822     0.000    67    3    0           1    0     67      6     67     12    T0953s1TS322-D1.pdb:A  SCOP d1toq.1
  344           1   0.0001008       3.147     0.000    67    3    0           1    0     67      6     67      5    T0953s1TS322-D1.pdb:A  SCOP d1nega_
  345           1   4.057e-08       3.147     0.000    67    3    0           1    0     67      6     67      5    T0953s1TS322-D1.pdb:A  SCOP d1bk2a_
  346           1          -0         1.6     0.000    67    2    0           1    0     67      6     67      6    T0953s1TS322-D1.pdb:A  SCOP d1aana_
  347           1          -0       3.764     0.000    67    4    0           1    0     67      6     67     11    T0953s1TS322-D1.pdb:A  SCOP d1b2pa_
  348           1          -0       2.362     0.000    67    2    0           1    0     67      6     67     10    T0953s1TS322-D1.pdb:A  SCOP d1ee6a_
  349           1          -0       3.343     0.000    67    3    0           1    0     67      6     67      6    T0953s1TS322-D1.pdb:A  SCOP d1aana_
  350           1          -0       2.043     0.000    67    5    0           1    0     67      6     67      6    T0953s1TS322-D1.pdb:A  SCOP d2mtaa_
  351           1          -0       3.979     0.000    67    2    0           1    0     67      6     67      5    T0953s1TS322-D1.pdb:A  SCOP d1mdaa_
  352           1          -0       2.352     0.000    67    3    0           1    0     67      6     67      9    T0953s1TS322-D1.pdb:A  SCOP d1fqta_
  353           1          -0       2.777     0.000    67    2    0           1    0     67      6     67      6    T0953s1TS322-D1.pdb:A  SCOP d1id2a_
  354           1          -0       3.563     0.000    67    4    0           1    0     67      6     67     16    T0953s1TS322-D1.pdb:A  SCOP d1h9wa_
  355           1          -0       3.987     0.000    67    4    0           1    0     67      6     67     16    T0953s1TS322-D1.pdb:A  SCOP d1h9wa_
  356           1          -0       3.563     0.000    67    4    0           1    0     67      6     67     16    T0953s1TS322-D1.pdb:A  SCOP d1dgla_
  357           1          -0       3.271     0.000    67    4    0           1    0     67      6     67     16    T0953s1TS322-D1.pdb:A  SCOP d1azda_
  358           1          -0       3.987     0.000    67    4    0           1    0     67      6     67     16    T0953s1TS322-D1.pdb:A  SCOP d1xqna_
  359           1          -0       3.271     0.000    67    4    0           1    0     67      6     67     16    T0953s1TS322-D1.pdb:A  SCOP d1xqna_
  360           1          -0       3.271     0.000    67    4    0           1    0     67      6     67     16    T0953s1TS322-D1.pdb:A  SCOP d1vala_
  361           1          -0       3.271     0.000    67    4    0           1    0     67      6     67     15    T0953s1TS322-D1.pdb:A  SCOP d2cnaa_
  362           1          -0       3.987     0.000    67    4    0           1    0     67      6     67     15    T0953s1TS322-D1.pdb:A  SCOP d2cnaa_
  363           1          -0       3.271     0.000    67    4    0           1    0     67      6     67     15    T0953s1TS322-D1.pdb:A  SCOP d1dq4a_
  364           1          -0       3.271     0.000    67    4    0           1    0     67      6     67     17    T0953s1TS322-D1.pdb:A  SCOP d1ensa_
  365           1          -0       3.271     0.000    67    4    0           1    0     67      6     67     15    T0953s1TS322-D1.pdb:A  SCOP d1jyca_
  366           1          -0       3.271     0.000    67    4    0           1    0     67      6     67     18    T0953s1TS322-D1.pdb:A  SCOP d1jyia_
  367           1          -0       3.271     0.000    67    4    0           1    0     67      6     67     16    T0953s1TS322-D1.pdb:A  SCOP d1juia_
  368           1          -0       3.271     0.000    67    4    0           1    0     67      6     67     16    T0953s1TS322-D1.pdb:A  SCOP d1vama_
  369           1          -0       3.987     0.000    67    4    0           1    0     67      6     67     16    T0953s1TS322-D1.pdb:A  SCOP d1c57a_
  370           1          -0       3.271     0.000    67    4    0           1    0     67      6     67     16    T0953s1TS322-D1.pdb:A  SCOP d1c57a_
  371           1          -0       3.271     0.000    67    4    0           1    0     67      6     67     15    T0953s1TS322-D1.pdb:A  SCOP d1cesa_
  372           1          -0       3.783     0.000    67    4    0           1    0     67      6     67     15    T0953s1TS322-D1.pdb:A  SCOP d1cesa_
  373           1          -0       3.271     0.000    67    4    0           1    0     67      6     67     16    T0953s1TS322-D1.pdb:A  SCOP d1cjpa_
  374           1          -0       3.987     0.000    67    4    0           1    0     67      6     67     16    T0953s1TS322-D1.pdb:A  SCOP d1cjpa_
  375           1          -0        4.26     0.000    67    4    0           1    0     67      6     67     16    T0953s1TS322-D1.pdb:A  SCOP d1bxha_
  376           1          -0       3.271     0.000    67    4    0           1    0     67      6     67     16    T0953s1TS322-D1.pdb:A  SCOP d1bxha_
  377           1          -0       3.271     0.000    67    4    0           1    0     67      6     67     16    T0953s1TS322-D1.pdb:A  SCOP d1teia_
  378           1          -0       3.271     0.000    67    4    0           1    0     67      6     67     15    T0953s1TS322-D1.pdb:A  SCOP d1enqa_
  379           1   4.822e-17       3.578     0.000    67    2    0           1    0     67      6     67      7    T0953s1TS322-D1.pdb:A  SCOP d1b8ma_
  380           1          -0       2.434     0.000    67    3    0           1    0     67      6     67     13    T0953s1TS322-D1.pdb:A  SCOP d1slha_
  381           1          -0       3.064     0.000    67    3    0           1    0     67      6     67     13    T0953s1TS322-D1.pdb:A  SCOP d1slha_
  382           1   7.631e-13       3.722     0.000    67    2    0           1    0     67      6     67      9    T0953s1TS322-D1.pdb:A  SCOP d1bnda_
  383           1    0.006448       5.605     0.000    67    2    0           1    0     67      6     67      9    T0953s1TS322-D1.pdb:A  SCOP d1f7da_
  384           1   0.0003248       5.318     0.000    67    3    0           1    0     67      6     67      9    T0953s1TS322-D1.pdb:A  SCOP d1f7oa_
  385           1    0.006448       5.605     0.000    67    2    0           1    0     67      6     67      9    T0953s1TS322-D1.pdb:A  SCOP d1f7ka_
  386           1          -0       3.851     0.000    67    2    0           1    0     67      6     67     10    T0953s1TS322-D1.pdb:A  SCOP d1f7pa_
  387           1          -0       3.851     0.000    67    2    0           1    0     67      6     67     10    T0953s1TS322-D1.pdb:A  SCOP d1f7qa_
  388           1          -0       3.343     0.000    67    2    0           1    0     67      6     67      9    T0953s1TS322-D1.pdb:A  SCOP d1f7ra_
  389           1          -0       4.779     0.000    67    3    0           1    0     67      6     67     11    T0953s1TS322-D1.pdb:A  SCOP d1duna_
  390           1          -0       3.669     0.000    67    3    0           1    0     67      6     67     11    T0953s1TS322-D1.pdb:A  SCOP d1duca_
  391           1          -0       3.937     0.000    67    3    0           1    0     67      6     67     10    T0953s1TS322-D1.pdb:A  SCOP d1hlca_
  392           1          -0       3.453     0.000    67    3    0           1    0     67      6     67     11    T0953s1TS322-D1.pdb:A  SCOP d5gala_
  393           1          -0       3.453     0.000    67    3    0           1    0     67      6     67     11    T0953s1TS322-D1.pdb:A  SCOP d4gala_
  394           1          -0       3.453     0.000    67    3    0           1    0     67      6     67     11    T0953s1TS322-D1.pdb:A  SCOP d1bkza_
  395           1          -0       3.343     0.000    67    3    0           1    0     67      6     67     11    T0953s1TS322-D1.pdb:A  SCOP d1gana_
  396           1          -0       3.343     0.000    67    4    0           1    0     67      6     67     11    T0953s1TS322-D1.pdb:A  SCOP d1gana_
  397           1          -0       4.772     0.000    67    2    0           1    0     67      6     67      8    T0953s1TS322-D1.pdb:A  SCOP d1f56a_
  398           1          -0       1.825     0.000    67    2    0           1    0     67      6     67     10    T0953s1TS322-D1.pdb:A  SCOP d1mvea_
  399           1          -0        1.98     0.000    67    2    0           1    0     67      6     67     10    T0953s1TS322-D1.pdb:A  SCOP d1mvea_
  400           1          -0       4.146     0.000    67    2    0           1    0     67      6     67     10    T0953s1TS322-D1.pdb:A  SCOP d1ajoa_
  401           1          -0       4.146     0.000    67    2    0           1    0     67      6     67     10    T0953s1TS322-D1.pdb:A  SCOP d1ajoa_
  402           1          -0       3.563     0.000    67    4    0           1    0     67      6     67     16    T0953s1TS322-D1.pdb:A  SCOP d1mvqa_
  403           1          -0       3.563     0.000    67    4    0           1    0     67      6     67     16    T0953s1TS322-D1.pdb:A  SCOP d1h9pa_
  404           1    0.000311       3.669     0.000    67    2    0           1    0     67      6     67      4    T0953s1TS322-D1.pdb:A  SCOP d1iu5a_
  405           1          -0       3.326     0.000    67    3    0           1    0     67      6     67     15    T0953s1TS322-D1.pdb:A  SCOP d1qb1a_
  406           1          -0        2.59     0.000    67    3    0           1    0     67      6     67     10    T0953s1TS322-D1.pdb:A  SCOP d1gd7a_
  407           1    0.000311       3.669     0.000    67    2    0           1    0     67      6     67      4    T0953s1TS322-D1.pdb:A  SCOP d1vcxa_
  408           1          -0       3.327     0.000    67    3    0           1    0     67      6     67     15    T0953s1TS322-D1.pdb:A  SCOP d1qb9a_
  409           1     0.01858       5.291     0.000    67    3    0           1    0     67      6     67      7    T0953s1TS322-D1.pdb:A  SCOP d1ot4a_
  410           1          -0       2.336     0.000    67    3    0           1    0     67      6     67     11    T0953s1TS322-D1.pdb:A  SCOP d1bfba_
  411           1   4.511e-11       3.958     0.000    67    2    0           1    0     67      6     67      5    T0953s1TS322-D1.pdb:A  SCOP d1mjca_
  412           1          -0       3.327     0.000    67    3    0           1    0     67      6     67     15    T0953s1TS322-D1.pdb:A  SCOP d1qboa_
  413           1          -0       4.559     0.000    67    3    0           1    0     67      6     67     11    T0953s1TS322-D1.pdb:A  SCOP d1bfba_
  414           1          -0       2.336     0.000    67    3    0           1    0     67      6     67     11    T0953s1TS322-D1.pdb:A  SCOP d1basa_
  415           1     0.01487       5.713     0.000    67    2    0           1    0     67      6     67      4    T0953s1TS322-D1.pdb:A  SCOP d1iu6a_
  416           1          -0       4.559     0.000    67    3    0           1    0     67      6     67     11    T0953s1TS322-D1.pdb:A  SCOP d1basa_
  417           1          -0       3.979     0.000    67    2    0           1    0     67      6     67     10    T0953s1TS322-D1.pdb:A  SCOP d2cd0a_
  418           1          -0       3.327     0.000    67    3    0           1    0     67      6     67     15    T0953s1TS322-D1.pdb:A  SCOP d1qa0a_
  419           1          -0       3.979     0.000    67    2    0           1    0     67      6     67     10    T0953s1TS322-D1.pdb:A  SCOP d2cd0a_
  420           1    0.000311       3.669     0.000    67    2    0           1    0     67      6     67      4    T0953s1TS322-D1.pdb:A  SCOP d1caaa_
  421           1          -0        3.77     0.000    67    2    0           1    0     67      6     67     10    T0953s1TS322-D1.pdb:A  SCOP d1nb9a_
  422           1      0.1977        4.03     0.000    67    2    0           1    0     67      6     67      6    T0953s1TS322-D1.pdb:A  SCOP d1guoa_
  423           1      0.1977        4.03     0.000    67    2    0           1    0     67      6     67      6    T0953s1TS322-D1.pdb:A  SCOP d1guna_
  424           1      0.1977        4.03     0.000    67    2    0           1    0     67      6     67      6    T0953s1TS322-D1.pdb:A  SCOP d1gusa_
  425           1      0.0415        4.03     0.000    67    2    0           1    0     67      6     67      6    T0953s1TS322-D1.pdb:A  SCOP d1guta_
  426           1   8.921e-09        3.24     0.000    67    2    0           1    0     67      6     67      4    T0953s1TS322-D1.pdb:A  SCOP d1k0ha_
  427           1          -0       1.714     0.000    67    3    0           1    0     67      6     67     15    T0953s1TS322-D1.pdb:A  SCOP d1sgta_
  428           1    0.000311       3.669     0.000    67    2    0           1    0     67      6     67      4    T0953s1TS322-D1.pdb:A  SCOP d1cada_
  429           1          -0       1.364     0.000    67    2    0           1    0     67      6     67      5    T0953s1TS322-D1.pdb:A  SCOP d5ebxa_
  430           1   5.647e-05       3.092     0.000    67    2    0           1    0     67      6     67      5    T0953s1TS322-D1.pdb:A  SCOP d1pfsa_
  431           1    0.000311       3.669     0.000    67    2    0           1    0     67      6     67      4    T0953s1TS322-D1.pdb:A  SCOP d1zrpa_
  432           1      0.2809       2.858     0.000    67    2    0           1    0     67      6     67      2    T0953s1TS322-D1.pdb:A  SCOP d1axha_
  433           1      0.9439       3.599     0.000    67    2    0           1    0     67      6     67      2    T0953s1TS322-D1.pdb:A  SCOP d1agga_
  434           1          -0       4.224     0.000    67    2    0           1    0     67      6     67     10    T0953s1TS322-D1.pdb:A  SCOP d1jt7a_
  435           1          -0       1.496     0.000    67    2    0           1    0     67      6     67      8    T0953s1TS322-D1.pdb:A  SCOP d1o7ia_
  436           1          -0       1.496     0.000    67    3    0           1    0     67      6     67     10    T0953s1TS322-D1.pdb:A  SCOP d1jt7a_
  437           1          -0       3.177     0.000    67    3    0           1    0     67      6     67     12    T0953s1TS322-D1.pdb:A  SCOP d1hcda_
  438           1          -0       5.713     0.000    67    2    0           1    0     67      6     67      9    T0953s1TS322-D1.pdb:A  SCOP d1fvca_
  439           1          -0       1.714     0.000    67    3    0           1    0     67      6     67     12    T0953s1TS322-D1.pdb:A  SCOP d1rg8a_
  440           1          -0       3.757     0.000    67    3    0           1    0     67      6     67     13    T0953s1TS322-D1.pdb:A  SCOP d1hcea_
  441           1    0.008657       5.137     0.000    67    3    0           1    0     67      6     67      6    T0953s1TS322-D1.pdb:A  SCOP d1wj3a_
  442           1          -0       3.979     0.000    67    2    0           1    0     67      6     67      6    T0953s1TS322-D1.pdb:A  SCOP d1wj3a_
  443           1          -0       5.713     0.000    67    2    0           1    0     67      6     67      8    T0953s1TS322-D1.pdb:A  SCOP d1i18a_
  444           1          -0       2.907     0.000    67    2    0           1    0     67      6     67     10    T0953s1TS322-D1.pdb:A  SCOP d1blaa_
  445           1          -0       3.979     0.000    67    3    0           1    0     67      6     67      6    T0953s1TS322-D1.pdb:A  SCOP d1wj3a_
  446           1          -0       3.979     0.000    67    3    0           1    0     67      6     67      6    T0953s1TS322-D1.pdb:A  SCOP d1wj3a_
  447           1          -0       2.026     0.000    67    2    0           1    0     67      6     67      5    T0953s1TS322-D1.pdb:A  SCOP d1ijca_
  448           1          -0       3.979     0.000    67    2    0           1    0     67      6     67      7    T0953s1TS322-D1.pdb:A  SCOP d1v5ja_
  449           1          -0        3.75     0.000    67    3    0           1    0     67      6     67      6    T0953s1TS322-D1.pdb:A  SCOP d1ueya_
  450           1          -0       5.713     0.000    67    2    0           1    0     67      6     67      6    T0953s1TS322-D1.pdb:A  SCOP d1ueya_
  451           1          -0       1.484     0.000    67    3    0           1    0     67      6     67      7    T0953s1TS322-D1.pdb:A  SCOP d1uema_
  452           1          -0       2.516     0.000    67    3    0           1    0     67      6     67      7    T0953s1TS322-D1.pdb:A  SCOP d1uema_
  453           1          -0       1.364     0.000    67    2    0           1    0     67      6     67      5    T0953s1TS322-D1.pdb:A  SCOP d3eraa_
  454           1   2.797e-14       3.808     0.000    67    2    0           1    0     67      6     67      5    T0953s1TS322-D1.pdb:A  SCOP d1f94a_
  455           1          -0  1.798e+308     0.000    67    3    0           1    0     67      6     67     15    T0953s1TS322-D1.pdb:A  SCOP d1ezma_
  456           1          -0  1.798e+308     0.000    67    3    0           1    0     67      6     67      9    T0953s1TS322-D1.pdb:A  SCOP d1utza_
  457           1          -0       3.327     0.000    67    3    0           1    0     67      6     67     15    T0953s1TS322-D1.pdb:A  SCOP d1qb6a_
  458           1    0.000311       3.669     0.000    67    2    0           1    0     67      6     67      4    T0953s1TS322-D1.pdb:A  SCOP d1brfa_
  459           1          -0       2.113     0.000    67    2    0           1    0     67      6     67      8    T0953s1TS322-D1.pdb:A  SCOP d1ix2a_
  460           1          -0       1.428     0.000    67    2    0           1    0     67      6     67      8    T0953s1TS322-D1.pdb:A  SCOP d1ix2a_
  461           1          -0       3.729     0.000    67    2    0           1    0     67      6     67      8    T0953s1TS322-D1.pdb:A  SCOP d1ix2a_
  462           1          -0       2.409     0.000    67    2    0           1    0     67      6     67      8    T0953s1TS322-D1.pdb:A  SCOP d1lyqa_
  463           1          -0  1.798e+308     0.000    67    2    0           1    0     67      6     67     10    T0953s1TS322-D1.pdb:A  SCOP d1lt0a_
  464           1        1.43       4.138     0.000    67    2    0           1    0     67      6     67      5    T0953s1TS322-D1.pdb:A  SCOP d1weva_
  465           1          -0  1.798e+308     0.000    67    2    0           1    0     67      6     67     10    T0953s1TS322-D1.pdb:A  SCOP d1lt0a_
  466           1          -0  1.798e+308     0.000    67    2    0           1    0     67      6     67     10    T0953s1TS322-D1.pdb:A  SCOP d1lsxa_
  467           1          -0       3.442     0.000    67    3    0           1    0     67      6     67      6    T0953s1TS322-D1.pdb:A  SCOP d1s6na_
  468           1          -0       1.988     0.000    67    3    0           1    0     67      6     67     14    T0953s1TS322-D1.pdb:A  SCOP d1mp2a_
  469           1          -0           2     0.000    67    3    0           1    0     67      6     67     14    T0953s1TS322-D1.pdb:A  SCOP d1mp2a_
  470           1          -0       1.862     0.000    67    3    0           1    0     67      6     67     15    T0953s1TS322-D1.pdb:A  SCOP d1mqwa_
  471           1          -0           2     0.000    67    3    0           1    0     67      6     67     15    T0953s1TS322-D1.pdb:A  SCOP d1mqwa_
  472           1          -0       3.343     0.000    67    2    0           1    0     67      6     67      9    T0953s1TS322-D1.pdb:A  SCOP d1hkfa_
  473           1     0.02027        3.69     0.000    67    2    0           1    0     67      6     67      7    T0953s1TS322-D1.pdb:A  SCOP d1smxa_
  474           1          -0       3.343     0.000    67    2    0           1    0     67      6     67      9    T0953s1TS322-D1.pdb:A  SCOP d1hkfa_
  475           1      0.0492       2.496     0.000    67    2    0           1    0     67      6     67      3    T0953s1TS322-D1.pdb:A  SCOP d1cvoa_
  476           1     0.02027        3.69     0.000    67    2    0           1    0     67      6     67      7    T0953s1TS322-D1.pdb:A  SCOP d1sn8a_
  477           1          -0       1.988     0.000    67    3    0           1    0     67      6     67     14    T0953s1TS322-D1.pdb:A  SCOP d1mr2a_
  478           1          -0           2     0.000    67    3    0           1    0     67      6     67     14    T0953s1TS322-D1.pdb:A  SCOP d1mr2a_
  479           1          -0           2     0.000    67    3    0           1    0     67      6     67     14    T0953s1TS322-D1.pdb:A  SCOP d1mqea_
  480           1          -0           2     0.000    67    3    0           1    0     67      6     67     14    T0953s1TS322-D1.pdb:A  SCOP d1mk1a_
  481           1          -0        3.05     0.000    67    3    0           1    0     67      6     67     12    T0953s1TS322-D1.pdb:A  SCOP d1v8wa_
  482           1          -0        3.05     0.000    67    3    0           1    0     67      6     67     12    T0953s1TS322-D1.pdb:A  SCOP d1v8ua_
  483           1          -0        3.05     0.000    67    3    0           1    0     67      6     67     12    T0953s1TS322-D1.pdb:A  SCOP d1v8ma_
  484           1          -0        3.05     0.000    67    3    0           1    0     67      6     67     12    T0953s1TS322-D1.pdb:A  SCOP d1v8ta_
  485           1   0.0005285       5.802     0.000    67    2    0           1    0     67      6     67     10    T0953s1TS322-D1.pdb:A  SCOP d1xaua_
  486           1          -0       4.451     0.000    67    2    0           1    0     67      6     67     10    T0953s1TS322-D1.pdb:A  SCOP d1ovza1
  487           1          -0       3.184     0.000    67    2    0           1    0     67      6     67      7    T0953s1TS322-D1.pdb:A  SCOP d1py4a_
  488           1          -0       3.456     0.000    67    2    0           1    0     67      6     67      7    T0953s1TS322-D1.pdb:A  SCOP d1py4a_
  489           1    0.007337        4.15     0.000    67    3    0           1    0     67      6     67      8    T0953s1TS322-D1.pdb:A  SCOP d1ldsa_
  490           1          -0       1.325     0.000    67    2    0           1    0     67      6     67      7    T0953s1TS322-D1.pdb:A  SCOP d1bmga_
  491           1    0.007337        4.15     0.000    67    3    0           1    0     67      6     67      8    T0953s1TS322-D1.pdb:A  SCOP d1ldsa_
  492           1    0.007337        4.15     0.000    67    3    0           1    0     67      6     67      8    T0953s1TS322-D1.pdb:A  SCOP d1ldsa_
  493           1      0.1372       3.858     0.000    67    2    0           1    0     67      6     67      3    T0953s1TS322-D1.pdb:A  SCOP d1dkca_
  494           1   2.768e-08       4.259     0.000    67    3    0           1    0     67      6     67      6    T0953s1TS322-D1.pdb:A  SCOP d1w6ba_
