<html><head></head><body><pre style="word-wrap: break-word; white-space: pre-wrap;"> PDBe Fold v2.59. (src3) 14 Apr 2014 result file.

                   RESULT SUMMARY

   ##      Q-score      P-score     Z-score   RMSD    Nalgn Nsse Ngaps Seq-%     Nmd Nres-Q Nsse-Q Nres-T Nsse-T Query Target
    1      0.7812          -0       5.533     0.000   137    3    6           1    0    155      9    155     11    T0957s2TS196-D1.pdb:A  SCOP d1s9ua_
    2        0.64   9.794e-09       4.944     0.000   124    2    8           1    0    155      9    155     10    T0957s2TS196-D1.pdb:A  SCOP d1t9ia_
    3      0.6297       2.029       6.375     0.000   123    2    7           1    0    155      9    155      7    T0957s2TS196-D1.pdb:A  SCOP d1pc6a_
    4      0.6297       1.063       5.093     0.000   123    5    9           1    0    155      9    155      9    T0957s2TS196-D1.pdb:A  SCOP d1h0aa_
    5      0.6297      0.2879       6.723     0.000   123    4    9           1    0    155      9    155      9    T0957s2TS196-D1.pdb:A  SCOP d1wixa_
    6      0.6235      0.1949       5.183     0.000   122    2    7           1    0    155      9    154      8    T0957s2TS196-D1.pdb:A  SCOP d1ybea2
    7      0.6196       2.984       5.853     0.692   119    2    7      0.9664    0    155      9    140      8    T0957s2TS196-D1.pdb:A  SCOP d2fbna1
    8      0.6195   0.0007464       5.524     0.000   122    2    7           1    0    155      9    155     10    T0957s2TS196-D1.pdb:A  SCOP d1t9ia_
    9      0.6195   3.665e-07       5.077     0.000   122    2    8           1    0    155      9    155     10    T0957s2TS196-D1.pdb:A  SCOP d1t9ia_
   10      0.6195      0.2449       6.092     0.000   122    3    6           1    0    155      9    155     12    T0957s2TS196-D1.pdb:A  SCOP d1a23a_
   11      0.6195       1.769       4.966     0.000   122    5    6           1    0    155      9    155      8    T0957s2TS196-D1.pdb:A  SCOP d2myoa_
   12      0.6165    0.007767       5.915     0.000   114    3    7           1    0    155      9    136     13    T0957s2TS196-D1.pdb:A  SCOP d1n52a1
   13      0.6094    1.65e-07       5.986     0.000   121    4    8           1    0    155      9    155     19    T0957s2TS196-D1.pdb:A  SCOP d1dm5a_
   14      0.6094       1.172       5.281     0.000   121    4    7           1    0    155      9    155      9    T0957s2TS196-D1.pdb:A  SCOP d1gu9a_
   15      0.6094          -0       4.961     0.000   121    3   11           1    0    155      9    155      9    T0957s2TS196-D1.pdb:A  SCOP d1ej3a_
   16      0.6094       1.081       5.523     0.000   121    2    7           1    0    155      9    155      5    T0957s2TS196-D1.pdb:A  SCOP d2ezka_
   17      0.6071    0.002492       5.193     0.000   116    3    6           1    0    155      9    143     13    T0957s2TS196-D1.pdb:A  SCOP d1z07a1
   18      0.6029      0.2122       6.723     0.000   118    2    8           1    0    155      9    149      9    T0957s2TS196-D1.pdb:A  SCOP d1peoa1
   19      0.5994    0.002492       5.193     0.000   120    3    7           1    0    155      9    155     13    T0957s2TS196-D1.pdb:A  SCOP d1huqa_
   20      0.5994      0.2117       4.747     0.000   120    2    5           1    0    155      9    155      7    T0957s2TS196-D1.pdb:A  SCOP d1jwda_
   21      0.5994       3.563         6.5     0.000   120    2    5           1    0    155      9    155     10    T0957s2TS196-D1.pdb:A  SCOP d1nxsa_
   22      0.5994       1.055       5.214     0.000   120    4    5           1    0    155      9    155      6    T0957s2TS196-D1.pdb:A  SCOP d1n0qa_
   23      0.5994     0.00099       4.738     0.000   120    2    7           1    0    155      9    155     10    T0957s2TS196-D1.pdb:A  SCOP d1u0ca_
   24      0.5994    0.007661       4.944     0.000   120    2    7           1    0    155      9    155     10    T0957s2TS196-D1.pdb:A  SCOP d1g9ya_
   25      0.5967   9.643e-17       4.815     0.000   117    2    5           1    0    155      9    148     10    T0957s2TS196-D1.pdb:A  SCOP d1d5ra2
   26      0.5894          -0       5.002     0.000   119    3    8           1    0    155      9    155     14    T0957s2TS196-D1.pdb:A  SCOP d1xqpa_
   27      0.5894          -0       5.002     0.000   119    3    8           1    0    155      9    155     14    T0957s2TS196-D1.pdb:A  SCOP d1xqoa_
   28      0.5894    0.005303       5.273     0.000   119    3    7           1    0    155      9    155     12    T0957s2TS196-D1.pdb:A  SCOP d1g16a_
   29      0.5894       1.554        4.81     0.000   119    3    8           1    0    155      9    155     11    T0957s2TS196-D1.pdb:A  SCOP d1prqa_
   30      0.5894    0.001009       5.104     0.000   119    3    7           1    0    155      9    155     13    T0957s2TS196-D1.pdb:A  SCOP d1tu3a_
   31      0.5894      0.0032       4.783     0.000   119    3    8           1    0    155      9    155     11    T0957s2TS196-D1.pdb:A  SCOP d1zbda_
   32      0.5894    0.001009       5.104     0.000   119    3    7           1    0    155      9    155     13    T0957s2TS196-D1.pdb:A  SCOP d1tu4a_
   33      0.5894    0.001009       5.104     0.000   119    3    7           1    0    155      9    155     13    T0957s2TS196-D1.pdb:A  SCOP d1n6ha_
   34      0.5894    0.001009       5.104     0.000   119    3    7           1    0    155      9    155     13    T0957s2TS196-D1.pdb:A  SCOP d1n6oa_
   35      0.5894    0.001009       5.104     0.000   119    3    7           1    0    155      9    155     13    T0957s2TS196-D1.pdb:A  SCOP d1n6ia_
   36      0.5894   1.807e-05       5.104     0.000   119    3    7           1    0    155      9    155     13    T0957s2TS196-D1.pdb:A  SCOP d1n6pa_
   37      0.5894    0.001009       5.104     0.000   119    3    7           1    0    155      9    155     13    T0957s2TS196-D1.pdb:A  SCOP d1n6la_
   38      0.5894    0.001009       5.104     0.000   119    3    7           1    0    155      9    155     13    T0957s2TS196-D1.pdb:A  SCOP d1n6na_
   39      0.5894    0.001009       5.104     0.000   119    3    7           1    0    155      9    155     13    T0957s2TS196-D1.pdb:A  SCOP d1n6ka_
   40      0.5894    0.001009       5.104     0.000   119    3    7           1    0    155      9    155     13    T0957s2TS196-D1.pdb:A  SCOP d1n6ra_
   41      0.5894   1.807e-05       5.104     0.000   119    3    7           1    0    155      9    155     13    T0957s2TS196-D1.pdb:A  SCOP d1r2qa_
   42      0.5894     0.07441       5.131     0.000   119    3    7           1    0    155      9    155     12    T0957s2TS196-D1.pdb:A  SCOP d3raba_
   43      0.5796       1.492       5.202     0.000   118    3    5           1    0    155      9    155      6    T0957s2TS196-D1.pdb:A  SCOP d1ie7a_
   44      0.5796       1.352       5.068     0.000   118    3    5           1    0    155      9    155      6    T0957s2TS196-D1.pdb:A  SCOP d1fwca_
   45      0.5796       1.352       5.068     0.000   118    3    5           1    0    155      9    155      6    T0957s2TS196-D1.pdb:A  SCOP d1fwba_
   46      0.5796       1.352       5.068     0.000   118    3    5           1    0    155      9    155      6    T0957s2TS196-D1.pdb:A  SCOP d1ubpa_
   47      0.5796       1.352       5.068     0.000   118    3    5           1    0    155      9    155      6    T0957s2TS196-D1.pdb:A  SCOP d1fwaa_
   48      0.5796       1.492       5.202     0.000   118    3    5           1    0    155      9    155      6    T0957s2TS196-D1.pdb:A  SCOP d2ubpa_
   49      0.5796       1.492       5.202     0.000   118    3    5           1    0    155      9    155      6    T0957s2TS196-D1.pdb:A  SCOP d3ubpa_
   50      0.5796       1.352       5.068     0.000   118    3    5           1    0    155      9    155      6    T0957s2TS196-D1.pdb:A  SCOP d1fwda_
   51      0.5796     0.06227       5.309     0.000   118    2    6           1    0    155      9    155     10    T0957s2TS196-D1.pdb:A  SCOP d1u0ca_
   52      0.5796       1.352       5.068     0.000   118    3    5           1    0    155      9    155      6    T0957s2TS196-D1.pdb:A  SCOP d1s3ta_
   53      0.5796      0.1358       5.524     0.000   118    2    6           1    0    155      9    155     10    T0957s2TS196-D1.pdb:A  SCOP d1g9ya_
   54      0.5796       1.352       5.068     0.000   118    3    5           1    0    155      9    155      6    T0957s2TS196-D1.pdb:A  SCOP d1a5la_
   55      0.5796       1.352       5.068     0.000   118    3    5           1    0    155      9    155      6    T0957s2TS196-D1.pdb:A  SCOP d1fwea_
   56      0.5796       1.352       5.068     0.000   118    3    5           1    0    155      9    155      6    T0957s2TS196-D1.pdb:A  SCOP d1fwga_
   57      0.5796       1.492       5.202     0.000   118    3    5           1    0    155      9    155      6    T0957s2TS196-D1.pdb:A  SCOP d1kraa_
   58      0.5796       1.352       5.068     0.000   118    3    5           1    0    155      9    155      6    T0957s2TS196-D1.pdb:A  SCOP d1krba_
   59      0.5796       1.352       5.068     0.000   118    3    5           1    0    155      9    155      6    T0957s2TS196-D1.pdb:A  SCOP d1fwia_
   60      0.5796       1.492       5.202     0.000   118    3    5           1    0    155      9    155      6    T0957s2TS196-D1.pdb:A  SCOP d4ubpa_
   61      0.5796       1.352       5.068     0.000   118    3    5           1    0    155      9    155      6    T0957s2TS196-D1.pdb:A  SCOP d1fwfa_
   62      0.5796       1.352       5.068     0.000   118    3    5           1    0    155      9    155      6    T0957s2TS196-D1.pdb:A  SCOP d2kaua_
   63      0.5761     0.01005       4.926     0.000   113    3    7           1    0    155      9    143     11    T0957s2TS196-D1.pdb:A  SCOP d2eqba1
   64      0.5698       1.015       4.981     0.000   117    3    6           1    0    155      9    155      5    T0957s2TS196-D1.pdb:A  SCOP d1emva_
   65      0.5698     0.00571       4.595     0.000   117    4    8           1    0    155      9    155      7    T0957s2TS196-D1.pdb:A  SCOP d1q59a_
   66      0.5698       1.015       4.981     0.000   117    3    6           1    0    155      9    155      5    T0957s2TS196-D1.pdb:A  SCOP d1fr2a_
   67      0.5698   1.982e-07       3.628     0.000   117    4   10           1    0    155      9    155      8    T0957s2TS196-D1.pdb:A  SCOP d1me5a_
   68      0.5698   2.449e-06       4.374     0.000   117    2    6           1    0    155      9    155     10    T0957s2TS196-D1.pdb:A  SCOP d1vkka_
   69      0.5698       1.015       4.981     0.000   117    3    6           1    0    155      9    155      5    T0957s2TS196-D1.pdb:A  SCOP d1bxia_
   70      0.5698   0.0006072       4.378     0.000   117    2    9           1    0    155      9    155      9    T0957s2TS196-D1.pdb:A  SCOP d1kz1a_
   71      0.5698    0.002708       4.523     0.000   117    2    9           1    0    155      9    155      9    T0957s2TS196-D1.pdb:A  SCOP d1kyya_
   72      0.5698    0.001046       4.378     0.000   117    2    9           1    0    155      9    155      9    T0957s2TS196-D1.pdb:A  SCOP d1kyva_
   73      0.5698    0.001046       4.378     0.000   117    2    9           1    0    155      9    155      9    T0957s2TS196-D1.pdb:A  SCOP d1kz4a_
   74      0.5698   6.988e-05       4.215     0.000   117    2    9           1    0    155      9    155      9    T0957s2TS196-D1.pdb:A  SCOP d1kyxa_
   75      0.5698    0.001046       4.378     0.000   117    2    9           1    0    155      9    155      9    T0957s2TS196-D1.pdb:A  SCOP d1kz9a_
   76      0.5698    0.001046       4.378     0.000   117    2    9           1    0    155      9    155      9    T0957s2TS196-D1.pdb:A  SCOP d1kz6a_
   77      0.5698       1.174       5.043     0.000   117    5    7           1    0    155      9    155      8    T0957s2TS196-D1.pdb:A  SCOP d1myoa_
   78      0.5698   4.079e-12       4.673     0.000   117    2    8           1    0    155      9    155      5    T0957s2TS196-D1.pdb:A  SCOP d1dj7a_
   79      0.5698       1.352       5.068     0.000   117    3    5           1    0    155      9    155      6    T0957s2TS196-D1.pdb:A  SCOP d1a5na_
   80      0.5698       1.352       5.068     0.000   117    3    5           1    0    155      9    155      6    T0957s2TS196-D1.pdb:A  SCOP d1a5ma_
   81      0.5698       1.352       5.068     0.000   117    3    5           1    0    155      9    155      6    T0957s2TS196-D1.pdb:A  SCOP d1fwha_
   82      0.5698    0.004314       5.226     0.000   117    4   12           1    0    155      9    155     11    T0957s2TS196-D1.pdb:A  SCOP d1wy6a1
   83      0.5698          -0       3.556     0.000   117    2    9           1    0    155      9    155     10    T0957s2TS196-D1.pdb:A  SCOP d1g9za_
   84      0.5698          -0       3.556     0.000   117    2    9           1    0    155      9    155     10    T0957s2TS196-D1.pdb:A  SCOP d1n3fa_
   85      0.5691       1.084       4.587     0.105   117    2    7           1    0    155      9    155     10    T0957s2TS196-D1.pdb:A  SCOP d1jl1a_
   86      0.5681      0.3655       5.059     0.000   113    3    6           1    0    155      9    145     11    T0957s2TS196-D1.pdb:A  SCOP d1z0ia1
   87      0.5665   1.379e-08       5.337     0.000   114    2    5           1    0    155      9    148     10    T0957s2TS196-D1.pdb:A  SCOP d1d5ra2
   88      0.5612      0.4742       5.843     0.372   117    2    8           1    0    155      9    155      8    T0957s2TS196-D1.pdb:A  SCOP d1gm0a_
   89      0.5601       0.656       5.122     0.000   116    3    8           1    0    155      9    155      7    T0957s2TS196-D1.pdb:A  SCOP d1etea_
   90      0.5601      0.0107       4.774     0.000   116    3    7           1    0    155      9    155      5    T0957s2TS196-D1.pdb:A  SCOP d1m31a_
   91      0.5601   2.923e-05       5.309     0.000   116    2    8           1    0    155      9    155      7    T0957s2TS196-D1.pdb:A  SCOP d1g5ma_
   92      0.5601          -0       3.495     0.000   116    2    7           1    0    155      9    155      7    T0957s2TS196-D1.pdb:A  SCOP d1uega_
   93      0.5601     0.02164       5.042     0.000   116    2    8           1    0    155      9    155     10    T0957s2TS196-D1.pdb:A  SCOP d1u0da_
   94      0.5601      0.8506       6.492     0.000   116    2    6           1    0    155      9    155     10    T0957s2TS196-D1.pdb:A  SCOP d1nxoa_
   95      0.5601   0.0005576       4.259     0.000   116    4    7           1    0    155      9    155      6    T0957s2TS196-D1.pdb:A  SCOP d1n0qa_
   96      0.5601      0.4702       5.006     0.000   116    3    6           1    0    155      9    155      5    T0957s2TS196-D1.pdb:A  SCOP d2cnpa_
   97      0.5601      0.9259       5.533     0.000   116    3    7           1    0    155      9    155      6    T0957s2TS196-D1.pdb:A  SCOP d1fi6a_
   98      0.5601      0.3616       4.711     0.000   116    3    7           1    0    155      9    155     11    T0957s2TS196-D1.pdb:A  SCOP d1acfa_
   99      0.5601          -0       4.245     0.000   116    2   12           1    0    155      9    155      9    T0957s2TS196-D1.pdb:A  SCOP d1ej3a_
  100      0.5601     0.03754        3.94     0.000   116    2    8           1    0    155      9    155      9    T0957s2TS196-D1.pdb:A  SCOP d1cofa_
  101      0.5601       1.604       4.792     0.000   116    2    9           1    0    155      9    155      9    T0957s2TS196-D1.pdb:A  SCOP d1cfya_
  102      0.5601     0.01199       4.944     0.000   116    2    7           1    0    155      9    155      9    T0957s2TS196-D1.pdb:A  SCOP d1bp7a_
  103      0.5601   4.152e-06       4.048     0.000   116    2    8           1    0    155      9    155      8    T0957s2TS196-D1.pdb:A  SCOP d1flpa_
  104      0.5554      0.4127        6.46     0.000   107    3    7           1    0    155      9    133      8    T0957s2TS196-D1.pdb:A  SCOP d1omwa1
  105      0.5529   3.901e-07       6.657     0.000   113    2    8           1    0    155      9    149      9    T0957s2TS196-D1.pdb:A  SCOP d1peoa1
  106      0.5505        2.02       5.685     0.000   115    3    5           1    0    155      9    155      6    T0957s2TS196-D1.pdb:A  SCOP d1fwea_
  107      0.5505        2.02       5.685     0.000   115    3    5           1    0    155      9    155      6    T0957s2TS196-D1.pdb:A  SCOP d1a5la_
  108      0.5505       1.889       5.569     0.000   115    3    5           1    0    155      9    155      6    T0957s2TS196-D1.pdb:A  SCOP d1a5na_
  109      0.5505        2.17        5.82     0.000   115    3    5           1    0    155      9    155      6    T0957s2TS196-D1.pdb:A  SCOP d1kraa_
  110      0.5505        2.02       5.685     0.000   115    3    5           1    0    155      9    155      6    T0957s2TS196-D1.pdb:A  SCOP d1krba_
  111      0.5505        2.17        5.82     0.000   115    3    5           1    0    155      9    155      6    T0957s2TS196-D1.pdb:A  SCOP d4ubpa_
  112      0.5505        2.02       5.685     0.000   115    3    5           1    0    155      9    155      6    T0957s2TS196-D1.pdb:A  SCOP d1ubpa_
  113      0.5505        2.17        5.82     0.000   115    3    5           1    0    155      9    155      6    T0957s2TS196-D1.pdb:A  SCOP d1ie7a_
  114      0.5505        2.17        5.82     0.000   115    3    5           1    0    155      9    155      6    T0957s2TS196-D1.pdb:A  SCOP d2ubpa_
  115      0.5505        2.17        5.82     0.000   115    3    5           1    0    155      9    155      6    T0957s2TS196-D1.pdb:A  SCOP d3ubpa_
  116      0.5505        2.02       5.685     0.000   115    3    5           1    0    155      9    155      6    T0957s2TS196-D1.pdb:A  SCOP d1s3ta_
  117      0.5505      0.5854        5.22     0.000   115    2    6           1    0    155      9    155      3    T0957s2TS196-D1.pdb:A  SCOP d1lg4a_
  118      0.5505     0.01097       4.935     0.000   115    2    7           1    0    155      9    155      9    T0957s2TS196-D1.pdb:A  SCOP d1bp7a_
  119      0.5505        2.02       5.685     0.000   115    3    5           1    0    155      9    155      6    T0957s2TS196-D1.pdb:A  SCOP d1fwda_
  120      0.5505          -0       4.233     0.000   115    2    9           1    0    155      9    155      8    T0957s2TS196-D1.pdb:A  SCOP d1urva_
  121      0.5505        2.02       5.685     0.000   115    3    5           1    0    155      9    155      6    T0957s2TS196-D1.pdb:A  SCOP d1fwca_
  122      0.5505        2.02       5.685     0.000   115    3    5           1    0    155      9    155      6    T0957s2TS196-D1.pdb:A  SCOP d1fwba_
  123      0.5505          -0       4.233     0.000   115    2    9           1    0    155      9    155      8    T0957s2TS196-D1.pdb:A  SCOP d1ut0a_
  124      0.5505        2.02       5.685     0.000   115    3    5           1    0    155      9    155      6    T0957s2TS196-D1.pdb:A  SCOP d1fwaa_
  125      0.5505      0.4398       4.828     0.000   115    3    8           1    0    155      9    155     11    T0957s2TS196-D1.pdb:A  SCOP d2acga_
  126      0.5505        2.02       5.685     0.000   115    3    5           1    0    155      9    155      6    T0957s2TS196-D1.pdb:A  SCOP d1fwga_
  127      0.5505       2.674       5.702     0.000   115    3    6           1    0    155      9    155      4    T0957s2TS196-D1.pdb:A  SCOP d1vkua_
  128      0.5505        2.02       5.685     0.000   115    3    5           1    0    155      9    155      6    T0957s2TS196-D1.pdb:A  SCOP d1fwia_
  129      0.5505   6.094e-08       5.631     0.000   115    3    8           1    0    155      9    155     12    T0957s2TS196-D1.pdb:A  SCOP d1a2ja_
  130      0.5505        2.02       5.685     0.000   115    3    5           1    0    155      9    155      6    T0957s2TS196-D1.pdb:A  SCOP d1fwfa_
  131      0.5505      0.2893       5.148     0.000   115    2    5           1    0    155      9    155      5    T0957s2TS196-D1.pdb:A  SCOP d1ujza_
  132      0.5505        2.02       5.685     0.000   115    3    5           1    0    155      9    155      6    T0957s2TS196-D1.pdb:A  SCOP d2kaua_
  133      0.5505       1.889       5.569     0.000   115    3    5           1    0    155      9    155      6    T0957s2TS196-D1.pdb:A  SCOP d1fwha_
  134      0.5505          -0       4.252     0.000   115    2    8           1    0    155      9    155     10    T0957s2TS196-D1.pdb:A  SCOP d1g9za_
  135      0.5505       1.889       5.569     0.000   115    3    5           1    0    155      9    155      6    T0957s2TS196-D1.pdb:A  SCOP d1a5ma_
  136      0.5505      0.9513       5.438     0.000   115    2    6           1    0    155      9    155     10    T0957s2TS196-D1.pdb:A  SCOP d1nxxa_
  137      0.5505       3.113       5.923     0.000   115    2    6           1    0    155      9    155      4    T0957s2TS196-D1.pdb:A  SCOP d1bnpa_
  138      0.5505       1.847       5.523     0.000   115    3    5           1    0    155      9    155      6    T0957s2TS196-D1.pdb:A  SCOP d1qjta_
  139      0.5505       1.357       6.101     0.000   115    2    5           1    0    155      9    155      7    T0957s2TS196-D1.pdb:A  SCOP d1jwda_
  140      0.5505          -0       3.563     0.000   115    3   10           1    0    155      9    155     11    T0957s2TS196-D1.pdb:A  SCOP d1la3a_
  141      0.5505       3.113       5.923     0.000   115    2    6           1    0    155      9    155      4    T0957s2TS196-D1.pdb:A  SCOP d1bnpa_
  142      0.5505      0.5775       5.015     0.000   115    3    6           1    0    155      9    155      4    T0957s2TS196-D1.pdb:A  SCOP d1j7ra_
  143      0.5505       2.998       5.839     0.000   115    3    6           1    0    155      9    155      4    T0957s2TS196-D1.pdb:A  SCOP d1bnoa_
  144      0.5505       1.253       5.739     0.000   115    3    5           1    0    155      9    155      4    T0957s2TS196-D1.pdb:A  SCOP d1cnpa_
  145      0.5482      0.3593       4.821     0.000   111    3    7           1    0    155      9    145     12    T0957s2TS196-D1.pdb:A  SCOP d1yzua1
  146       0.545          -0       4.505     0.000   106    2    9           1    0    155      9    133      8    T0957s2TS196-D1.pdb:A  SCOP d1ym7a1
  147      0.5444          -0       4.151     0.000   114    2    9           1    0    155      9    154      8    T0957s2TS196-D1.pdb:A  SCOP d1ybea2
  148      0.5409       1.617       4.863     0.000   114    2    7           1    0    155      9    155      4    T0957s2TS196-D1.pdb:A  SCOP d1acpa_
  149      0.5409    0.008746       4.747     0.000   114    3    6           1    0    155      9    155      5    T0957s2TS196-D1.pdb:A  SCOP d1k2ha_
  150      0.5409      0.2873       4.747     0.000   114    3    5           1    0    155      9    155      4    T0957s2TS196-D1.pdb:A  SCOP d1wgwa_
  151      0.5409   4.585e-12       5.515     0.000   114    3    8           1    0    155      9    155     12    T0957s2TS196-D1.pdb:A  SCOP d1fvja_
  152      0.5409   4.754e-12       5.515     0.000   114    3    8           1    0    155      9    155     12    T0957s2TS196-D1.pdb:A  SCOP d1dsba_
  153      0.5409   4.585e-12       5.515     0.000   114    3    8           1    0    155      9    155     12    T0957s2TS196-D1.pdb:A  SCOP d1acva_
  154      0.5409   4.585e-12       5.515     0.000   114    3    8           1    0    155      9    155     12    T0957s2TS196-D1.pdb:A  SCOP d1ac1a_
  155      0.5409          -0       3.839     0.000   114    4    8           1    0    155      9    155      7    T0957s2TS196-D1.pdb:A  SCOP d1ap9a_
  156      0.5409   1.963e-08       4.713     0.000   114    3   10           1    0    155      9    155      9    T0957s2TS196-D1.pdb:A  SCOP d1tzwa_
  157      0.5409    1.32e-05       5.246     0.000   114    3    8           1    0    155      9    155      6    T0957s2TS196-D1.pdb:A  SCOP d1pc2a_
  158      0.5409      0.2788       4.729     0.000   114    2    7           1    0    155      9    155      4    T0957s2TS196-D1.pdb:A  SCOP d1qlka_
  159      0.5409          -0       4.233     0.000   114    2   10           1    0    155      9    155      8    T0957s2TS196-D1.pdb:A  SCOP d1ux9a_
  160      0.5409       1.727        5.13     0.000   114    3    8           1    0    155      9    155      7    T0957s2TS196-D1.pdb:A  SCOP d1rfba_
  161      0.5409      0.6068       5.184     0.000   114    3    7           1    0    155      9    155      5    T0957s2TS196-D1.pdb:A  SCOP d1f8ha_
  162      0.5409      0.3828        4.89     0.000   114    3    7           1    0    155      9    155      4    T0957s2TS196-D1.pdb:A  SCOP d1eh2a_
  163      0.5409        1.77       5.226     0.000   114    2    8           1    0    155      9    155      4    T0957s2TS196-D1.pdb:A  SCOP d1irja_
  164      0.5409        1.33       5.947     0.000   114    3    7           1    0    155      9    155      9    T0957s2TS196-D1.pdb:A  SCOP d1g4aa_
  165      0.5409     0.09789        4.36     0.000   114    3    7           1    0    155      9    155      4    T0957s2TS196-D1.pdb:A  SCOP d1ksoa_
  166      0.5409      0.8482       5.452     0.000   114    3    7           1    0    155      9    155      4    T0957s2TS196-D1.pdb:A  SCOP d1j7qa_
  167      0.5409       1.532       6.273     0.000   114    2    6           1    0    155      9    155      7    T0957s2TS196-D1.pdb:A  SCOP d1jwda_
  168      0.5409    0.003174       3.628     0.000   114    2    8           1    0    155      9    155      3    T0957s2TS196-D1.pdb:A  SCOP d1ig7a_
  169      0.5409   5.327e-09       5.035     0.000   114    5   10           1    0    155      9    155     14    T0957s2TS196-D1.pdb:A  SCOP d1qyma_
  170      0.5409      0.7217       6.337     0.000   114    2    6           1    0    155      9    155     10    T0957s2TS196-D1.pdb:A  SCOP d1nxpa_
  171      0.5409          -0       4.233     0.000   114    2   10           1    0    155      9    155      8    T0957s2TS196-D1.pdb:A  SCOP d1urya_
  172      0.5409       0.214        3.61     0.000   114    3    9           1    0    155      9    155      7    T0957s2TS196-D1.pdb:A  SCOP d1qx7a_
  173      0.5409   1.751e-09       3.029     0.000   114    2   10           1    0    155      9    155      5    T0957s2TS196-D1.pdb:A  SCOP d1aepa_
  174      0.5409       0.214        3.61     0.000   114    3    9           1    0    155      9    155      7    T0957s2TS196-D1.pdb:A  SCOP d1qx7a_
  175      0.5409   4.585e-12       5.515     0.000   114    3    8           1    0    155      9    155     12    T0957s2TS196-D1.pdb:A  SCOP d1fvka_
  176      0.5409     0.01231       4.541     0.693   117    2    8      0.9658    0    155      9    155      7    T0957s2TS196-D1.pdb:A  SCOP d1uvxa_
  177      0.5348          -0       5.551     0.000   105    3    7           1    0    155      9    133      8    T0957s2TS196-D1.pdb:A  SCOP d2bcja1
  178      0.5337          -0       4.173     0.000   108    2    8           1    0    155      9    141     10    T0957s2TS196-D1.pdb:A  SCOP d1hxaa1
  179      0.5315          -0       5.262     0.000   113    2    8           1    0    155      9    155     10    T0957s2TS196-D1.pdb:A  SCOP d1m5xa_
  180      0.5315          -0       4.885     0.000   113    2    9           1    0    155      9    155     10    T0957s2TS196-D1.pdb:A  SCOP d1m5xa_
  181      0.5315          -0       2.776     0.000   113    3   10           1    0    155      9    155     15    T0957s2TS196-D1.pdb:A  SCOP d1o9ha_
  182      0.5315   0.0001924       3.514     0.000   113    3    9           1    0    155      9    155      4    T0957s2TS196-D1.pdb:A  SCOP d1irja_
  183      0.5315      0.1015        4.05     0.000   113    3    8           1    0    155      9    155     11    T0957s2TS196-D1.pdb:A  SCOP d1k0ka_
  184      0.5315   1.578e-05       5.247     0.000   113    2    9           1    0    155      9    155      8    T0957s2TS196-D1.pdb:A  SCOP d1ut0a_
  185      0.5315   1.578e-05       5.247     0.000   113    2    9           1    0    155      9    155      8    T0957s2TS196-D1.pdb:A  SCOP d1urva_
  186      0.5315          -0       4.073     0.000   113    2    9           1    0    155      9    155      9    T0957s2TS196-D1.pdb:A  SCOP d1kpsa_
  187      0.5315          -0       4.233     0.000   113    2   10           1    0    155      9    155      8    T0957s2TS196-D1.pdb:A  SCOP d1umoa_
  188      0.5315     0.02145       4.952     0.000   113    2    7           1    0    155      9    155     10    T0957s2TS196-D1.pdb:A  SCOP d2rn2a_
  189      0.5315     0.02145       4.952     0.000   113    2    7           1    0    155      9    155     10    T0957s2TS196-D1.pdb:A  SCOP d1lawa_
  190      0.5315      0.0164        4.89     0.000   113    2    7           1    0    155      9    155     10    T0957s2TS196-D1.pdb:A  SCOP d1kvca_
  191      0.5315       0.328       5.631     0.000   113    2    7           1    0    155      9    155     10    T0957s2TS196-D1.pdb:A  SCOP d1qxya_
  192      0.5315       0.328       5.631     0.000   113    2    7           1    0    155      9    155     10    T0957s2TS196-D1.pdb:A  SCOP d1qxwa_
  193      0.5315       1.064       5.676     0.000   113    2    5           1    0    155      9    155      4    T0957s2TS196-D1.pdb:A  SCOP d2dvha_
  194      0.5313    0.001929       3.518     0.698   116    2   10           1    0    155      9    155      6    T0957s2TS196-D1.pdb:A  SCOP d1joga_
  195      0.5268       1.203        5.67     0.000    89    2    2           1    0    155      9     97      6    T0957s2TS196-D1.pdb:A  SCOP d2es9a1
  196      0.5247          -0       5.157     0.000   104    3    8           1    0    155      9    133      8    T0957s2TS196-D1.pdb:A  SCOP d1omwa1
  197      0.5247          -0       5.211     0.000   104    2    8           1    0    155      9    133      8    T0957s2TS196-D1.pdb:A  SCOP d1omwa1
  198      0.5225     0.08558       4.949     0.000   103    3    5           1    0    155      9    131      7    T0957s2TS196-D1.pdb:A  SCOP d2eiaa2
  199      0.5221      0.3292       4.735     0.000   112    3    8           1    0    155      9    155      6    T0957s2TS196-D1.pdb:A  SCOP d1c2ra_
  200      0.5221          -0       4.161     0.000   112    2   10           1    0    155      9    155      8    T0957s2TS196-D1.pdb:A  SCOP d1urya_
  201      0.5221      0.1206       5.141     0.000   112    2    7           1    0    155      9    155      9    T0957s2TS196-D1.pdb:A  SCOP d1ni7a_
  202      0.5221      0.3292       4.735     0.000   112    3    8           1    0    155      9    155      6    T0957s2TS196-D1.pdb:A  SCOP d1vyda_
  203      0.5221       0.672       4.204     0.000   112    2    8           1    0    155      9    155      6    T0957s2TS196-D1.pdb:A  SCOP d1f70a_
  204      0.5221      0.2896       4.676     0.000   112    5   10           1    0    155      9    155      8    T0957s2TS196-D1.pdb:A  SCOP d1eyha_
  205      0.5221      0.5212       4.997     0.000   112    2    6           1    0    155      9    155      6    T0957s2TS196-D1.pdb:A  SCOP d1a5oa_
  206      0.5221   0.0008804       5.533     0.000   112    3    8           1    0    155      9    155      6    T0957s2TS196-D1.pdb:A  SCOP d1pc2a_
  207      0.5221      0.5212       4.997     0.000   112    2    6           1    0    155      9    155      6    T0957s2TS196-D1.pdb:A  SCOP d1krca_
  208      0.5221       1.703       5.098     0.000   112    3    6           1    0    155      9    155      5    T0957s2TS196-D1.pdb:A  SCOP d1mj2a_
  209      0.5221          -0       4.161     0.000   112    2   10           1    0    155      9    155      8    T0957s2TS196-D1.pdb:A  SCOP d1ux9a_
  210      0.5221      0.5212       4.997     0.000   112    2    6           1    0    155      9    155      6    T0957s2TS196-D1.pdb:A  SCOP d1a5ka_
  211      0.5221      0.5212       4.997     0.000   112    2    6           1    0    155      9    155      6    T0957s2TS196-D1.pdb:A  SCOP d1fwja_
  212      0.5221      0.1514       4.496     0.000   112    3    8           1    0    155      9    155      5    T0957s2TS196-D1.pdb:A  SCOP d1ff1a_
  213      0.5221          -0       4.317     0.000   112    4   10           1    0    155      9    155     11    T0957s2TS196-D1.pdb:A  SCOP d1w2ya_
  214      0.5221   0.0009867       4.559     0.000   112    2    8           1    0    155      9    155     10    T0957s2TS196-D1.pdb:A  SCOP d1rdaa_
  215      0.5221     0.01055       4.774     0.000   112    2    8           1    0    155      9    155     10    T0957s2TS196-D1.pdb:A  SCOP d1rdca_
  216      0.5221    0.006238       4.774     0.000   112    2    8           1    0    155      9    155     10    T0957s2TS196-D1.pdb:A  SCOP d1goba_
  217      0.5221      0.7213       5.268     0.000   112    3    7           1    0    155      9    155     12    T0957s2TS196-D1.pdb:A  SCOP d1o8na_
  218      0.5221      0.5352       5.086     0.000   112    3    7           1    0    155      9    155      4    T0957s2TS196-D1.pdb:A  SCOP d1wgwa_
  219      0.5221    0.005379       4.738     0.000   112    2    8           1    0    155      9    155     10    T0957s2TS196-D1.pdb:A  SCOP d1kvba_
  220      0.5221     0.02145       4.952     0.000   112    2    7           1    0    155      9    155     10    T0957s2TS196-D1.pdb:A  SCOP d1kvaa_
  221      0.5221   8.687e-08       4.023     0.000   112    2    7           1    0    155      9    155     10    T0957s2TS196-D1.pdb:A  SCOP d1jl1a_
  222      0.5221      0.1204       5.425     0.000   112    2    6           1    0    155      9    155     10    T0957s2TS196-D1.pdb:A  SCOP d3tmya_
  223      0.5221      0.7565       4.169     0.000   112    2    7           1    0    155      9    155      5    T0957s2TS196-D1.pdb:A  SCOP d1fowa_
  224      0.5221      0.8692        5.47     0.000   112    2    7           1    0    155      9    155      8    T0957s2TS196-D1.pdb:A  SCOP d1m0va_
  225      0.5221    1.09e-07       3.774     0.000   112    2   10           1    0    155      9    155     10    T0957s2TS196-D1.pdb:A  SCOP d1flva_
  226      0.5221   5.528e-07       4.502     0.000   112    2    8           1    0    155      9    155      5    T0957s2TS196-D1.pdb:A  SCOP d1a03a_
  227      0.5141          -0       4.927     0.000   106    2    9           1    0    155      9    141     10    T0957s2TS196-D1.pdb:A  SCOP d1hxaa1
  228      0.5128          -0        1.98     0.000   111    3    9           1    0    155      9    155     11    T0957s2TS196-D1.pdb:A  SCOP d1w2ya_
  229      0.5128     0.01605       4.567     0.000   111    2    7           1    0    155      9    155      9    T0957s2TS196-D1.pdb:A  SCOP d1skoa_
  230      0.5128     0.03199       4.478     0.000   111    3    7           1    0    155      9    155      5    T0957s2TS196-D1.pdb:A  SCOP d1impa_
  231      0.5128          -0       4.016     0.000   111    2    9           1    0    155      9    155      7    T0957s2TS196-D1.pdb:A  SCOP d1fg9a_
  232      0.5128          -0        3.32     0.000   111    2   10           1    0    155      9    155      7    T0957s2TS196-D1.pdb:A  SCOP d1ddba_
  233      0.5128   7.381e-05       4.478     0.000   111    2    8           1    0    155      9    155     10    T0957s2TS196-D1.pdb:A  SCOP d1nxsa_
  234      0.5128      0.4889       4.729     0.000   111    3    9           1    0    155      9    155      4    T0957s2TS196-D1.pdb:A  SCOP d1dk2a_
  235      0.5128      0.7063       4.402     0.000   111    2    7           1    0    155      9    155     10    T0957s2TS196-D1.pdb:A  SCOP d1jkea_
  236      0.5128    0.001011       4.577     0.000   111    3    8           1    0    155      9    155      5    T0957s2TS196-D1.pdb:A  SCOP d1wjta_
  237      0.5128   1.677e-06       4.169     0.000   111    3    8           1    0    155      9    155      5    T0957s2TS196-D1.pdb:A  SCOP d1wjta_
  238      0.5128     0.01456       4.819     0.000   111    2    9           1    0    155      9    155      5    T0957s2TS196-D1.pdb:A  SCOP d1m31a_
  239      0.5128          -0       3.576     0.000   111    5    9           1    0    155      9    155     10    T0957s2TS196-D1.pdb:A  SCOP d1bd8a_
  240      0.5128     0.00163       4.863     0.000   111    2   10           1    0    155      9    155      8    T0957s2TS196-D1.pdb:A  SCOP d1umoa_
  241      0.5128     0.01269       4.961     0.000   111    2    9           1    0    155      9    155     10    T0957s2TS196-D1.pdb:A  SCOP d1peya_
  242      0.5128    0.002969       4.934     0.000   111    2    8           1    0    155      9    155      4    T0957s2TS196-D1.pdb:A  SCOP d1ryka_
  243      0.5128     0.08028       4.684     0.000   111    2    7           1    0    155      9    155      5    T0957s2TS196-D1.pdb:A  SCOP d1ujza_
  244      0.5128    0.009068       4.908     0.000   111    2    9           1    0    155      9    155     10    T0957s2TS196-D1.pdb:A  SCOP d1srra_
  245      0.5128      0.5824       4.224     0.000   111    2    7           1    0    155      9    155     10    T0957s2TS196-D1.pdb:A  SCOP d1j7ga_
  246      0.5128      0.9895       4.552     0.000   111    2    8           1    0    155      9    155      4    T0957s2TS196-D1.pdb:A  SCOP d1sw8a_
  247      0.5128       2.078         5.3     0.000   111    2    6           1    0    155      9    155      9    T0957s2TS196-D1.pdb:A  SCOP d1qqia_
  248      0.5128          -0       4.498     0.000   111    3   10           1    0    155      9    155     12    T0957s2TS196-D1.pdb:A  SCOP d149la_
  249      0.5128     0.02129       4.612     0.000   111    5   11           1    0    155      9    155      7    T0957s2TS196-D1.pdb:A  SCOP d1inza_
  250      0.5128          -0       4.666     0.000   111    2    9           1    0    155      9    155     10    T0957s2TS196-D1.pdb:A  SCOP d1m5xa_
  251      0.5128          -0       4.928     0.000   111    4    9           1    0    155      9    155     19    T0957s2TS196-D1.pdb:A  SCOP d1hz4a_
  252      0.5128      0.6659       5.246     0.000   111    2    8           1    0    155      9    155      4    T0957s2TS196-D1.pdb:A  SCOP d1qlka_
  253      0.5128      0.9301       3.922     0.000   111    2    7           1    0    155      9    155      9    T0957s2TS196-D1.pdb:A  SCOP d1n06a_
  254      0.5128    0.006831       5.002     0.000   111    4    9           1    0    155      9    155      9    T0957s2TS196-D1.pdb:A  SCOP d1h21a_
  255      0.5128   7.416e-07       5.332     0.000   111    2    6           1    0    155      9    155      9    T0957s2TS196-D1.pdb:A  SCOP d1myfa_
  256      0.5122          -0       4.834     0.710   114    4   11      0.9649    0    155      9    155     19    T0957s2TS196-D1.pdb:A  SCOP d1xjla_
  257       0.511          -0       3.941     0.000   109    3    7           1    0    155      9    150     15    T0957s2TS196-D1.pdb:A  SCOP d2d0ua1
  258      0.5081          -0       2.881     0.000   105    3    9           1    0    155      9    140     15    T0957s2TS196-D1.pdb:A  SCOP d2g62a1
  259       0.505          -0       4.857     0.000   108    2    9           1    0    155      9    149      9    T0957s2TS196-D1.pdb:A  SCOP d1pema1
  260      0.5047          -0       4.023     0.000   102    2    9           1    0    155      9    133      8    T0957s2TS196-D1.pdb:A  SCOP d2bcja1
  261      0.5045          -0       2.509     0.000   105    2   10           1    0    155      9    141     10    T0957s2TS196-D1.pdb:A  SCOP d1hxaa1
  262      0.5037          -0       3.857     0.705   113    2    8      0.9646    0    155      9    155      7    T0957s2TS196-D1.pdb:A  SCOP d1uvxa_
  263      0.5036          -0       3.642     0.000   110    3   10           1    0    155      9    155     13    T0957s2TS196-D1.pdb:A  SCOP d189la_
  264      0.5036          -0       2.819     0.000   110    2   10           1    0    155      9    155      8    T0957s2TS196-D1.pdb:A  SCOP d1swxa_
  265      0.5036       2.239       5.497     0.000   110    3    8           1    0    155      9    155      3    T0957s2TS196-D1.pdb:A  SCOP d1lq7a_
  266      0.5036          -0       4.317     0.000   110    2    8           1    0    155      9    155      7    T0957s2TS196-D1.pdb:A  SCOP d1dlya_
  267      0.5036          -0       2.646     0.000   110    2   11           1    0    155      9    155     10    T0957s2TS196-D1.pdb:A  SCOP d1ctra_
  268      0.5036          -0        4.46     0.000   110    2   10           1    0    155      9    155      9    T0957s2TS196-D1.pdb:A  SCOP d1rtwa_
  269      0.5036          -0       5.586     0.000   110    3    7           1    0    155      9    155     15    T0957s2TS196-D1.pdb:A  SCOP d1lbea_
  270      0.5036          -0       4.032     0.000   110    2   10           1    0    155      9    155      9    T0957s2TS196-D1.pdb:A  SCOP d1rtwa_
  271      0.5036   9.274e-06       4.351     0.000   110    2    8           1    0    155      9    155     10    T0957s2TS196-D1.pdb:A  SCOP d1nxva_
  272      0.5036          -0        4.81     0.000   110    5   11           1    0    155      9    155     14    T0957s2TS196-D1.pdb:A  SCOP d1tr4a_
  273      0.5036      0.1617       4.105     0.000   110    3    7           1    0    155      9    155      7    T0957s2TS196-D1.pdb:A  SCOP d1q48a_
  274      0.5036          -0        5.19     0.000   110    5    8           1    0    155      9    155     15    T0957s2TS196-D1.pdb:A  SCOP d1ixva_
  275      0.5036          -0       5.116     0.000   110    5    9           1    0    155      9    155     15    T0957s2TS196-D1.pdb:A  SCOP d1ixva_
  276      0.5036   9.274e-06       4.351     0.000   110    2    8           1    0    155      9    155     10    T0957s2TS196-D1.pdb:A  SCOP d1nxta_
  277      0.5036          -0       3.642     0.000   110    3   10           1    0    155      9    155     13    T0957s2TS196-D1.pdb:A  SCOP d189la_
  278      0.5036    0.005186       5.227     0.000   110    2    7           1    0    155      9    155      5    T0957s2TS196-D1.pdb:A  SCOP d1a03a_
  279      0.5036      0.3645       5.348     0.000   110    2    7           1    0    155      9    155      8    T0957s2TS196-D1.pdb:A  SCOP d1flpa_
  280      0.5036     0.02789       3.851     0.000   110    2    9           1    0    155      9    155      8    T0957s2TS196-D1.pdb:A  SCOP d1h3qa_
  281      0.5036          -0       3.858     0.000   110    2    9           1    0    155      9    155      9    T0957s2TS196-D1.pdb:A  SCOP d1ejba_
  282      0.5036          -0       5.454     0.000   110    2    8           1    0    155      9    155     10    T0957s2TS196-D1.pdb:A  SCOP d1s6ca_
  283      0.5036   2.448e-05       4.062     0.000   110    2   11           1    0    155      9    155      7    T0957s2TS196-D1.pdb:A  SCOP d1h67a_
  284      0.5036    0.001596       4.069     0.000   110    3    7           1    0    155      9    155      5    T0957s2TS196-D1.pdb:A  SCOP d1t8ka_
  285      0.5036      0.7088         5.3     0.000   110    3    6           1    0    155      9    155      4    T0957s2TS196-D1.pdb:A  SCOP d1syma_
  286      0.5036    0.001596       4.069     0.000   110    3    7           1    0    155      9    155      5    T0957s2TS196-D1.pdb:A  SCOP d1l0ia_
  287      0.5036    0.005482       4.215     0.000   110    3    7           1    0    155      9    155      5    T0957s2TS196-D1.pdb:A  SCOP d1l0ha_
  288      0.5036     0.02795       4.935     0.000   110    3    7           1    0    155      9    155      5    T0957s2TS196-D1.pdb:A  SCOP d1cfpa_
  289      0.5036          -0       3.755     0.000   110    2   12           1    0    155      9    155      8    T0957s2TS196-D1.pdb:A  SCOP d1eyva_
  290      0.5036      0.6679       5.434     0.000   110    3    7           1    0    155      9    155      5    T0957s2TS196-D1.pdb:A  SCOP d1b4ca_
  291      0.5036   1.196e-10       5.784     0.000   110    3    9           1    0    155      9    155     13    T0957s2TS196-D1.pdb:A  SCOP d1a2ma_
  292      0.5036     0.04706       5.098     0.000   110    3    8           1    0    155      9    155      8    T0957s2TS196-D1.pdb:A  SCOP d1d2za_
  293      0.5036          -0       1.718     0.000   110    2   11           1    0    155      9    155      9    T0957s2TS196-D1.pdb:A  SCOP d1ufha_
  294      0.5036          -0       3.765     0.000   110    3    7           1    0    155      9    155     13    T0957s2TS196-D1.pdb:A  SCOP d1fzta_
  295      0.5036          -0       5.662     0.000   110    4    9           1    0    155      9    155     19    T0957s2TS196-D1.pdb:A  SCOP d1dm5a_
  296      0.5036          -0       5.662     0.000   110    4    9           1    0    155      9    155     19    T0957s2TS196-D1.pdb:A  SCOP d1dm5a_
  297      0.5036          -0       5.662     0.000   110    4    9           1    0    155      9    155     19    T0957s2TS196-D1.pdb:A  SCOP d1dm5a_
  298      0.5036          -0       3.792     0.000   110    3    9           1    0    155      9    155     12    T0957s2TS196-D1.pdb:A  SCOP d1dxja_
  299      0.5014          -0       3.317     1.108   117    2    7      0.9744    0    155      9    155      9    T0957s2TS196-D1.pdb:A  SCOP d1s3ja_
  300       0.499   1.361e-05       4.982     0.500   111    2    7       0.982    0    155      9    155     10    T0957s2TS196-D1.pdb:A  SCOP d1sdia_
  301      0.4974          -0       1.902     0.336   110    2    8           1    0    155      9    155      8    T0957s2TS196-D1.pdb:A  SCOP d1h1xa_
  302      0.4948          -0       4.913     0.000   101    2    7           1    0    155      9    133      8    T0957s2TS196-D1.pdb:A  SCOP d2bcja1
  303      0.4948          -0       3.571     0.000   101    2    9           1    0    155      9    133      8    T0957s2TS196-D1.pdb:A  SCOP d1omwa1
  304      0.4945     0.01569        4.55     0.000   109    2    6           1    0    155      9    155      5    T0957s2TS196-D1.pdb:A  SCOP d1cc5a_
  305      0.4945    1.11e-13       4.224     0.000   109    2    9           1    0    155      9    155      7    T0957s2TS196-D1.pdb:A  SCOP d1uvya_
  306      0.4945   2.757e-11       4.509     0.000   109    3   10           1    0    155      9    155      7    T0957s2TS196-D1.pdb:A  SCOP d1elwa_
  307      0.4945          -0         4.6     0.000   109    3    9           1    0    155      9    155     11    T0957s2TS196-D1.pdb:A  SCOP d1p6ea_
  308      0.4945     0.08377       4.414     0.000   109    2    7           1    0    155      9    155      7    T0957s2TS196-D1.pdb:A  SCOP d1ozoa_
  309      0.4945          -0       3.607     0.000   109    2    9           1    0    155      9    155      9    T0957s2TS196-D1.pdb:A  SCOP d1tyha_
  310      0.4945     0.01844       3.722     0.000   109    2    7           1    0    155      9    155      3    T0957s2TS196-D1.pdb:A  SCOP d1aila_
  311      0.4945      0.7445       4.613     0.000   109    2    8           1    0    155      9    155      6    T0957s2TS196-D1.pdb:A  SCOP d1j0ra_
  312      0.4945   6.884e-09       4.023     0.000   109    3    8           1    0    155      9    155      8    T0957s2TS196-D1.pdb:A  SCOP d1lw1a_
  313      0.4945     0.04888       4.463     0.000   109    3    8           1    0    155      9    155      8    T0957s2TS196-D1.pdb:A  SCOP d1me5a_
  314      0.4945       1.983       5.291     0.000   109    3    7           1    0    155      9    155      3    T0957s2TS196-D1.pdb:A  SCOP d2hp8a_
  315      0.4945      0.7445       4.613     0.000   109    2    8           1    0    155      9    155      6    T0957s2TS196-D1.pdb:A  SCOP d1bm9a_
  316      0.4945          -0       5.166     0.000   109    3    9           1    0    155      9    155     15    T0957s2TS196-D1.pdb:A  SCOP d2fuga2
  317      0.4945   6.888e-10       3.866     0.000   109    3    9           1    0    155      9    155     12    T0957s2TS196-D1.pdb:A  SCOP d1eiza_
  318      0.4945    0.000158       4.517     0.000   109    2    8           1    0    155      9    155      4    T0957s2TS196-D1.pdb:A  SCOP d1cnpa_
  319      0.4945          -0       3.513     0.000   109    2   10           1    0    155      9    155      9    T0957s2TS196-D1.pdb:A  SCOP d1rlga_
  320      0.4945   6.888e-10       3.866     0.000   109    3    9           1    0    155      9    155     12    T0957s2TS196-D1.pdb:A  SCOP d1ej0a_
  321      0.4945    0.001888       3.226     0.000   109    2    8           1    0    155      9    155      8    T0957s2TS196-D1.pdb:A  SCOP d1f7sa_
  322      0.4945          -0       2.232     0.000   109    2    7           1    0    155      9    155      8    T0957s2TS196-D1.pdb:A  SCOP d1nz3a_
  323      0.4945          -0       3.024     0.000   109    2    8           1    0    155      9    155      8    T0957s2TS196-D1.pdb:A  SCOP d1nz3a_
  324      0.4945          -0       3.024     0.000   109    2    8           1    0    155      9    155      8    T0957s2TS196-D1.pdb:A  SCOP d1nz4a_
  325      0.4945          -0       2.232     0.000   109    2    7           1    0    155      9    155      8    T0957s2TS196-D1.pdb:A  SCOP d1nz4a_
  326      0.4945       0.205       4.595     0.000   109    2    7           1    0    155      9    155      3    T0957s2TS196-D1.pdb:A  SCOP d1hqba_
  327      0.4945       0.205       4.595     0.000   109    2    7           1    0    155      9    155      3    T0957s2TS196-D1.pdb:A  SCOP d1dv5a_
  328      0.4945          -0       2.574     0.000   109    3    8           1    0    155      9    155      9    T0957s2TS196-D1.pdb:A  SCOP d1td5a_
  329      0.4945       3.265       6.312     0.000   109    4    6           1    0    155      9    155      4    T0957s2TS196-D1.pdb:A  SCOP d1uqva_
  330      0.4945       1.099       5.717     0.000   109    2    6           1    0    155      9    155      6    T0957s2TS196-D1.pdb:A  SCOP d1krca_
  331      0.4945       1.099       5.717     0.000   109    2    6           1    0    155      9    155      6    T0957s2TS196-D1.pdb:A  SCOP d1a5ka_
  332      0.4945       1.099       5.717     0.000   109    2    6           1    0    155      9    155      6    T0957s2TS196-D1.pdb:A  SCOP d1fwja_
  333      0.4945      0.2534       4.638     0.000   109    3    9           1    0    155      9    155      5    T0957s2TS196-D1.pdb:A  SCOP d1heka_
  334      0.4945          -0       3.233     0.000   109    2    7           1    0    155      9    155      5    T0957s2TS196-D1.pdb:A  SCOP d1f81a_
  335      0.4945        6.35       7.682     0.000   109    3    6           1    0    155      9    155      3    T0957s2TS196-D1.pdb:A  SCOP d1viba_
  336      0.4945   4.913e-08         3.7     0.000   109    2    7           1    0    155      9    155      5    T0957s2TS196-D1.pdb:A  SCOP d1cnoa_
  337      0.4945     0.04628       3.858     0.000   109    2    7           1    0    155      9    155      3    T0957s2TS196-D1.pdb:A  SCOP d1efea_
  338      0.4945   4.267e-05       3.848     0.000   109    3    7           1    0    155      9    155     13    T0957s2TS196-D1.pdb:A  SCOP d1cbya_
  339      0.4945          -0       4.096     0.000   109    2    8           1    0    155      9    155      9    T0957s2TS196-D1.pdb:A  SCOP d1wpba_
  340      0.4945       1.099       5.717     0.000   109    2    6           1    0    155      9    155      6    T0957s2TS196-D1.pdb:A  SCOP d1a5oa_
  341      0.4939   5.979e-07       5.279     0.717   112    2    8      0.9643    0    155      9    155      8    T0957s2TS196-D1.pdb:A  SCOP d1kn1a_
  342      0.4914          -0       3.307     0.000   104    2    8           1    0    155      9    142      9    T0957s2TS196-D1.pdb:A  SCOP d1boia1
  343      0.4913          -0       3.532     1.420   113    3    8      0.9646    0    155      9    137      8    T0957s2TS196-D1.pdb:A  SCOP d2fbha1
  344      0.4899   4.284e-13        4.46     0.000   102    2    9           1    0    155      9    137      8    T0957s2TS196-D1.pdb:A  SCOP d1z91a1
  345      0.4874          -0       2.129     0.362   109    2    9      0.9908    0    155      9    155      6    T0957s2TS196-D1.pdb:A  SCOP d1he9a_
  346      0.4855          -0       3.941     0.000   108    2    9           1    0    155      9    155      8    T0957s2TS196-D1.pdb:A  SCOP d1flpa_
  347      0.4855          -0       1.622     0.000   108    2    8           1    0    155      9    155      9    T0957s2TS196-D1.pdb:A  SCOP d1gu8a_
  348      0.4855          -0       4.431     0.000   108    2    8           1    0    155      9    155     10    T0957s2TS196-D1.pdb:A  SCOP d2tmya_
  349      0.4855          -0       3.736     0.000   108    2    8           1    0    155      9    155      9    T0957s2TS196-D1.pdb:A  SCOP d2pvia_
  350      0.4855      0.2265       6.397     0.000   108    2    7           1    0    155      9    155      8    T0957s2TS196-D1.pdb:A  SCOP d1mnja_
  351      0.4855     0.02432       3.857     0.000   108    2    8           1    0    155      9    155      9    T0957s2TS196-D1.pdb:A  SCOP d2fx2a_
  352      0.4855   3.375e-16       4.602     0.000   108    2    8           1    0    155      9    155      5    T0957s2TS196-D1.pdb:A  SCOP d1k96a_
  353      0.4855     0.00961         3.7     0.000   108    2    8           1    0    155      9    155      9    T0957s2TS196-D1.pdb:A  SCOP d3fx2a_
  354      0.4855    2.54e-12       4.216     0.000   108    2    8           1    0    155      9    155      5    T0957s2TS196-D1.pdb:A  SCOP d1unka_
  355      0.4855     0.00961         3.7     0.000   108    2    8           1    0    155      9    155      9    T0957s2TS196-D1.pdb:A  SCOP d4fx2a_
  356      0.4855    0.002775       3.542     0.000   108    2    9           1    0    155      9    155      9    T0957s2TS196-D1.pdb:A  SCOP d5fx2a_
  357      0.4855     0.08354       6.197     0.000   108    2    7           1    0    155      9    155      8    T0957s2TS196-D1.pdb:A  SCOP d1ycba_
  358      0.4855          -0       4.242     0.000   108    2   10           1    0    155      9    155     10    T0957s2TS196-D1.pdb:A  SCOP d1pqka_
  359      0.4855        0.57       5.199     0.000   108    2    7           1    0    155      9    155      3    T0957s2TS196-D1.pdb:A  SCOP d1dv5a_
  360      0.4855          -0        4.92     0.000   108    5    9           1    0    155      9    155     15    T0957s2TS196-D1.pdb:A  SCOP d1ixva_
  361      0.4855          -0       1.622     0.000   108    2    8           1    0    155      9    155      9    T0957s2TS196-D1.pdb:A  SCOP d1guea_
  362      0.4855          -0       3.653     0.000   108    3    9           1    0    155      9    155     15    T0957s2TS196-D1.pdb:A  SCOP d1ybfa_
  363      0.4855   8.477e-12       3.949     0.000   108    3    9           1    0    155      9    155     12    T0957s2TS196-D1.pdb:A  SCOP d1o8oa_
  364      0.4855     0.00423       5.205     0.000   108    3   11           1    0    155      9    155      8    T0957s2TS196-D1.pdb:A  SCOP d1p7na_
  365      0.4855          -0        2.15     0.000   108    2    7           1    0    155      9    155      8    T0957s2TS196-D1.pdb:A  SCOP d1nz5a_
  366      0.4855          -0       2.938     0.000   108    2    8           1    0    155      9    155      8    T0957s2TS196-D1.pdb:A  SCOP d1nz5a_
  367      0.4855    1.18e-12       3.792     0.000   108    3    8           1    0    155      9    155      6    T0957s2TS196-D1.pdb:A  SCOP d1cxca_
  368      0.4855          -0       5.793     0.000   108    3    7           1    0    155      9    155     11    T0957s2TS196-D1.pdb:A  SCOP d1a24a_
  369      0.4855          -0       5.102     0.000   108    2    8           1    0    155      9    155      7    T0957s2TS196-D1.pdb:A  SCOP d1fg9a_
  370      0.4855     0.02311       3.772     0.000   108    2    7           1    0    155      9    155      3    T0957s2TS196-D1.pdb:A  SCOP d1ns1a_
  371      0.4855          -0       3.797     0.000   108    4    9           1    0    155      9    155     11    T0957s2TS196-D1.pdb:A  SCOP d1ikua_
  372      0.4855          -0       3.563     0.000   108    4   12           1    0    155      9    155     19    T0957s2TS196-D1.pdb:A  SCOP d1aowa_
  373      0.4855          -0        3.53     0.000   108    3   10           1    0    155      9    155     11    T0957s2TS196-D1.pdb:A  SCOP d1la3a_
  374      0.4855          -0       4.014     0.000   108    3   11           1    0    155      9    155     11    T0957s2TS196-D1.pdb:A  SCOP d1uhna_
  375      0.4855          -0       3.774     0.000   108    3   11           1    0    155      9    155     11    T0957s2TS196-D1.pdb:A  SCOP d1uhna_
  376      0.4855       2.125       4.828     0.000   108    2    7           1    0    155      9    155      7    T0957s2TS196-D1.pdb:A  SCOP d1n88a_
  377      0.4855          -0         4.4     0.000   108    3   10           1    0    155      9    155     10    T0957s2TS196-D1.pdb:A  SCOP d1p5xa_
  378      0.4855          -0       2.865     0.000   108    2    9           1    0    155      9    155     10    T0957s2TS196-D1.pdb:A  SCOP d1rnha_
  379      0.4855          -0       3.474     0.000   108    3   12           1    0    155      9    155     12    T0957s2TS196-D1.pdb:A  SCOP d149la_
  380      0.4855          -0       4.007     0.000   108    4   10           1    0    155      9    155      9    T0957s2TS196-D1.pdb:A  SCOP d1knca_
  381      0.4855          -0       2.872     0.000   108    3   11           1    0    155      9    155      8    T0957s2TS196-D1.pdb:A  SCOP d1lw1a_
  382      0.4855   0.0004536       3.341     0.000   108    2    9           1    0    155      9    155      3    T0957s2TS196-D1.pdb:A  SCOP d2lefa_
  383      0.4855          -0       3.736     0.000   108    2    8           1    0    155      9    155      8    T0957s2TS196-D1.pdb:A  SCOP d1f0oa_
  384      0.4855       1.933       5.327     0.000   108    3    6           1    0    155      9    155      4    T0957s2TS196-D1.pdb:A  SCOP d1cmca_
  385      0.4855       2.132       5.488     0.000   108    3    6           1    0    155      9    155      4    T0957s2TS196-D1.pdb:A  SCOP d1cmba_
  386      0.4855       1.933       5.327     0.000   108    3    6           1    0    155      9    155      4    T0957s2TS196-D1.pdb:A  SCOP d1mjka_
  387      0.4855          -0       2.872     0.000   108    2    9           1    0    155      9    155      4    T0957s2TS196-D1.pdb:A  SCOP d1uwoa_
  388      0.4855   5.971e-07       5.289     0.000   108    2    7           1    0    155      9    155      5    T0957s2TS196-D1.pdb:A  SCOP d1cfpa_
  389      0.4855       1.933       5.327     0.000   108    3    6           1    0    155      9    155      5    T0957s2TS196-D1.pdb:A  SCOP d1mjla_
  390      0.4855     0.00729       4.787     0.712   111    5    8       0.964    0    155      9    155     10    T0957s2TS196-D1.pdb:A  SCOP d1mx4a_
  391      0.4854          -0       2.509     0.000   103    2   10           1    0    155      9    141     10    T0957s2TS196-D1.pdb:A  SCOP d5eaua1
  392      0.4854          -0       2.858     0.000   103    2   10           1    0    155      9    141     10    T0957s2TS196-D1.pdb:A  SCOP d1hxaa1
  393      0.4852          -0       3.949     0.716   111    3   11       0.964    0    155      9    155     11    T0957s2TS196-D1.pdb:A  SCOP d1w2ya_
  394      0.4852          -0       1.541     0.716   111    3   11       0.964    0    155      9    155     11    T0957s2TS196-D1.pdb:A  SCOP d1w2ya_
  395      0.4851          -0       3.829     0.000   100    2    9           1    0    155      9    133      8    T0957s2TS196-D1.pdb:A  SCOP d1ym7a1
  396      0.4848          -0       2.977     1.182   116    3    7      0.9741    0    155      9    155     14    T0957s2TS196-D1.pdb:A  SCOP d1u7ga_
  397      0.4839          -0       4.335     0.000   101    4    9           1    0    155      9    136     13    T0957s2TS196-D1.pdb:A  SCOP d1h2ua1
  398      0.4839          -0       4.927     0.000   105    2    9           1    0    155      9    147     10    T0957s2TS196-D1.pdb:A  SCOP d1hxga1
  399      0.4833          -0       3.514     0.000   106    3    8           1    0    155      9    150     12    T0957s2TS196-D1.pdb:A  SCOP d1y5ea1
  400      0.4828          -0       3.411     0.000   107    3   10           1    0    155      9    153     14    T0957s2TS196-D1.pdb:A  SCOP d1rrqa1
  401      0.4828          -0       3.411     0.000   107    3   11           1    0    155      9    153     14    T0957s2TS196-D1.pdb:A  SCOP d1rrqa1
  402      0.4765      0.1034        4.08     0.000   107    2    8           1    0    155      9    155      3    T0957s2TS196-D1.pdb:A  SCOP d1du2a_
  403      0.4765        0.27       4.297     0.000   107    2    8           1    0    155      9    155      7    T0957s2TS196-D1.pdb:A  SCOP d1w4ma_
  404      0.4765     0.02377       4.899     0.000   107    3    7           1    0    155      9    155     12    T0957s2TS196-D1.pdb:A  SCOP d1mkza_
  405      0.4765      0.2591       5.229     0.000   107    2    7           1    0    155      9    155      9    T0957s2TS196-D1.pdb:A  SCOP d1v14a_
  406      0.4765   3.743e-07        4.03     0.000   107    2    8           1    0    155      9    155     10    T0957s2TS196-D1.pdb:A  SCOP d1bo4a_
  407      0.4765          -0       2.035     0.000   107    2    9           1    0    155      9    155      8    T0957s2TS196-D1.pdb:A  SCOP d1d9ua_
  408      0.4765   9.238e-07        4.08     0.000   107    2    8           1    0    155      9    155     10    T0957s2TS196-D1.pdb:A  SCOP d1bo4a_
  409      0.4765          -0       4.133     0.000   107    2   11           1    0    155      9    155     10    T0957s2TS196-D1.pdb:A  SCOP d1pqka_
  410      0.4765       1.308       4.949     0.000   107    3    8           1    0    155      9    155      5    T0957s2TS196-D1.pdb:A  SCOP d1jr8a_
  411      0.4765   4.822e-17        3.56     0.000   107    3    7           1    0    155      9    155     15    T0957s2TS196-D1.pdb:A  SCOP d1bzya_
  412      0.4765   0.0003522       4.345     0.000   107    2    9           1    0    155      9    155      4    T0957s2TS196-D1.pdb:A  SCOP d1dk3a_
  413      0.4765          -0       2.255     0.000   107    4   15           1    0    155      9    155     20    T0957s2TS196-D1.pdb:A  SCOP d1n00a_
  414      0.4765     0.06235       4.874     0.000   107    2    7           1    0    155      9    155      8    T0957s2TS196-D1.pdb:A  SCOP d1u7ka_
  415      0.4765          -0       3.528     0.000   107    2    8           1    0    155      9    155      6    T0957s2TS196-D1.pdb:A  SCOP d1jr5a_
  416      0.4765    0.005226       5.506     0.000   107    3    8           1    0    155      9    155      6    T0957s2TS196-D1.pdb:A  SCOP d3crda_
  417      0.4765      0.4069       5.309     0.000   107    2    8           1    0    155      9    155      5    T0957s2TS196-D1.pdb:A  SCOP d1q8ca_
  418      0.4765   4.581e-15       3.406     0.000   107    2    9           1    0    155      9    155      4    T0957s2TS196-D1.pdb:A  SCOP d1mnta_
  419      0.4765     0.03588       5.596     0.000   107    2    7           1    0    155      9    155      7    T0957s2TS196-D1.pdb:A  SCOP d1pa7a_
  420      0.4765          -0       3.885     0.000   107    2    7           1    0    155      9    155      8    T0957s2TS196-D1.pdb:A  SCOP d1hjta_
  421      0.4765          -0       3.792     0.000   107    2    6           1    0    155      9    155      8    T0957s2TS196-D1.pdb:A  SCOP d1hjta_
  422      0.4765          -0       2.993     0.000   107    2   10           1    0    155      9    155      8    T0957s2TS196-D1.pdb:A  SCOP d1dvia_
  423      0.4765      0.6854       5.264     0.000   107    3    8           1    0    155      9    155      4    T0957s2TS196-D1.pdb:A  SCOP d1c07a_
  424      0.4765          -0       3.514     0.000   107    3   10           1    0    155      9    155     13    T0957s2TS196-D1.pdb:A  SCOP d1xo5a_
  425      0.4765   3.959e-05       3.341     0.000   107    2   10           1    0    155      9    155      7    T0957s2TS196-D1.pdb:A  SCOP d1qx7a_
  426      0.4765          -0       4.018     0.000   107    2    9           1    0    155      9    155     10    T0957s2TS196-D1.pdb:A  SCOP d1t5pa_
  427      0.4765          -0       1.933     0.000   107    2   12           1    0    155      9    155     10    T0957s2TS196-D1.pdb:A  SCOP d1rcwa_
  428      0.4765          -0       2.951     0.000   107    3   11           1    0    155      9    155      8    T0957s2TS196-D1.pdb:A  SCOP d1lw1a_
  429      0.4765          -0       3.625     0.000   107    2    6           1    0    155      9    155      8    T0957s2TS196-D1.pdb:A  SCOP d105ma_
  430      0.4765          -0       5.318     0.000   107    3    8           1    0    155      9    155     15    T0957s2TS196-D1.pdb:A  SCOP d2fuga2
  431      0.4765          -0       5.042     0.000   107    3    8           1    0    155      9    155      9    T0957s2TS196-D1.pdb:A  SCOP d2fala_
  432      0.4765        1.86       4.559     0.000   107    2    8           1    0    155      9    155      2    T0957s2TS196-D1.pdb:A  SCOP d1rpoa_
  433      0.4765      0.2408       4.004     0.000   107    2    7           1    0    155      9    155      7    T0957s2TS196-D1.pdb:A  SCOP d1plla_
  434      0.4765        1.86       4.559     0.000   107    2    8           1    0    155      9    155      2    T0957s2TS196-D1.pdb:A  SCOP d1nkda_
  435      0.4765      0.2267       5.915     0.000   107    2    8           1    0    155      9    155      9    T0957s2TS196-D1.pdb:A  SCOP d1pmba_
  436      0.4765          -0       3.625     0.000   107    2    6           1    0    155      9    155      8    T0957s2TS196-D1.pdb:A  SCOP d1dwta_
  437      0.4765          -0       3.625     0.000   107    2    6           1    0    155      9    155      8    T0957s2TS196-D1.pdb:A  SCOP d1dwra_
  438      0.4765          -0       3.885     0.000   107    2    7           1    0    155      9    155      8    T0957s2TS196-D1.pdb:A  SCOP d1hrma_
  439      0.4765          -0       3.532     0.000   107    2    9           1    0    155      9    155      9    T0957s2TS196-D1.pdb:A  SCOP d1lhsa_
  440      0.4765   4.822e-15       3.709     0.000   107    3    8           1    0    155      9    155      6    T0957s2TS196-D1.pdb:A  SCOP d1or5a_
  441      0.4765          -0       3.736     0.000   107    2    8           1    0    155      9    155      8    T0957s2TS196-D1.pdb:A  SCOP d3pvia_
  442      0.4765          -0       3.736     0.000   107    2    8           1    0    155      9    155      9    T0957s2TS196-D1.pdb:A  SCOP d1eyua_
  443      0.4765    4.68e-09       3.718     0.000   107    3    9           1    0    155      9    155      5    T0957s2TS196-D1.pdb:A  SCOP d1c2na_
  444      0.4765      0.4394       4.778     0.000   107    2    9           1    0    155      9    155      5    T0957s2TS196-D1.pdb:A  SCOP d1dw3a_
  445      0.4765       0.079       4.224     0.000   107    2    7           1    0    155      9    155      9    T0957s2TS196-D1.pdb:A  SCOP d1rtza_
  446      0.4765   5.839e-10       3.783     0.000   107    2    9           1    0    155      9    155      5    T0957s2TS196-D1.pdb:A  SCOP d1gu2a_
  447      0.4765     0.08546       4.997     0.000   107    2    8           1    0    155      9    155      5    T0957s2TS196-D1.pdb:A  SCOP d1ls9a_
  448      0.4765       1.405       4.801     0.000   107    3    7           1    0    155      9    155      3    T0957s2TS196-D1.pdb:A  SCOP d1wi3a_
  449      0.4765       0.151       5.033     0.000   107    3    7           1    0    155      9    155     14    T0957s2TS196-D1.pdb:A  SCOP d1rf8a_
  450      0.4765          -0       3.717     0.000   107    4   10           1    0    155      9    155     10    T0957s2TS196-D1.pdb:A  SCOP d1bd8a_
  451      0.4765      0.7353       4.729     0.000   107    3    7           1    0    155      9    155      9    T0957s2TS196-D1.pdb:A  SCOP d1sjwa_
  452      0.4765    0.001448       4.351     0.000   107    2    8           1    0    155      9    155      5    T0957s2TS196-D1.pdb:A  SCOP d1ctja_
  453       0.476          -0       3.731     0.723   110    4   11      0.9636    0    155      9    155     19    T0957s2TS196-D1.pdb:A  SCOP d1xjla_
  454      0.4757    0.002783       4.584     0.727   110    3   11      0.9636    0    155      9    155      6    T0957s2TS196-D1.pdb:A  SCOP d1dqea_
  455      0.4754          -0       4.445     0.000    99    2    8           1    0    155      9    133      8    T0957s2TS196-D1.pdb:A  SCOP d1ym7a1
  456      0.4751          -0       2.298     0.000    94    2    7           1    0    155      9    120      6    T0957s2TS196-D1.pdb:A  SCOP d1sh6a1
  457      0.4751          -0       2.298     0.000    94    2    7           1    0    155      9    120      6    T0957s2TS196-D1.pdb:A  SCOP d1sh5a1
  458      0.4748      0.1628       3.765     0.000    92    2    7           1    0    155      9    115      6    T0957s2TS196-D1.pdb:A  SCOP d2dpda1
  459      0.4747          -0       2.509     0.000   104    2   10           1    0    155      9    147     10    T0957s2TS196-D1.pdb:A  SCOP d1hxga1
  460      0.4747          -0       2.509     0.000   104    2   10           1    0    155      9    147     10    T0957s2TS196-D1.pdb:A  SCOP d1hxga1
  461      0.4741   8.245e-15        3.72     0.847   108    3    7           1    0    155      9    147     13    T0957s2TS196-D1.pdb:A  SCOP d2cbya1
  462      0.4715      0.7021       3.708     0.623   108    2    6      0.9722    0    155      9    153      9    T0957s2TS196-D1.pdb:A  SCOP d1ycka1
  463      0.4707          -0       3.463     0.000   106    2    8           1    0    155      9    154      9    T0957s2TS196-D1.pdb:A  SCOP d2bi0a1
  464      0.4678          -0       2.438     0.717   109    2    9      0.9633    0    155      9    155      7    T0957s2TS196-D1.pdb:A  SCOP d1dlya_
  465      0.4677       2.218       8.237     0.000   106    2    6           1    0    155      9    155      7    T0957s2TS196-D1.pdb:A  SCOP d1cqsa_
  466      0.4677          -0       3.625     0.000   106    2    6           1    0    155      9    155      8    T0957s2TS196-D1.pdb:A  SCOP d1yoha_
  467      0.4677       2.218       8.237     0.000   106    2    6           1    0    155      9    155      7    T0957s2TS196-D1.pdb:A  SCOP d1e3ra_
  468      0.4677       1.293       5.681     0.000   106    2    7           1    0    155      9    155      7    T0957s2TS196-D1.pdb:A  SCOP d1r1va_
  469      0.4677          -0       3.276     0.000   106    2   10           1    0    155      9    155      8    T0957s2TS196-D1.pdb:A  SCOP d3mbaa_
  470      0.4677      0.8266       5.425     0.000   106    3    6           1    0    155      9    155      4    T0957s2TS196-D1.pdb:A  SCOP d1v66a_
  471      0.4677          -0         3.1     0.000   106    4   14           1    0    155      9    155     20    T0957s2TS196-D1.pdb:A  SCOP d1n00a_
  472      0.4677   0.0001837       4.351     0.000   106    3    8           1    0    155      9    155     15    T0957s2TS196-D1.pdb:A  SCOP d1l1qa_
  473      0.4677          -0       3.772     0.000   106    2    9           1    0    155      9    155      5    T0957s2TS196-D1.pdb:A  SCOP d1ceia_
  474      0.4677       1.954       6.289     0.000   106    6    6           1    0    155      9    155      8    T0957s2TS196-D1.pdb:A  SCOP d1szaa_
  475      0.4677          -0       3.968     0.000   106    2    6           1    0    155      9    155      8    T0957s2TS196-D1.pdb:A  SCOP d1a6ka_
  476      0.4677       1.957       6.646     0.000   106    2    6           1    0    155      9    155      7    T0957s2TS196-D1.pdb:A  SCOP d1ogxa_
  477      0.4677          -0       3.885     0.000   106    2    8           1    0    155      9    155      8    T0957s2TS196-D1.pdb:A  SCOP d1a6ka_
  478      0.4677          -0       3.625     0.000   106    2    6           1    0    155      9    155      8    T0957s2TS196-D1.pdb:A  SCOP d1nz2a_
  479      0.4677   0.0001576       4.948     0.000   106    3    6           1    0    155      9    155     13    T0957s2TS196-D1.pdb:A  SCOP d1ap8a_
  480      0.4677          -0       3.625     0.000   106    2    6           1    0    155      9    155      8    T0957s2TS196-D1.pdb:A  SCOP d1wlaa_
  481      0.4677          -0       3.361     0.000   106    3    9           1    0    155      9    155      7    T0957s2TS196-D1.pdb:A  SCOP d1d9sa_
  482      0.4677   9.985e-05        4.51     0.000   106    2    6           1    0    155      9    155     10    T0957s2TS196-D1.pdb:A  SCOP d1fvga_
  483      0.4677       2.031       5.291     0.000   106    2    8           1    0    155      9    155      3    T0957s2TS196-D1.pdb:A  SCOP d1hmfa_
  484      0.4677   1.682e-07       4.152     0.000   106    2   10           1    0    155      9    155     10    T0957s2TS196-D1.pdb:A  SCOP d1assa_
  485      0.4677          -0       3.625     0.000   106    2    6           1    0    155      9    155      8    T0957s2TS196-D1.pdb:A  SCOP d1jp8a_
  486      0.4677    0.009288       4.892     0.000   106    2    8           1    0    155      9    155      7    T0957s2TS196-D1.pdb:A  SCOP d1a19a_
  487      0.4677          -0       3.915     0.000   106    2    8           1    0    155      9    155      8    T0957s2TS196-D1.pdb:A  SCOP d1m4ma_
  488      0.4677      0.4268       4.892     0.000   106    2    8           1    0    155      9    155      6    T0957s2TS196-D1.pdb:A  SCOP d1ab7a_
  489      0.4677     0.02513       4.774     0.000   106    3    7           1    0    155      9    155      6    T0957s2TS196-D1.pdb:A  SCOP d1mp1a_
  490      0.4677   1.938e-05       5.192     0.000   106    2    9           1    0    155      9    155      5    T0957s2TS196-D1.pdb:A  SCOP d1mr8a_
  491      0.4677      0.3243       4.617     0.000   106    2    9           1    0    155      9    155      5    T0957s2TS196-D1.pdb:A  SCOP d1dw0a_
  492      0.4677    0.002499       4.488     0.000   106    2    8           1    0    155      9    155     10    T0957s2TS196-D1.pdb:A  SCOP d1p0za_
  493      0.4677          -0       3.564     0.000   106    2    8           1    0    155      9    155      9    T0957s2TS196-D1.pdb:A  SCOP d1pvia_
  494      0.4677    3.04e-13       3.686     0.000   106    2    8           1    0    155      9    155      5    T0957s2TS196-D1.pdb:A  SCOP d1mjpa_
