<html><head></head><body><pre style="word-wrap: break-word; white-space: pre-wrap;"> PDBe Fold v2.59. (src3) 14 Apr 2014 result file.

                   RESULT SUMMARY

   ##      Q-score      P-score     Z-score   RMSD    Nalgn Nsse Ngaps Seq-%     Nmd Nres-Q Nsse-Q Nres-T Nsse-T Query Target
    1           1   0.0001824       4.281     0.000    84    2    0           1    0     84      6     84      9    T0960TS043-D2.pdb:A  SCOP d1gama_
    2           1          -0       3.177     0.000    84    2    0           1    0     84      6     84      9    T0960TS043-D2.pdb:A  SCOP d1gama_
    3           1   3.761e-15       4.146     0.000    84    2    0           1    0     84      6     84      8    T0960TS043-D2.pdb:A  SCOP d1ha4a_
    4           1          -0  1.798e+308     0.000    84    3    0           1    0     84      6     84      7    T0960TS043-D2.pdb:A  SCOP d1rl1a_
    5           1          -0  1.798e+308     0.000    84    3    0           1    0     84      6     84      8    T0960TS043-D2.pdb:A  SCOP d7hsca_
    6           1          -0  1.798e+308     0.000    84    3    0           1    0     84      6     84      8    T0960TS043-D2.pdb:A  SCOP d7hsca_
    7           1          -0  1.798e+308     0.000    84    3    0           1    0     84      6     84      8    T0960TS043-D2.pdb:A  SCOP d7hsca_
    8           1          -0      0.9391     0.000    84    2    0           1    0     84      6     84      9    T0960TS043-D2.pdb:A  SCOP d1mm5a_
    9           1          -0       2.947     0.000    84    2    0           1    0     84      6     84      7    T0960TS043-D2.pdb:A  SCOP d1fuxa_
   10           1          -0       2.947     0.000    84    2    0           1    0     84      6     84      7    T0960TS043-D2.pdb:A  SCOP d1fuxa_
   11           1      0.7099       5.006     0.000    84    3    0           1    0     84      6     84      9    T0960TS043-D2.pdb:A  SCOP d1gu3a_
   12           1          -0       1.806     0.000    84    2    0           1    0     84      6     84      8    T0960TS043-D2.pdb:A  SCOP d1g90a_
   13           1    0.002028       5.151     0.000    84    2    0           1    0     84      6     84     10    T0960TS043-D2.pdb:A  SCOP d1od3a_
   14           1          -0       3.398     0.000    84    2    0           1    0     84      6     84     10    T0960TS043-D2.pdb:A  SCOP d1od3a_
   15           1    0.002028       5.151     0.000    84    2    0           1    0     84      6     84     10    T0960TS043-D2.pdb:A  SCOP d1od3a_
   16           1    0.002028       5.151     0.000    84    2    0           1    0     84      6     84     10    T0960TS043-D2.pdb:A  SCOP d1o8sa_
   17           1          -0       3.398     0.000    84    2    0           1    0     84      6     84     10    T0960TS043-D2.pdb:A  SCOP d1o8sa_
   18           1    0.002028       5.151     0.000    84    2    0           1    0     84      6     84     10    T0960TS043-D2.pdb:A  SCOP d1o8sa_
   19           1          -0       1.853     0.000    84    2    0           1    0     84      6     84      9    T0960TS043-D2.pdb:A  SCOP d1uy4a_
   20           1          -0       1.853     0.000    84    2    0           1    0     84      6     84      9    T0960TS043-D2.pdb:A  SCOP d1uy2a_
   21           1          -0       1.853     0.000    84    2    0           1    0     84      6     84      9    T0960TS043-D2.pdb:A  SCOP d1uy1a_
   22           1          -0       3.247     0.000    84    3    0           1    0     84      6     84     10    T0960TS043-D2.pdb:A  SCOP d1naea_
   23           1          -0       4.073     0.000    84    2    0           1    0     84      6     84     10    T0960TS043-D2.pdb:A  SCOP d1naea_
   24           1          -0       3.247     0.000    84    3    0           1    0     84      6     84     10    T0960TS043-D2.pdb:A  SCOP d1o8pa_
   25           1          -0       4.073     0.000    84    2    0           1    0     84      6     84     10    T0960TS043-D2.pdb:A  SCOP d1o8pa_
   26           1          -0       3.398     0.000    84    2    0           1    0     84      6     84     10    T0960TS043-D2.pdb:A  SCOP d1o8pa_
   27           1          -0  1.798e+308     0.000    84    2    0           1    0     84      6     84      2    T0960TS043-D2.pdb:A  SCOP d4tgfa_
   28           1          -0       0.746     0.000    84    2    0           1    0     84      6     84     10    T0960TS043-D2.pdb:A  SCOP d7pcya_
   29           1     8.1e-15       1.581     0.000    84    2    0           1    0     84      6     84      5    T0960TS043-D2.pdb:A  SCOP d1m9wa_
   30           1          -0       0.746     0.000    84    2    0           1    0     84      6     84     10    T0960TS043-D2.pdb:A  SCOP d1bxva_
   31           1          -0       0.746     0.000    84    2    0           1    0     84      6     84     10    T0960TS043-D2.pdb:A  SCOP d1bxua_
   32           1          -0       3.384     0.000    84    2    0           1    0     84      6     84      9    T0960TS043-D2.pdb:A  SCOP d2b3ia_
   33           1          -0  1.798e+308     0.000    84    2    0           1    0     84      6     84      3    T0960TS043-D2.pdb:A  SCOP d1myna_
   34           1          -0  1.798e+308     0.000    84    2    0           1    0     84      6     84      4    T0960TS043-D2.pdb:A  SCOP d1c55a_
   35           1          -0  1.798e+308     0.000    84    2    0           1    0     84      6     84      4    T0960TS043-D2.pdb:A  SCOP d1lgla_
   36           1          -0  1.798e+308     0.000    84    2    0           1    0     84      6     84      4    T0960TS043-D2.pdb:A  SCOP d1j5ja_
   37           1   0.0006689       4.517     0.000    84    2    0           1    0     84      6     84     10    T0960TS043-D2.pdb:A  SCOP d1jera_
   38           1          -0       1.186     0.000    84    2    0           1    0     84      6     84     10    T0960TS043-D2.pdb:A  SCOP d1ws8a_
   39           1          -0       1.242     0.000    84    2    0           1    0     84      6     84     10    T0960TS043-D2.pdb:A  SCOP d1ws8a_
   40           1          -0       1.363     0.000    84    3    0           1    0     84      6     84     10    T0960TS043-D2.pdb:A  SCOP d2cuaa_
   41           1          -0       1.186     0.000    84    2    0           1    0     84      6     84     10    T0960TS043-D2.pdb:A  SCOP d2cuaa_
   42           1          -0      0.6245     0.000    84    2    0           1    0     84      6     84     10    T0960TS043-D2.pdb:A  SCOP d2cuaa_
   43           1          -0       4.073     0.000    84    2    0           1    0     84      6     84     10    T0960TS043-D2.pdb:A  SCOP d1shwa_
   44           1          -0       2.623     0.000    84    2    0           1    0     84      6     84      8    T0960TS043-D2.pdb:A  SCOP d1rlwa_
   45           1          -0  1.798e+308     0.000    84    3    0           1    0     84      6     84      9    T0960TS043-D2.pdb:A  SCOP d1rsya_
   46           1          -0  1.798e+308     0.000    84    2    0           1    0     84      6     84      9    T0960TS043-D2.pdb:A  SCOP d1rsya_
   47           1          -0  1.798e+308     0.000    84    2    0           1    0     84      6     84      4    T0960TS043-D2.pdb:A  SCOP d1t7ba_
   48           1       0.492        5.88     0.000    84    2    0           1    0     84      6     84      8    T0960TS043-D2.pdb:A  SCOP d1xe0a_
   49           1       0.492        5.88     0.000    84    2    0           1    0     84      6     84      8    T0960TS043-D2.pdb:A  SCOP d1xb9a_
   50           1   0.0001824       4.281     0.000    84    2    0           1    0     84      6     84      9    T0960TS043-D2.pdb:A  SCOP d1dsla_
   51           1          -0       3.177     0.000    84    2    0           1    0     84      6     84      9    T0960TS043-D2.pdb:A  SCOP d1gama_
   52           1          -0  1.798e+308     0.000    84    2    0           1    0     84      6     84      7    T0960TS043-D2.pdb:A  SCOP d1mzka_
   53           1          -0       2.623     0.000    84    3    0           1    0     84      6     84     15    T0960TS043-D2.pdb:A  SCOP d1xqba_
   54           1          -0        1.17     0.000    84    3    0           1    0     84      6     84     15    T0960TS043-D2.pdb:A  SCOP d1fnya_
   55           1          -0       3.725     0.000    84    3    0           1    0     84      6     84     15    T0960TS043-D2.pdb:A  SCOP d1fnza_
   56           1          -0        1.17     0.000    84    3    0           1    0     84      6     84     15    T0960TS043-D2.pdb:A  SCOP d1fnza_
   57           1    1.27e-08       5.713     0.000    84    4    0           1    0     84      6     84      9    T0960TS043-D2.pdb:A  SCOP d1gbga_
   58           1    1.27e-08       5.713     0.000    84    2    0           1    0     84      6     84      9    T0960TS043-D2.pdb:A  SCOP d1gbga_
   59           1          -0       5.713     0.000    84    4    0           1    0     84      6     84     10    T0960TS043-D2.pdb:A  SCOP d2ayha_
   60           1    1.27e-08       5.713     0.000    84    4    0           1    0     84      6     84      8    T0960TS043-D2.pdb:A  SCOP d1byha_
   61           1          -0       2.623     0.000    84    2    0           1    0     84      6     84     10    T0960TS043-D2.pdb:A  SCOP d1slba_
   62           1          -0       2.623     0.000    84    2    0           1    0     84      6     84     10    T0960TS043-D2.pdb:A  SCOP d1slba_
   63           1          -0           2     0.000    84    2    0           1    0     84      6     84     10    T0960TS043-D2.pdb:A  SCOP d1gzwa_
   64           1          -0           2     0.000    84    2    0           1    0     84      6     84     10    T0960TS043-D2.pdb:A  SCOP d1gzwa_
   65           1          -0       3.448     0.000    84    3    0           1    0     84      6     84     14    T0960TS043-D2.pdb:A  SCOP d1d2sa_
   66           1          -0       3.448     0.000    84    3    0           1    0     84      6     84     13    T0960TS043-D2.pdb:A  SCOP d1f5fa_
   67           1          -0       3.448     0.000    84    3    0           1    0     84      6     84     13    T0960TS043-D2.pdb:A  SCOP d1kdka_
   68           1          -0       3.448     0.000    84    3    0           1    0     84      6     84     14    T0960TS043-D2.pdb:A  SCOP d1lhwa_
   69           1          -0       3.448     0.000    84    3    0           1    0     84      6     84     15    T0960TS043-D2.pdb:A  SCOP d1lhua_
   70           1          -0       3.448     0.000    84    3    0           1    0     84      6     84     14    T0960TS043-D2.pdb:A  SCOP d1lhoa_
   71           1          -0       3.448     0.000    84    3    0           1    0     84      6     84     14    T0960TS043-D2.pdb:A  SCOP d1lhna_
   72           1          -0       3.448     0.000    84    3    0           1    0     84      6     84     13    T0960TS043-D2.pdb:A  SCOP d1lhva_
   73           1          -0       3.448     0.000    84    3    0           1    0     84      6     84     13    T0960TS043-D2.pdb:A  SCOP d1kdma_
   74           1          -0       2.267     0.000    84    3    0           1    0     84      6     84     15    T0960TS043-D2.pdb:A  SCOP d1pz7a_
   75           1          -0        3.32     0.000    84    3    0           1    0     84      6     84     14    T0960TS043-D2.pdb:A  SCOP d1kria_
   76           1          -0  1.798e+308     0.000    84    3    0           1    0     84      6     84     15    T0960TS043-D2.pdb:A  SCOP d1xnda_
   77           1   4.339e-16       4.317     0.000    84    3    0           1    0     84      6     84     15    T0960TS043-D2.pdb:A  SCOP d1xyoa_
   78           1    0.002028       5.151     0.000    84    2    0           1    0     84      6     84     10    T0960TS043-D2.pdb:A  SCOP d1o8pa_
   79           1     0.02097       5.081     0.000    84    3    0           1    0     84      6     84     10    T0960TS043-D2.pdb:A  SCOP d1w9wa_
   80           1   3.975e-06       3.457     0.000    84    3    0           1    0     84      6     84     13    T0960TS043-D2.pdb:A  SCOP d1gwma_
   81           1   3.979e-06       3.457     0.000    84    3    0           1    0     84      6     84     12    T0960TS043-D2.pdb:A  SCOP d1gwla_
   82           1   3.979e-06       3.457     0.000    84    3    0           1    0     84      6     84     11    T0960TS043-D2.pdb:A  SCOP d1oh3a_
   83           1   3.979e-06       3.457     0.000    84    3    0           1    0     84      6     84     11    T0960TS043-D2.pdb:A  SCOP d1gwka_
   84           1          -0       3.757     0.000    84    3    0           1    0     84      6     84     12    T0960TS043-D2.pdb:A  SCOP d1wmxa_
   85           1          -0  1.798e+308     0.000    84    2    0           1    0     84      6     84      9    T0960TS043-D2.pdb:A  SCOP d1c3ha_
   86           1    1.36e-09       2.851     0.000    84    2    0           1    0     84      6     84     10    T0960TS043-D2.pdb:A  SCOP d4tsva_
   87           1          -0       2.078     0.000    84    2    0           1    0     84      6     84     10    T0960TS043-D2.pdb:A  SCOP d4tsva_
   88           1   4.822e-17       2.449     0.000    84    2    0           1    0     84      6     84     10    T0960TS043-D2.pdb:A  SCOP d5tswa_
   89           1          -0       3.177     0.000    84    2    0           1    0     84      6     84      7    T0960TS043-D2.pdb:A  SCOP d1tnfa_
   90           1          -0       2.078     0.000    84    2    0           1    0     84      6     84      7    T0960TS043-D2.pdb:A  SCOP d1tnfa_
   91           1          -0       2.078     0.000    84    3    0           1    0     84      6     84      7    T0960TS043-D2.pdb:A  SCOP d2tuna_
   92           1          -0       2.051     0.000    84    2    0           1    0     84      6     84     10    T0960TS043-D2.pdb:A  SCOP d2tnfa_
   93           1          -0       5.713     0.000    84    2    0           1    0     84      6     84      9    T0960TS043-D2.pdb:A  SCOP d1sfpa_
   94           1      0.7127       4.281     0.000    84    3    0           1    0     84      6     84     12    T0960TS043-D2.pdb:A  SCOP d1iaza_
   95           1   1.424e-06       3.242     0.000    84    3    0           1    0     84      6     84     12    T0960TS043-D2.pdb:A  SCOP d1tzqa_
   96           1   1.128e-06       3.523     0.000    84    3    0           1    0     84      6     84     11    T0960TS043-D2.pdb:A  SCOP d1kd6a_
   97           1      0.3662       5.033     0.000    84    3    0           1    0     84      6     84     12    T0960TS043-D2.pdb:A  SCOP d1k3ja_
   98           1        0.91       5.398     0.000    84    3    0           1    0     84      6     84     12    T0960TS043-D2.pdb:A  SCOP d1k3na_
   99           1          -0  1.798e+308     0.000    84    3    0           1    0     84      6     84     11    T0960TS043-D2.pdb:A  SCOP d1fhqa_
  100           1      0.3662       5.033     0.000    84    3    0           1    0     84      6     84     12    T0960TS043-D2.pdb:A  SCOP d1j4oa_
  101           1       1.081       5.775     0.000    84    3    0           1    0     84      6     84     13    T0960TS043-D2.pdb:A  SCOP d1g3ga_
  102           1          -0  1.798e+308     0.000    84    2    0           1    0     84      6     84      7    T0960TS043-D2.pdb:A  SCOP d1mzka_
  103           1    5.13e-07       4.751     0.000    84    3    0           1    0     84      6     84     11    T0960TS043-D2.pdb:A  SCOP d1hcva_
  104           1          -0       1.436     0.000    84    3    0           1    0     84      6     84     10    T0960TS043-D2.pdb:A  SCOP d1g9ea_
  105           1          -0       2.851     0.000    84    3    0           1    0     84      6     84     12    T0960TS043-D2.pdb:A  SCOP d1ac6a_
  106           1   1.106e-12        3.75     0.000    84    3    0           1    0     84      6     84      9    T0960TS043-D2.pdb:A  SCOP d1b88a_
  107           1          -0       2.623     0.000    84    2    0           1    0     84      6     84      9    T0960TS043-D2.pdb:A  SCOP d1b88a_
  108           1          -0      0.8544     0.000    84    2    0           1    0     84      6     84     10    T0960TS043-D2.pdb:A  SCOP d1pkoa_
  109           1          -0       3.343     0.000    84    3    0           1    0     84      6     84     10    T0960TS043-D2.pdb:A  SCOP d1cd8a_
  110           1          -0       3.836     0.000    84    3    0           1    0     84      6     84     10    T0960TS043-D2.pdb:A  SCOP d1cd8a_
  111           1      0.8643       5.558     0.000    84    2    0           1    0     84      6     84      7    T0960TS043-D2.pdb:A  SCOP d1a6pa_
  112           1      0.8643       5.558     0.000    84    2    0           1    0     84      6     84      7    T0960TS043-D2.pdb:A  SCOP d1a64a_
  113           1      0.8025       5.025     0.000    84    2    0           1    0     84      6     84      4    T0960TS043-D2.pdb:A  SCOP d1a7ba_
  114           1          -0       3.051     0.000    84    2    0           1    0     84      6     84      8    T0960TS043-D2.pdb:A  SCOP d1vesa_
  115           1          -0       1.578     0.000    84    3    0           1    0     84      6     84      8    T0960TS043-D2.pdb:A  SCOP d1g84a_
  116           1   5.718e-08       1.635     0.000    84    2    0           1    0     84      6     84      8    T0960TS043-D2.pdb:A  SCOP d1g84a_
  117           1          -0        2.09     0.000    84    2    0           1    0     84      6     84      8    T0960TS043-D2.pdb:A  SCOP d1ldsa_
  118           1          -0       1.988     0.000    84    2    0           1    0     84      6     84      7    T0960TS043-D2.pdb:A  SCOP d1py4a_
  119           1          -0  1.798e+308     0.000    84    2    0           1    0     84      6     84      7    T0960TS043-D2.pdb:A  SCOP d1ncta_
  120           1          -0  1.798e+308     0.000    84    2    0           1    0     84      6     84      5    T0960TS043-D2.pdb:A  SCOP d1tiua_
  121           1          -0  1.798e+308     0.000    84    2    0           1    0     84      6     84      9    T0960TS043-D2.pdb:A  SCOP d1qsza_
  122           1          -0       3.343     0.000    84    2    0           1    0     84      6     84     10    T0960TS043-D2.pdb:A  SCOP d1xaua_
  123           1          -0  1.798e+308     0.000    84    2    0           1    0     84      6     84     10    T0960TS043-D2.pdb:A  SCOP d1k3za_
  124           1       1.116       5.113     0.000    84    2    0           1    0     84      6     84      6    T0960TS043-D2.pdb:A  SCOP d1pjwa_
  125           1          -0  1.798e+308     0.000    84    2    0           1    0     84      6     84     10    T0960TS043-D2.pdb:A  SCOP d1kmta_
  126           1          -0      0.7385     0.000    84    2    0           1    0     84      6     84      8    T0960TS043-D2.pdb:A  SCOP d1m42a_
  127           1          -0      0.7385     0.000    84    2    0           1    0     84      6     84      7    T0960TS043-D2.pdb:A  SCOP d1ot4a_
  128           1          -0       1.282     0.000    84    2    0           1    0     84      6     84      7    T0960TS043-D2.pdb:A  SCOP d1owwa_
  129           1          -0  1.798e+308     0.000    84    2    0           1    0     84      6     84      2    T0960TS043-D2.pdb:A  SCOP d1hrla_
  130           1          -0  1.798e+308     0.000    84    2    0           1    0     84      6     84      7    T0960TS043-D2.pdb:A  SCOP d1skga_
  131           1          -0  1.798e+308     0.000    84    2    0           1    0     84      6     84      7    T0960TS043-D2.pdb:A  SCOP d1rwja_
  132           1          -0  1.798e+308     0.000    84    2    0           1    0     84      6     84      7    T0960TS043-D2.pdb:A  SCOP d1g3fa_
  133           1          -0      0.8205     0.000    84    2    0           1    0     84      6     84      9    T0960TS043-D2.pdb:A  SCOP d1b0wa_
  134           1          -0      0.9729     0.000    84    2    0           1    0     84      6     84      9    T0960TS043-D2.pdb:A  SCOP d1reia_
  135           1          -0       2.221     0.000    84    2    0           1    0     84      6     84      9    T0960TS043-D2.pdb:A  SCOP d1eeqa_
  136           1          -0  1.798e+308     0.000    84    3    0           1    0     84      6     84      4    T0960TS043-D2.pdb:A  SCOP d1dfea_
  137           1          -0       2.221     0.000    84    2    0           1    0     84      6     84      9    T0960TS043-D2.pdb:A  SCOP d1efqa_
  138           1          -0       2.221     0.000    84    2    0           1    0     84      6     84      9    T0960TS043-D2.pdb:A  SCOP d3lvea_
  139           1          -0       2.221     0.000    84    2    0           1    0     84      6     84      9    T0960TS043-D2.pdb:A  SCOP d4lvea_
  140           1          -0      0.8205     0.000    84    2    0           1    0     84      6     84      9    T0960TS043-D2.pdb:A  SCOP d2imma_
  141           1       1.149       3.686     0.000    84    2    0           1    0     84      6     84      5    T0960TS043-D2.pdb:A  SCOP d1ul4a_
  142           1          -0       2.721     0.000    84    2    0           1    0     84      6     84      9    T0960TS043-D2.pdb:A  SCOP d1j05a_
  143           1          -0       2.721     0.000    84    2    0           1    0     84      6     84      9    T0960TS043-D2.pdb:A  SCOP d1i8ka_
  144           1          -0  1.798e+308     0.000    84    2    0           1    0     84      6     84      9    T0960TS043-D2.pdb:A  SCOP d1dvfa_
  145           1          -0        2.09     0.000    84    2    0           1    0     84      6     84      9    T0960TS043-D2.pdb:A  SCOP d1i8ia_
  146           1          -0      0.8205     0.000    84    2    0           1    0     84      6     84      9    T0960TS043-D2.pdb:A  SCOP d2imna_
  147           1          -0       2.121     0.000    84    2    0           1    0     84      6     84      9    T0960TS043-D2.pdb:A  SCOP d1ivla_
  148           1          -0       2.144     0.000    84    2    0           1    0     84      6     84      9    T0960TS043-D2.pdb:A  SCOP d1ivla_
  149           1          -0       2.221     0.000    84    2    0           1    0     84      6     84      9    T0960TS043-D2.pdb:A  SCOP d1fvca_
  150           1          -0       2.777     0.000    84    2    0           1    0     84      6     84      9    T0960TS043-D2.pdb:A  SCOP d1jv5a_
  151           1          -0       2.438     0.000    84    2    0           1    0     84      6     84     10    T0960TS043-D2.pdb:A  SCOP d2cd0a_
  152           1          -0       1.518     0.000    84    2    0           1    0     84      6     84     10    T0960TS043-D2.pdb:A  SCOP d1ohqa_
  153           1          -0       2.389     0.000    84    3    0           1    0     84      6     84     10    T0960TS043-D2.pdb:A  SCOP d1bvla_
  154           1          -0       3.073     0.000    84    2    0           1    0     84      6     84     10    T0960TS043-D2.pdb:A  SCOP d1aoha_
  155           1          -0       4.146     0.000    84    2    0           1    0     84      6     84      9    T0960TS043-D2.pdb:A  SCOP d1anua_
  156           1          -0  1.798e+308     0.000    84    2    0           1    0     84      6     84      8    T0960TS043-D2.pdb:A  SCOP d1acza_
  157           1          -0  1.798e+308     0.000    84    2    0           1    0     84      6     84      8    T0960TS043-D2.pdb:A  SCOP d1kuma_
  158           1   7.184e-08       3.334     0.000    84    2    0           1    0     84      6     84      6    T0960TS043-D2.pdb:A  SCOP d1sfda_
  159           1   7.184e-08       3.334     0.000    84    2    0           1    0     84      6     84      6    T0960TS043-D2.pdb:A  SCOP d1sfha_
  160           1          -0       3.453     0.000    84    2    0           1    0     84      6     84      7    T0960TS043-D2.pdb:A  SCOP d1sf3a_
  161           1   1.728e-09        2.75     0.000    84    2    0           1    0     84      6     84      6    T0960TS043-D2.pdb:A  SCOP d1t5ka_
  162           1     0.07231       3.204     0.000    84    2    0           1    0     84      6     84      6    T0960TS043-D2.pdb:A  SCOP d1t5ka_
  163           1          -0  1.798e+308     0.000    84    2    0           1    0     84      6     84      6    T0960TS043-D2.pdb:A  SCOP d1aaja_
  164           1     0.07231       3.204     0.000    84    2    0           1    0     84      6     84      6    T0960TS043-D2.pdb:A  SCOP d2mtaa_
  165           1   1.728e-09        2.75     0.000    84    2    0           1    0     84      6     84      6    T0960TS043-D2.pdb:A  SCOP d2mtaa_
  166           1    0.005237       3.205     0.000    84    2    0           1    0     84      6     84      5    T0960TS043-D2.pdb:A  SCOP d1mdaa_
  167           1      0.7613       4.729     0.000    84    2    0           1    0     84      6     84      6    T0960TS043-D2.pdb:A  SCOP d1id2a_
  168           1    0.006682       4.259     0.000    84    2    0           1    0     84      6     84      6    T0960TS043-D2.pdb:A  SCOP d1id2a_
  169           1          -0       0.746     0.000    84    2    0           1    0     84      6     84      7    T0960TS043-D2.pdb:A  SCOP d9pcya_
  170           1          -0        3.12     0.000    84    2    0           1    0     84      6     84      9    T0960TS043-D2.pdb:A  SCOP d1plba_
  171           1          -0       3.384     0.000    84    2    0           1    0     84      6     84      9    T0960TS043-D2.pdb:A  SCOP d1plaa_
  172           1          -0       0.845     0.000    84    2    0           1    0     84      6     84      7    T0960TS043-D2.pdb:A  SCOP d1ag6a_
  173           1          -0       0.746     0.000    84    2    0           1    0     84      6     84      7    T0960TS043-D2.pdb:A  SCOP d1oowa_
  174           1          -0       0.746     0.000    84    2    0           1    0     84      6     84      7    T0960TS043-D2.pdb:A  SCOP d1bypa_
  175           1          -0       0.746     0.000    84    2    0           1    0     84      6     84      7    T0960TS043-D2.pdb:A  SCOP d1byoa_
  176           1          -0  1.798e+308     0.000    84    2    0           1    0     84      6     84      3    T0960TS043-D2.pdb:A  SCOP d1ioxa_
  177           1          -0       0.746     0.000    84    2    0           1    0     84      6     84     10    T0960TS043-D2.pdb:A  SCOP d1iuza_
  178           1          -0       0.746     0.000    84    2    0           1    0     84      6     84     10    T0960TS043-D2.pdb:A  SCOP d2plta_
  179           1          -0  1.798e+308     0.000    84    2    0           1    0     84      6     84      2    T0960TS043-D2.pdb:A  SCOP d1k36a_
  180           1   5.012e-13       3.453     0.000    84    2    0           1    0     84      6     84      5    T0960TS043-D2.pdb:A  SCOP d1bj8a_
  181           1          -0       2.777     0.000    84    3    0           1    0     84      6     84      7    T0960TS043-D2.pdb:A  SCOP d1uc6a_
  182           1    0.005897       3.707     0.000    84    2    0           1    0     84      6     84      7    T0960TS043-D2.pdb:A  SCOP d1wk0a_
  183           1          -0  1.798e+308     0.000    84    2    0           1    0     84      6     84      8    T0960TS043-D2.pdb:A  SCOP d1suha_
  184           1          -0       2.026     0.000    84    3    0           1    0     84      6     84     10    T0960TS043-D2.pdb:A  SCOP d1j48a_
  185           1          -0       3.707     0.000    84    3    0           1    0     84      6     84     10    T0960TS043-D2.pdb:A  SCOP d1j48a_
  186           1          -0       2.663     0.000    84    2    0           1    0     84      6     84     10    T0960TS043-D2.pdb:A  SCOP d1j48a_
  187           1          -0       3.015     0.000    84    2    0           1    0     84      6     84     10    T0960TS043-D2.pdb:A  SCOP d1j48a_
  188           1          -0         1.6     0.000    84    2    0           1    0     84      6     84     10    T0960TS043-D2.pdb:A  SCOP d1hzka_
  189           1          -0       3.453     0.000    84    3    0           1    0     84      6     84      9    T0960TS043-D2.pdb:A  SCOP d1hzla_
  190           1       1.301       4.829     0.000    84    2    0           1    0     84      6     84      3    T0960TS043-D2.pdb:A  SCOP d1nyua_
  191           1          -0       1.325     0.000    84    2    0           1    0     84      6     84     10    T0960TS043-D2.pdb:A  SCOP d1xsoa_
  192           1          -0  1.798e+308     0.000    84    2    0           1    0     84      6     84     10    T0960TS043-D2.pdb:A  SCOP d1sdya_
  193           1          -0      0.8205     0.000    84    2    0           1    0     84      6     84     10    T0960TS043-D2.pdb:A  SCOP d1sdya_
  194           1          -0       2.352     0.000    84    3    0           1    0     84      6     84     11    T0960TS043-D2.pdb:A  SCOP d1pzsa_
  195           1          -0       3.073     0.000    84    2    0           1    0     84      6     84      9    T0960TS043-D2.pdb:A  SCOP d1rowa_
  196           1          -0       3.073     0.000    84    2    0           1    0     84      6     84      9    T0960TS043-D2.pdb:A  SCOP d1rowa_
  197           1          -0       1.153     0.000    84    2    0           1    0     84      6     84      7    T0960TS043-D2.pdb:A  SCOP d1dqia_
  198           1          -0       1.518     0.000    84    2    0           1    0     84      6     84      7    T0960TS043-D2.pdb:A  SCOP d1do6a_
  199           1          -0       1.153     0.000    84    2    0           1    0     84      6     84      7    T0960TS043-D2.pdb:A  SCOP d1dqka_
  200           1          -0       1.281     0.000    84    2    0           1    0     84      6     84      7    T0960TS043-D2.pdb:A  SCOP d1xvsa_
  201           1          -0           2     0.000    84    2    0           1    0     84      6     84      9    T0960TS043-D2.pdb:A  SCOP d1exha_
  202           1   1.424e-05       4.666     0.000    84    3    0           1    0     84      6     84     10    T0960TS043-D2.pdb:A  SCOP d1nbca_
  203           1          -0       1.395     0.000    84    3    0           1    0     84      6     84     10    T0960TS043-D2.pdb:A  SCOP d1g43a_
  204           1          -0       1.395     0.000    84    3    0           1    0     84      6     84     10    T0960TS043-D2.pdb:A  SCOP d1g43a_
  205           1          -0       3.669     0.000    84    2    0           1    0     84      6     84      8    T0960TS043-D2.pdb:A  SCOP d1fwqa_
  206           1          -0       2.794     0.000    84    2    0           1    0     84      6     84      8    T0960TS043-D2.pdb:A  SCOP d1fwqa_
  207           1          -0       3.669     0.000    84    2    0           1    0     84      6     84      8    T0960TS043-D2.pdb:A  SCOP d1fwqa_
  208           1          -0  1.798e+308     0.000    84    3    0           1    0     84      6     84     15    T0960TS043-D2.pdb:A  SCOP d1i58a_
  209           1          -0  1.798e+308     0.000    84    2    0           1    0     84      6     84     10    T0960TS043-D2.pdb:A  SCOP d1n02a_
  210           1          -0  1.798e+308     0.000    84    2    0           1    0     84      6     84     10    T0960TS043-D2.pdb:A  SCOP d1n02a_
  211           1   1.397e-05       3.808     0.000    84    3    0           1    0     84      6     84      7    T0960TS043-D2.pdb:A  SCOP d1lkta_
  212           1          -0      0.9729     0.000    84    2    0           1    0     84      6     84      9    T0960TS043-D2.pdb:A  SCOP d1njha_
  213           1          -0  1.798e+308     0.000    84    2    0           1    0     84      6     84     10    T0960TS043-D2.pdb:A  SCOP d1w8aa_
  214           1          -0  1.798e+308     0.000    84    3    0           1    0     84      6     84     12    T0960TS043-D2.pdb:A  SCOP d1ijba_
  215           1    0.005662       3.686     0.000    84    2    0           1    0     84      6     84      7    T0960TS043-D2.pdb:A  SCOP d1r5xa_
  216           1          -0           2     0.000    84    2    0           1    0     84      6     84      7    T0960TS043-D2.pdb:A  SCOP d1r5xa_
  217           1          -0       1.846     0.000    84    2    0           1    0     84      6     84      8    T0960TS043-D2.pdb:A  SCOP d1a2pa_
  218           1          -0       1.846     0.000    84    2    0           1    0     84      6     84      8    T0960TS043-D2.pdb:A  SCOP d1b2sa_
  219           1          -0       1.846     0.000    84    2    0           1    0     84      6     84      8    T0960TS043-D2.pdb:A  SCOP d1b27a_
  220           1    6.19e-10       1.846     0.000    84    2    0           1    0     84      6     84      7    T0960TS043-D2.pdb:A  SCOP d1bgsa_
  221           1    6.19e-10       1.846     0.000    84    2    0           1    0     84      6     84      7    T0960TS043-D2.pdb:A  SCOP d1bnra_
  222           1   0.0009842        2.09     0.000    84    2    0           1    0     84      6     84      6    T0960TS043-D2.pdb:A  SCOP d1rcla_
  223           1      0.0198       2.568     0.000    84    2    0           1    0     84      6     84      6    T0960TS043-D2.pdb:A  SCOP d1rcka_
  224           1     0.02851       2.721     0.000    84    2    0           1    0     84      6     84      7    T0960TS043-D2.pdb:A  SCOP d4gspa_
  225           1     0.02851       2.721     0.000    84    2    0           1    0     84      6     84      7    T0960TS043-D2.pdb:A  SCOP d1rgaa_
  226           1     0.02851       2.721     0.000    84    2    0           1    0     84      6     84      7    T0960TS043-D2.pdb:A  SCOP d2rnta_
  227           1     0.02851       2.721     0.000    84    2    0           1    0     84      6     84      7    T0960TS043-D2.pdb:A  SCOP d2gspa_
  228           1     0.02851       2.721     0.000    84    2    0           1    0     84      6     84      7    T0960TS043-D2.pdb:A  SCOP d1hyfa_
  229           1     0.02851       2.721     0.000    84    2    0           1    0     84      6     84      7    T0960TS043-D2.pdb:A  SCOP d5gspa_
  230           1      0.7068         3.7     0.000    84    3    0           1    0     84      6     84      8    T0960TS043-D2.pdb:A  SCOP d1rn4a_
  231           1     0.01724       3.995     0.000    84    4    0           1    0     84      6     84      9    T0960TS043-D2.pdb:A  SCOP d1rxha_
  232           1   9.654e-06       3.064     0.000    84    2    0           1    0     84      6     84      9    T0960TS043-D2.pdb:A  SCOP d1mm9a_
  233           1          -0       3.855     0.000    84    3    0           1    0     84      6     84      9    T0960TS043-D2.pdb:A  SCOP d1swga_
  234           1    0.005748       3.995     0.000    84    3    0           1    0     84      6     84      9    T0960TS043-D2.pdb:A  SCOP d1swga_
  235           1    0.005748       3.995     0.000    84    3    0           1    0     84      6     84     10    T0960TS043-D2.pdb:A  SCOP d1swfa_
  236           1          -0       2.623     0.000    84    2    0           1    0     84      6     84      9    T0960TS043-D2.pdb:A  SCOP d1oh1a_
  237           1    0.003521       4.645     0.000    84    2    0           1    0     84      6     84      9    T0960TS043-D2.pdb:A  SCOP d1oh1a_
  238           1          -0         1.6     0.000    84    2    0           1    0     84      6     84     10    T0960TS043-D2.pdb:A  SCOP d1qwxa_
  239           1          -0         1.6     0.000    84    2    0           1    0     84      6     84     10    T0960TS043-D2.pdb:A  SCOP d1qwxa_
  240           1          -0       4.059     0.000    84    2    0           1    0     84      6     84     10    T0960TS043-D2.pdb:A  SCOP d1qwxa_
  241           1          -0  1.798e+308     0.000    84    2    0           1    0     84      6     84     10    T0960TS043-D2.pdb:A  SCOP d1awta_
  242           1          -0       3.312     0.000    84    2    0           1    0     84      6     84      9    T0960TS043-D2.pdb:A  SCOP d1a1xa_
  243           1      0.2936       5.199     0.000    84    2    0           1    0     84      6     84      8    T0960TS043-D2.pdb:A  SCOP d1qtta_
  244           1   2.863e-06       3.348     0.000    84    2    0           1    0     84      6     84      8    T0960TS043-D2.pdb:A  SCOP d1qtta_
  245           1          -0       2.822     0.000    84    2    0           1    0     84      6     84     10    T0960TS043-D2.pdb:A  SCOP d1ijaa_
  246           1          -0       3.239     0.000    84    2    0           1    0     84      6     84      9    T0960TS043-D2.pdb:A  SCOP d1ut7a_
  247           1          -0       3.239     0.000    84    2    0           1    0     84      6     84      9    T0960TS043-D2.pdb:A  SCOP d1ut4a_
  248           1          -0  1.798e+308     0.000    84    4    0           1    0     84      6     84     10    T0960TS043-D2.pdb:A  SCOP d1npla_
  249           1          -0        2.09     0.000    84    2    0           1    0     84      6     84     10    T0960TS043-D2.pdb:A  SCOP d1v70a_
  250           1          -0       1.778     0.000    84    2    0           1    0     84      6     84     10    T0960TS043-D2.pdb:A  SCOP d1vj2a_
  251           1          -0       2.623     0.000    84    2    0           1    0     84      6     84     10    T0960TS043-D2.pdb:A  SCOP d2araa_
  252           1    0.001417       3.506     0.000    84    2    0           1    0     84      6     84      6    T0960TS043-D2.pdb:A  SCOP d1dd2a_
  253           1     0.02295       3.958     0.000    84    2    0           1    0     84      6     84      6    T0960TS043-D2.pdb:A  SCOP d1dcza_
  254           1          -0  1.798e+308     0.000    84    3    0           1    0     84      6     84     11    T0960TS043-D2.pdb:A  SCOP d1n3ja_
  255           1          -0       1.518     0.000    84    2    0           1    0     84      6     84      6    T0960TS043-D2.pdb:A  SCOP d1i4va_
  256           1   6.981e-06       2.958     0.000    84    2    0           1    0     84      6     84      7    T0960TS043-D2.pdb:A  SCOP d1p98a_
  257           1          -0       3.453     0.000    84    3    0           1    0     84      6     84     10    T0960TS043-D2.pdb:A  SCOP d1pfla_
  258           1          -0  1.798e+308     0.000    84    2    0           1    0     84      6     84      7    T0960TS043-D2.pdb:A  SCOP d1oeya_
  259           1   2.893e-16           2     0.000    84    2    0           1    0     84      6     84      7    T0960TS043-D2.pdb:A  SCOP d1l6ua_
  260           1   9.382e-08        1.79     0.000    84    2    0           1    0     84      6     84      6    T0960TS043-D2.pdb:A  SCOP d1iv7a_
  261           1   9.382e-08        1.79     0.000    84    2    0           1    0     84      6     84      6    T0960TS043-D2.pdb:A  SCOP d1iv9a_
  262           1   0.0003798        1.71     0.000    84    2    0           1    0     84      6     84      5    T0960TS043-D2.pdb:A  SCOP d1fa3a_
  263           1      0.8964       5.067     0.000    84    2    0           1    0     84      6     84      6    T0960TS043-D2.pdb:A  SCOP d1eqka_
  264           1     0.01716       3.073     0.000    84    2    0           1    0     84      6     84      6    T0960TS043-D2.pdb:A  SCOP d1roaa_
  265           1          -0  1.798e+308     0.000    84    2    0           1    0     84      6     84      7    T0960TS043-D2.pdb:A  SCOP d1svqa_
  266           1    0.000962       3.581     0.000    84    2    0           1    0     84      6     84      5    T0960TS043-D2.pdb:A  SCOP d1l1pa_
  267           1          -0  1.798e+308     0.000    84    2    0           1    0     84      6     84      8    T0960TS043-D2.pdb:A  SCOP d1sf8a_
  268           1          -0       2.623     0.000    84    2    0           1    0     84      6     84     10    T0960TS043-D2.pdb:A  SCOP d1xera_
  269           1          -0  1.798e+308     0.000    84    2    0           1    0     84      6     84      7    T0960TS043-D2.pdb:A  SCOP d1o0pa_
  270           1          -0  1.798e+308     0.000    84    3    0           1    0     84      6     84      7    T0960TS043-D2.pdb:A  SCOP d1o0pa_
  271           1          -0  1.798e+308     0.000    84    2    0           1    0     84      6     84      8    T0960TS043-D2.pdb:A  SCOP d1whxa_
  272           1          -0  1.798e+308     0.000    84    2    0           1    0     84      6     84      6    T0960TS043-D2.pdb:A  SCOP d1f2fa_
  273           1          -0  1.798e+308     0.000    84    4    0           1    0     84      6     84      7    T0960TS043-D2.pdb:A  SCOP d1bhfa_
  274           1          -0  1.798e+308     0.000    84    2    0           1    0     84      6     84      5    T0960TS043-D2.pdb:A  SCOP d1lkka_
  275           1       2.859       5.506     0.000    84    2    0           1    0     84      6     84      8    T0960TS043-D2.pdb:A  SCOP d1fnja_
  276           1      0.2251       3.887     0.000    84    2    0           1    0     84      6     84      8    T0960TS043-D2.pdb:A  SCOP d1fnja_
  277           1       2.859       5.506     0.000    84    2    0           1    0     84      6     84      8    T0960TS043-D2.pdb:A  SCOP d1fnka_
  278           1      0.2251       3.887     0.000    84    2    0           1    0     84      6     84      8    T0960TS043-D2.pdb:A  SCOP d1fnka_
  279           1       2.859       5.506     0.000    84    2    0           1    0     84      6     84      8    T0960TS043-D2.pdb:A  SCOP d2chta_
  280           1       2.859       5.506     0.000    84    2    0           1    0     84      6     84      8    T0960TS043-D2.pdb:A  SCOP d2chta_
  281           1     0.02684       4.202     0.000    84    2    0           1    0     84      6     84      8    T0960TS043-D2.pdb:A  SCOP d1odea_
  282           1     0.02851       2.721     0.000    84    2    0           1    0     84      6     84      7    T0960TS043-D2.pdb:A  SCOP d3gspa_
  283           1     0.02851       2.721     0.000    84    2    0           1    0     84      6     84      7    T0960TS043-D2.pdb:A  SCOP d1i2ea_
  284           1     0.02851       2.721     0.000    84    2    0           1    0     84      6     84      7    T0960TS043-D2.pdb:A  SCOP d4bu4a_
  285           1     0.02851       2.721     0.000    84    2    0           1    0     84      6     84      7    T0960TS043-D2.pdb:A  SCOP d2aada_
  286           1     0.02851       2.721     0.000    84    2    0           1    0     84      6     84      7    T0960TS043-D2.pdb:A  SCOP d1bu4a_
  287           1     0.02851       2.721     0.000    84    2    0           1    0     84      6     84      7    T0960TS043-D2.pdb:A  SCOP d1rgca_
  288           1     0.02851       2.721     0.000    84    2    0           1    0     84      6     84      7    T0960TS043-D2.pdb:A  SCOP d5bira_
  289           1     0.02851       2.721     0.000    84    2    0           1    0     84      6     84      7    T0960TS043-D2.pdb:A  SCOP d1rnta_
  290           1     0.02851       2.721     0.000    84    2    0           1    0     84      6     84      7    T0960TS043-D2.pdb:A  SCOP d1gspa_
  291           1     0.02851       2.721     0.000    84    2    0           1    0     84      6     84      7    T0960TS043-D2.pdb:A  SCOP d1rn1a_
  292           1     0.02851       2.721     0.000    84    2    0           1    0     84      6     84      7    T0960TS043-D2.pdb:A  SCOP d6gspa_
  293           1     0.02851       2.721     0.000    84    2    0           1    0     84      6     84      7    T0960TS043-D2.pdb:A  SCOP d4rnta_
  294           1     0.02851       2.721     0.000    84    2    0           1    0     84      6     84      7    T0960TS043-D2.pdb:A  SCOP d1trqa_
  295           1     0.02851       2.721     0.000    84    2    0           1    0     84      6     84      7    T0960TS043-D2.pdb:A  SCOP d1ch0a_
  296           1     0.02851       2.721     0.000    84    2    0           1    0     84      6     84      7    T0960TS043-D2.pdb:A  SCOP d3bira_
  297           1      0.1079       3.092     0.000    84    2    0           1    0     84      6     84      7    T0960TS043-D2.pdb:A  SCOP d2bira_
  298           1     0.02851       2.721     0.000    84    2    0           1    0     84      6     84      7    T0960TS043-D2.pdb:A  SCOP d1trpa_
  299           1     0.08578       3.015     0.000    84    2    0           1    0     84      6     84      7    T0960TS043-D2.pdb:A  SCOP d1rmsa_
  300           1     0.08578       3.015     0.000    84    2    0           1    0     84      6     84      7    T0960TS043-D2.pdb:A  SCOP d1rdsa_
  301           1          -0       2.947     0.000    84    2    0           1    0     84      6     84      9    T0960TS043-D2.pdb:A  SCOP d1aqza_
  302           1          -0       1.778     0.000    84    2    0           1    0     84      6     84      8    T0960TS043-D2.pdb:A  SCOP d1jbra_
  303           1          -0       2.907     0.000    84    2    0           1    0     84      6     84      7    T0960TS043-D2.pdb:A  SCOP d1de3a_
  304           1   3.791e-06       2.907     0.000    84    2    0           1    0     84      6     84      6    T0960TS043-D2.pdb:A  SCOP d1r4ya_
  305           1          -0       3.669     0.000    84    2    0           1    0     84      6     84      9    T0960TS043-D2.pdb:A  SCOP d1km8a_
  306           1          -0       1.233     0.000    84    2    0           1    0     84      6     84     10    T0960TS043-D2.pdb:A  SCOP d1k5ba_
  307           1   1.837e-07       3.669     0.000    84    2    0           1    0     84      6     84      9    T0960TS043-D2.pdb:A  SCOP d1pypa_
  308           1          -0  1.798e+308     0.000    84    3    0           1    0     84      6     84     12    T0960TS043-D2.pdb:A  SCOP d1qeza_
  309           1          -0       2.947     0.000    84    2    0           1    0     84      6     84     10    T0960TS043-D2.pdb:A  SCOP d1bs7a_
  310           1          -0           2     0.000    84    2    0           1    0     84      6     84     10    T0960TS043-D2.pdb:A  SCOP d1bsza_
  311           1          -0           2     0.000    84    2    0           1    0     84      6     84     10    T0960TS043-D2.pdb:A  SCOP d1icja_
  312           1          -0       2.947     0.000    84    2    0           1    0     84      6     84     10    T0960TS043-D2.pdb:A  SCOP d1bs4a_
  313           1          -0       2.382     0.000    84    3    0           1    0     84      6     84     12    T0960TS043-D2.pdb:A  SCOP d2miba_
  314           1          -0       3.836     0.000    84    3    0           1    0     84      6     84     14    T0960TS043-D2.pdb:A  SCOP d1tiea_
  315           1          -0  1.798e+308     0.000    84    2    0           1    0     84      6     84      9    T0960TS043-D2.pdb:A  SCOP d1mt1.1
  316           1          -0  1.798e+308     0.000    84    2    0           1    0     84      6     84      9    T0960TS043-D2.pdb:A  SCOP d1n13.1
  317           1          -0  1.798e+308     0.000    84    4    0           1    0     84      6     84     15    T0960TS043-D2.pdb:A  SCOP d1n8o.1
  318           1          -0       1.371     0.000    84    3    0           1    0     84      6     84     15    T0960TS043-D2.pdb:A  SCOP d1wdua_
  319           1          -0  1.798e+308     0.000    84    3    0           1    0     84      6     84     15    T0960TS043-D2.pdb:A  SCOP d1dfpa_
  320           1          -0  1.798e+308     0.000    84    2    0           1    0     84      6     84     10    T0960TS043-D2.pdb:A  SCOP d1ftha_
  321           1          -0       2.717     0.000    84    3    0           1    0     84      6     84     15    T0960TS043-D2.pdb:A  SCOP d1l1na_
  322           1          -0       2.717     0.000    84    3    0           1    0     84      6     84     15    T0960TS043-D2.pdb:A  SCOP d1l1na_
  323           1          -0  1.798e+308     0.000    84    2    0           1    0     84      6     84      6    T0960TS043-D2.pdb:A  SCOP d1k1ua_
  324           1          -0       2.907     0.000    84    4    0           1    0     84      6     84     16    T0960TS043-D2.pdb:A  SCOP d4apea_
  325           1          -0       3.141     0.000    84    3    0           1    0     84      6     84     15    T0960TS043-D2.pdb:A  SCOP d1hd5a_
  326           1     0.01671       4.622     0.000    84    3    0           1    0     84      6     84     14    T0960TS043-D2.pdb:A  SCOP d3enga_
  327           1          -0       2.881     0.000    84    2    0           1    0     84      6     84     10    T0960TS043-D2.pdb:A  SCOP d1ppya_
  328           1          -0       2.881     0.000    84    2    0           1    0     84      6     84      9    T0960TS043-D2.pdb:A  SCOP d1pqha_
  329           1          -0       2.947     0.000    84    2    0           1    0     84      6     84     10    T0960TS043-D2.pdb:A  SCOP d1ilfa_
  330           1          -0  1.798e+308     0.000    84    2    0           1    0     84      6     84      8    T0960TS043-D2.pdb:A  SCOP d1fb8a_
  331           1          -0  1.798e+308     0.000    84    2    0           1    0     84      6     84     10    T0960TS043-D2.pdb:A  SCOP d1fhwa_
  332           1          -0  1.798e+308     0.000    84    2    0           1    0     84      6     84      8    T0960TS043-D2.pdb:A  SCOP d1i2ha_
  333           1          -0       3.855     0.000    84    3    0           1    0     84      6     84     15    T0960TS043-D2.pdb:A  SCOP d1xyoa_
  334           1   4.339e-16       4.317     0.000    84    3    0           1    0     84      6     84     15    T0960TS043-D2.pdb:A  SCOP d1enxa_
  335           1   4.339e-16       4.317     0.000    84    3    0           1    0     84      6     84     15    T0960TS043-D2.pdb:A  SCOP d1xypa_
  336           1   4.339e-16       4.317     0.000    84    3    0           1    0     84      6     84     15    T0960TS043-D2.pdb:A  SCOP d1reda_
  337           1   4.339e-16       4.317     0.000    84    3    0           1    0     84      6     84     15    T0960TS043-D2.pdb:A  SCOP d1reea_
  338           1   4.339e-16       4.317     0.000    84    3    0           1    0     84      6     84     15    T0960TS043-D2.pdb:A  SCOP d1refa_
  339           1    7.01e-13       4.317     0.000    84    3    0           1    0     84      6     84     15    T0960TS043-D2.pdb:A  SCOP d1pvxa_
  340           1          -0       3.855     0.000    84    3    0           1    0     84      6     84     15    T0960TS043-D2.pdb:A  SCOP d1pvxa_
  341           1    0.009923       4.004     0.000    84    4    0           1    0     84      6     84     14    T0960TS043-D2.pdb:A  SCOP d1m1la_
  342           1    0.009923       4.004     0.000    84    4    0           1    0     84      6     84     14    T0960TS043-D2.pdb:A  SCOP d1m1la_
  343           1          -0  1.798e+308     0.000    84    2    0           1    0     84      6     84      5    T0960TS043-D2.pdb:A  SCOP d1e6ha_
  344           1          -0       2.449     0.000    84    2    0           1    0     84      6     84     10    T0960TS043-D2.pdb:A  SCOP d1p57a_
  345           1          -0       1.496     0.000    84    2    0           1    0     84      6     84      8    T0960TS043-D2.pdb:A  SCOP d1tlga_
  346           1          -0       1.496     0.000    84    2    0           1    0     84      6     84      6    T0960TS043-D2.pdb:A  SCOP d1byfa_
  347           1          -0  1.798e+308     0.000    84    2    0           1    0     84      6     84      7    T0960TS043-D2.pdb:A  SCOP d1q3pa_
  348           1          -0  1.798e+308     0.000    84    2    0           1    0     84      6     84      6    T0960TS043-D2.pdb:A  SCOP d1i5la_
  349           1          -0       4.138     0.000    84    3    0           1    0     84      6     84     10    T0960TS043-D2.pdb:A  SCOP d1ox8a_
  350           1          -0       4.138     0.000    84    3    0           1    0     84      6     84     10    T0960TS043-D2.pdb:A  SCOP d1oula_
  351           1          -0         1.6     0.000    84    2    0           1    0     84      6     84      7    T0960TS043-D2.pdb:A  SCOP d1d1ia_
  352           1          -0         1.6     0.000    84    2    0           1    0     84      6     84      7    T0960TS043-D2.pdb:A  SCOP d1czga_
  353           1          -0         1.6     0.000    84    2    0           1    0     84      6     84      7    T0960TS043-D2.pdb:A  SCOP d1qoha_
  354           1     0.06735       4.581     0.000    84    2    0           1    0     84      6     84      8    T0960TS043-D2.pdb:A  SCOP d1uapa_
  355           1       1.145       3.334     0.000    84    2    0           1    0     84      6     84      6    T0960TS043-D2.pdb:A  SCOP d1txya_
  356           1          -0  1.798e+308     0.000    84    2    0           1    0     84      6     84      9    T0960TS043-D2.pdb:A  SCOP d1egga_
  357           1          -0       3.136     0.000    84    3    0           1    0     84      6     84     12    T0960TS043-D2.pdb:A  SCOP d1q1ya_
  358           1          -0  1.798e+308     0.000    84    2    0           1    0     84      6     84     10    T0960TS043-D2.pdb:A  SCOP d2rtaa_
  359           1          -0  1.798e+308     0.000    84    2    0           1    0     84      6     84      9    T0960TS043-D2.pdb:A  SCOP d2izka_
  360           1          -0       1.496     0.000    84    2    0           1    0     84      6     84     10    T0960TS043-D2.pdb:A  SCOP d1xfsa_
  361           1          -0  1.798e+308     0.000    84    2    0           1    0     84      6     84      9    T0960TS043-D2.pdb:A  SCOP d2rtja_
  362           1          -0  1.798e+308     0.000    84    2    0           1    0     84      6     84     10    T0960TS043-D2.pdb:A  SCOP d2izba_
  363           1          -0  1.798e+308     0.000    84    2    0           1    0     84      6     84      9    T0960TS043-D2.pdb:A  SCOP d2rtla_
  364           1          -0  1.798e+308     0.000    84    2    0           1    0     84      6     84     10    T0960TS043-D2.pdb:A  SCOP d2izja_
  365           1      0.5559       3.995     0.000    84    3    0           1    0     84      6     84     10    T0960TS043-D2.pdb:A  SCOP d1sria_
  366           1      0.5559       3.995     0.000    84    3    0           1    0     84      6     84      9    T0960TS043-D2.pdb:A  SCOP d1rxka_
  367           1      0.5559       3.995     0.000    84    3    0           1    0     84      6     84      9    T0960TS043-D2.pdb:A  SCOP d1srga_
  368           1      0.5559       3.995     0.000    84    3    0           1    0     84      6     84      9    T0960TS043-D2.pdb:A  SCOP d1srea_
  369           1      0.5573       3.995     0.000    84    3    0           1    0     84      6     84      9    T0960TS043-D2.pdb:A  SCOP d1srja_
  370           1      0.5559       3.995     0.000    84    3    0           1    0     84      6     84      9    T0960TS043-D2.pdb:A  SCOP d1nqma_
  371           1          -0  1.798e+308     0.000    84    2    0           1    0     84      6     84     10    T0960TS043-D2.pdb:A  SCOP d2izia_
  372           1      0.1665       3.995     0.000    84    3    0           1    0     84      6     84     11    T0960TS043-D2.pdb:A  SCOP d1hxza_
  373           1      0.5559       3.995     0.000    84    3    0           1    0     84      6     84     10    T0960TS043-D2.pdb:A  SCOP d1ptsa_
  374           1      0.5573       3.995     0.000    84    3    0           1    0     84      6     84      8    T0960TS043-D2.pdb:A  SCOP d1lcza_
  375           1          -0       2.831     0.000    84    2    0           1    0     84      6     84     10    T0960TS043-D2.pdb:A  SCOP d1b6fa_
  376           1      0.5573       3.995     0.000    84    3    0           1    0     84      6     84      8    T0960TS043-D2.pdb:A  SCOP d1srfa_
  377           1      0.5559       3.995     0.000    84    3    0           1    0     84      6     84      9    T0960TS043-D2.pdb:A  SCOP d1lcwa_
  378           1      0.5559       3.995     0.000    84    3    0           1    0     84      6     84      9    T0960TS043-D2.pdb:A  SCOP d1lcva_
  379           1      0.5573       3.995     0.000    84    3    0           1    0     84      6     84      8    T0960TS043-D2.pdb:A  SCOP d1n4ja_
  380           1      0.5573       3.995     0.000    84    3    0           1    0     84      6     84      8    T0960TS043-D2.pdb:A  SCOP d1srha_
  381           1      0.5559       3.995     0.000    84    3    0           1    0     84      6     84      9    T0960TS043-D2.pdb:A  SCOP d1i9ha_
  382           1          -0  1.798e+308     0.000    84    2    0           1    0     84      6     84     10    T0960TS043-D2.pdb:A  SCOP d1stpa_
  383           1   6.507e-08       3.327     0.000    84    2    0           1    0     84      6     84      8    T0960TS043-D2.pdb:A  SCOP d1s98a_
  384           1          -0  1.798e+308     0.000    84    3    0           1    0     84      6     84     14    T0960TS043-D2.pdb:A  SCOP d1ow1a_
  385           1          -0       3.113     0.000    84    3    0           1    0     84      6     84     14    T0960TS043-D2.pdb:A  SCOP d1ew3a_
  386           1          -0       3.062     0.000    84    3    0           1    0     84      6     84     14    T0960TS043-D2.pdb:A  SCOP d1ew3a_
  387           1          -0       4.496     0.000    84    3    0           1    0     84      6     84     14    T0960TS043-D2.pdb:A  SCOP d1beba_
  388           1          -0       2.865     0.000    84    3    0           1    0     84      6     84     13    T0960TS043-D2.pdb:A  SCOP d1qg5a_
  389           1          -0         3.7     0.000    84    3    0           1    0     84      6     84     13    T0960TS043-D2.pdb:A  SCOP d1qg5a_
  390           1          -0       2.865     0.000    84    3    0           1    0     84      6     84     13    T0960TS043-D2.pdb:A  SCOP d1b8ea_
  391           1          -0       3.476     0.000    84    3    0           1    0     84      6     84     13    T0960TS043-D2.pdb:A  SCOP d1b8ea_
  392           1    0.001719       3.986     0.000    84    3    0           1    0     84      6     84     13    T0960TS043-D2.pdb:A  SCOP d1bsoa_
  393           1          -0       3.783     0.000    84    3    0           1    0     84      6     84     14    T0960TS043-D2.pdb:A  SCOP d1bsqa_
  394           1          -0       3.986     0.000    84    3    0           1    0     84      6     84     14    T0960TS043-D2.pdb:A  SCOP d1bsya_
  395           1   3.726e-05         3.7     0.000    84    3    0           1    0     84      6     84     12    T0960TS043-D2.pdb:A  SCOP d2blga_
  396           1   9.434e-06       3.485     0.000    84    3    0           1    0     84      6     84     13    T0960TS043-D2.pdb:A  SCOP d3blga_
  397           1          -0         3.7     0.000    84    3    0           1    0     84      6     84     14    T0960TS043-D2.pdb:A  SCOP d1gx9a_
  398           1          -0         3.7     0.000    84    3    0           1    0     84      6     84     13    T0960TS043-D2.pdb:A  SCOP d1gx8a_
  399           1          -0       3.839     0.000    84    3    0           1    0     84      6     84     13    T0960TS043-D2.pdb:A  SCOP d1b0oa_
  400           1          -0         3.7     0.000    84    3    0           1    0     84      6     84     14    T0960TS043-D2.pdb:A  SCOP d1gxaa_
  401           1          -0       3.783     0.000    84    3    0           1    0     84      6     84     12    T0960TS043-D2.pdb:A  SCOP d1dv9a_
  402           1      0.1921       3.808     0.000    84    3    0           1    0     84      6     84     12    T0960TS043-D2.pdb:A  SCOP d1exsa_
  403           1          -0       2.738     0.000    84    3    0           1    0     84      6     84     12    T0960TS043-D2.pdb:A  SCOP d1exsa_
  404           1          -0       2.568     0.000    84    2    0           1    0     84      6     84     10    T0960TS043-D2.pdb:A  SCOP d1dfva_
  405           1          -0       4.202     0.000    84    3    0           1    0     84      6     84     14    T0960TS043-D2.pdb:A  SCOP d1qwda_
  406           1     0.00207       4.801     0.000    84    3    0           1    0     84      6     84     14    T0960TS043-D2.pdb:A  SCOP d1qwda_
  407           1   1.179e-10       4.267     0.000    84    2    0           1    0     84      6     84      9    T0960TS043-D2.pdb:A  SCOP d1sa8a_
  408           1          -0  1.798e+308     0.000    84    2    0           1    0     84      6     84      6    T0960TS043-D2.pdb:A  SCOP d1fyka_
  409           1          -0  1.798e+308     0.000    84    2    0           1    0     84      6     84      2    T0960TS043-D2.pdb:A  SCOP d1jy6a_
  410           1          -0  1.798e+308     0.000    84    3    0           1    0     84      6     84      9    T0960TS043-D2.pdb:A  SCOP d1gxqa_
  411      0.9881          -0  1.798e+308     0.000    83    3    0           1    0     84      6     83     10    T0960TS043-D2.pdb:A  SCOP d2dy2a1
  412      0.9881          -0       3.051     0.000    83    2    0           1    0     84      6     83     10    T0960TS043-D2.pdb:A  SCOP d2dy2a1
  413      0.9881          -0  1.798e+308     0.000    83    2    0           1    0     84      6     83     10    T0960TS043-D2.pdb:A  SCOP d2dy2a1
  414      0.9881          -0       3.051     0.000    83    2    0           1    0     84      6     83     10    T0960TS043-D2.pdb:A  SCOP d2dwta1
  415      0.9881          -0       2.523     0.000    83    2    0           1    0     84      6     83     10    T0960TS043-D2.pdb:A  SCOP d2dwsa1
  416      0.9763          -0           2     0.000    83    2    1           1    0     84      6     84      7    T0960TS043-D2.pdb:A  SCOP d1ue7a_
  417      0.9763          -0           2     0.000    83    2    1           1    0     84      6     84      7    T0960TS043-D2.pdb:A  SCOP d1ue7a_
  418      0.9763          -0       2.012     0.000    83    2    1           1    0     84      6     84      8    T0960TS043-D2.pdb:A  SCOP d1jxda_
  419      0.9763     0.02589       3.499     0.000    83    2    1           1    0     84      6     84      9    T0960TS043-D2.pdb:A  SCOP d1d6ka_
  420      0.9763     0.02684       4.202     0.000    83    2    1           1    0     84      6     84      8    T0960TS043-D2.pdb:A  SCOP d1ui9a_
  421      0.9763          -0       1.778     0.000    83    2    1           1    0     84      6     84      6    T0960TS043-D2.pdb:A  SCOP d1uita_
  422      0.9763          -0       3.453     0.000    83    3    1           1    0     84      6     84     12    T0960TS043-D2.pdb:A  SCOP d1fila_
  423      0.9763          -0       2.078     0.000    83    2    1           1    0     84      6     84      8    T0960TS043-D2.pdb:A  SCOP d1e57a_
  424      0.9763          -0       1.496     0.000    83    2    1           1    0     84      6     84      9    T0960TS043-D2.pdb:A  SCOP d1oo2a_
  425      0.9763   9.643e-17       2.623     0.000    83    2    1           1    0     84      6     84      6    T0960TS043-D2.pdb:A  SCOP d1uawa_
  426      0.9763          -0           2     0.000    83    2    1           1    0     84      6     84      9    T0960TS043-D2.pdb:A  SCOP d1ayfa_
  427      0.9763      0.5359       4.431     0.000    83    2    1           1    0     84      6     84      9    T0960TS043-D2.pdb:A  SCOP d1vpma_
  428      0.9763          -0       2.623     0.000    83    2    1           1    0     84      6     84      7    T0960TS043-D2.pdb:A  SCOP d1n1aa_
  429      0.9763          -0      0.8682     0.000    83    2    1           1    0     84      6     84      9    T0960TS043-D2.pdb:A  SCOP d1bvqa_
  430      0.9763          -0       1.578     0.000    83    3    1           1    0     84      6     84     12    T0960TS043-D2.pdb:A  SCOP d2bena_
  431      0.9763          -0       3.855     0.000    83    3    1           1    0     84      6     84     14    T0960TS043-D2.pdb:A  SCOP d1oopa_
  432      0.9763          -0       2.078     0.000    83    2    1           1    0     84      6     84      8    T0960TS043-D2.pdb:A  SCOP d1e57a_
  433      0.9763          -0       2.523     0.000    83    3    1           1    0     84      6     84      9    T0960TS043-D2.pdb:A  SCOP d1rfsa_
  434      0.9763          -0       1.578     0.000    83    3    1           1    0     84      6     84     12    T0960TS043-D2.pdb:A  SCOP d2bema_
  435      0.9763          -0       3.669     0.000    83    3    1           1    0     84      6     84     14    T0960TS043-D2.pdb:A  SCOP d1ej1a_
  436      0.9763   2.893e-16       2.623     0.000    83    2    1           1    0     84      6     84      7    T0960TS043-D2.pdb:A  SCOP d1l5ia_
  437      0.9763          -0       3.073     0.000    83    2    1           1    0     84      6     84      8    T0960TS043-D2.pdb:A  SCOP d1fkha_
  438      0.9529          -0      0.4819     0.000    82    2    1           1    0     84      6     84      9    T0960TS043-D2.pdb:A  SCOP d1jb5a_
  439      0.9529   2.317e-05       3.532     0.000    82    3    1           1    1     84      6     84      9    T0960TS043-D2.pdb:A  SCOP d1swga_
  440      0.9529          -0      0.8205     0.000    82    2    1           1    0     84      6     84      7    T0960TS043-D2.pdb:A  SCOP d1q7xa_
  441      0.9529      0.8627       5.025     0.000    82    2    1           1    0     84      6     84      6    T0960TS043-D2.pdb:A  SCOP d1rk8a_
  442      0.9529          -0       3.051     0.000    82    2    1           1    0     84      6     84     10    T0960TS043-D2.pdb:A  SCOP d1bdya_
  443      0.9529          -0  1.798e+308     0.000    82    2    1           1    0     84      6     84      3    T0960TS043-D2.pdb:A  SCOP d1uuba_
  444      0.9529   4.773e-15       1.347     0.000    82    2    1           1    0     84      6     84      8    T0960TS043-D2.pdb:A  SCOP d1xn6a_
  445      0.9529          -0  1.798e+308     0.000    82    2    1           1    0     84      6     84      4    T0960TS043-D2.pdb:A  SCOP d1ld5a_
  446      0.9529          -0       2.026     0.000    82    2    1           1    0     84      6     84      8    T0960TS043-D2.pdb:A  SCOP d1wgka_
  447      0.9529          -0  1.798e+308     0.000    82    3    1           1    0     84      6     84     12    T0960TS043-D2.pdb:A  SCOP d1riea_
  448      0.9529   4.213e-07       1.154     0.000    82    2    1           1    0     84      6     84      8    T0960TS043-D2.pdb:A  SCOP d1xn6a_
  449      0.9529   2.893e-16       3.453     0.000    82    2    1           1    0     84      6     84      7    T0960TS043-D2.pdb:A  SCOP d1ujda_
  450      0.9529   3.701e-05       3.669     0.000    82    2    1           1    0     84      6     84      6    T0960TS043-D2.pdb:A  SCOP d1rk8a_
  451      0.9529          -0  1.798e+308     0.000    82    2    1           1    0     84      6     84     10    T0960TS043-D2.pdb:A  SCOP d1btka_
  452      0.9529   2.317e-05       3.532     0.000    82    3    1           1    1     84      6     84     10    T0960TS043-D2.pdb:A  SCOP d1swfa_
  453      0.9529          -0       3.453     0.000    82    3    1           1    0     84      6     84     12    T0960TS043-D2.pdb:A  SCOP d1cjfa_
  454      0.9529          -0       2.366     0.000    82    3    1           1    0     84      6     84     14    T0960TS043-D2.pdb:A  SCOP d1sr4a_
  455      0.9529          -0       2.717     0.000    82    2    1           1    0     84      6     84      8    T0960TS043-D2.pdb:A  SCOP d1oaza_
  456      0.9529    0.002825       5.713     0.000    82    2    1           1    0     84      6     84      8    T0960TS043-D2.pdb:A  SCOP d1oaza_
  457      0.9529          -0        2.13     0.000    82    2    1           1    0     84      6     84      6    T0960TS043-D2.pdb:A  SCOP d1wg5a_
  458      0.9529          -0       4.073     0.000    82    2    1           1    0     84      6     84     10    T0960TS043-D2.pdb:A  SCOP d1btka_
  459      0.9529          -0       3.073     0.000    82    3    1           1    0     84      6     84     13    T0960TS043-D2.pdb:A  SCOP d1qhla_
  460      0.9529   4.213e-07       1.154     0.000    82    2    1           1    0     84      6     84      8    T0960TS043-D2.pdb:A  SCOP d1xn6a_
  461      0.9396      0.1222       3.894     0.761    84    3    0           1    0     84      6     84     10    T0960TS043-D2.pdb:A  SCOP d1hxla_
  462      0.9298          -0       1.193     0.000    81    2    1           1    0     84      6     84      9    T0960TS043-D2.pdb:A  SCOP d1t17a_
  463      0.9298          -0       2.078     0.000    81    2    1           1    0     84      6     84      6    T0960TS043-D2.pdb:A  SCOP d1qjha_
  464      0.9298          -0      0.4819     0.000    81    2    1           1    0     84      6     84      9    T0960TS043-D2.pdb:A  SCOP d1gy5a_
  465      0.9298      0.2413       3.341     0.000    81    2    2           1    0     84      6     84     10    T0960TS043-D2.pdb:A  SCOP d1qxwa_
  466      0.9298          -0      0.4912     0.000    81    2    1           1    0     84      6     84      9    T0960TS043-D2.pdb:A  SCOP d1u5oa_
  467      0.9298          -0      0.9729     0.000    81    2    1           1    0     84      6     84      7    T0960TS043-D2.pdb:A  SCOP d1v62a_
  468      0.9298      0.2413       3.341     0.000    81    2    2           1    0     84      6     84     10    T0960TS043-D2.pdb:A  SCOP d1qxya_
  469      0.9298          -0       2.449     0.000    81    2    1           1    0     84      6     84     10    T0960TS043-D2.pdb:A  SCOP d1jnba_
  470      0.9298          -0       1.492     0.000    81    2    1           1    0     84      6     84      9    T0960TS043-D2.pdb:A  SCOP d1t17a_
  471      0.9298   0.0003172       4.252     0.000    81    2    1           1    0     84      6     84      8    T0960TS043-D2.pdb:A  SCOP d1hl6a_
  472      0.9298          -0      0.8205     0.000    81    2    1           1    0     84      6     84      7    T0960TS043-D2.pdb:A  SCOP d1d5ga_
  473      0.9298          -0  1.798e+308     0.000    81    2    1           1    0     84      6     84      4    T0960TS043-D2.pdb:A  SCOP d1f22a_
  474      0.9298          -0      0.9729     0.000    81    2    1           1    0     84      6     84      7    T0960TS043-D2.pdb:A  SCOP d1qvca_
  475      0.9298          -0      0.5392     0.000    81    2    1           1    0     84      6     84      9    T0960TS043-D2.pdb:A  SCOP d1ouna_
  476      0.9298    1.35e-10       1.822     0.000    81    2    1           1    0     84      6     84      9    T0960TS043-D2.pdb:A  SCOP d1txxa_
  477      0.9298   1.673e-07       3.398     0.000    81    2    1           1    0     84      6     84      9    T0960TS043-D2.pdb:A  SCOP d1fvaa_
  478      0.9298          -0       2.717     0.000    81    2    1           1    0     84      6     84      7    T0960TS043-D2.pdb:A  SCOP d1ueqa_
  479      0.9298   2.669e-07       3.343     0.000    81    2    1           1    0     84      6     84      6    T0960TS043-D2.pdb:A  SCOP d1ue6a_
  480      0.9264          -0      0.9786     0.697    83    2    1      0.9639    0     84      6     84     10    T0960TS043-D2.pdb:A  SCOP d1jh5a_
  481      0.9264          -0       1.411     0.697    83    2    1      0.9639    0     84      6     84     10    T0960TS043-D2.pdb:A  SCOP d1hlca_
  482      0.9264          -0       1.411     0.697    83    2    1      0.9639    0     84      6     84     10    T0960TS043-D2.pdb:A  SCOP d1hlca_
  483      0.9264          -0       2.604     0.697    83    3    1      0.9639    0     84      6     84     12    T0960TS043-D2.pdb:A  SCOP d1k45a_
  484      0.9264          -0      0.9786     0.697    83    2    1      0.9639    0     84      6     84     10    T0960TS043-D2.pdb:A  SCOP d1shwa_
  485      0.9255   5.998e-13       2.554     0.703    83    3    1      0.9639    0     84      6     84     11    T0960TS043-D2.pdb:A  SCOP d1n3ja_
  486      0.9255          -0       1.594     0.703    83    3    1      0.9639    0     84      6     84     11    T0960TS043-D2.pdb:A  SCOP d1nuna_
  487      0.9255          -0       1.957     0.703    83    3    1      0.9639    0     84      6     84     10    T0960TS043-D2.pdb:A  SCOP d2rhea_
  488      0.9255   3.375e-16       3.521     0.703    83    2    1      0.9639    0     84      6     84      8    T0960TS043-D2.pdb:A  SCOP d1ejfa_
  489      0.9255          -0       3.099     0.703    83    3    1      0.9639    0     84      6     84     15    T0960TS043-D2.pdb:A  SCOP d1fi2a_
  490      0.9255          -0       1.214     0.703    83    3    1      0.9639    0     84      6     84     12    T0960TS043-D2.pdb:A  SCOP d1i04a_
  491      0.9255          -0       1.494     0.703    83    3    1      0.9639    0     84      6     84     12    T0960TS043-D2.pdb:A  SCOP d1i06a_
  492      0.9255          -0       1.494     0.703    83    3    1      0.9639    0     84      6     84     12    T0960TS043-D2.pdb:A  SCOP d1i05a_
  493      0.9255          -0       1.074     0.703    83    3    1      0.9639    0     84      6     84     11    T0960TS043-D2.pdb:A  SCOP d1n3ja_
  494      0.9251          -0       2.612     0.706    83    2    1      0.9639    0     84      6     84      8    T0960TS043-D2.pdb:A  SCOP d1urea_
