<html><head></head><body><pre style="word-wrap: break-word; white-space: pre-wrap;"> PDBe Fold v2.59. (src3) 14 Apr 2014 result file.

                   RESULT SUMMARY

   ##      Q-score      P-score     Z-score   RMSD    Nalgn Nsse Ngaps Seq-%     Nmd Nres-Q Nsse-Q Nres-T Nsse-T Query Target
    1           1          -0  1.798e+308     0.000    82    1    0           1    0     82      5     82      3    T0963TS354-D2.pdb:A  SCOP d1bkta_
    2           1          -0  1.798e+308     0.000    82    1    0           1    0     82      5     82      3    T0963TS354-D2.pdb:A  SCOP d1bkta_
    3           1          -0  1.798e+308     0.000    82    1    0           1    0     82      5     82      3    T0963TS354-D2.pdb:A  SCOP d1bkta_
    4           1          -0  1.798e+308     0.000    82    1    0           1    0     82      5     82      3    T0963TS354-D2.pdb:A  SCOP d1bkta_
    5           1          -0  1.798e+308     0.000    82    1    0           1    0     82      5     82      4    T0963TS354-D2.pdb:A  SCOP d2bmta_
    6           1          -0  1.798e+308     0.000    82    1    0           1    0     82      5     82      4    T0963TS354-D2.pdb:A  SCOP d2bmta_
    7           1          -0  1.798e+308     0.000    82    1    0           1    0     82      5     82      3    T0963TS354-D2.pdb:A  SCOP d1m2sa_
    8           1          -0  1.798e+308     0.000    82    1    0           1    0     82      5     82      3    T0963TS354-D2.pdb:A  SCOP d1m2sa_
    9           1          -0  1.798e+308     0.000    82    1    0           1    0     82      5     82      3    T0963TS354-D2.pdb:A  SCOP d1du9a_
   10           1          -0  1.798e+308     0.000    82    1    0           1    0     82      5     82      3    T0963TS354-D2.pdb:A  SCOP d1du9a_
   11           1          -0  1.798e+308     0.000    82    1    0           1    0     82      5     82      4    T0963TS354-D2.pdb:A  SCOP d1j5ja_
   12           1          -0  1.798e+308     0.000    82    1    0           1    0     82      5     82      4    T0963TS354-D2.pdb:A  SCOP d1j5ja_
   13           1          -0  1.798e+308     0.000    82    1    0           1    0     82      5     82      4    T0963TS354-D2.pdb:A  SCOP d1lgla_
   14           1          -0  1.798e+308     0.000    82    1    0           1    0     82      5     82      4    T0963TS354-D2.pdb:A  SCOP d1lgla_
   15           1          -0  1.798e+308     0.000    82    1    0           1    0     82      5     82      3    T0963TS354-D2.pdb:A  SCOP d1hp2a_
   16           1          -0  1.798e+308     0.000    82    1    0           1    0     82      5     82      3    T0963TS354-D2.pdb:A  SCOP d1hp2a_
   17           1          -0  1.798e+308     0.000    82    1    0           1    0     82      5     82      3    T0963TS354-D2.pdb:A  SCOP d1jlza_
   18           1          -0  1.798e+308     0.000    82    1    0           1    0     82      5     82      3    T0963TS354-D2.pdb:A  SCOP d1jlza_
   19           1          -0  1.798e+308     0.000    82    1    0           1    0     82      5     82      3    T0963TS354-D2.pdb:A  SCOP d1r1ga_
   20           1          -0  1.798e+308     0.000    82    1    0           1    0     82      5     82      4    T0963TS354-D2.pdb:A  SCOP d1i6fa_
   21           1          -0  1.798e+308     0.000    82    1    0           1    0     82      5     82      4    T0963TS354-D2.pdb:A  SCOP d1lqqa_
   22           1          -0  1.798e+308     0.000    82    1    0           1    0     82      5     82      4    T0963TS354-D2.pdb:A  SCOP d1lqqa_
   23           1          -0  1.798e+308     0.000    82    1    0           1    0     82      5     82      4    T0963TS354-D2.pdb:A  SCOP d1lqia_
   24           1          -0  1.798e+308     0.000    82    1    0           1    0     82      5     82      4    T0963TS354-D2.pdb:A  SCOP d1lqia_
   25           1          -0  1.798e+308     0.000    82    1    0           1    0     82      5     82      4    T0963TS354-D2.pdb:A  SCOP d1lqha_
   26           1          -0  1.798e+308     0.000    82    1    0           1    0     82      5     82      4    T0963TS354-D2.pdb:A  SCOP d1omya_
   27           1          -0  1.798e+308     0.000    82    1    0           1    0     82      5     82      4    T0963TS354-D2.pdb:A  SCOP d1kv0a_
   28           1          -0  1.798e+308     0.000    82    1    0           1    0     82      5     82      4    T0963TS354-D2.pdb:A  SCOP d1kv0a_
   29           1          -0       2.416     0.000    82    4    0           1    0     82      5     82     11    T0963TS354-D2.pdb:A  SCOP d1f1da_
   30           1          -0  1.798e+308     0.000    82    1    0           1    0     82      5     82      4    T0963TS354-D2.pdb:A  SCOP d1bmra_
   31           1          -0  1.798e+308     0.000    82    1    0           1    0     82      5     82      4    T0963TS354-D2.pdb:A  SCOP d1bmra_
   32           1          -0  1.798e+308     0.000    82    1    0           1    0     82      5     82      4    T0963TS354-D2.pdb:A  SCOP d1fh3a_
   33           1          -0  1.798e+308     0.000    82    1    0           1    0     82      5     82      4    T0963TS354-D2.pdb:A  SCOP d1fh3a_
   34           1          -0  1.798e+308     0.000    82    1    0           1    0     82      5     82      4    T0963TS354-D2.pdb:A  SCOP d1biga_
   35           1          -0  1.798e+308     0.000    82    1    0           1    0     82      5     82      4    T0963TS354-D2.pdb:A  SCOP d1biga_
   36           1          -0  1.798e+308     0.000    82    1    0           1    0     82      5     82      4    T0963TS354-D2.pdb:A  SCOP d1biga_
   37           1          -0  1.798e+308     0.000    82    1    0           1    0     82      5     82      4    T0963TS354-D2.pdb:A  SCOP d1biga_
   38           1          -0  1.798e+308     0.000    82    1    0           1    0     82      5     82      4    T0963TS354-D2.pdb:A  SCOP d1biga_
   39           1          -0  1.798e+308     0.000    82    1    0           1    0     82      5     82      3    T0963TS354-D2.pdb:A  SCOP d1agta_
   40           1          -0  1.798e+308     0.000    82    1    0           1    0     82      5     82      3    T0963TS354-D2.pdb:A  SCOP d1agta_
   41           1          -0  1.798e+308     0.000    82    1    0           1    0     82      5     82      3    T0963TS354-D2.pdb:A  SCOP d1chla_
   42           1          -0  1.798e+308     0.000    82    1    0           1    0     82      5     82      3    T0963TS354-D2.pdb:A  SCOP d1chla_
   43           1          -0  1.798e+308     0.000    82    1    0           1    0     82      5     82      3    T0963TS354-D2.pdb:A  SCOP d1chla_
   44           1          -0  1.798e+308     0.000    82    1    0           1    0     82      5     82      3    T0963TS354-D2.pdb:A  SCOP d1chla_
   45           1          -0  1.798e+308     0.000    82    1    0           1    0     82      5     82      4    T0963TS354-D2.pdb:A  SCOP d1c55a_
   46           1          -0  1.798e+308     0.000    82    1    0           1    0     82      5     82      4    T0963TS354-D2.pdb:A  SCOP d1c55a_
   47           1          -0  1.798e+308     0.000    82    1    0           1    0     82      5     82      3    T0963TS354-D2.pdb:A  SCOP d1c56a_
   48           1          -0  1.798e+308     0.000    82    1    0           1    0     82      5     82      3    T0963TS354-D2.pdb:A  SCOP d1c56a_
   49           1          -0  1.798e+308     0.000    82    1    0           1    0     82      5     82      3    T0963TS354-D2.pdb:A  SCOP d1tska_
   50           1          -0  1.798e+308     0.000    82    1    0           1    0     82      5     82      3    T0963TS354-D2.pdb:A  SCOP d1tska_
   51           1          -0  1.798e+308     0.000    82    1    0           1    0     82      5     82      3    T0963TS354-D2.pdb:A  SCOP d1tska_
   52           1          -0  1.798e+308     0.000    82    1    0           1    0     82      5     82      3    T0963TS354-D2.pdb:A  SCOP d1tska_
   53           1          -0  1.798e+308     0.000    82    1    0           1    0     82      5     82      3    T0963TS354-D2.pdb:A  SCOP d1sisa_
   54           1          -0  1.798e+308     0.000    82    1    0           1    0     82      5     82      3    T0963TS354-D2.pdb:A  SCOP d1sisa_
   55           1          -0  1.798e+308     0.000    82    1    0           1    0     82      5     82      3    T0963TS354-D2.pdb:A  SCOP d1pnha_
   56           1          -0  1.798e+308     0.000    82    1    0           1    0     82      5     82      3    T0963TS354-D2.pdb:A  SCOP d1pnha_
   57           1          -0  1.798e+308     0.000    82    1    0           1    0     82      5     82      3    T0963TS354-D2.pdb:A  SCOP d1acwa_
   58           1          -0  1.798e+308     0.000    82    1    0           1    0     82      5     82      3    T0963TS354-D2.pdb:A  SCOP d1r1ga_
   59           1          -0  1.798e+308     0.000    82    1    0           1    0     82      5     82      3    T0963TS354-D2.pdb:A  SCOP d1q2ka_
   60           1          -0  1.798e+308     0.000    82    1    0           1    0     82      5     82      3    T0963TS354-D2.pdb:A  SCOP d1q2ka_
   61           1          -0  1.798e+308     0.000    82    1    0           1    0     82      5     82      3    T0963TS354-D2.pdb:A  SCOP d1q2ka_
   62           1          -0  1.798e+308     0.000    82    1    0           1    0     82      5     82      3    T0963TS354-D2.pdb:A  SCOP d1q2ka_
   63           1          -0  1.798e+308     0.000    82    1    0           1    0     82      5     82      3    T0963TS354-D2.pdb:A  SCOP d1hlya_
   64           1          -0  1.798e+308     0.000    82    1    0           1    0     82      5     82      3    T0963TS354-D2.pdb:A  SCOP d1hlya_
   65           1          -0  1.798e+308     0.000    82    1    0           1    0     82      5     82      3    T0963TS354-D2.pdb:A  SCOP d1mtxa_
   66           1          -0  1.798e+308     0.000    82    1    0           1    0     82      5     82      3    T0963TS354-D2.pdb:A  SCOP d1mtxa_
   67           1          -0  1.798e+308     0.000    82    1    0           1    0     82      5     82      3    T0963TS354-D2.pdb:A  SCOP d1sxma_
   68           1          -0  1.798e+308     0.000    82    1    0           1    0     82      5     82      3    T0963TS354-D2.pdb:A  SCOP d1sxma_
   69           1          -0  1.798e+308     0.000    82    1    0           1    0     82      5     82      3    T0963TS354-D2.pdb:A  SCOP d1wt7a_
   70           1          -0  1.798e+308     0.000    82    1    0           1    0     82      5     82      3    T0963TS354-D2.pdb:A  SCOP d1wt7a_
   71           1          -0  1.798e+308     0.000    82    1    0           1    0     82      5     82      3    T0963TS354-D2.pdb:A  SCOP d2crda_
   72           1          -0  1.798e+308     0.000    82    1    0           1    0     82      5     82      3    T0963TS354-D2.pdb:A  SCOP d2crda_
   73           1          -0  1.798e+308     0.000    82    1    0           1    0     82      5     82      3    T0963TS354-D2.pdb:A  SCOP d2crda_
   74           1          -0  1.798e+308     0.000    82    1    0           1    0     82      5     82      3    T0963TS354-D2.pdb:A  SCOP d2crda_
   75           1          -0  1.798e+308     0.000    82    1    0           1    0     82      5     82      3    T0963TS354-D2.pdb:A  SCOP d1scya_
   76           1          -0  1.798e+308     0.000    82    1    0           1    0     82      5     82      3    T0963TS354-D2.pdb:A  SCOP d1scya_
   77           1          -0  1.798e+308     0.000    82    1    0           1    0     82      5     82      2    T0963TS354-D2.pdb:A  SCOP d1lmma_
   78           1          -0  1.798e+308     0.000    82    1    0           1    0     82      5     82      3    T0963TS354-D2.pdb:A  SCOP d1c6wa_
   79           1          -0  1.798e+308     0.000    82    1    0           1    0     82      5     82      3    T0963TS354-D2.pdb:A  SCOP d1c6wa_
   80           1          -0  1.798e+308     0.000    82    1    0           1    0     82      5     82      3    T0963TS354-D2.pdb:A  SCOP d1c6wa_
   81           1          -0  1.798e+308     0.000    82    1    0           1    0     82      5     82      3    T0963TS354-D2.pdb:A  SCOP d1c6wa_
   82           1          -0      0.9729     0.000    82    3    0           1    0     82      5     82      9    T0963TS354-D2.pdb:A  SCOP d1ufga_
   83           1          -0  1.798e+308     0.000    82    1    0           1    0     82      5     82      3    T0963TS354-D2.pdb:A  SCOP d1cixa_
   84           1          -0  1.798e+308     0.000    82    1    0           1    0     82      5     82      3    T0963TS354-D2.pdb:A  SCOP d1cixa_
   85           1          -0  1.798e+308     0.000    82    1    0           1    0     82      5     82      2    T0963TS354-D2.pdb:A  SCOP d1i26a_
   86           1          -0  1.798e+308     0.000    82    1    0           1    0     82      5     82      2    T0963TS354-D2.pdb:A  SCOP d1i26a_
   87           1          -0  1.798e+308     0.000    82    1    0           1    0     82      5     82      2    T0963TS354-D2.pdb:A  SCOP d1i26a_
   88           1          -0  1.798e+308     0.000    82    1    0           1    0     82      5     82      2    T0963TS354-D2.pdb:A  SCOP d1lmra_
   89           1          -0  1.798e+308     0.000    82    1    0           1    0     82      5     82      2    T0963TS354-D2.pdb:A  SCOP d1ju8a_
   90           1          -0  1.798e+308     0.000    82    1    0           1    0     82      5     82      4    T0963TS354-D2.pdb:A  SCOP d1p8ba_
   91           1          -0  1.798e+308     0.000    82    1    0           1    0     82      5     82      4    T0963TS354-D2.pdb:A  SCOP d1p8ba_
   92           1          -0  1.798e+308     0.000    82    1    0           1    0     82      5     82      3    T0963TS354-D2.pdb:A  SCOP d1xj1a_
   93           1          -0  1.798e+308     0.000    82    1    0           1    0     82      5     82      3    T0963TS354-D2.pdb:A  SCOP d1xj1a_
   94           1          -0  1.798e+308     0.000    82    1    0           1    0     82      5     82      3    T0963TS354-D2.pdb:A  SCOP d1xi7a_
   95           1          -0  1.798e+308     0.000    82    1    0           1    0     82      5     82      3    T0963TS354-D2.pdb:A  SCOP d1xi7a_
   96           1          -0  1.798e+308     0.000    82    1    0           1    0     82      5     82      2    T0963TS354-D2.pdb:A  SCOP d1niya_
   97           1          -0  1.798e+308     0.000    82    1    0           1    0     82      5     82      2    T0963TS354-D2.pdb:A  SCOP d1niya_
   98           1          -0  1.798e+308     0.000    82    1    0           1    0     82      5     82      2    T0963TS354-D2.pdb:A  SCOP d1qk7a_
   99           1          -0  1.798e+308     0.000    82    1    0           1    0     82      5     82      2    T0963TS354-D2.pdb:A  SCOP d1qk7a_
  100           1          -0  1.798e+308     0.000    82    1    0           1    0     82      5     82      2    T0963TS354-D2.pdb:A  SCOP d1qk7a_
  101           1   4.486e-06       3.439     0.000    82    2    0           1    0     82      5     82      9    T0963TS354-D2.pdb:A  SCOP d2mspa_
  102           1          -0  1.798e+308     0.000    82    1    0           1    0     82      5     82      2    T0963TS354-D2.pdb:A  SCOP d1la4a_
  103           1          -0  1.798e+308     0.000    82    1    0           1    0     82      5     82      2    T0963TS354-D2.pdb:A  SCOP d1la4a_
  104           1          -0  1.798e+308     0.000    82    1    0           1    0     82      5     82      2    T0963TS354-D2.pdb:A  SCOP d1la4a_
  105           1          -0  1.798e+308     0.000    82    1    0           1    0     82      5     82      2    T0963TS354-D2.pdb:A  SCOP d1d1ha_
  106           1          -0  1.798e+308     0.000    82    1    0           1    0     82      5     82      2    T0963TS354-D2.pdb:A  SCOP d1d1ha_
  107           1          -0  1.798e+308     0.000    82    1    0           1    0     82      5     82      2    T0963TS354-D2.pdb:A  SCOP d1d1ha_
  108           1          -0  1.798e+308     0.000    82    1    0           1    0     82      5     82      2    T0963TS354-D2.pdb:A  SCOP d1tyka_
  109           1          -0  1.798e+308     0.000    82    1    0           1    0     82      5     82      2    T0963TS354-D2.pdb:A  SCOP d1tyka_
  110           1          -0  1.798e+308     0.000    82    1    0           1    0     82      5     82      2    T0963TS354-D2.pdb:A  SCOP d1tyka_
  111           1          -0  1.798e+308     0.000    82    1    0           1    0     82      5     82      2    T0963TS354-D2.pdb:A  SCOP d1tyka_
  112           1          -0  1.798e+308     0.000    82    1    0           1    0     82      5     82      2    T0963TS354-D2.pdb:A  SCOP d1tyka_
  113           1          -0  1.798e+308     0.000    82    1    0           1    0     82      5     82      2    T0963TS354-D2.pdb:A  SCOP d1tyka_
  114           1          -0  1.798e+308     0.000    82    1    0           1    0     82      5     82      2    T0963TS354-D2.pdb:A  SCOP d1lu8a_
  115           1          -0  1.798e+308     0.000    82    1    0           1    0     82      5     82      4    T0963TS354-D2.pdb:A  SCOP d1djta_
  116           1          -0  1.798e+308     0.000    82    1    0           1    0     82      5     82      4    T0963TS354-D2.pdb:A  SCOP d1t7ea_
  117           1          -0  1.798e+308     0.000    82    1    0           1    0     82      5     82      4    T0963TS354-D2.pdb:A  SCOP d1t7ea_
  118           1          -0  1.798e+308     0.000    82    1    0           1    0     82      5     82      4    T0963TS354-D2.pdb:A  SCOP d1t7aa_
  119           1          -0  1.798e+308     0.000    82    1    0           1    0     82      5     82      4    T0963TS354-D2.pdb:A  SCOP d1t7aa_
  120           1          -0  1.798e+308     0.000    82    1    0           1    0     82      5     82      4    T0963TS354-D2.pdb:A  SCOP d1sn1a_
  121           1          -0  1.798e+308     0.000    82    1    0           1    0     82      5     82      4    T0963TS354-D2.pdb:A  SCOP d1sn1a_
  122           1          -0  1.798e+308     0.000    82    1    0           1    0     82      5     82      4    T0963TS354-D2.pdb:A  SCOP d1t7ba_
  123           1          -0  1.798e+308     0.000    82    1    0           1    0     82      5     82      4    T0963TS354-D2.pdb:A  SCOP d1t7ba_
  124           1          -0  1.798e+308     0.000    82    1    0           1    0     82      5     82      4    T0963TS354-D2.pdb:A  SCOP d1chza_
  125           1          -0  1.798e+308     0.000    82    1    0           1    0     82      5     82      4    T0963TS354-D2.pdb:A  SCOP d1chza_
  126           1          -0  1.798e+308     0.000    82    1    0           1    0     82      5     82      4    T0963TS354-D2.pdb:A  SCOP d1sn4a_
  127           1          -0  1.798e+308     0.000    82    1    0           1    0     82      5     82      4    T0963TS354-D2.pdb:A  SCOP d1sn4a_
  128           1          -0  1.798e+308     0.000    82    1    0           1    0     82      5     82      4    T0963TS354-D2.pdb:A  SCOP d1dq7a_
  129           1          -0  1.798e+308     0.000    82    1    0           1    0     82      5     82      4    T0963TS354-D2.pdb:A  SCOP d1dq7a_
  130           1          -0  1.798e+308     0.000    82    1    0           1    0     82      5     82      3    T0963TS354-D2.pdb:A  SCOP d1npia_
  131           1          -0  1.798e+308     0.000    82    1    0           1    0     82      5     82      3    T0963TS354-D2.pdb:A  SCOP d1b7da_
  132           1          -0  1.798e+308     0.000    82    1    0           1    0     82      5     82      4    T0963TS354-D2.pdb:A  SCOP d1i6ga_
  133           1          -0  1.798e+308     0.000    82    1    0           1    0     82      5     82      4    T0963TS354-D2.pdb:A  SCOP d1i6fa_
  134           1          -0  1.798e+308     0.000    82    1    0           1    0     82      5     82      4    T0963TS354-D2.pdb:A  SCOP d2b3ca_
  135           1          -0  1.798e+308     0.000    82    1    0           1    0     82      5     82      4    T0963TS354-D2.pdb:A  SCOP d1b3ca_
  136           1          -0  1.798e+308     0.000    82    1    0           1    0     82      5     82      4    T0963TS354-D2.pdb:A  SCOP d1vnba_
  137           1          -0  1.798e+308     0.000    82    1    0           1    0     82      5     82      4    T0963TS354-D2.pdb:A  SCOP d1vnaa_
  138           1          -0  1.798e+308     0.000    82    1    0           1    0     82      5     82      4    T0963TS354-D2.pdb:A  SCOP d1nraa_
  139           1          -0  1.798e+308     0.000    82    1    0           1    0     82      5     82      4    T0963TS354-D2.pdb:A  SCOP d1nrba_
  140           1          -0       4.146     0.000    82    2    0           1    0     82      5     82     10    T0963TS354-D2.pdb:A  SCOP d1do5a_
  141           1          -0       4.146     0.000    82    2    0           1    0     82      5     82     10    T0963TS354-D2.pdb:A  SCOP d1do5a_
  142           1          -0  1.798e+308     0.000    82    1    0           1    0     82      5     82      4    T0963TS354-D2.pdb:A  SCOP d1ahoa_
  143           1          -0  1.798e+308     0.000    82    1    0           1    0     82      5     82      4    T0963TS354-D2.pdb:A  SCOP d1ahoa_
  144           1          -0  1.798e+308     0.000    82    1    0           1    0     82      5     82      4    T0963TS354-D2.pdb:A  SCOP d1ptxa_
  145           1          -0  1.798e+308     0.000    82    1    0           1    0     82      5     82      4    T0963TS354-D2.pdb:A  SCOP d1ptxa_
  146           1          -0       1.364     0.000    82    4    0           1    0     82      5     82      9    T0963TS354-D2.pdb:A  SCOP d1to5a_
  147           1          -0  1.798e+308     0.000    82    1    0           1    0     82      5     82      4    T0963TS354-D2.pdb:A  SCOP d1sega_
  148           1          -0  1.798e+308     0.000    82    1    0           1    0     82      5     82      4    T0963TS354-D2.pdb:A  SCOP d1sega_
  149           1          -0  1.798e+308     0.000    82    1    0           1    0     82      5     82      4    T0963TS354-D2.pdb:A  SCOP d1snba_
  150           1          -0  1.798e+308     0.000    82    1    0           1    0     82      5     82      4    T0963TS354-D2.pdb:A  SCOP d1snba_
  151           1          -0  1.798e+308     0.000    82    1    0           1    0     82      5     82      4    T0963TS354-D2.pdb:A  SCOP d1djta_
  152           1          -0       3.073     0.000    82    2    0           1    0     82      5     82     10    T0963TS354-D2.pdb:A  SCOP d1sosa_
  153           1          -0       3.073     0.000    82    3    0           1    0     82      5     82     10    T0963TS354-D2.pdb:A  SCOP d1sosa_
  154           1          -0       2.829     0.000    82    2    0           1    0     82      5     82     10    T0963TS354-D2.pdb:A  SCOP d1uxma_
  155           1          -0       3.073     0.000    82    2    0           1    0     82      5     82     10    T0963TS354-D2.pdb:A  SCOP d1uxma_
  156           1          -0       3.073     0.000    82    3    0           1    0     82      5     82     10    T0963TS354-D2.pdb:A  SCOP d1uxma_
  157           1          -0       2.829     0.000    82    2    0           1    0     82      5     82     10    T0963TS354-D2.pdb:A  SCOP d1hl4a_
  158           1          -0       3.073     0.000    82    2    0           1    0     82      5     82     10    T0963TS354-D2.pdb:A  SCOP d1hl4a_
  159           1          -0       3.073     0.000    82    3    0           1    0     82      5     82     10    T0963TS354-D2.pdb:A  SCOP d1hl4a_
  160           1          -0  1.798e+308     0.000    82    1    0           1    0     82      5     82      5    T0963TS354-D2.pdb:A  SCOP d1lpga_
  161           1          -0  1.798e+308     0.000    82    1    0           1    0     82      5     82      5    T0963TS354-D2.pdb:A  SCOP d1lpga_
  162           1          -0  1.798e+308     0.000    82    1    0           1    0     82      5     82      5    T0963TS354-D2.pdb:A  SCOP d1lpga_
  163           1          -0       3.073     0.000    82    2    0           1    0     82      5     82     10    T0963TS354-D2.pdb:A  SCOP d1azva_
  164           1          -0       3.073     0.000    82    3    0           1    0     82      5     82     10    T0963TS354-D2.pdb:A  SCOP d1azva_
  165           1          -0  1.798e+308     0.000    82    1    0           1    0     82      5     82      5    T0963TS354-D2.pdb:A  SCOP d1lpga_
  166           1          -0  1.798e+308     0.000    82    1    0           1    0     82      5     82      5    T0963TS354-D2.pdb:A  SCOP d1lpga_
  167           1          -0  1.798e+308     0.000    82    1    0           1    0     82      5     82      5    T0963TS354-D2.pdb:A  SCOP d1lpka_
  168           1          -0  1.798e+308     0.000    82    1    0           1    0     82      5     82      5    T0963TS354-D2.pdb:A  SCOP d1lpka_
  169           1          -0  1.798e+308     0.000    82    1    0           1    0     82      5     82      5    T0963TS354-D2.pdb:A  SCOP d1lpka_
  170           1          -0  1.798e+308     0.000    82    1    0           1    0     82      5     82      5    T0963TS354-D2.pdb:A  SCOP d1lpka_
  171           1          -0  1.798e+308     0.000    82    1    0           1    0     82      5     82      3    T0963TS354-D2.pdb:A  SCOP d1cbha_
  172           1          -0  1.798e+308     0.000    82    1    0           1    0     82      5     82      2    T0963TS354-D2.pdb:A  SCOP d1azja_
  173           1          -0       3.073     0.000    82    2    0           1    0     82      5     82      9    T0963TS354-D2.pdb:A  SCOP d1l3na_
  174           1          -0  1.798e+308     0.000    82    1    0           1    0     82      5     82      2    T0963TS354-D2.pdb:A  SCOP d1azja_
  175           1          -0       2.829     0.000    82    3    0           1    0     82      5     82      9    T0963TS354-D2.pdb:A  SCOP d1l3na_
  176           1          -0  1.798e+308     0.000    82    1    0           1    0     82      5     82      2    T0963TS354-D2.pdb:A  SCOP d1azja_
  177           1          -0  1.798e+308     0.000    82    1    0           1    0     82      5     82      2    T0963TS354-D2.pdb:A  SCOP d1azja_
  178           1          -0  1.798e+308     0.000    82    1    0           1    0     82      5     82      2    T0963TS354-D2.pdb:A  SCOP d1az6a_
  179           1          -0  1.798e+308     0.000    82    1    0           1    0     82      5     82      1    T0963TS354-D2.pdb:A  SCOP d1azka_
  180           1          -0  1.798e+308     0.000    82    1    0           1    0     82      5     82      1    T0963TS354-D2.pdb:A  SCOP d1azka_
  181           1          -0  1.798e+308     0.000    82    1    0           1    0     82      5     82      1    T0963TS354-D2.pdb:A  SCOP d1azka_
  182           1          -0       3.073     0.000    82    3    0           1    0     82      5     82      9    T0963TS354-D2.pdb:A  SCOP d1l3na_
  183           1          -0  1.798e+308     0.000    82    1    0           1    0     82      5     82      3    T0963TS354-D2.pdb:A  SCOP d2cbha_
  184           1          -0  1.798e+308     0.000    82    1    0           1    0     82      5     82      3    T0963TS354-D2.pdb:A  SCOP d2cbha_
  185           1          -0  1.798e+308     0.000    82    1    0           1    0     82      5     82      3    T0963TS354-D2.pdb:A  SCOP d2cbha_
  186           1          -0       2.829     0.000    82    2    0           1    0     82      5     82     10    T0963TS354-D2.pdb:A  SCOP d1funa_
  187           1          -0       3.073     0.000    82    2    0           1    0     82      5     82     10    T0963TS354-D2.pdb:A  SCOP d1funa_
  188           1          -0       3.073     0.000    82    3    0           1    0     82      5     82     10    T0963TS354-D2.pdb:A  SCOP d1funa_
  189           1          -0       2.829     0.000    82    2    0           1    0     82      5     82     10    T0963TS354-D2.pdb:A  SCOP d1sosa_
  190           1          -0       2.829     0.000    82    2    0           1    0     82      5     82     10    T0963TS354-D2.pdb:A  SCOP d1pu0a_
  191           1          -0       3.073     0.000    82    2    0           1    0     82      5     82     10    T0963TS354-D2.pdb:A  SCOP d1pu0a_
  192           1          -0       3.073     0.000    82    3    0           1    0     82      5     82     10    T0963TS354-D2.pdb:A  SCOP d1pu0a_
  193           1          -0       3.073     0.000    82    2    0           1    0     82      5     82     10    T0963TS354-D2.pdb:A  SCOP d1ptza_
  194           1          -0       3.073     0.000    82    3    0           1    0     82      5     82     10    T0963TS354-D2.pdb:A  SCOP d1ptza_
  195           1          -0  1.798e+308     0.000    82    1    0           1    0     82      5     82      2    T0963TS354-D2.pdb:A  SCOP d1fsba_
  196           1          -0  1.798e+308     0.000    82    1    0           1    0     82      5     82      2    T0963TS354-D2.pdb:A  SCOP d1fsba_
  197           1          -0  1.798e+308     0.000    82    1    0           1    0     82      5     82      2    T0963TS354-D2.pdb:A  SCOP d1fsba_
  198           1          -0  1.798e+308     0.000    82    1    0           1    0     82      5     82      2    T0963TS354-D2.pdb:A  SCOP d1a3pa_
  199           1          -0  1.798e+308     0.000    82    1    0           1    0     82      5     82      2    T0963TS354-D2.pdb:A  SCOP d1epha_
  200           1          -0  1.798e+308     0.000    82    1    0           1    0     82      5     82      2    T0963TS354-D2.pdb:A  SCOP d1epha_
  201           1          -0  1.798e+308     0.000    82    1    0           1    0     82      5     82      2    T0963TS354-D2.pdb:A  SCOP d1epha_
  202           1          -0  1.798e+308     0.000    82    1    0           1    0     82      5     82      2    T0963TS354-D2.pdb:A  SCOP d1egfa_
  203           1          -0       3.073     0.000    82    2    0           1    0     82      5     82     10    T0963TS354-D2.pdb:A  SCOP d1uxla_
  204           1          -0       3.073     0.000    82    3    0           1    0     82      5     82     10    T0963TS354-D2.pdb:A  SCOP d1uxla_
  205           1          -0  1.798e+308     0.000    82    1    0           1    0     82      5     82      2    T0963TS354-D2.pdb:A  SCOP d3egfa_
  206           1          -0  1.798e+308     0.000    82    1    0           1    0     82      5     82      2    T0963TS354-D2.pdb:A  SCOP d1epga_
  207           1          -0  1.798e+308     0.000    82    1    0           1    0     82      5     82      2    T0963TS354-D2.pdb:A  SCOP d1epga_
  208           1          -0  1.798e+308     0.000    82    1    0           1    0     82      5     82      2    T0963TS354-D2.pdb:A  SCOP d1epga_
  209           1          -0  1.798e+308     0.000    82    1    0           1    0     82      5     82      5    T0963TS354-D2.pdb:A  SCOP d1lpka_
  210           1          -0  1.798e+308     0.000    82    1    0           1    0     82      5     82      5    T0963TS354-D2.pdb:A  SCOP d1lpza_
  211           1          -0  1.798e+308     0.000    82    1    0           1    0     82      5     82      5    T0963TS354-D2.pdb:A  SCOP d1lpza_
  212           1          -0  1.798e+308     0.000    82    1    0           1    0     82      5     82      5    T0963TS354-D2.pdb:A  SCOP d1lpza_
  213           1          -0       3.073     0.000    82    2    0           1    0     82      5     82     10    T0963TS354-D2.pdb:A  SCOP d1n19a_
  214           1          -0       3.073     0.000    82    3    0           1    0     82      5     82     10    T0963TS354-D2.pdb:A  SCOP d1n19a_
  215           1          -0  1.798e+308     0.000    82    1    0           1    0     82      5     82      5    T0963TS354-D2.pdb:A  SCOP d1lpza_
  216           1          -0  1.798e+308     0.000    82    1    0           1    0     82      5     82      5    T0963TS354-D2.pdb:A  SCOP d1lpza_
  217           1          -0  1.798e+308     0.000    82    1    0           1    0     82      5     82      5    T0963TS354-D2.pdb:A  SCOP d1lpza_
  218           1          -0  1.798e+308     0.000    82    1    0           1    0     82      5     82      5    T0963TS354-D2.pdb:A  SCOP d1lqda_
  219           1          -0  1.798e+308     0.000    82    1    0           1    0     82      5     82      5    T0963TS354-D2.pdb:A  SCOP d1lqda_
  220           1          -0  1.798e+308     0.000    82    1    0           1    0     82      5     82      5    T0963TS354-D2.pdb:A  SCOP d1lqda_
  221           1          -0  1.798e+308     0.000    82    1    0           1    0     82      5     82      5    T0963TS354-D2.pdb:A  SCOP d1lqda_
  222           1          -0       2.829     0.000    82    2    0           1    0     82      5     82     10    T0963TS354-D2.pdb:A  SCOP d1hl5a_
  223           1          -0  1.798e+308     0.000    82    1    0           1    0     82      5     82      5    T0963TS354-D2.pdb:A  SCOP d1lqda_
  224           1          -0       2.829     0.000    82    2    0           1    0     82      5     82     10    T0963TS354-D2.pdb:A  SCOP d1hl5a_
  225           1          -0       3.073     0.000    82    2    0           1    0     82      5     82     10    T0963TS354-D2.pdb:A  SCOP d1hl5a_
  226           1          -0       3.073     0.000    82    3    0           1    0     82      5     82     10    T0963TS354-D2.pdb:A  SCOP d1hl5a_
  227           1          -0  1.798e+308     0.000    82    1    0           1    0     82      5     82      3    T0963TS354-D2.pdb:A  SCOP d1qkya_
  228           1          -0  1.798e+308     0.000    82    1    0           1    0     82      5     82      4    T0963TS354-D2.pdb:A  SCOP d1px9a_
  229           1          -0  1.798e+308     0.000    82    1    0           1    0     82      5     82      4    T0963TS354-D2.pdb:A  SCOP d1px9a_
  230           1          -0  1.798e+308     0.000    82    1    0           1    0     82      5     82      4    T0963TS354-D2.pdb:A  SCOP d1px9a_
  231           1          -0  1.798e+308     0.000    82    1    0           1    0     82      5     82      4    T0963TS354-D2.pdb:A  SCOP d1ne5a_
  232           1          -0  1.798e+308     0.000    82    1    0           1    0     82      5     82      4    T0963TS354-D2.pdb:A  SCOP d1ne5a_
  233           1          -0  1.798e+308     0.000    82    1    0           1    0     82      5     82      4    T0963TS354-D2.pdb:A  SCOP d1ne5a_
  234           1          -0  1.798e+308     0.000    82    1    0           1    0     82      5     82      3    T0963TS354-D2.pdb:A  SCOP d1wm7a_
  235           1          -0  1.798e+308     0.000    82    1    0           1    0     82      5     82      3    T0963TS354-D2.pdb:A  SCOP d1wm7a_
  236           1          -0  1.798e+308     0.000    82    1    0           1    0     82      5     82      3    T0963TS354-D2.pdb:A  SCOP d1wm7a_
  237           1          -0  1.798e+308     0.000    82    1    0           1    0     82      5     82      3    T0963TS354-D2.pdb:A  SCOP d1wm7a_
  238           1          -0  1.798e+308     0.000    82    1    0           1    0     82      5     82      3    T0963TS354-D2.pdb:A  SCOP d1wmta_
  239           1          -0  1.798e+308     0.000    82    1    0           1    0     82      5     82      3    T0963TS354-D2.pdb:A  SCOP d1wmta_
  240           1          -0  1.798e+308     0.000    82    1    0           1    0     82      5     82      3    T0963TS354-D2.pdb:A  SCOP d1wmta_
  241           1          -0  1.798e+308     0.000    82    1    0           1    0     82      5     82      3    T0963TS354-D2.pdb:A  SCOP d1wmta_
  242           1          -0  1.798e+308     0.000    82    1    0           1    0     82      5     82      3    T0963TS354-D2.pdb:A  SCOP d1fjna_
  243           1          -0  1.798e+308     0.000    82    1    0           1    0     82      5     82      3    T0963TS354-D2.pdb:A  SCOP d1fjna_
  244           1          -0  1.798e+308     0.000    82    1    0           1    0     82      5     82      4    T0963TS354-D2.pdb:A  SCOP d1i2ua_
  245           1          -0       3.073     0.000    82    3    0           1    0     82      5     82      8    T0963TS354-D2.pdb:A  SCOP d1srda_
  246           1          -0  1.798e+308     0.000    82    1    0           1    0     82      5     82      3    T0963TS354-D2.pdb:A  SCOP d1acwa_
  247           1          -0  1.798e+308     0.000    82    1    0           1    0     82      5     82      4    T0963TS354-D2.pdb:A  SCOP d1scoa_
  248           1          -0  1.798e+308     0.000    82    1    0           1    0     82      5     82      4    T0963TS354-D2.pdb:A  SCOP d1scoa_
  249           1          -0  1.798e+308     0.000    82    1    0           1    0     82      5     82      4    T0963TS354-D2.pdb:A  SCOP d1scoa_
  250           1          -0  1.798e+308     0.000    82    1    0           1    0     82      5     82      3    T0963TS354-D2.pdb:A  SCOP d2ktxa_
  251           1          -0  1.798e+308     0.000    82    1    0           1    0     82      5     82      3    T0963TS354-D2.pdb:A  SCOP d2ktxa_
  252           1          -0  1.798e+308     0.000    82    1    0           1    0     82      5     82      3    T0963TS354-D2.pdb:A  SCOP d2ktxa_
  253           1          -0  1.798e+308     0.000    82    1    0           1    0     82      5     82      3    T0963TS354-D2.pdb:A  SCOP d2ktxa_
  254           1          -0  1.798e+308     0.000    82    1    0           1    0     82      5     82      3    T0963TS354-D2.pdb:A  SCOP d1lira_
  255           1          -0  1.798e+308     0.000    82    1    0           1    0     82      5     82      3    T0963TS354-D2.pdb:A  SCOP d1lira_
  256           1          -0  1.798e+308     0.000    82    1    0           1    0     82      5     82      3    T0963TS354-D2.pdb:A  SCOP d2ptaa_
  257           1          -0  1.798e+308     0.000    82    1    0           1    0     82      5     82      3    T0963TS354-D2.pdb:A  SCOP d2ptaa_
  258           1          -0  1.798e+308     0.000    82    1    0           1    0     82      5     82      3    T0963TS354-D2.pdb:A  SCOP d1c49a_
  259           1          -0  1.798e+308     0.000    82    1    0           1    0     82      5     82      3    T0963TS354-D2.pdb:A  SCOP d1c49a_
  260           1          -0  1.798e+308     0.000    82    1    0           1    0     82      5     82      3    T0963TS354-D2.pdb:A  SCOP d1n8ma_
  261           1          -0  1.798e+308     0.000    82    1    0           1    0     82      5     82      3    T0963TS354-D2.pdb:A  SCOP d1n8ma_
  262           1          -0  1.798e+308     0.000    82    1    0           1    0     82      5     82      3    T0963TS354-D2.pdb:A  SCOP d1pjva_
  263           1          -0  1.798e+308     0.000    82    1    0           1    0     82      5     82      3    T0963TS354-D2.pdb:A  SCOP d1pjva_
  264           1          -0  1.798e+308     0.000    82    1    0           1    0     82      5     82      3    T0963TS354-D2.pdb:A  SCOP d1qkya_
  265           1          -0  1.798e+308     0.000    82    1    0           1    0     82      5     82      4    T0963TS354-D2.pdb:A  SCOP d1bk8a_
  266           1          -0       2.829     0.000    82    2    0           1    0     82      5     82     10    T0963TS354-D2.pdb:A  SCOP d1n18a_
  267           1          -0       3.073     0.000    82    2    0           1    0     82      5     82     10    T0963TS354-D2.pdb:A  SCOP d1n18a_
  268           1          -0       3.073     0.000    82    3    0           1    0     82      5     82     10    T0963TS354-D2.pdb:A  SCOP d1n18a_
  269           1          -0  1.798e+308     0.000    82    1    0           1    0     82      5     82      4    T0963TS354-D2.pdb:A  SCOP d1bk8a_
  270           1          -0  1.798e+308     0.000    82    1    0           1    0     82      5     82      4    T0963TS354-D2.pdb:A  SCOP d1jkza_
  271           1          -0  1.798e+308     0.000    82    1    0           1    0     82      5     82      4    T0963TS354-D2.pdb:A  SCOP d1brza_
  272           1          -0  1.798e+308     0.000    82    1    0           1    0     82      5     82      4    T0963TS354-D2.pdb:A  SCOP d1brza_
  273           1          -0  1.798e+308     0.000    82    1    0           1    0     82      5     82      4    T0963TS354-D2.pdb:A  SCOP d2brza_
  274           1          -0  1.798e+308     0.000    82    1    0           1    0     82      5     82      4    T0963TS354-D2.pdb:A  SCOP d2brza_
  275           1     0.01726       2.947     0.000    82    1    0           1    0     82      5     82      3    T0963TS354-D2.pdb:A  SCOP d1jxca_
  276           1          -0       2.829     0.000    82    2    0           1    0     82      5     82     10    T0963TS354-D2.pdb:A  SCOP d1mfma_
  277           1          -0       3.073     0.000    82    2    0           1    0     82      5     82     10    T0963TS354-D2.pdb:A  SCOP d1mfma_
  278           1          -0       3.073     0.000    82    3    0           1    0     82      5     82     10    T0963TS354-D2.pdb:A  SCOP d1mfma_
  279           1          -0  1.798e+308     0.000    82    1    0           1    0     82      5     82      3    T0963TS354-D2.pdb:A  SCOP d1cbha_
  280           1          -0  1.798e+308     0.000    82    1    0           1    0     82      5     82      5    T0963TS354-D2.pdb:A  SCOP d1rk7a_
  281           1          -0  1.798e+308     0.000    82    1    0           1    0     82      5     82      3    T0963TS354-D2.pdb:A  SCOP d1cbha_
  282           1          -0  1.798e+308     0.000    82    1    0           1    0     82      5     82      5    T0963TS354-D2.pdb:A  SCOP d1rk7a_
  283           1          -0  1.798e+308     0.000    82    1    0           1    0     82      5     82      5    T0963TS354-D2.pdb:A  SCOP d1rk7a_
  284           1          -0  1.798e+308     0.000    82    1    0           1    0     82      5     82      3    T0963TS354-D2.pdb:A  SCOP d1i2va_
  285           1          -0  1.798e+308     0.000    82    1    0           1    0     82      5     82      3    T0963TS354-D2.pdb:A  SCOP d1p0aa_
  286           1          -0  1.798e+308     0.000    82    1    0           1    0     82      5     82      4    T0963TS354-D2.pdb:A  SCOP d1ozza_
  287           1          -0  1.798e+308     0.000    82    1    0           1    0     82      5     82      4    T0963TS354-D2.pdb:A  SCOP d1p00a_
  288           1          -0       3.073     0.000    82    2    0           1    0     82      5     82      8    T0963TS354-D2.pdb:A  SCOP d1kmga_
  289           1          -0  1.798e+308     0.000    82    1    0           1    0     82      5     82      3    T0963TS354-D2.pdb:A  SCOP d1myna_
  290           1          -0       3.073     0.000    82    3    0           1    0     82      5     82      8    T0963TS354-D2.pdb:A  SCOP d1kmga_
  291           1          -0  1.798e+308     0.000    82    1    0           1    0     82      5     82      3    T0963TS354-D2.pdb:A  SCOP d1l4va_
  292           1          -0  1.798e+308     0.000    82    1    0           1    0     82      5     82      3    T0963TS354-D2.pdb:A  SCOP d1l4va_
  293           1          -0  1.798e+308     0.000    82    1    0           1    0     82      5     82      3    T0963TS354-D2.pdb:A  SCOP d1mm0a_
  294           1          -0  1.798e+308     0.000    82    1    0           1    0     82      5     82      3    T0963TS354-D2.pdb:A  SCOP d1mm0a_
  295           1          -0  1.798e+308     0.000    82    1    0           1    0     82      5     82      4    T0963TS354-D2.pdb:A  SCOP d1gpta_
  296           1          -0  1.798e+308     0.000    82    1    0           1    0     82      5     82      4    T0963TS354-D2.pdb:A  SCOP d1gpsa_
  297           1          -0  1.798e+308     0.000    82    1    0           1    0     82      5     82      4    T0963TS354-D2.pdb:A  SCOP d1mr4a_
  298           1          -0  1.798e+308     0.000    82    1    0           1    0     82      5     82      4    T0963TS354-D2.pdb:A  SCOP d1n4na_
  299           1          -0  1.798e+308     0.000    82    1    0           1    0     82      5     82      4    T0963TS354-D2.pdb:A  SCOP d1ayja_
  300           1          -0  1.798e+308     0.000    82    1    0           1    0     82      5     82      4    T0963TS354-D2.pdb:A  SCOP d1bk8a_
  301           1          -0  1.798e+308     0.000    82    1    0           1    0     82      5     82      4    T0963TS354-D2.pdb:A  SCOP d1bk8a_
  302           1          -0       2.396     0.000    82    2    0           1    0     82      5     82      8    T0963TS354-D2.pdb:A  SCOP d1nlqa_
  303           1          -0       4.146     0.000    82    2    0           1    0     82      5     82      8    T0963TS354-D2.pdb:A  SCOP d1nlqa_
  304           1          -0       1.089     0.000    82    2    0           1    0     82      5     82     10    T0963TS354-D2.pdb:A  SCOP d1bv1a_
  305           1          -0       1.089     0.000    82    2    0           1    0     82      5     82     10    T0963TS354-D2.pdb:A  SCOP d1qmra_
  306           1          -0  1.798e+308     0.000    82    1    0           1    0     82      5     82      2    T0963TS354-D2.pdb:A  SCOP d1bmwa_
  307           1          -0  1.798e+308     0.000    82    1    0           1    0     82      5     82      2    T0963TS354-D2.pdb:A  SCOP d1bmwa_
  308           1          -0  1.798e+308     0.000    82    1    0           1    0     82      5     82      2    T0963TS354-D2.pdb:A  SCOP d1bmwa_
  309           1          -0  1.798e+308     0.000    82    1    0           1    0     82      5     82      2    T0963TS354-D2.pdb:A  SCOP d1bmwa_
  310           1          -0       2.623     0.000    82    2    0           1    0     82      5     82     10    T0963TS354-D2.pdb:A  SCOP d1e09a_
  311           1          -0       1.001     0.000    82    2    0           1    0     82      5     82     10    T0963TS354-D2.pdb:A  SCOP d1e09a_
  312           1          -0       3.226     0.000    82    2    0           1    0     82      5     82      8    T0963TS354-D2.pdb:A  SCOP d1wfma_
  313           1      0.4785        4.36     0.000    82    3    0           1    0     82      5     82      9    T0963TS354-D2.pdb:A  SCOP d1wfja_
  314           1          -0       3.398     0.000    82    2    0           1    0     82      5     82      8    T0963TS354-D2.pdb:A  SCOP d1ugka_
  315           1          -0       3.628     0.000    82    3    0           1    0     82      5     82      8    T0963TS354-D2.pdb:A  SCOP d1ugka_
  316           1          -0       2.947     0.000    82    2    0           1    0     82      5     82      9    T0963TS354-D2.pdb:A  SCOP d1bcia_
  317           1          -0       3.855     0.000    82    2    0           1    0     82      5     82      8    T0963TS354-D2.pdb:A  SCOP d1rlwa_
  318           1          -0       3.855     0.000    82    2    0           1    0     82      5     82      8    T0963TS354-D2.pdb:A  SCOP d1rlwa_
  319           1   1.156e-06       3.958     0.000    82    3    0           1    0     82      5     82      8    T0963TS354-D2.pdb:A  SCOP d1rlwa_
  320           1          -0       3.073     0.000    82    2    0           1    0     82      5     82     10    T0963TS354-D2.pdb:A  SCOP d1shwa_
  321           1          -0       2.623     0.000    82    2    0           1    0     82      5     82      8    T0963TS354-D2.pdb:A  SCOP d1slua_
  322           1   1.784e-12       3.709     0.000    82    2    0           1    0     82      5     82      8    T0963TS354-D2.pdb:A  SCOP d1ejfa_
  323           1          -0       4.109     0.000    82    2    0           1    0     82      5     82      8    T0963TS354-D2.pdb:A  SCOP d1ejfa_
  324           1          -0       1.741     0.000    82    2    0           1    0     82      5     82     10    T0963TS354-D2.pdb:A  SCOP d1shsa_
  325           1          -0  1.798e+308     0.000    82    1    0           1    0     82      5     82      5    T0963TS354-D2.pdb:A  SCOP d1f53a_
  326           1          -0       2.947     0.000    82    1    0           1    0     82      5     82      5    T0963TS354-D2.pdb:A  SCOP d1f53a_
  327           1          -0       2.623     0.000    82    2    0           1    0     82      5     82      6    T0963TS354-D2.pdb:A  SCOP d1wkta_
  328           1          -0        4.08     0.000    82    2    0           1    0     82      5     82      9    T0963TS354-D2.pdb:A  SCOP d1ag4a_
  329           1          -0       2.894     0.000    82    2    0           1    0     82      5     82      8    T0963TS354-D2.pdb:A  SCOP d1ha4a_
  330           1          -0       3.177     0.000    82    2    0           1    0     82      5     82      9    T0963TS354-D2.pdb:A  SCOP d1a7ha_
  331           1          -0       3.177     0.000    82    2    0           1    0     82      5     82      9    T0963TS354-D2.pdb:A  SCOP d1a7ha_
  332           1          -0       3.177     0.000    82    2    0           1    0     82      5     82      9    T0963TS354-D2.pdb:A  SCOP d1dsla_
  333           1          -0       3.177     0.000    82    3    0           1    0     82      5     82      9    T0963TS354-D2.pdb:A  SCOP d1dsla_
  334           1     0.04301       5.516     0.000    82    2    0           1    0     82      5     82      9    T0963TS354-D2.pdb:A  SCOP d1stma_
  335           1          -0       1.988     0.000    82    2    0           1    0     82      5     82      8    T0963TS354-D2.pdb:A  SCOP d1xb9a_
  336           1          -0       3.177     0.000    82    2    0           1    0     82      5     82      8    T0963TS354-D2.pdb:A  SCOP d1nlqa_
  337           1          -0       3.177     0.000    82    2    0           1    0     82      5     82      8    T0963TS354-D2.pdb:A  SCOP d1nlqa_
  338           1          -0       3.177     0.000    82    2    0           1    0     82      5     82      8    T0963TS354-D2.pdb:A  SCOP d1nlqa_
  339           1          -0       3.298     0.000    82    2    0           1    0     82      5     82      8    T0963TS354-D2.pdb:A  SCOP d1nlqa_
  340           1          -0       3.535     0.000    82    2    0           1    0     82      5     82     10    T0963TS354-D2.pdb:A  SCOP d2cbpa_
  341           1          -0      0.9729     0.000    82    2    0           1    0     82      5     82      8    T0963TS354-D2.pdb:A  SCOP d1b3ia_
  342           1          -0  1.798e+308     0.000    82    1    0           1    0     82      5     82      5    T0963TS354-D2.pdb:A  SCOP d1m9wa_
  343           1          -0  1.798e+308     0.000    82    1    0           1    0     82      5     82      5    T0963TS354-D2.pdb:A  SCOP d1m9wa_
  344           1          -0  1.798e+308     0.000    82    1    0           1    0     82      5     82      5    T0963TS354-D2.pdb:A  SCOP d1fa4a_
  345           1          -0       2.382     0.000    82    2    0           1    0     82      5     82      5    T0963TS354-D2.pdb:A  SCOP d1fa4a_
  346           1          -0       2.382     0.000    82    2    0           1    0     82      5     82      5    T0963TS354-D2.pdb:A  SCOP d1fa4a_
  347           1          -0  1.798e+308     0.000    82    1    0           1    0     82      5     82      5    T0963TS354-D2.pdb:A  SCOP d1fa4a_
  348           1   1.048e-08       5.713     0.000    82    2    0           1    0     82      5     82      8    T0963TS354-D2.pdb:A  SCOP d1nina_
  349           1   1.048e-08       5.713     0.000    82    2    0           1    0     82      5     82      8    T0963TS354-D2.pdb:A  SCOP d1nina_
  350           1          -0       0.746     0.000    82    2    0           1    0     82      5     82      9    T0963TS354-D2.pdb:A  SCOP d1plba_
  351           1   6.313e-06       3.022     0.000    82    2    0           1    0     82      5     82      6    T0963TS354-D2.pdb:A  SCOP d1defa_
  352           1          -0  1.798e+308     0.000    82    1    0           1    0     82      5     82      5    T0963TS354-D2.pdb:A  SCOP d1mdaa_
  353           1          -0  1.798e+308     0.000    82    1    0           1    0     82      5     82      5    T0963TS354-D2.pdb:A  SCOP d1mdaa_
  354           1          -0  1.798e+308     0.000    82    1    0           1    0     82      5     82      5    T0963TS354-D2.pdb:A  SCOP d1mdaa_
  355           1          -0       2.777     0.000    82    2    0           1    0     82      5     82      6    T0963TS354-D2.pdb:A  SCOP d1sfha_
  356           1          -0       2.777     0.000    82    2    0           1    0     82      5     82      6    T0963TS354-D2.pdb:A  SCOP d1sfda_
  357           1          -0  1.798e+308     0.000    82    1    0           1    0     82      5     82      5    T0963TS354-D2.pdb:A  SCOP d1bv4a_
  358           1          -0  1.798e+308     0.000    82    1    0           1    0     82      5     82      5    T0963TS354-D2.pdb:A  SCOP d1bv4a_
  359           1          -0       3.073     0.000    82    2    0           1    0     82      5     82     10    T0963TS354-D2.pdb:A  SCOP d1shwa_
  360           1       4.193       6.023     0.000    82    3    0           1    0     82      5     82     12    T0963TS354-D2.pdb:A  SCOP d1xuva_
  361           1       1.929       5.353     0.000    82    3    0           1    0     82      5     82     12    T0963TS354-D2.pdb:A  SCOP d1xuva_
  362           1          -0      0.9334     0.000    82    2    0           1    0     82      5     82      9    T0963TS354-D2.pdb:A  SCOP d1t17a_
  363           1   7.699e-05       4.878     0.000    82    3    0           1    0     82      5     82     11    T0963TS354-D2.pdb:A  SCOP d1ws7a_
  364           1   7.699e-05       4.878     0.000    82    3    0           1    0     82      5     82     11    T0963TS354-D2.pdb:A  SCOP d1ws7a_
  365           1   7.699e-05       4.878     0.000    82    3    0           1    0     82      5     82     10    T0963TS354-D2.pdb:A  SCOP d1ws8a_
  366           1   7.699e-05       4.878     0.000    82    3    0           1    0     82      5     82     10    T0963TS354-D2.pdb:A  SCOP d1ws8a_
  367           1          -0       1.121     0.000    82    3    0           1    0     82      5     82     10    T0963TS354-D2.pdb:A  SCOP d1jera_
  368           1          -0       2.358     0.000    82    3    0           1    0     82      5     82     10    T0963TS354-D2.pdb:A  SCOP d1jera_
  369           1          -0       2.358     0.000    82    3    0           1    0     82      5     82     10    T0963TS354-D2.pdb:A  SCOP d1jera_
  370           1          -0       5.713     0.000    82    3    0           1    0     82      5     82     12    T0963TS354-D2.pdb:A  SCOP d1a8za_
  371           1          -0       5.713     0.000    82    3    0           1    0     82      5     82     13    T0963TS354-D2.pdb:A  SCOP d1a3za_
  372           1          -0       5.713     0.000    82    3    0           1    0     82      5     82     13    T0963TS354-D2.pdb:A  SCOP d1rcya_
  373           1          -0       4.581     0.000    82    3    0           1    0     82      5     82     14    T0963TS354-D2.pdb:A  SCOP d1gy2a_
  374           1          -0       5.713     0.000    82    3    0           1    0     82      5     82     14    T0963TS354-D2.pdb:A  SCOP d1gy1a_
  375           1          -0       5.713     0.000    82    3    0           1    0     82      5     82     13    T0963TS354-D2.pdb:A  SCOP d1e30a_
  376           1   9.579e-13       3.427     0.000    82    2    0           1    0     82      5     82      9    T0963TS354-D2.pdb:A  SCOP d1g11a_
  377           1      0.2262       4.117     0.000    82    3    0           1    0     82      5     82      9    T0963TS354-D2.pdb:A  SCOP d1uy1a_
  378           1          -0       3.247     0.000    82    2    0           1    0     82      5     82      9    T0963TS354-D2.pdb:A  SCOP d1uy1a_
  379           1          -0       3.398     0.000    82    2    0           1    0     82      5     82      9    T0963TS354-D2.pdb:A  SCOP d1uy2a_
  380           1          -0       3.398     0.000    82    2    0           1    0     82      5     82      9    T0963TS354-D2.pdb:A  SCOP d1uy2a_
  381           1          -0       3.729     0.000    82    2    0           1    0     82      5     82      9    T0963TS354-D2.pdb:A  SCOP d1uy2a_
  382           1   5.203e-14       4.395     0.000    82    2    0           1    0     82      5     82      9    T0963TS354-D2.pdb:A  SCOP d1uy2a_
  383           1      0.2262       4.117     0.000    82    3    0           1    0     82      5     82      9    T0963TS354-D2.pdb:A  SCOP d1uy2a_
  384           1          -0       3.247     0.000    82    2    0           1    0     82      5     82      9    T0963TS354-D2.pdb:A  SCOP d1uy2a_
  385           1          -0       3.398     0.000    82    2    0           1    0     82      5     82      9    T0963TS354-D2.pdb:A  SCOP d1uy4a_
  386           1          -0       3.398     0.000    82    2    0           1    0     82      5     82      9    T0963TS354-D2.pdb:A  SCOP d1uy4a_
  387           1          -0       3.729     0.000    82    2    0           1    0     82      5     82      9    T0963TS354-D2.pdb:A  SCOP d1uy4a_
  388           1   5.203e-14       4.395     0.000    82    2    0           1    0     82      5     82      9    T0963TS354-D2.pdb:A  SCOP d1uy4a_
  389           1      0.2262       4.117     0.000    82    3    0           1    0     82      5     82      9    T0963TS354-D2.pdb:A  SCOP d1uy4a_
  390           1          -0       3.247     0.000    82    2    0           1    0     82      5     82      9    T0963TS354-D2.pdb:A  SCOP d1uy4a_
  391           1          -0       1.766     0.000    82    2    0           1    0     82      5     82     10    T0963TS354-D2.pdb:A  SCOP d1o8sa_
  392           1          -0       4.037     0.000    82    2    0           1    0     82      5     82     10    T0963TS354-D2.pdb:A  SCOP d1od3a_
  393           1          -0       2.078     0.000    82    2    0           1    0     82      5     82     10    T0963TS354-D2.pdb:A  SCOP d1guia_
  394           1    0.000248       4.396     0.000    82    3    0           1    0     82      5     82     12    T0963TS354-D2.pdb:A  SCOP d1k45a_
  395           1          -0       3.099     0.000    82    3    0           1    0     82      5     82     12    T0963TS354-D2.pdb:A  SCOP d1k45a_
  396           1     0.02185       3.742     0.000    82    2    0           1    0     82      5     82     10    T0963TS354-D2.pdb:A  SCOP d1w9wa_
  397           1   5.061e-10       3.644     0.000    82    2    0           1    0     82      5     82     10    T0963TS354-D2.pdb:A  SCOP d1w9wa_
  398           1   6.914e-14        3.42     0.000    82    2    0           1    0     82      5     82     10    T0963TS354-D2.pdb:A  SCOP d1w9ta_
  399           1      0.0305       3.797     0.000    82    2    0           1    0     82      5     82     10    T0963TS354-D2.pdb:A  SCOP d1w9ta_
  400           1   6.914e-14        3.42     0.000    82    2    0           1    0     82      5     82     10    T0963TS354-D2.pdb:A  SCOP d1w9sa_
  401           1      0.0305       3.797     0.000    82    2    0           1    0     82      5     82     10    T0963TS354-D2.pdb:A  SCOP d1w9sa_
  402           1          -0       1.853     0.000    82    2    0           1    0     82      5     82     10    T0963TS354-D2.pdb:A  SCOP d1o8pa_
  403           1          -0       1.853     0.000    82    2    0           1    0     82      5     82     10    T0963TS354-D2.pdb:A  SCOP d1o8pa_
  404           1          -0       1.766     0.000    82    2    0           1    0     82      5     82     10    T0963TS354-D2.pdb:A  SCOP d1o8pa_
  405           1          -0       4.146     0.000    82    2    0           1    0     82      5     82     10    T0963TS354-D2.pdb:A  SCOP d1naea_
  406           1          -0       3.398     0.000    82    2    0           1    0     82      5     82      9    T0963TS354-D2.pdb:A  SCOP d1uy3a_
  407           1          -0       3.398     0.000    82    2    0           1    0     82      5     82      9    T0963TS354-D2.pdb:A  SCOP d1uy3a_
  408           1          -0       3.729     0.000    82    2    0           1    0     82      5     82      9    T0963TS354-D2.pdb:A  SCOP d1uy3a_
  409           1   5.203e-14       4.395     0.000    82    2    0           1    0     82      5     82      9    T0963TS354-D2.pdb:A  SCOP d1uy3a_
  410           1      0.2262       4.117     0.000    82    3    0           1    0     82      5     82      9    T0963TS354-D2.pdb:A  SCOP d1uy3a_
  411           1          -0       3.247     0.000    82    2    0           1    0     82      5     82      9    T0963TS354-D2.pdb:A  SCOP d1uy3a_
  412           1          -0       3.398     0.000    82    2    0           1    0     82      5     82      9    T0963TS354-D2.pdb:A  SCOP d1uy1a_
  413           1          -0       3.729     0.000    82    2    0           1    0     82      5     82      9    T0963TS354-D2.pdb:A  SCOP d1uy1a_
  414           1   5.203e-14       4.395     0.000    82    2    0           1    0     82      5     82      9    T0963TS354-D2.pdb:A  SCOP d1uy1a_
  415           1          -0  1.798e+308     0.000    82    1    0           1    0     82      5     82      3    T0963TS354-D2.pdb:A  SCOP d1czta_
  416           1     0.02559       1.102     0.000    82    1    0           1    0     82      5     82      3    T0963TS354-D2.pdb:A  SCOP d1czsa_
  417           1     0.02559       1.102     0.000    82    1    0           1    0     82      5     82      3    T0963TS354-D2.pdb:A  SCOP d1czsa_
  418           1     0.02559       1.102     0.000    82    1    0           1    0     82      5     82      3    T0963TS354-D2.pdb:A  SCOP d1czsa_
  419           1          -0  1.798e+308     0.000    82    1    0           1    0     82      5     82      3    T0963TS354-D2.pdb:A  SCOP d1czsa_
  420           1          -0  1.798e+308     0.000    82    1    0           1    0     82      5     82      5    T0963TS354-D2.pdb:A  SCOP d1i87a_
  421           1          -0  1.798e+308     0.000    82    1    0           1    0     82      5     82      5    T0963TS354-D2.pdb:A  SCOP d1i87a_
  422           1          -0  1.798e+308     0.000    82    1    0           1    0     82      5     82      5    T0963TS354-D2.pdb:A  SCOP d1i87a_
  423           1          -0  1.798e+308     0.000    82    1    0           1    0     82      5     82      4    T0963TS354-D2.pdb:A  SCOP d1ieta_
  424           1          -0  1.798e+308     0.000    82    1    0           1    0     82      5     82      4    T0963TS354-D2.pdb:A  SCOP d1ieta_
  425           1          -0  1.798e+308     0.000    82    1    0           1    0     82      5     82      4    T0963TS354-D2.pdb:A  SCOP d1ieta_
  426           1          -0  1.798e+308     0.000    82    1    0           1    0     82      5     82      4    T0963TS354-D2.pdb:A  SCOP d1ieta_
  427           1          -0       3.657     0.000    82    3    0           1    0     82      5     82     10    T0963TS354-D2.pdb:A  SCOP d1ecza_
  428           1          -0       2.623     0.000    82    2    0           1    0     82      5     82      9    T0963TS354-D2.pdb:A  SCOP d1ezua_
  429           1          -0       2.623     0.000    82    2    0           1    0     82      5     82      9    T0963TS354-D2.pdb:A  SCOP d1ifga_
  430           1          -0       2.623     0.000    82    2    0           1    0     82      5     82      8    T0963TS354-D2.pdb:A  SCOP d1ezsa_
  431           1          -0       2.623     0.000    82    2    0           1    0     82      5     82      8    T0963TS354-D2.pdb:A  SCOP d1slva_
  432           1          -0       2.623     0.000    82    2    0           1    0     82      5     82      8    T0963TS354-D2.pdb:A  SCOP d1slxa_
  433           1          -0       2.623     0.000    82    2    0           1    0     82      5     82      8    T0963TS354-D2.pdb:A  SCOP d1slwa_
  434           1     0.02022       4.854     0.000    82    3    0           1    0     82      5     82     12    T0963TS354-D2.pdb:A  SCOP d1k45a_
  435           1          -0       3.356     0.000    82    2    0           1    0     82      5     82      9    T0963TS354-D2.pdb:A  SCOP d1cx1a_
  436           1          -0       2.516     0.000    82    2    0           1    0     82      5     82      8    T0963TS354-D2.pdb:A  SCOP d1uloa_
  437           1          -0       1.778     0.000    82    2    0           1    0     82      5     82      9    T0963TS354-D2.pdb:A  SCOP d1gu3a_
  438           1          -0       3.092     0.000    82    2    0           1    0     82      5     82      9    T0963TS354-D2.pdb:A  SCOP d1gu3a_
  439           1          -0       1.581     0.000    82    2    0           1    0     82      5     82      9    T0963TS354-D2.pdb:A  SCOP d1gu3a_
  440           1          -0       3.177     0.000    82    2    0           1    0     82      5     82      9    T0963TS354-D2.pdb:A  SCOP d1gu3a_
  441           1          -0  1.798e+308     0.000    82    1    0           1    0     82      5     82      5    T0963TS354-D2.pdb:A  SCOP d1jexa_
  442           1          -0  1.798e+308     0.000    82    1    0           1    0     82      5     82      5    T0963TS354-D2.pdb:A  SCOP d1jexa_
  443           1          -0  1.798e+308     0.000    82    1    0           1    0     82      5     82      4    T0963TS354-D2.pdb:A  SCOP d1xpwa_
  444           1          -0  1.798e+308     0.000    82    1    0           1    0     82      5     82      4    T0963TS354-D2.pdb:A  SCOP d1xpwa_
  445           1    0.001424      0.5803     0.000    82    1    0           1    0     82      5     82      3    T0963TS354-D2.pdb:A  SCOP d1czva_
  446           1    0.001424      0.5803     0.000    82    1    0           1    0     82      5     82      3    T0963TS354-D2.pdb:A  SCOP d1czva_
  447           1          -0  1.798e+308     0.000    82    1    0           1    0     82      5     82      3    T0963TS354-D2.pdb:A  SCOP d1czva_
  448           1    0.001424      0.5803     0.000    82    1    0           1    0     82      5     82      3    T0963TS354-D2.pdb:A  SCOP d1czva_
  449           1     0.02559       1.102     0.000    82    1    0           1    0     82      5     82      3    T0963TS354-D2.pdb:A  SCOP d1czta_
  450           1     0.02559       1.102     0.000    82    1    0           1    0     82      5     82      3    T0963TS354-D2.pdb:A  SCOP d1czta_
  451           1     0.02559       1.102     0.000    82    1    0           1    0     82      5     82      3    T0963TS354-D2.pdb:A  SCOP d1czta_
  452           1          -0  1.798e+308     0.000    82    1    0           1    0     82      5     82      2    T0963TS354-D2.pdb:A  SCOP d1agga_
  453           1          -0       2.136     0.000    82    2    0           1    0     82      5     82      9    T0963TS354-D2.pdb:A  SCOP d1lmia_
  454           1          -0  1.798e+308     0.000    82    1    0           1    0     82      5     82      2    T0963TS354-D2.pdb:A  SCOP d1agga_
  455           1          -0  1.798e+308     0.000    82    1    0           1    0     82      5     82      2    T0963TS354-D2.pdb:A  SCOP d1agga_
  456           1          -0  1.798e+308     0.000    82    1    0           1    0     82      5     82      2    T0963TS354-D2.pdb:A  SCOP d1oawa_
  457           1          -0  1.798e+308     0.000    82    1    0           1    0     82      5     82      2    T0963TS354-D2.pdb:A  SCOP d1oawa_
  458           1          -0  1.798e+308     0.000    82    1    0           1    0     82      5     82      2    T0963TS354-D2.pdb:A  SCOP d1oawa_
  459           1          -0  1.798e+308     0.000    82    1    0           1    0     82      5     82      2    T0963TS354-D2.pdb:A  SCOP d1oava_
  460           1          -0  1.798e+308     0.000    82    1    0           1    0     82      5     82      2    T0963TS354-D2.pdb:A  SCOP d1oava_
  461           1          -0  1.798e+308     0.000    82    1    0           1    0     82      5     82      2    T0963TS354-D2.pdb:A  SCOP d1oava_
  462           1          -0  1.798e+308     0.000    82    1    0           1    0     82      5     82      2    T0963TS354-D2.pdb:A  SCOP d1omaa_
  463           1          -0  1.798e+308     0.000    82    1    0           1    0     82      5     82      2    T0963TS354-D2.pdb:A  SCOP d1omaa_
  464           1          -0  1.798e+308     0.000    82    1    0           1    0     82      5     82      2    T0963TS354-D2.pdb:A  SCOP d1omaa_
  465           1          -0  1.798e+308     0.000    82    1    0           1    0     82      5     82      2    T0963TS354-D2.pdb:A  SCOP d1eita_
  466           1          -0  1.798e+308     0.000    82    1    0           1    0     82      5     82      3    T0963TS354-D2.pdb:A  SCOP d1kqha_
  467           1          -0  1.798e+308     0.000    82    1    0           1    0     82      5     82      3    T0963TS354-D2.pdb:A  SCOP d1kqha_
  468           1          -0  1.798e+308     0.000    82    1    0           1    0     82      5     82      3    T0963TS354-D2.pdb:A  SCOP d1kqha_
  469           1          -0  1.798e+308     0.000    82    1    0           1    0     82      5     82      3    T0963TS354-D2.pdb:A  SCOP d1kqha_
  470           1          -0  1.798e+308     0.000    82    1    0           1    0     82      5     82      3    T0963TS354-D2.pdb:A  SCOP d1kqha_
  471           1          -0  1.798e+308     0.000    82    1    0           1    0     82      5     82      2    T0963TS354-D2.pdb:A  SCOP d1c4ea_
  472           1          -0  1.798e+308     0.000    82    1    0           1    0     82      5     82      2    T0963TS354-D2.pdb:A  SCOP d1gura_
  473           1          -0  1.798e+308     0.000    82    1    0           1    0     82      5     82      2    T0963TS354-D2.pdb:A  SCOP d1gura_
  474           1          -0  1.798e+308     0.000    82    1    0           1    0     82      5     82      2    T0963TS354-D2.pdb:A  SCOP d1gura_
  475           1          -0  1.798e+308     0.000    82    1    0           1    0     82      5     82      2    T0963TS354-D2.pdb:A  SCOP d1gura_
  476           1          -0  1.798e+308     0.000    82    1    0           1    0     82      5     82      3    T0963TS354-D2.pdb:A  SCOP d1dkca_
  477           1          -0  1.798e+308     0.000    82    1    0           1    0     82      5     82      3    T0963TS354-D2.pdb:A  SCOP d1dkca_
  478           1          -0  1.798e+308     0.000    82    1    0           1    0     82      5     82      3    T0963TS354-D2.pdb:A  SCOP d1dkca_
  479           1          -0  1.798e+308     0.000    82    1    0           1    0     82      5     82      2    T0963TS354-D2.pdb:A  SCOP d1q3ja_
  480           1          -0  1.798e+308     0.000    82    1    0           1    0     82      5     82      2    T0963TS354-D2.pdb:A  SCOP d1q3ja_
  481           1          -0  1.798e+308     0.000    82    1    0           1    0     82      5     82      2    T0963TS354-D2.pdb:A  SCOP d1q3ja_
  482           1          -0  1.798e+308     0.000    82    1    0           1    0     82      5     82      2    T0963TS354-D2.pdb:A  SCOP d1hyka_
  483           1          -0  1.798e+308     0.000    82    1    0           1    0     82      5     82      2    T0963TS354-D2.pdb:A  SCOP d1mr0a_
  484           1          -0       2.623     0.000    82    3    0           1    0     82      5     82     12    T0963TS354-D2.pdb:A  SCOP d1roca_
  485           1          -0  1.798e+308     0.000    82    1    0           1    0     82      5     82      2    T0963TS354-D2.pdb:A  SCOP d1ag7a_
  486           1          -0  1.798e+308     0.000    82    1    0           1    0     82      5     82      2    T0963TS354-D2.pdb:A  SCOP d1feoa_
  487           1          -0  1.798e+308     0.000    82    1    0           1    0     82      5     82      2    T0963TS354-D2.pdb:A  SCOP d1feoa_
  488           1          -0  1.798e+308     0.000    82    1    0           1    0     82      5     82      2    T0963TS354-D2.pdb:A  SCOP d1feoa_
  489           1          -0  1.798e+308     0.000    82    1    0           1    0     82      5     82      2    T0963TS354-D2.pdb:A  SCOP d1ixta_
  490           1          -0  1.798e+308     0.000    82    1    0           1    0     82      5     82      2    T0963TS354-D2.pdb:A  SCOP d1qdpa_
  491           1          -0  1.798e+308     0.000    82    1    0           1    0     82      5     82      2    T0963TS354-D2.pdb:A  SCOP d1qk6a_
  492           1          -0  1.798e+308     0.000    82    1    0           1    0     82      5     82      2    T0963TS354-D2.pdb:A  SCOP d1qk6a_
  493           1          -0  1.798e+308     0.000    82    1    0           1    0     82      5     82      2    T0963TS354-D2.pdb:A  SCOP d1qk6a_
  494           1          -0  1.798e+308     0.000    82    1    0           1    0     82      5     82      2    T0963TS354-D2.pdb:A  SCOP d1nixa_
