<html><head></head><body><pre style="word-wrap: break-word; white-space: pre-wrap;"> PDBe Fold v2.59. (src3) 14 Apr 2014 result file.

                   RESULT SUMMARY

   ##      Q-score      P-score     Z-score   RMSD    Nalgn Nsse Ngaps Seq-%     Nmd Nres-Q Nsse-Q Nres-T Nsse-T Query Target
    1      0.7874          -0       5.006     0.000   260    3    5           1    0    293     15    293     11    T0975TS089-D1.pdb:A  SCOP d1jmva_
    2      0.7515          -0       3.518     0.000   254    3   10           1    0    293     15    293     10    T0975TS089-D1.pdb:A  SCOP d1boua_
    3      0.7515          -0       3.908     0.000   254    3   11           1    0    293     15    293     12    T0975TS089-D1.pdb:A  SCOP d1svwa_
    4      0.7456          -0       3.271     0.000   253    3   11           1    0    293     15    293     10    T0975TS089-D1.pdb:A  SCOP d1b4ua_
    5      0.7107          -0       4.659     0.000   247    3    7           1    0    293     15    293     15    T0975TS089-D1.pdb:A  SCOP d1pyo.1
    6      0.7107          -0       4.659     0.000   247    3    7           1    0    293     15    293     15    T0975TS089-D1.pdb:A  SCOP d1pyo.1
    7      0.7049          -0       4.369     0.000   246    3    7           1    0    293     15    293      9    T0975TS089-D1.pdb:A  SCOP d1bfxa_
    8      0.6992          -0       2.986     0.000   245    3   10           1    0    293     15    293     10    T0975TS089-D1.pdb:A  SCOP d1cfca_
    9      0.6935          -0       5.434     0.000   244    3    6           1    0    293     15    293      7    T0975TS089-D1.pdb:A  SCOP d1m59a_
   10      0.6935          -0       5.434     0.000   244    3    6           1    0    293     15    293      7    T0975TS089-D1.pdb:A  SCOP d1ehba_
   11      0.6935          -0       5.434     0.000   244    3    6           1    0    293     15    293      7    T0975TS089-D1.pdb:A  SCOP d1es1a_
   12      0.6935          -0       5.781     0.000   244    3    6           1    0    293     15    293      9    T0975TS089-D1.pdb:A  SCOP d1nx7a_
   13      0.6935          -0       4.913     0.000   244    3    6           1    0    293     15    293      8    T0975TS089-D1.pdb:A  SCOP d1j0qa_
   14      0.6935          -0       5.781     0.000   244    3    6           1    0    293     15    293      7    T0975TS089-D1.pdb:A  SCOP d1lqxa_
   15      0.6935          -0       5.781     0.000   244    3    6           1    0    293     15    293      7    T0975TS089-D1.pdb:A  SCOP d1m2ma_
   16      0.6935          -0       5.434     0.000   244    3    6           1    0    293     15    293      7    T0975TS089-D1.pdb:A  SCOP d1m2ia_
   17      0.6935          -0       5.781     0.000   244    3    6           1    0    293     15    293      7    T0975TS089-D1.pdb:A  SCOP d1lr6a_
   18      0.6935          -0       5.434     0.000   244    3    6           1    0    293     15    293      7    T0975TS089-D1.pdb:A  SCOP d1m20a_
   19      0.6935          -0        5.42     0.000   244    3    9           1    0    293     15    293     15    T0975TS089-D1.pdb:A  SCOP d1t3ha_
   20      0.6935          -0       4.801     0.000   244    3    6           1    0    293     15    293     13    T0975TS089-D1.pdb:A  SCOP d1ltla_
   21      0.6935          -0       5.262     0.000   244    3    6           1    0    293     15    293      8    T0975TS089-D1.pdb:A  SCOP d1do9a_
   22      0.6935          -0       5.434     0.000   244    3    6           1    0    293     15    293      8    T0975TS089-D1.pdb:A  SCOP d1blva_
   23      0.6935          -0       5.434     0.000   244    3    6           1    0    293     15    293      7    T0975TS089-D1.pdb:A  SCOP d1awpa_
   24      0.6935          -0       5.781     0.000   244    3    6           1    0    293     15    293      8    T0975TS089-D1.pdb:A  SCOP d1icca_
   25      0.6935          -0       5.781     0.000   244    3    6           1    0    293     15    293      8    T0975TS089-D1.pdb:A  SCOP d1lj0a_
   26      0.6935          -0       5.262     0.000   244    3    6           1    0    293     15    293      7    T0975TS089-D1.pdb:A  SCOP d1f04a_
   27      0.6878          -0       5.262     0.000   243    3    7           1    0    293     15    293      8    T0975TS089-D1.pdb:A  SCOP d1aw3a_
   28      0.6878          -0       5.262     0.000   243    3    7           1    0    293     15    293      7    T0975TS089-D1.pdb:A  SCOP d1f03a_
   29      0.6878          -0       4.913     0.000   243    3    7           1    0    293     15    293      7    T0975TS089-D1.pdb:A  SCOP d1i5ua_
   30      0.6825          -0       4.487     1.033   256    3    8      0.9844    0    293     15    293      9    T0975TS089-D1.pdb:A  SCOP d1qwva_
   31      0.6822          -0       1.846     0.000   242    3   10           1    0    293     15    293      5    T0975TS089-D1.pdb:A  SCOP d1wiza_
   32      0.6822          -0       5.496     0.000   242    3    7           1    0    293     15    293      8    T0975TS089-D1.pdb:A  SCOP d1sh4a_
   33      0.6822          -0       3.291     0.000   242    3    7           1    0    293     15    293      4    T0975TS089-D1.pdb:A  SCOP d1o8ra_
   34      0.6765          -0       3.579     0.000   241    3   10           1    0    293     15    293     14    T0975TS089-D1.pdb:A  SCOP d1puia_
   35      0.6765          -0       5.116     0.000   241    3   10           1    0    293     15    293     15    T0975TS089-D1.pdb:A  SCOP d1vhta_
   36       0.673          -0       1.666     0.710   247    3   10      0.9636    0    293     15    293     10    T0975TS089-D1.pdb:A  SCOP d2bowa_
   37      0.6709          -0       5.116     0.000   240    3   10           1    0    293     15    293     15    T0975TS089-D1.pdb:A  SCOP d1vhla_
   38      0.6709          -0       3.449     0.000   240    3    8           1    0    293     15    293      4    T0975TS089-D1.pdb:A  SCOP d1r6ra_
   39      0.6654   1.119e-14       3.106     0.000   239    3    8           1    0    293     15    293     12    T0975TS089-D1.pdb:A  SCOP d1ouwa_
   40      0.6654          -0       3.453     0.000   239    3    8           1    0    293     15    293     15    T0975TS089-D1.pdb:A  SCOP d1uhb.1
   41      0.6654          -0       3.453     0.000   239    3    8           1    0    293     15    293     15    T0975TS089-D1.pdb:A  SCOP d1aks.1
   42      0.6654          -0       3.453     0.000   239    3    8           1    0    293     15    293     15    T0975TS089-D1.pdb:A  SCOP d1aks.1
   43      0.6654   1.003e-07       3.185     0.000   239    3    9           1    0    293     15    293      4    T0975TS089-D1.pdb:A  SCOP d7ceia_
   44      0.6654          -0       3.521     0.000   239    3    7           1    0    293     15    293      7    T0975TS089-D1.pdb:A  SCOP d1a19a_
   45      0.6654          -0       1.782     0.000   239    3   10           1    0    293     15    293     14    T0975TS089-D1.pdb:A  SCOP d1kzna_
   46      0.6654          -0       4.474     0.000   239    3    7           1    0    293     15    293      5    T0975TS089-D1.pdb:A  SCOP d1bo9a_
   47      0.6654          -0       2.894     0.000   239    3   12           1    0    293     15    293     14    T0975TS089-D1.pdb:A  SCOP d1m46a_
   48      0.6654          -0       3.453     0.000   239    3    8           1    0    293     15    293     14    T0975TS089-D1.pdb:A  SCOP d1kdq.1
   49      0.6654          -0       3.453     0.000   239    3    8           1    0    293     15    293     14    T0975TS089-D1.pdb:A  SCOP d1kdq.1
   50      0.6635          -0       2.632     0.420   241    3    9      0.9876    0    293     15    293     15    T0975TS089-D1.pdb:A  SCOP d1g9fa_
   51      0.6598          -0       2.744     0.000   238    3   12           1    0    293     15    293     10    T0975TS089-D1.pdb:A  SCOP d5tnca_
   52      0.6581          -0       0.701     0.419   240    3   10      0.9875    0    293     15    293     11    T0975TS089-D1.pdb:A  SCOP d1bowa_
   53      0.6543          -0       5.199     0.000   237    3    9           1    0    293     15    293     14    T0975TS089-D1.pdb:A  SCOP d1iwma_
   54      0.6543          -0       2.582     0.000   237    3    7           1    0    293     15    293      7    T0975TS089-D1.pdb:A  SCOP d1os6a_
   55      0.6543          -0       5.199     0.000   237    3    9           1    0    293     15    293     14    T0975TS089-D1.pdb:A  SCOP d1iwna_
   56      0.6472          -0      0.6136     0.418   238    4    9      0.9874    0    293     15    293     12    T0975TS089-D1.pdb:A  SCOP d1cura_
   57      0.6471          -0       1.567     0.421   238    3    9      0.9874    0    293     15    293     15    T0975TS089-D1.pdb:A  SCOP d1hia.1
   58      0.6471          -0       1.567     0.421   238    3    9      0.9874    0    293     15    293     15    T0975TS089-D1.pdb:A  SCOP d1aks.1
   59      0.6471          -0       3.198     0.421   238    3    9      0.9874    0    293     15    293     15    T0975TS089-D1.pdb:A  SCOP d1aks.1
   60      0.6471          -0       1.567     0.421   238    3    9      0.9874    0    293     15    293     15    T0975TS089-D1.pdb:A  SCOP d1ept.1
   61      0.6471          -0       1.567     0.421   238    3    9      0.9874    0    293     15    293     15    T0975TS089-D1.pdb:A  SCOP d1ept.1
   62      0.6471          -0       1.567     0.421   238    3    9      0.9874    0    293     15    293     15    T0975TS089-D1.pdb:A  SCOP d1ept.1
   63      0.6471          -0       1.567     0.421   238    3    9      0.9874    0    293     15    293     15    T0975TS089-D1.pdb:A  SCOP d1ept.1
   64      0.6471          -0       1.567     0.421   238    3    9      0.9874    0    293     15    293     15    T0975TS089-D1.pdb:A  SCOP d2pka.1
   65      0.6471          -0       1.567     0.421   238    3    9      0.9874    0    293     15    293     15    T0975TS089-D1.pdb:A  SCOP d1hia.1
   66      0.6471          -0       1.567     0.421   238    3    9      0.9874    0    293     15    293     15    T0975TS089-D1.pdb:A  SCOP d1uhb.1
   67      0.6471          -0       1.567     0.421   238    3    9      0.9874    0    293     15    293     15    T0975TS089-D1.pdb:A  SCOP d1uhb.1
   68      0.6439          -0       1.715     0.879   245    3   14      0.9796    0    293     15    293     14    T0975TS089-D1.pdb:A  SCOP d1uana_
   69      0.6433          -0       1.578     0.000   235    3   11           1    0    293     15    293     15    T0975TS089-D1.pdb:A  SCOP d1us7a_
   70      0.6403          -0       1.514     0.594   239    3    9      0.9749    0    293     15    293     15    T0975TS089-D1.pdb:A  SCOP d1dy8.1
   71      0.6403          -0       1.514     0.594   239    3    9      0.9749    0    293     15    293     15    T0975TS089-D1.pdb:A  SCOP d1dxp.1
   72      0.6403          -0       1.514     0.594   239    3    9      0.9749    0    293     15    293     15    T0975TS089-D1.pdb:A  SCOP d1w3c.1
   73      0.6378          -0       4.845     0.000   234    3    9           1    0    293     15    293     13    T0975TS089-D1.pdb:A  SCOP d1w30a_
   74      0.6378          -0  1.798e+308     0.000   234    3    9           1    0    293     15    293     13    T0975TS089-D1.pdb:A  SCOP d1erra_
   75      0.6294          -0       1.534     0.596   237    3   10      0.9747    0    293     15    293     13    T0975TS089-D1.pdb:A  SCOP d1dxwa_
   76      0.6253          -0       3.542     0.859   241    3    8      0.9876    0    293     15    293     11    T0975TS089-D1.pdb:A  SCOP d1jmva_
   77      0.6226          -0       1.089     0.733   238    3    9      0.9832    0    293     15    293      6    T0975TS089-D1.pdb:A  SCOP d1hh5a_
   78      0.6217          -0       1.758     0.742   238    3   13      0.9832    0    293     15    293     10    T0975TS089-D1.pdb:A  SCOP d1tn4a_
   79      0.6216          -0       2.917     0.000   231    3   13           1    0    293     15    293     12    T0975TS089-D1.pdb:A  SCOP d1fpwa_
   80      0.6209          -0      0.2534     0.695   237    3    9      0.9873    0    293     15    293     12    T0975TS089-D1.pdb:A  SCOP d1vboa_
   81      0.6209          -0      0.2534     0.695   237    3    9      0.9873    0    293     15    293     10    T0975TS089-D1.pdb:A  SCOP d1j4sa_
   82      0.6209          -0      0.2534     0.695   237    3    9      0.9873    0    293     15    293     12    T0975TS089-D1.pdb:A  SCOP d1vbpa_
   83      0.6198          -0       3.289     0.427   233    3   12      0.9871    0    293     15    293     12    T0975TS089-D1.pdb:A  SCOP d1g5ca_
   84      0.6162          -0       3.775     0.000   230    3   10           1    0    293     15    293     14    T0975TS089-D1.pdb:A  SCOP d1lfpa_
   85      0.6162          -0       1.444     0.000   230    3   11           1    0    293     15    293     15    T0975TS089-D1.pdb:A  SCOP d3cd2a_
   86      0.6129          -0       4.324     0.725   236    3    8      0.9831    0    293     15    293     15    T0975TS089-D1.pdb:A  SCOP d1s3na_
   87      0.6129          -0       4.004     0.725   236    3    8      0.9831    0    293     15    293     15    T0975TS089-D1.pdb:A  SCOP d1s3la_
   88      0.6129          -0       3.775     0.725   236    3    8      0.9831    0    293     15    293     15    T0975TS089-D1.pdb:A  SCOP d1s3ma_
   89      0.6112    0.003446       4.105     0.981   241    3    7      0.9917    0    293     15    293      6    T0975TS089-D1.pdb:A  SCOP d1k8ba_
   90      0.6109          -0       3.855     0.000   229    3   10           1    0    293     15    293     15    T0975TS089-D1.pdb:A  SCOP d1exca_
   91      0.6102   6.847e-14       3.977     0.496   232    3    8      0.9828    0    293     15    293      5    T0975TS089-D1.pdb:A  SCOP d1k2ha_
   92      0.6074          -0       1.513     0.882   238    3   10      0.9748    0    293     15    293     12    T0975TS089-D1.pdb:A  SCOP d1p17a_
   93      0.6055          -0       2.819     0.000   228    3   13           1    0    293     15    293     14    T0975TS089-D1.pdb:A  SCOP d1j90a_
   94      0.6055          -0       1.513     0.000   228    3   12           1    0    293     15    293     15    T0975TS089-D1.pdb:A  SCOP d1tksa_
   95      0.6055          -0       1.513     0.000   228    3   12           1    0    293     15    293     15    T0975TS089-D1.pdb:A  SCOP d1tkua_
   96      0.6007          -0       1.431     1.026   240    3   11      0.9792    0    293     15    293     12    T0975TS089-D1.pdb:A  SCOP d1i0la_
   97      0.5991          -0       3.897     0.707   233    3   11      0.9914    0    293     15    293     12    T0975TS089-D1.pdb:A  SCOP d1jfja_
   98      0.5954          -0       1.372     1.028   239    3   10      0.9791    0    293     15    293     11    T0975TS089-D1.pdb:A  SCOP d1p18a_
   99       0.595          -0       3.822     0.000   226    3   12           1    0    293     15    293     15    T0975TS089-D1.pdb:A  SCOP d4pgma_
  100      0.5945          -0       2.825     0.497   229    3   13      0.9825    0    293     15    293     14    T0975TS089-D1.pdb:A  SCOP d1frwa_
  101      0.5945          -0       1.313     0.497   229    3   13      0.9825    0    293     15    293     14    T0975TS089-D1.pdb:A  SCOP d1frwa_
  102      0.5897          -0        2.67     0.000   225    3   12           1    0    293     15    293     15    T0975TS089-D1.pdb:A  SCOP d1lbea_
  103      0.5897   1.084e-13       4.828     0.000   225    3    9           1    0    293     15    293      9    T0975TS089-D1.pdb:A  SCOP d1gxpa_
  104      0.5897          -0       3.239     0.000   225    3   10           1    0    293     15    293     12    T0975TS089-D1.pdb:A  SCOP d1jfka_
  105      0.5897          -0       4.828     0.000   225    3    9           1    0    293     15    293      9    T0975TS089-D1.pdb:A  SCOP d1gxqa_
  106      0.5866          -0       1.145     1.473   250    3   11       0.976    0    293     15    293     11    T0975TS089-D1.pdb:A  SCOP d1h7ya_
  107      0.5866          -0       1.145     1.473   250    3   11       0.976    0    293     15    293     11    T0975TS089-D1.pdb:A  SCOP d1h6qa_
  108       0.585          -0       1.431     1.033   237    3   10      0.9789    0    293     15    293     12    T0975TS089-D1.pdb:A  SCOP d1i14a_
  109       0.585          -0       1.431     1.033   237    3   10      0.9789    0    293     15    293     11    T0975TS089-D1.pdb:A  SCOP d1i0ia_
  110       0.585          -0       1.302     1.033   237    3   10      0.9789    0    293     15    293     12    T0975TS089-D1.pdb:A  SCOP d1i13a_
  111       0.585          -0       1.431     1.033   237    3   10      0.9789    0    293     15    293     11    T0975TS089-D1.pdb:A  SCOP d1tc2a_
  112      0.5845          -0        2.36     0.000   224    3   10           1    0    293     15    293     12    T0975TS089-D1.pdb:A  SCOP d1kkla_
  113      0.5845          -0       3.792     0.000   224    3    8           1    0    293     15    293     15    T0975TS089-D1.pdb:A  SCOP d1gara_
  114      0.5798          -0       1.245     1.035   236    3   11      0.9788    0    293     15    293     11    T0975TS089-D1.pdb:A  SCOP d1p19a_
  115      0.5793          -0      0.2212     1.039   236    3    9      0.9873    0    293     15    293     15    T0975TS089-D1.pdb:A  SCOP d1dxp.1
  116      0.5767          -0       2.174     0.885   232    3   10      0.9828    0    293     15    293      6    T0975TS089-D1.pdb:A  SCOP d1wh4a_
  117      0.5741          -0       3.077     0.000   222    3   12           1    0    293     15    293     10    T0975TS089-D1.pdb:A  SCOP d1pbva_
  118      0.5741          -0        3.17     0.000   222    3   10           1    0    293     15    293     15    T0975TS089-D1.pdb:A  SCOP d1cdda_
  119      0.5729          -0       1.675     1.052   235    3   13      0.9702    0    293     15    293      8    T0975TS089-D1.pdb:A  SCOP d1muxa_
  120      0.5728          -0       1.807     1.010   234    3    9      0.9744    0    293     15    293     15    T0975TS089-D1.pdb:A  SCOP d1s3na_
  121      0.5728          -0       1.642     1.010   234    3    9      0.9744    0    293     15    293     15    T0975TS089-D1.pdb:A  SCOP d1s3ma_
  122      0.5728          -0       1.635     1.010   234    3    9      0.9744    0    293     15    293     15    T0975TS089-D1.pdb:A  SCOP d1s3la_
  123      0.5724          -0       1.403     1.096   236    3   10      0.9746    0    293     15    293     15    T0975TS089-D1.pdb:A  SCOP d1ns3.1
  124      0.5694          -0      0.4006     1.040   234    3   10      0.9744    0    293     15    293     14    T0975TS089-D1.pdb:A  SCOP d1gy2a_
  125      0.5689          -0       2.729     0.000   221    3   10           1    0    293     15    293     15    T0975TS089-D1.pdb:A  SCOP d2gara_
  126      0.5689          -0       2.035     0.000   221    3   13           1    0    293     15    293     15    T0975TS089-D1.pdb:A  SCOP d1ex7a_
  127      0.5689          -0       4.016     0.000   221    3   11           1    0    293     15    293     13    T0975TS089-D1.pdb:A  SCOP d1u8aa_
  128      0.5689          -0       3.836     0.000   221    3   11           1    0    293     15    293     14    T0975TS089-D1.pdb:A  SCOP d1l4ua_
  129      0.5689          -0       4.016     0.000   221    3   11           1    0    293     15    293     14    T0975TS089-D1.pdb:A  SCOP d1l4ua_
  130      0.5689          -0       3.836     0.000   221    3   11           1    0    293     15    293     13    T0975TS089-D1.pdb:A  SCOP d1u8aa_
  131      0.5638          -0       2.164     0.000   220    3   12           1    0    293     15    293     14    T0975TS089-D1.pdb:A  SCOP d1e3sa_
  132      0.5638          -0       3.836     0.000   220    3   11           1    0    293     15    293     13    T0975TS089-D1.pdb:A  SCOP d1l4ya_
  133      0.5638          -0       4.016     0.000   220    3   11           1    0    293     15    293     13    T0975TS089-D1.pdb:A  SCOP d1l4ya_
  134      0.5634          -0       1.027     0.504   223    3   13      0.9865    0    293     15    293     13    T0975TS089-D1.pdb:A  SCOP d1bq7a_
  135      0.5634          -0       1.027     0.504   223    3   13      0.9865    0    293     15    293     11    T0975TS089-D1.pdb:A  SCOP d1a24a_
  136      0.5618          -0      0.6484     1.103   234    3   11      0.9615    0    293     15    293      9    T0975TS089-D1.pdb:A  SCOP d1aqza_
  137      0.5614          -0        1.67     0.734   226    3   14      0.9867    0    293     15    293     12    T0975TS089-D1.pdb:A  SCOP d1ko8a_
  138      0.5593          -0      0.3862     1.044   232    3   11      0.9784    0    293     15    293     12    T0975TS089-D1.pdb:A  SCOP d1tc1a_
  139      0.5587          -0        3.05     0.000   219    3   10           1    0    293     15    293     12    T0975TS089-D1.pdb:A  SCOP d1shka_
  140      0.5587          -0       1.454     0.000   219    3   12           1    0    293     15    293     13    T0975TS089-D1.pdb:A  SCOP d1xo5a_
  141      0.5587          -0       3.157     0.000   219    3   10           1    0    293     15    293     15    T0975TS089-D1.pdb:A  SCOP d1gara_
  142      0.5587          -0       2.707     0.000   219    3   10           1    0    293     15    293     15    T0975TS089-D1.pdb:A  SCOP d1gara_
  143      0.5583          -0       1.735     0.505   222    3   11       0.982    0    293     15    293     14    T0975TS089-D1.pdb:A  SCOP d1isfa_
  144      0.5576          -0       3.411     0.719   225    3   11      0.9911    0    293     15    293     12    T0975TS089-D1.pdb:A  SCOP d1jfka_
  145      0.5574          -0      0.9734     0.881   228    3   15      0.9693    0    293     15    293     12    T0975TS089-D1.pdb:A  SCOP d1knqa_
  146       0.557          -0       1.337     0.439   221    3   13      0.9864    0    293     15    293     15    T0975TS089-D1.pdb:A  SCOP d1r53a_
  147      0.5567          -0       2.372     1.106   233    3   11        0.97    0    293     15    293     13    T0975TS089-D1.pdb:A  SCOP d1m7ha_
  148      0.5558          -0      0.4554     1.190   235    3    9      0.9872    0    293     15    293     10    T0975TS089-D1.pdb:A  SCOP d1rtba_
  149      0.5536          -0        3.05     0.000   218    3   10           1    0    293     15    293     12    T0975TS089-D1.pdb:A  SCOP d2shka_
  150      0.5536          -0       2.685     0.000   218    3   12           1    0    293     15    293     15    T0975TS089-D1.pdb:A  SCOP d1r53a_
  151      0.5536          -0       2.221     0.000   218    3   13           1    0    293     15    293     13    T0975TS089-D1.pdb:A  SCOP d1ot3a_
  152      0.5485          -0           2     0.000   217    3   11           1    0    293     15    293     15    T0975TS089-D1.pdb:A  SCOP d1cdda_
  153      0.5485          -0       3.384     0.000   217    3   11           1    0    293     15    293     15    T0975TS089-D1.pdb:A  SCOP d1cdda_
  154      0.5485          -0       3.384     0.000   217    3   11           1    0    293     15    293     15    T0975TS089-D1.pdb:A  SCOP d1cdda_
  155      0.5485          -0       1.726     0.000   217    3   11           1    0    293     15    293     15    T0975TS089-D1.pdb:A  SCOP d1grca_
  156      0.5481          -0       1.037     0.507   220    3   14      0.9864    0    293     15    293     12    T0975TS089-D1.pdb:A  SCOP d1a23a_
  157      0.5435          -0       2.121     0.000   216    3   11           1    0    293     15    293     15    T0975TS089-D1.pdb:A  SCOP d2gara_
  158      0.5411          -0       3.282     1.372   237    3   10      0.9831    0    293     15    293     14    T0975TS089-D1.pdb:A  SCOP d1ao3a_
  159      0.5407          -0      0.3651     0.746   222    3   13       0.982    0    293     15    293     10    T0975TS089-D1.pdb:A  SCOP d2itga_
  160      0.5407          -0      0.3651     0.746   222    3   13       0.982    0    293     15    293     10    T0975TS089-D1.pdb:A  SCOP d1itga_
  161      0.5384          -0       3.765     0.000   215    3   10           1    0    293     15    293      8    T0975TS089-D1.pdb:A  SCOP d1me5a_
  162      0.5381          -0      0.3651     0.717   221    3   12      0.9638    0    293     15    293     15    T0975TS089-D1.pdb:A  SCOP d1isia_
  163      0.5373          -0       4.007     0.728   221    3   14      0.9819    0    293     15    293     10    T0975TS089-D1.pdb:A  SCOP d1s6ca_
  164      0.5372          -0       1.806     1.367   236    3    8      0.9873    0    293     15    293      9    T0975TS089-D1.pdb:A  SCOP d1rbja_
  165      0.5371          -0       2.074     0.438   217    3   12      0.9908    0    293     15    293     15    T0975TS089-D1.pdb:A  SCOP d1viaa_
  166      0.5368          -0       1.685     0.443   217    3   13      0.9862    0    293     15    293     15    T0975TS089-D1.pdb:A  SCOP d1r53a_
  167       0.536          -0       2.183     1.442   238    3   10      0.9706    0    293     15    293     15    T0975TS089-D1.pdb:A  SCOP d1txja_
  168      0.5359          -0       3.439     1.040   227    3   12      0.9868    0    293     15    293     13    T0975TS089-D1.pdb:A  SCOP d1fpza_
  169      0.5341          -0      0.3513     0.922   224    3   13      0.9821    0    293     15    293     10    T0975TS089-D1.pdb:A  SCOP d1c6va_
  170      0.5334          -0       2.095     0.000   214    3   10           1    0    293     15    293     13    T0975TS089-D1.pdb:A  SCOP d1ukea_
  171      0.5334          -0       1.975     0.000   214    3   10           1    0    293     15    293     13    T0975TS089-D1.pdb:A  SCOP d2aaia_
  172      0.5331          -0       1.735     0.511   217    3   12      0.9816    0    293     15    293     14    T0975TS089-D1.pdb:A  SCOP d1isja_
  173       0.532          -0       3.338     1.268   232    3    9      0.9741    0    293     15    293     10    T0975TS089-D1.pdb:A  SCOP d1shca_
  174      0.5307          -0      0.4526     0.749   220    3   13      0.9818    0    293     15    293     10    T0975TS089-D1.pdb:A  SCOP d1bi4a_
  175      0.5281          -0       1.735     0.512   216    3   12      0.9815    0    293     15    293     15    T0975TS089-D1.pdb:A  SCOP d1isma_
  176      0.5265          -0      0.6056     1.274   231    3   11       0.974    0    293     15    293     15    T0975TS089-D1.pdb:A  SCOP d1gnha_
  177      0.5265          -0      0.6056     1.274   231    3   11       0.974    0    293     15    293     15    T0975TS089-D1.pdb:A  SCOP d1lj7a_
  178      0.5265          -0     0.03252     1.274   231    3   11       0.974    0    293     15    293     15    T0975TS089-D1.pdb:A  SCOP d1lj7a_
  179      0.5258          -0      0.4526     0.751   219    3   13      0.9817    0    293     15    293     10    T0975TS089-D1.pdb:A  SCOP d1bl3a_
  180      0.5258          -0      0.3651     0.751   219    3   13      0.9817    0    293     15    293     10    T0975TS089-D1.pdb:A  SCOP d1exqa_
  181      0.5252          -0       3.507     1.669   243    3    7      0.9753    0    293     15    293     15    T0975TS089-D1.pdb:A  SCOP d1txja_
  182      0.5235          -0       2.233     0.000   212    3   10           1    0    293     15    293     13    T0975TS089-D1.pdb:A  SCOP d4ukda_
  183      0.5214          -0       0.264     0.906   221    3   14      0.9819    0    293     15    293     15    T0975TS089-D1.pdb:A  SCOP d1ybfa_
  184      0.5209          -0       1.513     1.487   236    3   11      0.9746    0    293     15    293     14    T0975TS089-D1.pdb:A  SCOP d1j9aa_
  185      0.5186          -0       2.396     0.000   211    3   13           1    0    293     15    293     15    T0975TS089-D1.pdb:A  SCOP d1snya_
  186      0.5168          -0       1.855     1.578   238    3   12      0.9706    0    293     15    293     13    T0975TS089-D1.pdb:A  SCOP d1m45a_
  187      0.5165          -0      0.3651     1.487   235    3   11      0.9702    0    293     15    293     11    T0975TS089-D1.pdb:A  SCOP d1bowa_
  188      0.5159          -0      0.3651     0.754   217    3   13      0.9816    0    293     15    293     10    T0975TS089-D1.pdb:A  SCOP d1biza_
  189      0.5137          -0       2.164     0.000   210    3   11           1    0    293     15    293     13    T0975TS089-D1.pdb:A  SCOP d5ukda_
  190      0.5134          -0      0.3651     0.726   216    3   13       0.963    0    293     15    293     14    T0975TS089-D1.pdb:A  SCOP d1isga_
  191      0.5123          -0      0.7586     0.443   212    3   13      0.9906    0    293     15    293     15    T0975TS089-D1.pdb:A  SCOP d1viaa_
  192      0.5088          -0       2.164     0.000   209    3   11           1    0    293     15    293     13    T0975TS089-D1.pdb:A  SCOP d1qf9a_
  193      0.5088          -0       2.164     0.000   209    3   11           1    0    293     15    293     13    T0975TS089-D1.pdb:A  SCOP d3ukda_
  194      0.5088          -0       1.916     0.000   209    3   11           1    0    293     15    293     13    T0975TS089-D1.pdb:A  SCOP d2ukda_
  195      0.5082          -0       2.079     1.698   240    3   11      0.9833    0    293     15    293     10    T0975TS089-D1.pdb:A  SCOP d1cfca_
  196      0.5077          -0       3.373     0.738   215    3   15      0.9814    0    293     15    293     10    T0975TS089-D1.pdb:A  SCOP d1s6ca_
  197      0.5068          -0       1.571     1.359   229    3   10      0.9694    0    293     15    293     15    T0975TS089-D1.pdb:A  SCOP d1dr1a_
  198      0.5068          -0       1.571     1.359   229    3   10      0.9694    0    293     15    293     15    T0975TS089-D1.pdb:A  SCOP d8dfra_
  199      0.5068          -0       1.571     1.359   229    3   10      0.9694    0    293     15    293     15    T0975TS089-D1.pdb:A  SCOP d1dr3a_
  200      0.5064          -0       2.508     1.178   224    3    9      0.9821    0    293     15    293     14    T0975TS089-D1.pdb:A  SCOP d1udga_
  201      0.5062          -0      0.4526     0.757   215    3   13      0.9814    0    293     15    293     10    T0975TS089-D1.pdb:A  SCOP d1hyza_
  202      0.5057          -0       2.183     1.501   233    3    9      0.9871    0    293     15    293     14    T0975TS089-D1.pdb:A  SCOP d1kdq.1
  203      0.5057          -0       2.183     1.501   233    4    9      0.9871    0    293     15    293     15    T0975TS089-D1.pdb:A  SCOP d1aks.1
  204      0.5057          -0       2.183     1.501   233    3    9      0.9871    0    293     15    293     15    T0975TS089-D1.pdb:A  SCOP d1aks.1
  205      0.5057          -0       2.183     1.501   233    4    9      0.9871    0    293     15    293     15    T0975TS089-D1.pdb:A  SCOP d1uhb.1
  206      0.5057          -0       2.183     1.501   233    3    9      0.9871    0    293     15    293     15    T0975TS089-D1.pdb:A  SCOP d1uhb.1
  207      0.5057          -0       2.183     1.501   233    4    9      0.9871    0    293     15    293     15    T0975TS089-D1.pdb:A  SCOP d1uhb.1
  208      0.5057          -0       2.183     1.501   233    4    9      0.9871    0    293     15    293     15    T0975TS089-D1.pdb:A  SCOP d1aks.1
  209      0.5043          -0       1.056     1.344   228    3    9      0.9781    0    293     15    293     14    T0975TS089-D1.pdb:A  SCOP d1xm7a_
  210      0.5032          -0       2.328     0.603   212    3    7      0.9953    0    293     15    293      8    T0975TS089-D1.pdb:A  SCOP d1sd4a_
  211      0.5013          -0      0.3651     0.759   214    3   13      0.9813    0    293     15    293     10    T0975TS089-D1.pdb:A  SCOP d1b9da_
  212      0.5013          -0      0.3651     0.759   214    3   13      0.9813    0    293     15    293     10    T0975TS089-D1.pdb:A  SCOP d1b92a_
  213      0.5013          -0      0.3651     0.759   214    3   13      0.9813    0    293     15    293     12    T0975TS089-D1.pdb:A  SCOP d1biua_
  214      0.4995          -0       2.454     1.417   229    3   11      0.9869    0    293     15    293     11    T0975TS089-D1.pdb:A  SCOP d1oqva_
  215      0.4993          -0      0.1658     0.784   214    3   13      0.9813    0    293     15    293     13    T0975TS089-D1.pdb:A  SCOP d1xo5a_
  216       0.499          -0       2.165     0.515   210    3   15       0.981    0    293     15    293     14    T0975TS089-D1.pdb:A  SCOP d1xqpa_
  217      0.4968          -0     0.00474     1.536   232    3   11      0.9741    0    293     15    293     14    T0975TS089-D1.pdb:A  SCOP d1g1ba_
  218      0.4943          -0       1.184     0.844   214    3   11       0.986    0    293     15    293     13    T0975TS089-D1.pdb:A  SCOP d1j2ra_
  219      0.4932          -0       1.468     1.773   239    3   11      0.9665    0    293     15    293     10    T0975TS089-D1.pdb:A  SCOP d1cfda_
  220      0.4929          -0       1.554     1.053   218    3   10      0.9817    0    293     15    293     10    T0975TS089-D1.pdb:A  SCOP d1vsja_
  221      0.4929          -0       1.554     1.053   218    3   10      0.9817    0    293     15    293     10    T0975TS089-D1.pdb:A  SCOP d1vsia_
  222      0.4929          -0       2.035     1.053   218    3   10      0.9817    0    293     15    293     10    T0975TS089-D1.pdb:A  SCOP d1aswa_
  223      0.4929          -0       2.035     1.053   218    3   10      0.9817    0    293     15    293     10    T0975TS089-D1.pdb:A  SCOP d1asua_
  224      0.4929          -0       2.035     1.053   218    3   10      0.9817    0    293     15    293     10    T0975TS089-D1.pdb:A  SCOP d1vsda_
  225      0.4929          -0       1.554     1.053   218    3   10      0.9817    0    293     15    293     10    T0975TS089-D1.pdb:A  SCOP d1cxqa_
  226      0.4929          -0       2.035     1.053   218    3   10      0.9817    0    293     15    293     10    T0975TS089-D1.pdb:A  SCOP d1a5va_
  227      0.4929          -0       2.035     1.053   218    3   10      0.9817    0    293     15    293     10    T0975TS089-D1.pdb:A  SCOP d1vsfa_
  228      0.4929          -0       1.554     1.053   218    3   10      0.9817    0    293     15    293     10    T0975TS089-D1.pdb:A  SCOP d1asva_
  229      0.4929          -0       2.035     1.053   218    3   10      0.9817    0    293     15    293     10    T0975TS089-D1.pdb:A  SCOP d1a5xa_
  230      0.4929          -0       1.815     1.053   218    3   10      0.9817    0    293     15    293     10    T0975TS089-D1.pdb:A  SCOP d1a5wa_
  231      0.4929          -0       2.035     1.053   218    3   10      0.9817    0    293     15    293     10    T0975TS089-D1.pdb:A  SCOP d1vsha_
  232      0.4929          -0       2.035     1.053   218    3   10      0.9817    0    293     15    293     10    T0975TS089-D1.pdb:A  SCOP d1vsea_
  233      0.4922          -0      0.6312     1.335   225    3   14      0.9689    0    293     15    293     14    T0975TS089-D1.pdb:A  SCOP d1pdva_
  234      0.4902          -0        1.13     0.989   216    3   16      0.9861    0    293     15    293     14    T0975TS089-D1.pdb:A  SCOP d1i1ha_
  235      0.4898          -0       1.772     1.425   227    3   11      0.9692    0    293     15    293     15    T0975TS089-D1.pdb:A  SCOP d1dr4a_
  236      0.4889          -0       1.242     1.563   231    3   10      0.9827    0    293     15    293     14    T0975TS089-D1.pdb:A  SCOP d1i51.1
  237       0.488          -0     0.03501     0.915   214    3   13      0.9673    0    293     15    293     13    T0975TS089-D1.pdb:A  SCOP d1bq7a_
  238      0.4871          -0      0.5638     0.821   212    3   14      0.9858    0    293     15    293     12    T0975TS089-D1.pdb:A  SCOP d1akza_
  239      0.4848          -0       4.096     0.000   204    3   14           1    0    293     15    293     14    T0975TS089-D1.pdb:A  SCOP d1qaza_
  240      0.4848          -0       4.096     0.000   204    3   14           1    0    293     15    293     14    T0975TS089-D1.pdb:A  SCOP d1hv6a_
  241      0.4847          -0       2.165     0.518   207    3   15      0.9807    0    293     15    293     14    T0975TS089-D1.pdb:A  SCOP d1xqoa_
  242      0.4836          -0       1.455     1.010   215    3   13      0.9953    0    293     15    293     13    T0975TS089-D1.pdb:A  SCOP d1xo5a_
  243      0.4836          -0         2.9     0.914   213    3   12      0.9859    0    293     15    293     14    T0975TS089-D1.pdb:A  SCOP d1oy1a_
  244      0.4808          -0       1.119     1.246   220    3   12      0.9818    0    293     15    293     15    T0975TS089-D1.pdb:A  SCOP d1tkua_
  245      0.4808          -0       1.119     1.246   220    3   12      0.9818    0    293     15    293     15    T0975TS089-D1.pdb:A  SCOP d1tksa_
  246      0.4798          -0     0.07494     0.737   209    3   14      0.9665    0    293     15    293     12    T0975TS089-D1.pdb:A  SCOP d1a2la_
  247      0.4794          -0      0.3575     1.439   225    3   16      0.9556    0    293     15    293     11    T0975TS089-D1.pdb:A  SCOP d1la3a_
  248      0.4787          -0       2.035     1.060   215    3   10      0.9814    0    293     15    293     10    T0975TS089-D1.pdb:A  SCOP d1vsma_
  249      0.4784          -0      0.5311     1.377   223    3   10      0.9686    0    293     15    293     15    T0975TS089-D1.pdb:A  SCOP d1dlsa_
  250      0.4784          -0      0.5311     1.377   223    3   10      0.9686    0    293     15    293     15    T0975TS089-D1.pdb:A  SCOP d1hfpa_
  251      0.4775          -0      0.3651     0.768   209    3   13      0.9809    0    293     15    293     10    T0975TS089-D1.pdb:A  SCOP d1b9fa_
  252       0.477          -0      0.3445     1.682   232    3   10      0.9784    0    293     15    293     10    T0975TS089-D1.pdb:A  SCOP d1c39a_
  253       0.477          -0       0.131     1.682   232    3   10      0.9784    0    293     15    293      9    T0975TS089-D1.pdb:A  SCOP d1m6pa_
  254      0.4752          -0       2.173     1.472   225    3   12      0.9644    0    293     15    293     12    T0975TS089-D1.pdb:A  SCOP d1aiha_
  255      0.4745          -0      0.9856     0.612   206    3    9      0.9951    0    293     15    293      6    T0975TS089-D1.pdb:A  SCOP d1s7oa_
  256      0.4742          -0      0.3202     1.447   224    4   13      0.9509    0    293     15    293     17    T0975TS089-D1.pdb:A  SCOP d1dada_
  257      0.4741          -0      0.3202     1.447   224    4   13      0.9509    0    293     15    293     16    T0975TS089-D1.pdb:A  SCOP d1daga_
  258      0.4741          -0      0.3202     1.447   224    4   13      0.9509    0    293     15    293     18    T0975TS089-D1.pdb:A  SCOP d1dafa_
  259      0.4741          -0      0.9887     1.481   225    3    9      0.9867    0    293     15    293     14    T0975TS089-D1.pdb:A  SCOP d1kzna_
  260       0.474          -0       1.554     1.062   214    3   10      0.9813    0    293     15    293     10    T0975TS089-D1.pdb:A  SCOP d1vsla_
  261       0.474          -0       1.815     1.062   214    3   10      0.9813    0    293     15    293     10    T0975TS089-D1.pdb:A  SCOP d1cz9a_
  262       0.474          -0       1.554     1.062   214    3   10      0.9813    0    293     15    293     10    T0975TS089-D1.pdb:A  SCOP d1vska_
  263       0.474          -0       2.035     1.062   214    3   10      0.9813    0    293     15    293     10    T0975TS089-D1.pdb:A  SCOP d1cxua_
  264      0.4739          -0     0.03684     0.921   211    3   14      0.9668    0    293     15    293     12    T0975TS089-D1.pdb:A  SCOP d1a23a_
  265      0.4723          -0       1.282     1.496   225    3    9      0.9867    0    293     15    293     10    T0975TS089-D1.pdb:A  SCOP d1cfca_
  266      0.4723          -0       1.282     1.496   225    3    9      0.9867    0    293     15    293     10    T0975TS089-D1.pdb:A  SCOP d1cfda_
  267      0.4723          -0       4.541     1.946   240    3   10      0.9875    0    293     15    293     14    T0975TS089-D1.pdb:A  SCOP d1at3a_
  268      0.4713          -0        3.72     1.436   223    4   10      0.9821    0    293     15    293     19    T0975TS089-D1.pdb:A  SCOP d1fgga_
  269      0.4713          -0        3.72     1.436   223    4   10      0.9821    0    293     15    293     18    T0975TS089-D1.pdb:A  SCOP d1kwsa_
  270      0.4699          -0        1.87     1.377   221    3    7      0.9819    0    293     15    293      5    T0975TS089-D1.pdb:A  SCOP d1qlsa_
  271      0.4695          -0      0.3202     1.450   223    4   13      0.9507    0    293     15    293     19    T0975TS089-D1.pdb:A  SCOP d1daea_
  272      0.4695          -0      0.3202     1.450   223    4   13      0.9507    0    293     15    293     17    T0975TS089-D1.pdb:A  SCOP d1daha_
  273      0.4695          -0      0.3202     1.450   223    4   13      0.9507    0    293     15    293     18    T0975TS089-D1.pdb:A  SCOP d1daia_
  274      0.4695          -0      0.3202     1.450   223    4   13      0.9507    0    293     15    293     16    T0975TS089-D1.pdb:A  SCOP d1dtsa_
  275      0.4692          -0      0.3311     1.648   229    3   11      0.9782    0    293     15    293     14    T0975TS089-D1.pdb:A  SCOP d1rgq.1
  276      0.4683          -0       2.974     1.355   220    3   13      0.9818    0    293     15    293     15    T0975TS089-D1.pdb:A  SCOP d1bt1a_
  277      0.4681          -0        1.46     1.496   224    3   10      0.9866    0    293     15    293     14    T0975TS089-D1.pdb:A  SCOP d1dbxa_
  278      0.4681          -0        1.46     1.496   224    3   10      0.9866    0    293     15    293     14    T0975TS089-D1.pdb:A  SCOP d1dbua_
  279      0.4668          -0      0.3978     1.572   226    3   11      0.9867    0    293     15    293      6    T0975TS089-D1.pdb:A  SCOP d3pata_
  280      0.4662          -0       1.298     1.373   220    3   16      0.9773    0    293     15    293     13    T0975TS089-D1.pdb:A  SCOP d1x92a_
  281      0.4649          -0       1.379     0.870   208    3    9      0.9952    0    293     15    293      8    T0975TS089-D1.pdb:A  SCOP d1c20a_
  282       0.464          -0       2.508     1.201   215    3    9      0.9814    0    293     15    293     13    T0975TS089-D1.pdb:A  SCOP d1udha_
  283      0.4636          -0      0.5638     0.830   207    3   13      0.9855    0    293     15    293     13    T0975TS089-D1.pdb:A  SCOP d1okba_
  284      0.4612          -0       1.713     1.968   238    3   13      0.9664    0    293     15    293     14    T0975TS089-D1.pdb:A  SCOP d1n2da_
  285      0.4612          -0     0.03684     0.914   208    3   14      0.9615    0    293     15    293     12    T0975TS089-D1.pdb:A  SCOP d1a2ja_
  286      0.4604          -0      0.1046     1.653   227    3    9      0.9736    0    293     15    293     12    T0975TS089-D1.pdb:A  SCOP d1cura_
  287      0.4604          -0     0.09447     1.653   227    3    9      0.9736    0    293     15    293     13    T0975TS089-D1.pdb:A  SCOP d1e30a_
  288      0.4604          -0     0.09447     1.653   227    3    9      0.9736    0    293     15    293     14    T0975TS089-D1.pdb:A  SCOP d1gy1a_
  289      0.4604          -0     0.09447     1.653   227    3    9      0.9736    0    293     15    293     14    T0975TS089-D1.pdb:A  SCOP d1gy2a_
  290      0.4598          -0       1.066     1.780   231    3   10      0.9697    0    293     15    293      8    T0975TS089-D1.pdb:A  SCOP d1jnsa_
  291       0.459          -0      0.5638     0.832   206    3   14      0.9854    0    293     15    293     12    T0975TS089-D1.pdb:A  SCOP d1q3fa_
  292      0.4577          -0       1.283     1.579   224    3   12      0.9688    0    293     15    293     14    T0975TS089-D1.pdb:A  SCOP d1uana_
  293      0.4573          -0       0.313     1.516   222    4   13      0.9505    0    293     15    293     19    T0975TS089-D1.pdb:A  SCOP d1byia_
  294      0.4573          -0       0.313     1.516   222    4   13      0.9505    0    293     15    293     19    T0975TS089-D1.pdb:A  SCOP d1dama_
  295      0.4573          -0       0.313     1.516   222    4   13      0.9505    0    293     15    293     18    T0975TS089-D1.pdb:A  SCOP d1daka_
  296      0.4558          -0       1.686     1.495   221    3   10      0.9864    0    293     15    293     10    T0975TS089-D1.pdb:A  SCOP d1ncxa_
  297      0.4555          -0      0.3651     1.563   223    3   10      0.9686    0    293     15    293     12    T0975TS089-D1.pdb:A  SCOP d1t0aa_
  298       0.454          -0       1.177     1.764   229    3   15      0.9869    0    293     15    293     15    T0975TS089-D1.pdb:A  SCOP d1g8ia_
  299      0.4534          -0     0.04492     1.827   231    3    9      0.9697    0    293     15    293      9    T0975TS089-D1.pdb:A  SCOP d1dyta_
  300      0.4534          -0       1.204     1.049   209    3   12      0.9761    0    293     15    293     12    T0975TS089-D1.pdb:A  SCOP d1x94a_
  301      0.4517          -0       1.018     1.389   217    3    9      0.9816    0    293     15    293      5    T0975TS089-D1.pdb:A  SCOP d1rr7a_
  302      0.4514          -0      0.1436     1.661   225    3   11      0.9644    0    293     15    293     12    T0975TS089-D1.pdb:A  SCOP d1rw1a_
  303      0.4513          -0       1.476     1.498   220    3   11      0.9864    0    293     15    293     10    T0975TS089-D1.pdb:A  SCOP d5tnca_
  304      0.4513          -0     0.00358     1.463   219    4   13      0.9498    0    293     15    293     19    T0975TS089-D1.pdb:A  SCOP d1dbsa_
  305      0.4512          -0       1.988     1.498   220    3   12      0.9864    0    293     15    293     10    T0975TS089-D1.pdb:A  SCOP d5tnca_
  306      0.4504          -0        3.17     1.209   212    3   11      0.9811    0    293     15    293     15    T0975TS089-D1.pdb:A  SCOP d1ulaa_
  307      0.4504          -0      0.5311     1.572   222    3   12       0.973    0    293     15    293     15    T0975TS089-D1.pdb:A  SCOP d1q0ta_
  308      0.4503          -0       1.855     1.879   232    3   12      0.9828    0    293     15    293     15    T0975TS089-D1.pdb:A  SCOP d1pr5a_
  309      0.4498          -0      0.5638     0.836   204    3   14      0.9853    0    293     15    293     12    T0975TS089-D1.pdb:A  SCOP d1emja_
  310      0.4498          -0      0.5638     0.836   204    3   14      0.9853    0    293     15    293     12    T0975TS089-D1.pdb:A  SCOP d1emha_
  311      0.4495          -0       1.436     1.767   228    3   14      0.9868    0    293     15    293     13    T0975TS089-D1.pdb:A  SCOP d1bjfa_
  312      0.4493          -0     0.09778     1.739   227    3    9      0.9736    0    293     15    293     13    T0975TS089-D1.pdb:A  SCOP d1rcya_
  313      0.4493          -0     0.09778     1.739   227    3    9      0.9736    0    293     15    293     13    T0975TS089-D1.pdb:A  SCOP d1a3za_
  314      0.4493          -0     0.09778     1.739   227    3    9      0.9736    0    293     15    293     12    T0975TS089-D1.pdb:A  SCOP d1a8za_
  315      0.4487          -0      0.9599     1.378   216    3   11      0.9861    0    293     15    293     10    T0975TS089-D1.pdb:A  SCOP d1lswa_
  316      0.4486          -0     0.07882     1.554   221    3    9      0.9729    0    293     15    293     10    T0975TS089-D1.pdb:A  SCOP d2bowa_
  317      0.4486          -0      0.7838     1.380   216    3   12      0.9861    0    293     15    293     13    T0975TS089-D1.pdb:A  SCOP d1y63a_
  318      0.4484          -0       0.515     1.806   229    3   11      0.9738    0    293     15    293     15    T0975TS089-D1.pdb:A  SCOP d1lj7a_
  319      0.4484          -0       0.515     1.806   229    3   11      0.9738    0    293     15    293     15    T0975TS089-D1.pdb:A  SCOP d1gnha_
  320      0.4472          -0      0.2861     1.463   218    3   13      0.9679    0    293     15    293     15    T0975TS089-D1.pdb:A  SCOP d1isia_
  321      0.4468          -0       1.856     2.071   238    3   10      0.9874    0    293     15    293      9    T0975TS089-D1.pdb:A  SCOP d1kq6a_
  322      0.4465          -0       1.209     1.668   224    3   10      0.9866    0    293     15    293     13    T0975TS089-D1.pdb:A  SCOP d1uuta_
  323      0.4449          -0       2.105     1.617   222    3   11       0.982    0    293     15    293     12    T0975TS089-D1.pdb:A  SCOP d1vgga_
  324      0.4429          -0      0.7277     0.000   195    3   13           1    0    293     15    293     13    T0975TS089-D1.pdb:A  SCOP d1teva_
  325      0.4429          -0      0.7277     0.000   195    3   13           1    0    293     15    293     13    T0975TS089-D1.pdb:A  SCOP d1teva_
  326      0.4422          -0     0.03324     1.793   227    3   11      0.9515    0    293     15    293      9    T0975TS089-D1.pdb:A  SCOP d1v14a_
  327      0.4421          -0     0.02987     1.437   216    3   14       0.963    0    293     15    293      9    T0975TS089-D1.pdb:A  SCOP d1opca_
  328      0.4403          -0       1.914     1.837   228    4   11      0.9605    0    293     15    293     16    T0975TS089-D1.pdb:A  SCOP d1rmqa_
  329      0.4402          -0     0.07205     1.305   212    3   13      0.9717    0    293     15    293     11    T0975TS089-D1.pdb:A  SCOP d1a24a_
  330      0.4393          -0     0.01431     1.014   205    3   13      0.9707    0    293     15    293     12    T0975TS089-D1.pdb:A  SCOP d1u7oa_
  331      0.4393          -0     0.01431     1.014   205    3   13      0.9707    0    293     15    293     13    T0975TS089-D1.pdb:A  SCOP d1u7pa_
  332      0.4389          -0       1.985     1.789   226    4   10       0.969    0    293     15    293     16    T0975TS089-D1.pdb:A  SCOP d1n9ka_
  333      0.4389          -0       1.902     1.789   226    4   10       0.969    0    293     15    293     16    T0975TS089-D1.pdb:A  SCOP d1rmya_
  334      0.4389          -0       1.355     1.279   211    3   13      0.9858    0    293     15    293     13    T0975TS089-D1.pdb:A  SCOP d1ex6a_
  335      0.4384          -0       4.584     0.000   194    3   10           1    0    293     15    293     15    T0975TS089-D1.pdb:A  SCOP d1j2qa_
  336      0.4383          -0      0.9408     1.701   223    3   10      0.9865    0    293     15    293      9    T0975TS089-D1.pdb:A  SCOP d1c0ea_
  337      0.4373          -0      0.2618     0.988   204    3   13      0.9657    0    293     15    293     12    T0975TS089-D1.pdb:A  SCOP d1akza_
  338      0.4369          -0       1.766     1.217   209    3    8      0.9856    0    293     15    293      8    T0975TS089-D1.pdb:A  SCOP d1okra_
  339      0.4367          -0       1.268     1.619   220    3    9      0.9955    0    293     15    293     10    T0975TS089-D1.pdb:A  SCOP d1v4pa_
  340      0.4367          -0       3.672     1.518   217    3   10      0.9862    0    293     15    293     14    T0975TS089-D1.pdb:A  SCOP d1ucfa_
  341       0.436          -0       1.902     1.841   227    4   11      0.9604    0    293     15    293     16    T0975TS089-D1.pdb:A  SCOP d1rmta_
  342       0.436          -0       1.985     1.841   227    4   11      0.9604    0    293     15    293     16    T0975TS089-D1.pdb:A  SCOP d1n8na_
  343      0.4338          -0      0.1903     1.402   213    3    8      0.9812    0    293     15    293     11    T0975TS089-D1.pdb:A  SCOP d1bowa_
  344      0.4338          -0      0.1584     1.402   213    3    8      0.9812    0    293     15    293     11    T0975TS089-D1.pdb:A  SCOP d1bowa_
  345      0.4329          -0       1.678     1.895   228    3   12      0.9825    0    293     15    293     15    T0975TS089-D1.pdb:A  SCOP d1pr1a_
  346      0.4304          -0       3.174     1.432   213    3   12      0.9671    0    293     15    293     11    T0975TS089-D1.pdb:A  SCOP d1r6ha_
  347      0.4296          -0      0.8465     1.709   221    3   10      0.9864    0    293     15    293      9    T0975TS089-D1.pdb:A  SCOP d5pnta_
  348      0.4295          -0       1.434     1.613   218    3   13      0.9679    0    293     15    293     10    T0975TS089-D1.pdb:A  SCOP d1p90a_
  349      0.4263          -0     0.07587     1.396   211    3   12      0.9858    0    293     15    293     13    T0975TS089-D1.pdb:A  SCOP d1y63a_
  350      0.4259          -0      0.6658     1.576   216    3    9      0.9722    0    293     15    293     15    T0975TS089-D1.pdb:A  SCOP d1dy8.1
  351      0.4257          -0      0.7911     2.090   233    3   14      0.9657    0    293     15    293     14    T0975TS089-D1.pdb:A  SCOP d1m46a_
  352      0.4252          -0      0.8465     1.713   220    3   10      0.9864    0    293     15    293      9    T0975TS089-D1.pdb:A  SCOP d1dg9a_
  353      0.4252          -0      0.4991     1.582   216    3   11      0.9861    0    293     15    293     10    T0975TS089-D1.pdb:A  SCOP d1pzma_
  354      0.4251          -0      0.2861     1.480   213    3   14      0.9671    0    293     15    293     14    T0975TS089-D1.pdb:A  SCOP d1isga_
  355      0.4248          -0       4.541     0.000   142    3    5           1    0    293     15    162     14    T0975TS089-D1.pdb:A  SCOP d1h6da1
  356      0.4248          -0       1.476     1.482   213    3   11      0.9859    0    293     15    293     15    T0975TS089-D1.pdb:A  SCOP d1o5oa_
  357      0.4245          -0      0.9695     1.520   214    4   14      0.9813    0    293     15    293     19    T0975TS089-D1.pdb:A  SCOP d1j1ia_
  358      0.4241          -0       1.945     0.000   178    3   10           1    0    293     15    255     15    T0975TS089-D1.pdb:A  SCOP d1u0za1
  359      0.4224          -0     0.02674     2.032   230    3   10      0.9783    0    293     15    293     12    T0975TS089-D1.pdb:A  SCOP d1gswa_
  360      0.4224          -0     0.02674     2.032   230    3   10      0.9783    0    293     15    293     12    T0975TS089-D1.pdb:A  SCOP d1f98a_
  361      0.4218          -0      0.5345     1.438   211    3   12      0.9858    0    293     15    293     14    T0975TS089-D1.pdb:A  SCOP d1gzfa_
  362      0.4211          -0       2.337     1.617   216    4   12      0.9676    0    293     15    293     18    T0975TS089-D1.pdb:A  SCOP d1kwsa_
  363      0.4211          -0       2.337     1.617   216    4   12      0.9676    0    293     15    293     19    T0975TS089-D1.pdb:A  SCOP d1fgga_
  364      0.4208          -0       0.445     1.517   213    3   13      0.9718    0    293     15    293     10    T0975TS089-D1.pdb:A  SCOP d1ojga_
  365      0.4205          -0       1.266     2.184   235    3   10      0.9872    0    293     15    293     13    T0975TS089-D1.pdb:A  SCOP d1rb7a_
  366      0.4204          -0       3.157     2.290   239    3   10      0.9833    0    293     15    293     15    T0975TS089-D1.pdb:A  SCOP d1txja_
  367      0.4201          -0    0.009138     1.301   207    3   12      0.9614    0    293     15    293     10    T0975TS089-D1.pdb:A  SCOP d1is8a_
  368      0.4193          -0       1.945     0.000   177    3   10           1    0    293     15    255     15    T0975TS089-D1.pdb:A  SCOP d1yt1a1
  369       0.419          -0       2.431     1.272   206    3   10      0.9854    0    293     15    293     11    T0975TS089-D1.pdb:A  SCOP d1oqva_
  370      0.4189          -0      0.9599     1.636   216    3   10       0.963    0    293     15    293      9    T0975TS089-D1.pdb:A  SCOP d1j3ga_
  371      0.4182          -0      0.1511     1.831   222    3   11       0.964    0    293     15    293      9    T0975TS089-D1.pdb:A  SCOP d1ahra_
  372      0.4181          -0       4.541     0.000   140    3    5           1    0    293     15    160     14    T0975TS089-D1.pdb:A  SCOP d1h6aa1
  373      0.4181          -0       4.541     0.000   140    3    5           1    0    293     15    160     14    T0975TS089-D1.pdb:A  SCOP d1h6ca1
  374      0.4176          -0     0.04492     2.041   229    3   11      0.9782    0    293     15    293     13    T0975TS089-D1.pdb:A  SCOP d1g3ga_
  375      0.4173          -0      0.5529     1.583   214    4   12       0.972    0    293     15    293     15    T0975TS089-D1.pdb:A  SCOP d1prxa_
  376      0.4169          -0       2.213     2.102   231    3    9       0.987    0    293     15    293     13    T0975TS089-D1.pdb:A  SCOP d1ltla_
  377      0.4151          -0      0.7905     1.635   215    3   10      0.9581    0    293     15    293     15    T0975TS089-D1.pdb:A  SCOP d1dxp.1
  378      0.4151          -0      0.2618     1.001   199    3   12      0.9648    0    293     15    293     13    T0975TS089-D1.pdb:A  SCOP d1okba_
  379      0.4149          -0       1.174     1.637   215    3    9      0.9953    0    293     15    293     10    T0975TS089-D1.pdb:A  SCOP d1v7oa_
  380      0.4147          -0      0.4634     1.768   219    4    9      0.9726    0    293     15    293     12    T0975TS089-D1.pdb:A  SCOP d1d7ca_
  381      0.4147          -0      0.4634     1.768   219    4    9      0.9726    0    293     15    293     12    T0975TS089-D1.pdb:A  SCOP d1d7ba_
  382      0.4147          -0      0.4634     1.768   219    4    9      0.9726    0    293     15    293     12    T0975TS089-D1.pdb:A  SCOP d1pl3a_
  383      0.4147          -0      0.4634     1.768   219    4    9      0.9726    0    293     15    293     12    T0975TS089-D1.pdb:A  SCOP d1d7da_
  384      0.4146          -0       1.945     0.000   176    3   10           1    0    293     15    255     15    T0975TS089-D1.pdb:A  SCOP d2h8ma1
  385      0.4133          -0       2.967     1.478   210    3   10       0.981    0    293     15    293     15    T0975TS089-D1.pdb:A  SCOP d1v2xa_
  386      0.4121          -0       4.541     0.000   139    3    6           1    0    293     15    160     14    T0975TS089-D1.pdb:A  SCOP d1h6ba1
  387       0.412          -0      0.9295     1.628   214    3   12      0.9673    0    293     15    293     14    T0975TS089-D1.pdb:A  SCOP d1svia_
  388      0.4119          -0      0.6136     1.418   208    3   10      0.9808    0    293     15    293     10    T0975TS089-D1.pdb:A  SCOP d1olna_
  389      0.4119          -0       1.225     0.882   196    3   14      0.9847    0    293     15    293     15    T0975TS089-D1.pdb:A  SCOP d1nfqa_
  390      0.4118          -0       2.208     1.664   215    3    9      0.9674    0    293     15    293     13    T0975TS089-D1.pdb:A  SCOP d1m7ha_
  391      0.4107          -0      0.2618     1.003   198    3   13      0.9646    0    293     15    293     12    T0975TS089-D1.pdb:A  SCOP d1q3fa_
  392      0.4075          -0       2.523     1.460   208    4   11      0.9856    0    293     15    293     18    T0975TS089-D1.pdb:A  SCOP d1obda_
  393      0.4074          -0      0.6425     1.702   215    3   10       0.986    0    293     15    293     12    T0975TS089-D1.pdb:A  SCOP d1m55a_
  394      0.4068          -0      0.7457     1.538   210    3   11      0.9714    0    293     15    293     11    T0975TS089-D1.pdb:A  SCOP d1tiqa_
  395      0.4054          -0     0.05432     1.875   220    3   12      0.9727    0    293     15    293     11    T0975TS089-D1.pdb:A  SCOP d1q5xa_
  396      0.4054          -0     0.05432     1.875   220    3   12      0.9727    0    293     15    293     11    T0975TS089-D1.pdb:A  SCOP d1q5xa_
  397      0.4039          -0      0.0638     1.857   219    3   10      0.9589    0    293     15    293     12    T0975TS089-D1.pdb:A  SCOP d1mi8a_
  398      0.4037          -0      0.4752     1.889   220    3    9      0.9864    0    293     15    293     15    T0975TS089-D1.pdb:A  SCOP d1l1na_
  399      0.4029          -0       2.311     2.155   229    3   13      0.9913    0    293     15    293     15    T0975TS089-D1.pdb:A  SCOP d1pt9a_
  400      0.4027          -0       1.224     0.615   150    3    7      0.9733    0    293     15    183     15    T0975TS089-D1.pdb:A  SCOP d2d5na1
  401      0.4021          -0      0.2618     1.008   196    3   13      0.9643    0    293     15    293     12    T0975TS089-D1.pdb:A  SCOP d1emja_
  402      0.4021          -0      0.2618     1.008   196    3   13      0.9643    0    293     15    293     12    T0975TS089-D1.pdb:A  SCOP d1emha_
  403      0.4017          -0      0.2849     1.876   219    3   13      0.9635    0    293     15    293     15    T0975TS089-D1.pdb:A  SCOP d1q0ta_
  404      0.4009          -0       1.862     1.557   209    3    9      0.9809    0    293     15    293     14    T0975TS089-D1.pdb:A  SCOP d1uuga_
  405      0.3993          -0       1.442     1.706   213    3   11      0.9624    0    293     15    293     13    T0975TS089-D1.pdb:A  SCOP d1hjla_
  406       0.399          -0      0.1417     1.773   215    3   11      0.9535    0    293     15    293     15    T0975TS089-D1.pdb:A  SCOP d1xcca_
  407       0.399          -0      0.3582     2.102   226    3    9      0.9735    0    293     15    293      8    T0975TS089-D1.pdb:A  SCOP d1qdva_
  408       0.399          -0       2.198     1.391   204    3   10      0.9804    0    293     15    293     15    T0975TS089-D1.pdb:A  SCOP d2uuga_
  409      0.3989          -0       1.557     1.272   201    3   14      0.9851    0    293     15    293     12    T0975TS089-D1.pdb:A  SCOP d1a2ja_
  410      0.3987          -0     0.01334     1.645   211    3   12      0.9526    0    293     15    293     12    T0975TS089-D1.pdb:A  SCOP d1fuea_
  411      0.3983          -0       2.584     0.578   169    3    9      0.9763    0    293     15    236     15    T0975TS089-D1.pdb:A  SCOP d2bgga1
  412      0.3972          -0       1.154     0.617   149    3    8      0.9732    0    293     15    183     15    T0975TS089-D1.pdb:A  SCOP d2b3za1
  413      0.3959          -0       1.125     1.459   205    3   12      0.9854    0    293     15    293     13    T0975TS089-D1.pdb:A  SCOP d1w0ha_
  414      0.3943          -0       2.098     1.782   214    3   10      0.9813    0    293     15    293     12    T0975TS089-D1.pdb:A  SCOP d1vgga_
  415      0.3934          -0      0.9186     1.914   218    3   10      0.9725    0    293     15    293     10    T0975TS089-D1.pdb:A  SCOP d1v4pa_
  416      0.3929          -0      0.5721     1.888   217    3   11      0.9816    0    293     15    293     12    T0975TS089-D1.pdb:A  SCOP d1v9ha_
  417      0.3918          -0      0.3445     1.345   201    3    9      0.9801    0    293     15    293     12    T0975TS089-D1.pdb:A  SCOP d1tk1a_
  418      0.3901          -0       1.464     1.478   204    3   12      0.9804    0    293     15    293     13    T0975TS089-D1.pdb:A  SCOP d1orna_
  419      0.3895          -0     0.01626     1.727   211    3   10      0.9668    0    293     15    293      8    T0975TS089-D1.pdb:A  SCOP d1gm0a_
  420      0.3874          -0    0.001699     1.713   210    3   11      0.9476    0    293     15    293     15    T0975TS089-D1.pdb:A  SCOP d1ydha_
  421      0.3869          -0       2.929     2.115   223    3   15      0.9596    0    293     15    293     15    T0975TS089-D1.pdb:A  SCOP d1o9ha_
  422      0.3859          -0       1.464     1.482   203    3   12      0.9803    0    293     15    293     13    T0975TS089-D1.pdb:A  SCOP d1p59a_
  423      0.3855          -0       2.384     1.730   210    3   12      0.9714    0    293     15    293     11    T0975TS089-D1.pdb:A  SCOP d1a24a_
  424      0.3848          -0       1.283     1.769   211    3   10      0.9716    0    293     15    293     10    T0975TS089-D1.pdb:A  SCOP d1shca_
  425      0.3839          -0       1.785     1.426   201    3   12      0.9801    0    293     15    293     13    T0975TS089-D1.pdb:A  SCOP d1orpa_
  426      0.3835          -0       1.393     1.541   204    3   13      0.9804    0    293     15    293     13    T0975TS089-D1.pdb:A  SCOP d1a41a_
  427      0.3828          -0      0.9078     1.233   196    3   14      0.9643    0    293     15    293     15    T0975TS089-D1.pdb:A  SCOP d1i01a_
  428      0.3808          -0       2.138     1.706   208    3   11      0.9615    0    293     15    293     15    T0975TS089-D1.pdb:A  SCOP d1h2fa_
  429      0.3808          -0       2.138     1.706   208    3   11      0.9615    0    293     15    293     15    T0975TS089-D1.pdb:A  SCOP d1h2ea_
  430      0.3807          -0      0.9983     1.256   196    3   15      0.9796    0    293     15    293     12    T0975TS089-D1.pdb:A  SCOP d1ldaa_
  431      0.3794          -0      0.2111     1.973   216    3   11      0.9722    0    293     15    293     14    T0975TS089-D1.pdb:A  SCOP d1rgq.1
  432       0.379          -0      0.4679     1.654   206    3   10       0.966    0    293     15    293      4    T0975TS089-D1.pdb:A  SCOP d1s4za_
  433      0.3782          -0      0.2058     1.891   213    3   10      0.9671    0    293     15    293     13    T0975TS089-D1.pdb:A  SCOP d1j3la_
  434      0.3773          -0       1.725     2.109   220    3    9      0.9727    0    293     15    293      9    T0975TS089-D1.pdb:A  SCOP d1rfsa_
  435      0.3759          -0      0.8559     1.942   214    3   11      0.9626    0    293     15    293     13    T0975TS089-D1.pdb:A  SCOP d1atua_
  436      0.3756          -0       1.484     1.433   199    3   13      0.9799    0    293     15    293     13    T0975TS089-D1.pdb:A  SCOP d1orna_
  437      0.3745          -0       1.337     1.730   207    3   11      0.9614    0    293     15    293     13    T0975TS089-D1.pdb:A  SCOP d1hjla_
  438      0.3745          -0       1.337     1.730   207    3   11      0.9614    0    293     15    293     13    T0975TS089-D1.pdb:A  SCOP d1h4da_
  439      0.3745          -0       1.337     1.730   207    3   11      0.9614    0    293     15    293     13    T0975TS089-D1.pdb:A  SCOP d1hjja_
  440      0.3743          -0      0.5311     2.017   216    3   10      0.9722    0    293     15    293     10    T0975TS089-D1.pdb:A  SCOP d1ov8a_
  441      0.3743          -0      0.5311     2.017   216    3   10      0.9722    0    293     15    293     10    T0975TS089-D1.pdb:A  SCOP d1qhqa_
  442       0.374          -0       3.298     1.524   201    3    8      0.9801    0    293     15    293     11    T0975TS089-D1.pdb:A  SCOP d1c06a_
  443       0.374          -0       1.274     1.449   199    3   10      0.9799    0    293     15    293     15    T0975TS089-D1.pdb:A  SCOP d4pgma_
  444       0.374          -0       3.157     1.525   201    3    9      0.9801    0    293     15    293     15    T0975TS089-D1.pdb:A  SCOP d1ds9a_
  445       0.373          -0      0.8746     1.937   213    3   10      0.9718    0    293     15    293     10    T0975TS089-D1.pdb:A  SCOP d1v7oa_
  446      0.3711          -0       2.337     1.441   198    4   14      0.9747    0    293     15    293     18    T0975TS089-D1.pdb:A  SCOP d1gzja_
  447      0.3707          -0     0.03643     1.629   203    4   11      0.9655    0    293     15    293     14    T0975TS089-D1.pdb:A  SCOP d1ihca_
  448      0.3707          -0     0.03643     1.629   203    4   11      0.9655    0    293     15    293     14    T0975TS089-D1.pdb:A  SCOP d1jlja_
  449      0.3705          -0       1.337     1.734   206    3   11      0.9612    0    293     15    293     13    T0975TS089-D1.pdb:A  SCOP d1h4ca_
  450      0.3705          -0       1.337     1.734   206    3   11      0.9612    0    293     15    293     13    T0975TS089-D1.pdb:A  SCOP d1e5ka_
  451      0.3705          -0       1.337     1.734   206    3   11      0.9612    0    293     15    293     13    T0975TS089-D1.pdb:A  SCOP d1h4ea_
  452        0.37          -0       1.051     1.452   198    3   12      0.9798    0    293     15    293     14    T0975TS089-D1.pdb:A  SCOP d1j90a_
  453      0.3693          -0      0.1868     2.060   216    3   12      0.9583    0    293     15    293     14    T0975TS089-D1.pdb:A  SCOP d1kzna_
  454      0.3692          -0       2.524     1.779   207    3   13      0.9662    0    293     15    293     12    T0975TS089-D1.pdb:A  SCOP d1a23a_
  455      0.3692          -0       1.393     1.780   207    3   12      0.9662    0    293     15    293     11    T0975TS089-D1.pdb:A  SCOP d1a24a_
  456      0.3686          -0       1.066     2.096   217    3    8      0.9724    0    293     15    293      9    T0975TS089-D1.pdb:A  SCOP d1buoa_
  457      0.3678          -0       3.364     2.358   226    3    9      0.9823    0    293     15    293     11    T0975TS089-D1.pdb:A  SCOP d1cv8a_
  458      0.3671          -0     0.01658     1.958   212    3    8      0.9858    0    293     15    293      8    T0975TS089-D1.pdb:A  SCOP d1rn4a_
  459      0.3671          -0     0.01658     1.958   212    3    8      0.9858    0    293     15    293      8    T0975TS089-D1.pdb:A  SCOP d1rn4a_
  460      0.3668          -0       1.333     1.701   204    3   11      0.9657    0    293     15    293      9    T0975TS089-D1.pdb:A  SCOP d1odda_
  461      0.3663          -0       0.731     1.935   211    4   13      0.9953    0    293     15    293     19    T0975TS089-D1.pdb:A  SCOP d1nnla_
  462       0.366          -0       1.975     1.842   208    3   11      0.9712    0    293     15    293     14    T0975TS089-D1.pdb:A  SCOP d1mqea_
  463      0.3657          -0      0.4912     2.208   220    3   13      0.9818    0    293     15    293     14    T0975TS089-D1.pdb:A  SCOP d1r44a_
  464      0.3654          -0      0.1371     1.911   210    3   12      0.9714    0    293     15    293     14    T0975TS089-D1.pdb:A  SCOP d1g2qa_
  465      0.3638          -0       2.938     1.399   195    3    9      0.9795    0    293     15    293     15    T0975TS089-D1.pdb:A  SCOP d1bt1a_
  466      0.3633          -0       4.285     2.053   214    4   10      0.9673    0    293     15    293     17    T0975TS089-D1.pdb:A  SCOP d1ad4a_
  467      0.3627          -0       1.965     2.291   222    3    9       0.973    0    293     15    293      9    T0975TS089-D1.pdb:A  SCOP d1r29a_
  468      0.3627          -0       1.665     2.291   222    3    9       0.973    0    293     15    293     10    T0975TS089-D1.pdb:A  SCOP d1r28a_
  469      0.3627          -0       1.625     2.291   222    3    9       0.973    0    293     15    293      9    T0975TS089-D1.pdb:A  SCOP d1r2ba_
  470       0.362          -0       2.516     1.846   207    3   11       0.971    0    293     15    293     15    T0975TS089-D1.pdb:A  SCOP d1mqwa_
  471       0.362          -0       1.975     1.846   207    3   11       0.971    0    293     15    293     14    T0975TS089-D1.pdb:A  SCOP d1mk1a_
  472      0.3619          -0       2.986     1.535   198    3    8      0.9798    0    293     15    293     11    T0975TS089-D1.pdb:A  SCOP d1c05a_
  473      0.3617          -0     0.03684     2.007   212    3   11       0.967    0    293     15    293     15    T0975TS089-D1.pdb:A  SCOP d1orea_
  474      0.3611          -0      0.4679     1.617   200    3   10       0.965    0    293     15    293      4    T0975TS089-D1.pdb:A  SCOP d1s4za_
  475      0.3605          -0       4.563     2.018   212    3    6      0.9811    0    293     15    293     14    T0975TS089-D1.pdb:A  SCOP d1at3a_
  476      0.3593          -0      0.2748     1.282   191    3   12      0.9843    0    293     15    293     15    T0975TS089-D1.pdb:A  SCOP d1e3wa_
  477      0.3591          -0     0.01244     2.265   220    3   11      0.9909    0    293     15    293     12    T0975TS089-D1.pdb:A  SCOP d1j4oa_
  478      0.3578          -0       3.912     1.502   196    4   12      0.9847    0    293     15    293     20    T0975TS089-D1.pdb:A  SCOP d2nipa_
  479      0.3578          -0       3.912     1.502   196    4   12      0.9847    0    293     15    293     20    T0975TS089-D1.pdb:A  SCOP d1g5pa_
  480      0.3577          -0       2.714     2.278   220    3   13      0.9682    0    293     15    293     14    T0975TS089-D1.pdb:A  SCOP d1weia_
  481      0.3572          -0    0.003401     1.891   207    3   14      0.9227    0    293     15    293     14    T0975TS089-D1.pdb:A  SCOP d1rf8a_
  482      0.3571          -0       1.638     1.620   199    3   10      0.9849    0    293     15    293     15    T0975TS089-D1.pdb:A  SCOP d1ex7a_
  483       0.357          -0      0.4078     1.076   186    3   12      0.9839    0    293     15    293     15    T0975TS089-D1.pdb:A  SCOP d1lbea_
  484      0.3566          -0     0.03501     2.453   226    3   10      0.9735    0    293     15    293      8    T0975TS089-D1.pdb:A  SCOP d1h1ha_
  485      0.3555          -0       1.589     2.152   215    3    7       0.986    0    293     15    293      7    T0975TS089-D1.pdb:A  SCOP d2cjoa_
  486      0.3555          -0       1.514     1.707   201    3   10      0.9801    0    293     15    293     14    T0975TS089-D1.pdb:A  SCOP d1e3sa_
  487      0.3547          -0      0.3575     2.442   225    3   13      0.9644    0    293     15    293     10    T0975TS089-D1.pdb:A  SCOP d1knza_
  488      0.3539          -0       0.884     1.580   197    3    9      0.9848    0    293     15    293     15    T0975TS089-D1.pdb:A  SCOP d1grca_
  489      0.3539          -0        2.34     1.580   197    3    9      0.9848    0    293     15    293     15    T0975TS089-D1.pdb:A  SCOP d1cdda_
  490      0.3539          -0       1.204     1.580   197    3    9      0.9848    0    293     15    293     15    T0975TS089-D1.pdb:A  SCOP d1gara_
  491      0.3539          -0      0.4231     1.580   197    3    9      0.9848    0    293     15    293     15    T0975TS089-D1.pdb:A  SCOP d1gara_
  492      0.3533          -0       1.554     1.797   203    3   13      0.9655    0    293     15    293     12    T0975TS089-D1.pdb:A  SCOP d1a23a_
  493      0.3527          -0       2.262     1.517   195    3   11      0.9641    0    293     15    293     11    T0975TS089-D1.pdb:A  SCOP d1n0ga_
  494      0.3527          -0      0.6484     2.567   229    4   13      0.9869    0    293     15    293     17    T0975TS089-D1.pdb:A  SCOP d1jjca_
