<html><head></head><body><pre style="word-wrap: break-word; white-space: pre-wrap;"> PDBe Fold v2.59. (src3) 14 Apr 2014 result file.

                   RESULT SUMMARY

   ##      Q-score      P-score     Z-score   RMSD    Nalgn Nsse Ngaps Seq-%     Nmd Nres-Q Nsse-Q Nres-T Nsse-T Query Target
    1      0.9646          -0  1.798e+308     0.000   110    2    1           1    0    112      7    112      6    T0989TS197-D2.pdb:A  SCOP d4aita_
    2      0.9646          -0  1.798e+308     0.000   110    2    1           1    0    112      7    112      6    T0989TS197-D2.pdb:A  SCOP d4aita_
    3      0.9646          -0  1.798e+308     0.000   110    3    1           1    0    112      7    112      8    T0989TS197-D2.pdb:A  SCOP d1nina_
    4      0.9646          -0  1.798e+308     0.000   110    2    1           1    0    112      7    112      9    T0989TS197-D2.pdb:A  SCOP d1j5da_
    5      0.9646          -0  1.798e+308     0.000   110    2    1           1    0    112      7    112      8    T0989TS197-D2.pdb:A  SCOP d1jxfa_
    6      0.9646          -0  1.798e+308     0.000   110    2    1           1    0    112      7    112      9    T0989TS197-D2.pdb:A  SCOP d2b3ia_
    7      0.9646          -0  1.798e+308     0.000   110    3    1           1    0    112      7    112     11    T0989TS197-D2.pdb:A  SCOP d1jzia_
    8      0.9646          -0  1.798e+308     0.000   110    3    1           1    0    112      7    112      9    T0989TS197-D2.pdb:A  SCOP d1ilua_
    9      0.9646          -0  1.798e+308     0.000   110    2    1           1    0    112      7    112      6    T0989TS197-D2.pdb:A  SCOP d1n6za_
   10      0.9646          -0  1.798e+308     0.000   110    2    1           1    0    112      7    112      6    T0989TS197-D2.pdb:A  SCOP d1n6za_
   11      0.9646          -0  1.798e+308     0.000   110    2    1           1    0    112      7    112      5    T0989TS197-D2.pdb:A  SCOP d1imua_
   12      0.9646          -0  1.798e+308     0.000   110    3    1           1    0    112      7    112      6    T0989TS197-D2.pdb:A  SCOP d1nfja_
   13      0.9646          -0  1.798e+308     0.000   110    2    1           1    0    112      7    112      6    T0989TS197-D2.pdb:A  SCOP d1je3a_
   14      0.9646          -0  1.798e+308     0.000   110    3    1           1    0    112      7    112      9    T0989TS197-D2.pdb:A  SCOP d1bcia_
   15      0.9646          -0       3.743     0.000   110    3    1           1    0    112      7    112      9    T0989TS197-D2.pdb:A  SCOP d1rsya_
   16      0.9646    0.008273       4.604     0.000   110    3    1           1    0    112      7    112      8    T0989TS197-D2.pdb:A  SCOP d1byna_
   17      0.9646          -0       3.743     0.000   110    3    1           1    0    112      7    112      8    T0989TS197-D2.pdb:A  SCOP d1byna_
   18      0.9646          -0  1.798e+308     0.000   110    2    1           1    0    112      7    112      8    T0989TS197-D2.pdb:A  SCOP d1ugka_
   19      0.9646          -0  1.798e+308     0.000   110    2    1           1    0    112      7    112      6    T0989TS197-D2.pdb:A  SCOP d1y0na_
   20      0.9646          -0  1.798e+308     0.000   110    3    1           1    0    112      7    112      8    T0989TS197-D2.pdb:A  SCOP d1ugka_
   21      0.9646          -0  1.798e+308     0.000   110    2    1           1    0    112      7    112      8    T0989TS197-D2.pdb:A  SCOP d1ugka_
   22      0.9646          -0        2.93     0.000   110    3    1           1    0    112      7    112     11    T0989TS197-D2.pdb:A  SCOP d1dsya_
   23      0.9646    2.85e-14        4.51     0.000   110    2    1           1    0    112      7    112     10    T0989TS197-D2.pdb:A  SCOP d1a25a_
   24      0.9646          -0  1.798e+308     0.000   110    3    1           1    0    112      7    112      9    T0989TS197-D2.pdb:A  SCOP d3rpba_
   25      0.9646          -0  1.798e+308     0.000   110    4    1           1    0    112      7    112      8    T0989TS197-D2.pdb:A  SCOP d1wfma_
   26      0.9646          -0  1.798e+308     0.000   110    2    1           1    0    112      7    112      6    T0989TS197-D2.pdb:A  SCOP d1nxia_
   27      0.9646          -0  1.798e+308     0.000   110    2    1           1    0    112      7    112      6    T0989TS197-D2.pdb:A  SCOP d1cpza_
   28      0.9646          -0  1.798e+308     0.000   110    2    1           1    0    112      7    112      6    T0989TS197-D2.pdb:A  SCOP d1tl5a_
   29      0.9646          -0  1.798e+308     0.000   110    2    1           1    0    112      7    112      6    T0989TS197-D2.pdb:A  SCOP d1aw0a_
   30      0.9646          -0  1.798e+308     0.000   110    3    1           1    0    112      7    112      9    T0989TS197-D2.pdb:A  SCOP d1ivta_
   31      0.9646          -0  1.798e+308     0.000   110    3    1           1    0    112      7    112      9    T0989TS197-D2.pdb:A  SCOP d1ufga_
   32      0.9646          -0  1.798e+308     0.000   110    3    1           1    0    112      7    112      9    T0989TS197-D2.pdb:A  SCOP d1ufga_
   33      0.9646          -0  1.798e+308     0.000   110    2    1           1    0    112      7    112      6    T0989TS197-D2.pdb:A  SCOP d1fhsa_
   34      0.9646          -0  1.798e+308     0.000   110    2    1           1    0    112      7    112      9    T0989TS197-D2.pdb:A  SCOP d3mspa_
   35      0.9646          -0  1.798e+308     0.000   110    2    1           1    0    112      7    112      9    T0989TS197-D2.pdb:A  SCOP d3mspa_
   36      0.9646          -0       1.325     0.000   110    2    1           1    0    112      7    112      8    T0989TS197-D2.pdb:A  SCOP d1m1sa_
   37      0.9646          -0  1.798e+308     0.000   110    4    1           1    0    112      7    112      7    T0989TS197-D2.pdb:A  SCOP d1wica_
   38      0.9646          -0  1.798e+308     0.000   110    3    1           1    0    112      7    112      9    T0989TS197-D2.pdb:A  SCOP d1exha_
   39      0.9646          -0  1.798e+308     0.000   110    3    1           1    0    112      7    112      9    T0989TS197-D2.pdb:A  SCOP d1exha_
   40      0.9646      0.3324       3.052     0.000   110    2    1           1    0    112      7    112      6    T0989TS197-D2.pdb:A  SCOP d1f1wa_
   41      0.9646          -0  1.798e+308     0.000   110    2    1           1    0    112      7    112      7    T0989TS197-D2.pdb:A  SCOP d2xbda_
   42      0.9646          -0  1.798e+308     0.000   110    3    1           1    0    112      7    112     10    T0989TS197-D2.pdb:A  SCOP d1bv8a_
   43      0.9646          -0  1.798e+308     0.000   110    4    1           1    0    112      7    112     10    T0989TS197-D2.pdb:A  SCOP d1bv8a_
   44      0.9646          -0  1.798e+308     0.000   110    2    1           1    0    112      7    112      7    T0989TS197-D2.pdb:A  SCOP d1co1a_
   45      0.9646          -0  1.798e+308     0.000   110    2    1           1    0    112      7    112      6    T0989TS197-D2.pdb:A  SCOP d1kula_
   46      0.9646          -0  1.798e+308     0.000   110    2    1           1    0    112      7    112      8    T0989TS197-D2.pdb:A  SCOP d1acza_
   47      0.9646          -0  1.798e+308     0.000   110    2    1           1    0    112      7    112      8    T0989TS197-D2.pdb:A  SCOP d1acza_
   48      0.9646          -0  1.798e+308     0.000   110    2    1           1    0    112      7    112      8    T0989TS197-D2.pdb:A  SCOP d1acza_
   49      0.9646          -0  1.798e+308     0.000   110    2    1           1    0    112      7    112      8    T0989TS197-D2.pdb:A  SCOP d1kuma_
   50      0.9646          -0  1.798e+308     0.000   110    2    1           1    0    112      7    112      8    T0989TS197-D2.pdb:A  SCOP d1kuma_
   51      0.9646          -0  1.798e+308     0.000   110    3    1           1    0    112      7    112      8    T0989TS197-D2.pdb:A  SCOP d1sn2a_
   52      0.9646          -0  1.798e+308     0.000   110    2    1           1    0    112      7    112      8    T0989TS197-D2.pdb:A  SCOP d1sn2a_
   53      0.9646          -0  1.798e+308     0.000   110    2    1           1    0    112      7    112      8    T0989TS197-D2.pdb:A  SCOP d1sn2a_
   54      0.9646          -0  1.798e+308     0.000   110    3    1           1    0    112      7    112      9    T0989TS197-D2.pdb:A  SCOP d1sn5a_
   55      0.9646          -0  1.798e+308     0.000   110    3    1           1    0    112      7    112      8    T0989TS197-D2.pdb:A  SCOP d1sn0a_
   56      0.9646          -0       3.177     0.000   110    3    1           1    0    112      7    112     15    T0989TS197-D2.pdb:A  SCOP d1bkca_
   57      0.9646          -0  1.798e+308     0.000   110    2    1           1    0    112      7    112      7    T0989TS197-D2.pdb:A  SCOP d1l2ma_
   58      0.9646          -0  1.798e+308     0.000   110    2    1           1    0    112      7    112      8    T0989TS197-D2.pdb:A  SCOP d1soya_
   59      0.9646          -0  1.798e+308     0.000   110    2    1           1    0    112      7    112      8    T0989TS197-D2.pdb:A  SCOP d1uloa_
   60      0.9646          -0  1.798e+308     0.000   110    2    1           1    0    112      7    112     10    T0989TS197-D2.pdb:A  SCOP d1w9sa_
   61      0.9646          -0  1.798e+308     0.000   110    2    1           1    0    112      7    112     10    T0989TS197-D2.pdb:A  SCOP d1w9ta_
   62      0.9646          -0       1.922     0.000   110    3    1           1    0    112      7    112     10    T0989TS197-D2.pdb:A  SCOP d1h7za_
   63      0.9646          -0       1.922     0.000   110    3    1           1    0    112      7    112     10    T0989TS197-D2.pdb:A  SCOP d1h7za_
   64      0.9646          -0       2.066     0.000   110    2    1           1    0    112      7    112      9    T0989TS197-D2.pdb:A  SCOP d1c3ha_
   65      0.9646          -0       2.252     0.000   110    3    1           1    0    112      7    112      8    T0989TS197-D2.pdb:A  SCOP d1c28a_
   66      0.9646          -0       2.144     0.000   110    3    1           1    0    112      7    112      8    T0989TS197-D2.pdb:A  SCOP d1c28a_
   67      0.9646          -0  1.798e+308     0.000   110    2    1           1    0    112      7    112      8    T0989TS197-D2.pdb:A  SCOP d1v9ja_
   68      0.9646          -0  1.798e+308     0.000   110    2    1           1    0    112      7    112      7    T0989TS197-D2.pdb:A  SCOP d1khma_
   69      0.9646          -0  1.798e+308     0.000   110    2    1           1    0    112      7    112      7    T0989TS197-D2.pdb:A  SCOP d1khma_
   70      0.9646          -0  1.798e+308     0.000   110    2    1           1    0    112      7    112      7    T0989TS197-D2.pdb:A  SCOP d1khma_
   71      0.9646          -0  1.798e+308     0.000   110    2    1           1    0    112      7    112      5    T0989TS197-D2.pdb:A  SCOP d1kvva_
   72      0.9646          -0  1.798e+308     0.000   110    3    1           1    0    112      7    112      6    T0989TS197-D2.pdb:A  SCOP d1uila_
   73      0.9646          -0  1.798e+308     0.000   110    2    1           1    0    112      7    112      6    T0989TS197-D2.pdb:A  SCOP d1t4na_
   74      0.9646          -0       2.545     0.000   110    3    1           1    0    112      7    112     12    T0989TS197-D2.pdb:A  SCOP d1kxga_
   75      0.9646   0.0008664       4.303     0.000   110    4    1           1    0    112      7    112     12    T0989TS197-D2.pdb:A  SCOP d1kxga_
   76      0.9646          -0       2.545     0.000   110    3    1           1    0    112      7    112     12    T0989TS197-D2.pdb:A  SCOP d1kxga_
   77      0.9646          -0  1.798e+308     0.000   110    2    1           1    0    112      7    112      5    T0989TS197-D2.pdb:A  SCOP d1stua_
   78      0.9646          -0       2.449     0.000   110    3    1           1    0    112      7    112     12    T0989TS197-D2.pdb:A  SCOP d1osga_
   79      0.9646   0.0008664       4.303     0.000   110    4    1           1    0    112      7    112     12    T0989TS197-D2.pdb:A  SCOP d1osga_
   80      0.9646          -0       4.702     0.000   110    3    1           1    0    112      7    112     12    T0989TS197-D2.pdb:A  SCOP d1osga_
   81      0.9646          -0       2.623     0.000   110    3    1           1    0    112      7    112     12    T0989TS197-D2.pdb:A  SCOP d1osga_
   82      0.9646          -0       1.496     0.000   110    3    1           1    0    112      7    112     12    T0989TS197-D2.pdb:A  SCOP d1osga_
   83      0.9646        1.13       5.255     0.000   110    2    1           1    0    112      7    112      7    T0989TS197-D2.pdb:A  SCOP d1pk6a_
   84      0.9646          -0  1.798e+308     0.000   110    4    1           1    0    112      7    112     11    T0989TS197-D2.pdb:A  SCOP d1kd6a_
   85      0.9646          -0       3.628     0.000   110    2    1           1    0    112      7    112     10    T0989TS197-D2.pdb:A  SCOP d1mh6a_
   86      0.9646          -0       4.138     0.000   110    2    1           1    0    112      7    112     10    T0989TS197-D2.pdb:A  SCOP d1mh6a_
   87      0.9646          -0  1.798e+308     0.000   110    3    1           1    0    112      7    112     11    T0989TS197-D2.pdb:A  SCOP d1k2na_
   88      0.9646          -0  1.798e+308     0.000   110    2    1           1    0    112      7    112      6    T0989TS197-D2.pdb:A  SCOP d1fvsa_
   89      0.9646          -0  1.798e+308     0.000   110    2    1           1    0    112      7    112      6    T0989TS197-D2.pdb:A  SCOP d1fvqa_
   90      0.9646          -0  1.798e+308     0.000   110    2    1           1    0    112      7    112      6    T0989TS197-D2.pdb:A  SCOP d1fvqa_
   91      0.9646          -0  1.798e+308     0.000   110    2    1           1    0    112      7    112      8    T0989TS197-D2.pdb:A  SCOP d1nz8a_
   92      0.9646          -0  1.798e+308     0.000   110    2    1           1    0    112      7    112      6    T0989TS197-D2.pdb:A  SCOP d1b64a_
   93      0.9646          -0  1.798e+308     0.000   110    2    1           1    0    112      7    112      9    T0989TS197-D2.pdb:A  SCOP d1npsa_
   94      0.9646          -0  1.798e+308     0.000   110    3    1           1    0    112      7    112      7    T0989TS197-D2.pdb:A  SCOP d1gh5a_
   95      0.9646          -0  1.798e+308     0.000   110    2    1           1    0    112      7    112      7    T0989TS197-D2.pdb:A  SCOP d1wf0a_
   96      0.9646          -0  1.798e+308     0.000   110    2    1           1    0    112      7    112      8    T0989TS197-D2.pdb:A  SCOP d1ufwa_
   97      0.9646          -0  1.798e+308     0.000   110    2    1           1    0    112      7    112      6    T0989TS197-D2.pdb:A  SCOP d1uawa_
   98      0.9646          -0  1.798e+308     0.000   110    2    1           1    0    112      7    112      5    T0989TS197-D2.pdb:A  SCOP d1sjqa_
   99      0.9646          -0  1.798e+308     0.000   110    2    1           1    0    112      7    112      5    T0989TS197-D2.pdb:A  SCOP d1u2fa_
  100      0.9646          -0  1.798e+308     0.000   110    3    1           1    0    112      7    112      9    T0989TS197-D2.pdb:A  SCOP d1ckra_
  101      0.9646          -0  1.798e+308     0.000   110    3    1           1    0    112      7    112      9    T0989TS197-D2.pdb:A  SCOP d1ckra_
  102      0.9646          -0  1.798e+308     0.000   110    2    1           1    0    112      7    112      8    T0989TS197-D2.pdb:A  SCOP d1ezsa_
  103      0.9646          -0  1.798e+308     0.000   110    3    1           1    0    112      7    112     13    T0989TS197-D2.pdb:A  SCOP d1ndpa_
  104      0.9646          -0  1.798e+308     0.000   110    2    1           1    0    112      7    112      7    T0989TS197-D2.pdb:A  SCOP d1r6ya_
  105      0.9646          -0  1.798e+308     0.000   110    2    1           1    0    112      7    112      7    T0989TS197-D2.pdb:A  SCOP d1tuva_
  106      0.9646          -0  1.798e+308     0.000   110    2    1           1    0    112      7    112      6    T0989TS197-D2.pdb:A  SCOP d1iuja_
  107      0.9646          -0  1.798e+308     0.000   110    2    1           1    0    112      7    112      7    T0989TS197-D2.pdb:A  SCOP d1dfda_
  108      0.9646          -0       2.066     0.000   110    3    1           1    0    112      7    112     14    T0989TS197-D2.pdb:A  SCOP d1gqpa_
  109      0.9646          -0  1.798e+308     0.000   110    2    1           1    0    112      7    112      6    T0989TS197-D2.pdb:A  SCOP d1ghha_
  110      0.9646          -0  1.798e+308     0.000   110    2    1           1    0    112      7    112      6    T0989TS197-D2.pdb:A  SCOP d1ghha_
  111      0.9646          -0       1.896     0.000   110    3    1           1    0    112      7    112     14    T0989TS197-D2.pdb:A  SCOP d1gqpa_
  112      0.9646          -0  1.798e+308     0.000   110    3    1           1    0    112      7    112     11    T0989TS197-D2.pdb:A  SCOP d1ulpa_
  113      0.9646          -0  1.798e+308     0.000   110    3    1           1    0    112      7    112     11    T0989TS197-D2.pdb:A  SCOP d1ulpa_
  114      0.9646          -0  1.798e+308     0.000   110    3    1           1    0    112      7    112     11    T0989TS197-D2.pdb:A  SCOP d1ulpa_
  115      0.9646          -0  1.798e+308     0.000   110    2    1           1    0    112      7    112      8    T0989TS197-D2.pdb:A  SCOP d1uloa_
  116      0.9646          -0  1.798e+308     0.000   110    2    1           1    0    112      7    112      4    T0989TS197-D2.pdb:A  SCOP d1haea_
  117      0.9646          -0  1.798e+308     0.000   110    2    1           1    0    112      7    112      2    T0989TS197-D2.pdb:A  SCOP d1ixaa_
  118      0.9646          -0  1.798e+308     0.000   110    2    1           1    0    112      7    112      4    T0989TS197-D2.pdb:A  SCOP d1n4na_
  119      0.9646          -0  1.798e+308     0.000   110    2    1           1    0    112      7    112      3    T0989TS197-D2.pdb:A  SCOP d1scya_
  120      0.9646          -0  1.798e+308     0.000   110    2    1           1    0    112      7    112      3    T0989TS197-D2.pdb:A  SCOP d1jlza_
  121      0.9646          -0  1.798e+308     0.000   110    2    1           1    0    112      7    112      4    T0989TS197-D2.pdb:A  SCOP d1lgla_
  122      0.9646          -0  1.798e+308     0.000   110    2    1           1    0    112      7    112      4    T0989TS197-D2.pdb:A  SCOP d1i6ga_
  123      0.9646          -0  1.798e+308     0.000   110    2    1           1    0    112      7    112      4    T0989TS197-D2.pdb:A  SCOP d1vnaa_
  124      0.9646          -0  1.798e+308     0.000   110    2    1           1    0    112      7    112      9    T0989TS197-D2.pdb:A  SCOP d1mm5a_
  125      0.9646          -0  1.798e+308     0.000   110    2    1           1    0    112      7    112      9    T0989TS197-D2.pdb:A  SCOP d1mm5a_
  126      0.9646          -0  1.798e+308     0.000   110    3    1           1    0    112      7    112      8    T0989TS197-D2.pdb:A  SCOP d1g90a_
  127      0.9646          -0  1.798e+308     0.000   110    3    1           1    0    112      7    112      9    T0989TS197-D2.pdb:A  SCOP d1cqka_
  128      0.9646          -0  1.798e+308     0.000   110    3    1           1    0    112      7    112      8    T0989TS197-D2.pdb:A  SCOP d1g84a_
  129      0.9646          -0  1.798e+308     0.000   110    2    1           1    0    112      7    112      9    T0989TS197-D2.pdb:A  SCOP d1egga_
  130      0.9646          -0  1.798e+308     0.000   110    2    1           1    0    112      7    112      8    T0989TS197-D2.pdb:A  SCOP d1egia_
  131      0.9646          -0       2.464     0.000   110    2    1           1    0    112      7    112     10    T0989TS197-D2.pdb:A  SCOP d1hyra_
  132      0.9646          -0  1.798e+308     0.000   110    2    1           1    0    112      7    112      5    T0989TS197-D2.pdb:A  SCOP d1jbia_
  133      0.9646          -0  1.798e+308     0.000   110    2    1           1    0    112      7    112      9    T0989TS197-D2.pdb:A  SCOP d2defa_
  134      0.9646          -0  1.798e+308     0.000   110    4    1           1    0    112      7    112     19    T0989TS197-D2.pdb:A  SCOP d1jpaa_
  135      0.9646          -0  1.798e+308     0.000   110    4    1           1    0    112      7    112     19    T0989TS197-D2.pdb:A  SCOP d1jpaa_
  136      0.9646          -0  1.798e+308     0.000   110    2    1           1    0    112      7    112      7    T0989TS197-D2.pdb:A  SCOP d1pd6a_
  137      0.9646          -0  1.798e+308     0.000   110    2    1           1    0    112      7    112      7    T0989TS197-D2.pdb:A  SCOP d1ncua_
  138      0.9646          -0  1.798e+308     0.000   110    2    1           1    0    112      7    112      6    T0989TS197-D2.pdb:A  SCOP d1tnna_
  139      0.9646          -0       3.669     0.000   110    2    1           1    0    112      7    112      9    T0989TS197-D2.pdb:A  SCOP d1bfta_
  140      0.9646          -0       3.669     0.000   110    2    1           1    0    112      7    112     10    T0989TS197-D2.pdb:A  SCOP d1k3za_
  141      0.9646          -0       3.669     0.000   110    2    1           1    0    112      7    112      8    T0989TS197-D2.pdb:A  SCOP d1my7a_
  142      0.9646          -0  1.798e+308     0.000   110    2    1           1    0    112      7    112      5    T0989TS197-D2.pdb:A  SCOP d1hk6a_
  143      0.9646          -0  1.798e+308     0.000   110    4    1           1    0    112      7    112      6    T0989TS197-D2.pdb:A  SCOP d1pjwa_
  144      0.9646          -0  1.798e+308     0.000   110    2    1           1    0    112      7    112      6    T0989TS197-D2.pdb:A  SCOP d1pjwa_
  145      0.9646          -0  1.798e+308     0.000   110    2    1           1    0    112      7    112      3    T0989TS197-D2.pdb:A  SCOP d1jfna_
  146      0.9646          -0  1.798e+308     0.000   110    2    1           1    0    112      7    112      5    T0989TS197-D2.pdb:A  SCOP d1jgka_
  147      0.9646          -0  1.798e+308     0.000   110    2    1           1    0    112      7    112      5    T0989TS197-D2.pdb:A  SCOP d1nora_
  148      0.9646          -0  1.798e+308     0.000   110    3    1           1    0    112      7    112      5    T0989TS197-D2.pdb:A  SCOP d1coda_
  149      0.9646          -0  1.798e+308     0.000   110    2    1           1    0    112      7    112      5    T0989TS197-D2.pdb:A  SCOP d1ffja_
  150      0.9646          -0  1.798e+308     0.000   110    2    1           1    0    112      7    112      5    T0989TS197-D2.pdb:A  SCOP d1ccqa_
  151      0.9646          -0  1.798e+308     0.000   110    4    1           1    0    112      7    112     10    T0989TS197-D2.pdb:A  SCOP d2rhea_
  152      0.9646          -0  1.798e+308     0.000   110    3    1           1    0    112      7    112     10    T0989TS197-D2.pdb:A  SCOP d2rhea_
  153      0.9646          -0  1.798e+308     0.000   110    2    1           1    0    112      7    112      5    T0989TS197-D2.pdb:A  SCOP d1ccqa_
  154      0.9646          -0  1.798e+308     0.000   110    2    1           1    0    112      7    112      5    T0989TS197-D2.pdb:A  SCOP d1ccqa_
  155      0.9646          -0  1.798e+308     0.000   110    2    1           1    0    112      7    112      5    T0989TS197-D2.pdb:A  SCOP d1cb9a_
  156      0.9646          -0  1.798e+308     0.000   110    2    1           1    0    112      7    112      5    T0989TS197-D2.pdb:A  SCOP d1cb9a_
  157      0.9646          -0  1.798e+308     0.000   110    2    1           1    0    112      7    112      3    T0989TS197-D2.pdb:A  SCOP d2cdxa_
  158      0.9646          -0  1.798e+308     0.000   110    2    1           1    0    112      7    112      3    T0989TS197-D2.pdb:A  SCOP d2cdxa_
  159      0.9646          -0  1.798e+308     0.000   110    3    1           1    0    112      7    112     10    T0989TS197-D2.pdb:A  SCOP d1g9ea_
  160      0.9646          -0  1.798e+308     0.000   110    3    1           1    0    112      7    112     10    T0989TS197-D2.pdb:A  SCOP d1g9ea_
  161      0.9646          -0  1.798e+308     0.000   110    2    1           1    0    112      7    112      5    T0989TS197-D2.pdb:A  SCOP d1ijca_
  162      0.9646          -0  1.798e+308     0.000   110    2    1           1    0    112      7    112      5    T0989TS197-D2.pdb:A  SCOP d1ijca_
  163      0.9646          -0  1.798e+308     0.000   110    2    1           1    0    112      7    112      5    T0989TS197-D2.pdb:A  SCOP d1ijca_
  164      0.9646          -0  1.798e+308     0.000   110    3    1           1    0    112      7    112     10    T0989TS197-D2.pdb:A  SCOP d1g9ea_
  165      0.9646          -0  1.798e+308     0.000   110    2    1           1    0    112      7    112      5    T0989TS197-D2.pdb:A  SCOP d1haaa_
  166      0.9646          -0  1.798e+308     0.000   110    2    1           1    0    112      7    112      5    T0989TS197-D2.pdb:A  SCOP d1haja_
  167      0.9646          -0  1.798e+308     0.000   110    2    1           1    0    112      7    112      3    T0989TS197-D2.pdb:A  SCOP d1lsia_
  168      0.9646          -0  1.798e+308     0.000   110    2    1           1    0    112      7    112      3    T0989TS197-D2.pdb:A  SCOP d1cvoa_
  169      0.9646          -0  1.798e+308     0.000   110    2    1           1    0    112      7    112      4    T0989TS197-D2.pdb:A  SCOP d1g26a_
  170      0.9646          -0  1.798e+308     0.000   110    2    1           1    0    112      7    112      2    T0989TS197-D2.pdb:A  SCOP d5hira_
  171      0.9646          -0  1.798e+308     0.000   110    2    1           1    0    112      7    112      2    T0989TS197-D2.pdb:A  SCOP d2hira_
  172      0.9646          -0  1.798e+308     0.000   110    2    1           1    0    112      7    112      4    T0989TS197-D2.pdb:A  SCOP d1hafa_
  173      0.9646          -0  1.798e+308     0.000   110    3    1           1    0    112      7    112      7    T0989TS197-D2.pdb:A  SCOP d1uc6a_
  174      0.9646          -0  1.798e+308     0.000   110    3    1           1    0    112      7    112      8    T0989TS197-D2.pdb:A  SCOP d1wfua_
  175      0.9646          -0  1.798e+308     0.000   110    2    1           1    0    112      7    112      8    T0989TS197-D2.pdb:A  SCOP d1wfua_
  176      0.9646          -0  1.798e+308     0.000   110    2    1           1    0    112      7    112      6    T0989TS197-D2.pdb:A  SCOP d1wj3a_
  177      0.9646          -0  1.798e+308     0.000   110    2    1           1    0    112      7    112      8    T0989TS197-D2.pdb:A  SCOP d1wgoa_
  178      0.9646          -0  1.798e+308     0.000   110    3    1           1    0    112      7    112      7    T0989TS197-D2.pdb:A  SCOP d1op4a_
  179      0.9646          -0  1.798e+308     0.000   110    2    1           1    0    112      7    112      7    T0989TS197-D2.pdb:A  SCOP d1op4a_
  180      0.9646          -0  1.798e+308     0.000   110    2    1           1    0    112      7    112     10    T0989TS197-D2.pdb:A  SCOP d1j5ia_
  181      0.9646          -0  1.798e+308     0.000   110    3    1           1    0    112      7    112     10    T0989TS197-D2.pdb:A  SCOP d1j5ia_
  182      0.9646          -0  1.798e+308     0.000   110    2    1           1    0    112      7    112      9    T0989TS197-D2.pdb:A  SCOP d1j5ha_
  183      0.9646          -0  1.798e+308     0.000   110    2    1           1    0    112      7    112     10    T0989TS197-D2.pdb:A  SCOP d1hzka_
  184      0.9646          -0  1.798e+308     0.000   110    2    1           1    0    112      7    112      9    T0989TS197-D2.pdb:A  SCOP d1hzla_
  185      0.9646          -0  1.798e+308     0.000   110    2    1           1    0    112      7    112      6    T0989TS197-D2.pdb:A  SCOP d1tuma_
  186      0.9646          -0  1.798e+308     0.000   110    2    1           1    0    112      7    112     10    T0989TS197-D2.pdb:A  SCOP d1v9za_
  187      0.9646          -0  1.798e+308     0.000   110    2    1           1    0    112      7    112     10    T0989TS197-D2.pdb:A  SCOP d1v9ya_
  188      0.9646          -0  1.798e+308     0.000   110    3    1           1    0    112      7    112     11    T0989TS197-D2.pdb:A  SCOP d1mzua_
  189      0.9646          -0  1.798e+308     0.000   110    3    1           1    0    112      7    112     10    T0989TS197-D2.pdb:A  SCOP d1uxma_
  190      0.9646          -0  1.798e+308     0.000   110    3    1           1    0    112      7    112     11    T0989TS197-D2.pdb:A  SCOP d1wm4a_
  191      0.9646          -0  1.798e+308     0.000   110    2    1           1    0    112      7    112     10    T0989TS197-D2.pdb:A  SCOP d1udma_
  192      0.9646          -0  1.798e+308     0.000   110    2    1           1    0    112      7    112      6    T0989TS197-D2.pdb:A  SCOP d2vika_
  193      0.9646          -0  1.798e+308     0.000   110    3    1           1    0    112      7    112      8    T0989TS197-D2.pdb:A  SCOP d1srda_
  194      0.9646          -0  1.798e+308     0.000   110    2    1           1    0    112      7    112      5    T0989TS197-D2.pdb:A  SCOP d1qhka_
  195      0.9646          -0  1.798e+308     0.000   110    2    1           1    0    112      7    112      5    T0989TS197-D2.pdb:A  SCOP d1cqua_
  196      0.9646          -0  1.798e+308     0.000   110    2    1           1    0    112      7    112      8    T0989TS197-D2.pdb:A  SCOP d1n91a_
  197      0.9646          -0  1.798e+308     0.000   110    2    1           1    0    112      7    112      7    T0989TS197-D2.pdb:A  SCOP d1ptfa_
  198      0.9646          -0  1.798e+308     0.000   110    2    1           1    0    112      7    112      7    T0989TS197-D2.pdb:A  SCOP d2hida_
  199      0.9646          -0  1.798e+308     0.000   110    3    1           1    0    112      7    112      7    T0989TS197-D2.pdb:A  SCOP d1jema_
  200      0.9646          -0       2.362     0.000   110    3    1           1    0    112      7    112     13    T0989TS197-D2.pdb:A  SCOP d1ej8a_
  201      0.9646          -0  1.798e+308     0.000   110    3    1           1    0    112      7    112      8    T0989TS197-D2.pdb:A  SCOP d1blka_
  202      0.9646          -0  1.798e+308     0.000   110    2    1           1    0    112      7    112      3    T0989TS197-D2.pdb:A  SCOP d1ahma_
  203      0.9646          -0       3.239     0.000   110    2    1           1    0    112      7    112     10    T0989TS197-D2.pdb:A  SCOP d1kmta_
  204      0.9646          -0        2.67     0.000   110    2    1           1    0    112      7    112     10    T0989TS197-D2.pdb:A  SCOP d1kmta_
  205      0.9646          -0  1.798e+308     0.000   110    2    1           1    0    112      7    112     10    T0989TS197-D2.pdb:A  SCOP d1s2ha_
  206      0.9646          -0       2.389     0.000   110    2    1           1    0    112      7    112      8    T0989TS197-D2.pdb:A  SCOP d1ajwa_
  207      0.9646          -0       2.907     0.000   110    4    1           1    0    112      7    112     15    T0989TS197-D2.pdb:A  SCOP d1n9pa_
  208      0.9646          -0       2.907     0.000   110    3    1           1    0    112      7    112     15    T0989TS197-D2.pdb:A  SCOP d1n9pa_
  209      0.9646          -0  1.798e+308     0.000   110    2    1           1    0    112      7    112      7    T0989TS197-D2.pdb:A  SCOP d1ot4a_
  210      0.9646          -0  1.798e+308     0.000   110    2    1           1    0    112      7    112      6    T0989TS197-D2.pdb:A  SCOP d1lwra_
  211      0.9646          -0  1.798e+308     0.000   110    2    1           1    0    112      7    112      7    T0989TS197-D2.pdb:A  SCOP d1k85a_
  212      0.9646          -0  1.798e+308     0.000   110    3    1           1    0    112      7    112      7    T0989TS197-D2.pdb:A  SCOP d1gcfa_
  213      0.9646          -0  1.798e+308     0.000   110    2    1           1    0    112      7    112      7    T0989TS197-D2.pdb:A  SCOP d1gcfa_
  214      0.9646          -0  1.798e+308     0.000   110    3    1           1    0    112      7    112      7    T0989TS197-D2.pdb:A  SCOP d1gcfa_
  215      0.9646          -0  1.798e+308     0.000   110    3    1           1    0    112      7    112      7    T0989TS197-D2.pdb:A  SCOP d1gcfa_
  216      0.9646          -0  1.798e+308     0.000   110    3    1           1    0    112      7    112      7    T0989TS197-D2.pdb:A  SCOP d1gcfa_
  217      0.9646          -0  1.798e+308     0.000   110    3    1           1    0    112      7    112      7    T0989TS197-D2.pdb:A  SCOP d1ctoa_
  218      0.9646          -0  1.798e+308     0.000   110    3    1           1    0    112      7    112      7    T0989TS197-D2.pdb:A  SCOP d1ctoa_
  219      0.9646          -0  1.798e+308     0.000   110    2    1           1    0    112      7    112      7    T0989TS197-D2.pdb:A  SCOP d1ctoa_
  220      0.9646          -0  1.798e+308     0.000   110    2    1           1    0    112      7    112      7    T0989TS197-D2.pdb:A  SCOP d1ctoa_
  221      0.9646          -0  1.798e+308     0.000   110    2    1           1    0    112      7    112      6    T0989TS197-D2.pdb:A  SCOP d1v5sa_
  222      0.9646          -0  1.798e+308     0.000   110    2    1           1    0    112      7    112      6    T0989TS197-D2.pdb:A  SCOP d1v5sa_
  223      0.9646          -0  1.798e+308     0.000   110    2    1           1    0    112      7    112      7    T0989TS197-D2.pdb:A  SCOP d1bpva_
  224      0.9646          -0  1.798e+308     0.000   110    2    1           1    0    112      7    112      7    T0989TS197-D2.pdb:A  SCOP d1bpva_
  225      0.9646          -0  1.798e+308     0.000   110    3    1           1    0    112      7    112      7    T0989TS197-D2.pdb:A  SCOP d1uema_
  226      0.9646          -0  1.798e+308     0.000   110    2    1           1    0    112      7    112      7    T0989TS197-D2.pdb:A  SCOP d1uema_
  227      0.9646          -0  1.798e+308     0.000   110    2    1           1    0    112      7    112      7    T0989TS197-D2.pdb:A  SCOP d1uema_
  228      0.9646          -0  1.798e+308     0.000   110    2    1           1    0    112      7    112      8    T0989TS197-D2.pdb:A  SCOP d1ujta_
  229      0.9646          -0  1.798e+308     0.000   110    2    1           1    0    112      7    112      7    T0989TS197-D2.pdb:A  SCOP d1v5ja_
  230      0.9646          -0  1.798e+308     0.000   110    2    1           1    0    112      7    112      9    T0989TS197-D2.pdb:A  SCOP d1k8ha_
  231      0.9646          -0  1.798e+308     0.000   110    2    1           1    0    112      7    112      6    T0989TS197-D2.pdb:A  SCOP d1kjga_
  232      0.9646          -0  1.798e+308     0.000   110    2    1           1    0    112      7    112      8    T0989TS197-D2.pdb:A  SCOP d1bvga_
  233      0.9646          -0  1.798e+308     0.000   110    3    1           1    0    112      7    112      8    T0989TS197-D2.pdb:A  SCOP d1bvga_
  234      0.9646          -0  1.798e+308     0.000   110    2    1           1    0    112      7    112      8    T0989TS197-D2.pdb:A  SCOP d1bvga_
  235      0.9646          -0  1.798e+308     0.000   110    2    1           1    0    112      7    112      8    T0989TS197-D2.pdb:A  SCOP d1bvga_
  236      0.9646          -0  1.798e+308     0.000   110    2    1           1    0    112      7    112      8    T0989TS197-D2.pdb:A  SCOP d1bvga_
  237      0.9646          -0  1.798e+308     0.000   110    4    1           1    0    112      7    112      8    T0989TS197-D2.pdb:A  SCOP d1bvea_
  238      0.9646          -0  1.798e+308     0.000   110    3    1           1    0    112      7    112      8    T0989TS197-D2.pdb:A  SCOP d1bvea_
  239      0.9646          -0  1.798e+308     0.000   110    4    1           1    0    112      7    112      8    T0989TS197-D2.pdb:A  SCOP d1bvea_
  240      0.9646          -0  1.798e+308     0.000   110    2    1           1    0    112      7    112      8    T0989TS197-D2.pdb:A  SCOP d1bvea_
  241      0.9646          -0  1.798e+308     0.000   110    2    1           1    0    112      7    112      8    T0989TS197-D2.pdb:A  SCOP d1bvea_
  242      0.9646          -0  1.798e+308     0.000   110    2    1           1    0    112      7    112      8    T0989TS197-D2.pdb:A  SCOP d1baka_
  243      0.9646          -0       2.237     0.000   110    2    1           1    0    112      7    112      8    T0989TS197-D2.pdb:A  SCOP d1faoa_
  244      0.9646          -0       1.444     0.000   110    2    1           1    0    112      7    112      8    T0989TS197-D2.pdb:A  SCOP d1faoa_
  245      0.9646          -0       2.175     0.000   110    2    1           1    0    112      7    112      8    T0989TS197-D2.pdb:A  SCOP d1fb8a_
  246      0.9646          -0       2.747     0.000   110    2    1           1    0    112      7    112      8    T0989TS197-D2.pdb:A  SCOP d1fb8a_
  247      0.9646          -0       3.855     0.000   110    2    1           1    0    112      7    112      9    T0989TS197-D2.pdb:A  SCOP d1eaza_
  248      0.9646          -0  1.798e+308     0.000   110    2    1           1    0    112      7    112      8    T0989TS197-D2.pdb:A  SCOP d1p6sa_
  249      0.9646          -0  1.798e+308     0.000   110    2    1           1    0    112      7    112      8    T0989TS197-D2.pdb:A  SCOP d1v89a_
  250      0.9646          -0  1.798e+308     0.000   110    2    1           1    0    112      7    112      8    T0989TS197-D2.pdb:A  SCOP d1v89a_
  251      0.9646          -0  1.798e+308     0.000   110    2    1           1    0    112      7    112      8    T0989TS197-D2.pdb:A  SCOP d1v89a_
  252      0.9646          -0  1.798e+308     0.000   110    2    1           1    0    112      7    112      9    T0989TS197-D2.pdb:A  SCOP d1wgua_
  253      0.9646          -0  1.798e+308     0.000   110    2    1           1    0    112      7    112      7    T0989TS197-D2.pdb:A  SCOP d1egxa_
  254      0.9646          -0  1.798e+308     0.000   110    2    1           1    0    112      7    112      8    T0989TS197-D2.pdb:A  SCOP d1pfja_
  255      0.9646          -0  1.798e+308     0.000   110    3    1           1    0    112      7    112     12    T0989TS197-D2.pdb:A  SCOP d1dv9a_
  256      0.9646          -0  1.798e+308     0.000   110    3    1           1    0    112      7    112     11    T0989TS197-D2.pdb:A  SCOP d1cj5a_
  257      0.9646          -0  1.798e+308     0.000   110    3    1           1    0    112      7    112     12    T0989TS197-D2.pdb:A  SCOP d1jv4a_
  258      0.9646          -0  1.798e+308     0.000   110    2    1           1    0    112      7    112      9    T0989TS197-D2.pdb:A  SCOP d1sa8a_
  259      0.9646          -0  1.798e+308     0.000   110    2    1           1    0    112      7    112      7    T0989TS197-D2.pdb:A  SCOP d1oqka_
  260      0.9646          -0  1.798e+308     0.000   110    2    1           1    0    112      7    112      7    T0989TS197-D2.pdb:A  SCOP d1oqka_
  261      0.9646          -0  1.798e+308     0.000   110    2    1           1    0    112      7    112      9    T0989TS197-D2.pdb:A  SCOP d1d2ba_
  262      0.9646          -0  1.798e+308     0.000   110    2    1           1    0    112      7    112      8    T0989TS197-D2.pdb:A  SCOP d1krta_
  263      0.9646          -0  1.798e+308     0.000   110    2    1           1    0    112      7    112      8    T0989TS197-D2.pdb:A  SCOP d1krta_
  264      0.9646          -0  1.798e+308     0.000   110    2    1           1    0    112      7    112      5    T0989TS197-D2.pdb:A  SCOP d1ah9a_
  265      0.9646          -0  1.798e+308     0.000   110    3    1           1    0    112      7    112      6    T0989TS197-D2.pdb:A  SCOP d1jjga_
  266      0.9646          -0  1.798e+308     0.000   110    2    1           1    0    112      7    112      6    T0989TS197-D2.pdb:A  SCOP d1jjga_
  267      0.9646          -0  1.798e+308     0.000   110    2    1           1    0    112      7    112      6    T0989TS197-D2.pdb:A  SCOP d1jjga_
  268      0.9646          -0  1.798e+308     0.000   110    3    1           1    0    112      7    112     10    T0989TS197-D2.pdb:A  SCOP d1blaa_
  269      0.9646          -0  1.798e+308     0.000   110    2    1           1    0    112      7    112     10    T0989TS197-D2.pdb:A  SCOP d1blda_
  270      0.9646          -0  1.798e+308     0.000   110    3    1           1    0    112      7    112     12    T0989TS197-D2.pdb:A  SCOP d1irpa_
  271      0.9646          -0  1.798e+308     0.000   110    3    1           1    0    112      7    112      8    T0989TS197-D2.pdb:A  SCOP d1o1wa_
  272      0.9646          -0  1.798e+308     0.000   110    2    1           1    0    112      7    112      9    T0989TS197-D2.pdb:A  SCOP d1rdda_
  273      0.9646          -0       3.669     0.000   110    3    1           1    0    112      7    112     13    T0989TS197-D2.pdb:A  SCOP d1wv4a_
  274      0.9646          -0  1.798e+308     0.000   110    2    1           1    0    112      7    112      9    T0989TS197-D2.pdb:A  SCOP d1v95a_
  275      0.9646          -0  1.798e+308     0.000   110    3    1           1    0    112      7    112     10    T0989TS197-D2.pdb:A  SCOP d1v9wa_
  276      0.9646          -0  1.798e+308     0.000   110    3    1           1    0    112      7    112     10    T0989TS197-D2.pdb:A  SCOP d1v9wa_
  277      0.9646          -0  1.798e+308     0.000   110    2    1           1    0    112      7    112      7    T0989TS197-D2.pdb:A  SCOP d1t4za_
  278      0.9646          -0  1.798e+308     0.000   110    2    1           1    0    112      7    112      8    T0989TS197-D2.pdb:A  SCOP d1m7ta_
  279      0.9646          -0  1.798e+308     0.000   110    2    1           1    0    112      7    112      8    T0989TS197-D2.pdb:A  SCOP d1m7ta_
  280      0.9646          -0  1.798e+308     0.000   110    2    1           1    0    112      7    112      8    T0989TS197-D2.pdb:A  SCOP d3trxa_
  281      0.9646          -0  1.798e+308     0.000   110    2    1           1    0    112      7    112      9    T0989TS197-D2.pdb:A  SCOP d1trsa_
  282      0.9646          -0  1.798e+308     0.000   110    2    1           1    0    112      7    112      9    T0989TS197-D2.pdb:A  SCOP d1onba_
  283      0.9646          -0  1.798e+308     0.000   110    2    1           1    0    112      7    112      9    T0989TS197-D2.pdb:A  SCOP d1onba_
  284      0.9646          -0  1.798e+308     0.000   110    2    1           1    0    112      7    112     10    T0989TS197-D2.pdb:A  SCOP d1id8a_
  285      0.9646          -0  1.798e+308     0.000   110    2    1           1    0    112      7    112      9    T0989TS197-D2.pdb:A  SCOP d1fspa_
  286      0.9646          -0  1.798e+308     0.000   110    2    1           1    0    112      7    112      8    T0989TS197-D2.pdb:A  SCOP d1oqaa_
  287      0.9646          -0      0.9729     0.000   110    3    1           1    0    112      7    112     12    T0989TS197-D2.pdb:A  SCOP d1caia_
  288      0.9646          -0  1.798e+308     0.000   110    2    1           1    0    112      7    112      9    T0989TS197-D2.pdb:A  SCOP d1wida_
  289      0.9646          -0       1.766     0.000   110    3    1           1    0    112      7    112     12    T0989TS197-D2.pdb:A  SCOP d2cbea_
  290      0.9646          -0      0.9729     0.000   110    3    1           1    0    112      7    112     12    T0989TS197-D2.pdb:A  SCOP d2cbea_
  291      0.9646          -0      0.9729     0.000   110    3    1           1    0    112      7    112     12    T0989TS197-D2.pdb:A  SCOP d1craa_
  292      0.9646          -0      0.9729     0.000   110    3    1           1    0    112      7    112     12    T0989TS197-D2.pdb:A  SCOP d1raya_
  293      0.9646          -0      0.9729     0.000   110    3    1           1    0    112      7    112     12    T0989TS197-D2.pdb:A  SCOP d1caoa_
  294      0.9646          -0      0.9729     0.000   110    3    1           1    0    112      7    112     12    T0989TS197-D2.pdb:A  SCOP d1rzda_
  295      0.9646          -0      0.9729     0.000   110    3    1           1    0    112      7    112     12    T0989TS197-D2.pdb:A  SCOP d1caja_
  296      0.9646          -0      0.9729     0.000   110    3    1           1    0    112      7    112     12    T0989TS197-D2.pdb:A  SCOP d1cana_
  297      0.9646          -0      0.9729     0.000   110    3    1           1    0    112      7    112     12    T0989TS197-D2.pdb:A  SCOP d1rzca_
  298      0.9646          -0       1.766     0.000   110    3    1           1    0    112      7    112     12    T0989TS197-D2.pdb:A  SCOP d1bv3a_
  299      0.9646          -0      0.9729     0.000   110    3    1           1    0    112      7    112     12    T0989TS197-D2.pdb:A  SCOP d1bv3a_
  300      0.9646          -0  1.798e+308     0.000   110    3    1           1    0    112      7    112      8    T0989TS197-D2.pdb:A  SCOP d1tcza_
  301      0.9646          -0  1.798e+308     0.000   110    2    1           1    0    112      7    112      8    T0989TS197-D2.pdb:A  SCOP d1tcza_
  302      0.9646          -0      0.9729     0.000   110    3    1           1    0    112      7    112     12    T0989TS197-D2.pdb:A  SCOP d1caya_
  303      0.9646          -0      0.9729     0.000   110    3    2           1    0    112      7    112     12    T0989TS197-D2.pdb:A  SCOP d1fqma_
  304      0.9646          -0  1.798e+308     0.000   110    3    1           1    0    112      7    112     14    T0989TS197-D2.pdb:A  SCOP d1ax3a_
  305      0.9646          -0       1.766     0.000   110    3    1           1    0    112      7    112     12    T0989TS197-D2.pdb:A  SCOP d4ca2a_
  306      0.9646          -0      0.9729     0.000   110    3    1           1    0    112      7    112     12    T0989TS197-D2.pdb:A  SCOP d4ca2a_
  307      0.9646          -0      0.9729     0.000   110    3    1           1    0    112      7    112     12    T0989TS197-D2.pdb:A  SCOP d1ugga_
  308      0.9646          -0      0.9729     0.000   110    3    1           1    0    112      7    112     12    T0989TS197-D2.pdb:A  SCOP d1if6a_
  309      0.9646          -0      0.9729     0.000   110    3    1           1    0    112      7    112     12    T0989TS197-D2.pdb:A  SCOP d1cvha_
  310      0.9646          -0      0.9729     0.000   110    3    1           1    0    112      7    112     12    T0989TS197-D2.pdb:A  SCOP d1cnya_
  311      0.9646          -0      0.9729     0.000   110    3    1           1    0    112      7    112     12    T0989TS197-D2.pdb:A  SCOP d1cnba_
  312      0.9646          -0       1.766     0.000   110    3    1           1    0    112      7    112     12    T0989TS197-D2.pdb:A  SCOP d1zsaa_
  313      0.9646          -0      0.9729     0.000   110    3    1           1    0    112      7    112     12    T0989TS197-D2.pdb:A  SCOP d1zsaa_
  314      0.9646          -0  1.798e+308     0.000   110    2    1           1    0    112      7    112     10    T0989TS197-D2.pdb:A  SCOP d1wgpa_
  315      0.9646          -0  1.798e+308     0.000   110    3    1           1    0    112      7    112     10    T0989TS197-D2.pdb:A  SCOP d1wgpa_
  316      0.9646          -0  1.798e+308     0.000   110    2    1           1    0    112      7    112      9    T0989TS197-D2.pdb:A  SCOP d1sa8a_
  317      0.9646          -0  1.798e+308     0.000   110    2    1           1    0    112      7    112     10    T0989TS197-D2.pdb:A  SCOP d3ifba_
  318      0.9646          -0  1.798e+308     0.000   110    3    1           1    0    112      7    112     11    T0989TS197-D2.pdb:A  SCOP d1blra_
  319      0.9646          -0  1.798e+308     0.000   110    3    1           1    0    112      7    112     11    T0989TS197-D2.pdb:A  SCOP d1blra_
  320      0.9646          -0  1.798e+308     0.000   110    4    1           1    0    112      7    112     12    T0989TS197-D2.pdb:A  SCOP d1mvga_
  321      0.9646          -0  1.798e+308     0.000   110    4    1           1    0    112      7    112     12    T0989TS197-D2.pdb:A  SCOP d1mvga_
  322      0.9646          -0  1.798e+308     0.000   110    2    1           1    0    112      7    112      9    T0989TS197-D2.pdb:A  SCOP d1oh1a_
  323      0.9646          -0  1.798e+308     0.000   110    3    1           1    0    112      7    112     10    T0989TS197-D2.pdb:A  SCOP d1t2wa_
  324      0.9646          -0  1.798e+308     0.000   110    2    1           1    0    112      7    112     10    T0989TS197-D2.pdb:A  SCOP d1t2wa_
  325      0.9646   0.0002093        4.68     0.000   110    2    1           1    0    112      7    112     10    T0989TS197-D2.pdb:A  SCOP d1t2wa_
  326      0.9646          -0  1.798e+308     0.000   110    3    1           1    0    112      7    112     11    T0989TS197-D2.pdb:A  SCOP d1t2pa_
  327      0.9646          -0  1.798e+308     0.000   110    3    1           1    0    112      7    112     10    T0989TS197-D2.pdb:A  SCOP d1t2oa_
  328      0.9646   0.0002093        4.68     0.000   110    2    1           1    0    112      7    112     10    T0989TS197-D2.pdb:A  SCOP d1t2oa_
  329      0.9646          -0  1.798e+308     0.000   110    2    1           1    0    112      7    112     10    T0989TS197-D2.pdb:A  SCOP d1ijaa_
  330      0.9646          -0  1.798e+308     0.000   110    2    1           1    0    112      7    112      8    T0989TS197-D2.pdb:A  SCOP d1f3ua_
  331      0.9646          -0       3.669     0.000   110    5    1           1    0    112      7    112     25    T0989TS197-D2.pdb:A  SCOP d2qwaa_
  332      0.9646          -0       3.669     0.000   110    5    1           1    0    112      7    112     25    T0989TS197-D2.pdb:A  SCOP d1l7fa_
  333      0.9646          -0       3.669     0.000   110    5    1           1    0    112      7    112     25    T0989TS197-D2.pdb:A  SCOP d1l7ga_
  334      0.9646          -0       3.669     0.000   110    5    1           1    0    112      7    112     25    T0989TS197-D2.pdb:A  SCOP d3nn9a_
  335      0.9646          -0       3.669     0.000   110    5    1           1    0    112      7    112     25    T0989TS197-D2.pdb:A  SCOP d1nmca_
  336      0.9646          -0       2.343     0.000   110    5    1           1    0    112      7    112     25    T0989TS197-D2.pdb:A  SCOP d1b9va_
  337      0.9646          -0       2.692     0.000   110    5    1           1    0    112      7    112     21    T0989TS197-D2.pdb:A  SCOP d1wp5a_
  338      0.9646          -0       2.692     0.000   110    5    1           1    0    112      7    112     21    T0989TS197-D2.pdb:A  SCOP d1wp5a_
  339      0.9646          -0  1.798e+308     0.000   110    2    1           1    0    112      7    112      9    T0989TS197-D2.pdb:A  SCOP d1s04a_
  340      0.9646          -0      0.9729     0.000   110    3    1           1    0    112      7    112     12    T0989TS197-D2.pdb:A  SCOP d2cbaa_
  341      0.9646          -0      0.9729     0.000   110    3    1           1    0    112      7    112     12    T0989TS197-D2.pdb:A  SCOP d2cbba_
  342      0.9646          -0      0.9729     0.000   110    3    1           1    0    112      7    112     12    T0989TS197-D2.pdb:A  SCOP d2cbda_
  343      0.9646          -0       1.766     0.000   110    3    1           1    0    112      7    112     12    T0989TS197-D2.pdb:A  SCOP d1caia_
  344      0.9646          -0  1.798e+308     0.000   110    3    1           1    0    112      7    112      7    T0989TS197-D2.pdb:A  SCOP d1q1oa_
  345      0.9646          -0  1.798e+308     0.000   110    2    1           1    0    112      7    112      6    T0989TS197-D2.pdb:A  SCOP d1pqsa_
  346      0.9646          -0  1.798e+308     0.000   110    2    1           1    0    112      7    112      6    T0989TS197-D2.pdb:A  SCOP d1ipga_
  347      0.9646          -0  1.798e+308     0.000   110    2    1           1    0    112      7    112      6    T0989TS197-D2.pdb:A  SCOP d1ip9a_
  348      0.9646          -0  1.798e+308     0.000   110    2    1           1    0    112      7    112      6    T0989TS197-D2.pdb:A  SCOP d1l7ya_
  349      0.9646          -0  1.798e+308     0.000   110    2    1           1    0    112      7    112      7    T0989TS197-D2.pdb:A  SCOP d1wgra_
  350      0.9646          -0  1.798e+308     0.000   110    2    1           1    0    112      7    112      6    T0989TS197-D2.pdb:A  SCOP d1i42a_
  351      0.9646          -0      0.5529     0.000   110    3    1           1    0    112      7    112     15    T0989TS197-D2.pdb:A  SCOP d1g9fa_
  352      0.9646          -0      0.5529     0.000   110    3    1           1    0    112      7    112     15    T0989TS197-D2.pdb:A  SCOP d1g9fa_
  353      0.9646          -0  1.798e+308     0.000   110    2    1           1    0    112      7    112      6    T0989TS197-D2.pdb:A  SCOP d1wgha_
  354      0.9646          -0  1.798e+308     0.000   110    2    1           1    0    112      7    112      6    T0989TS197-D2.pdb:A  SCOP d1wgda_
  355      0.9646          -0  1.798e+308     0.000   110    2    1           1    0    112      7    112      6    T0989TS197-D2.pdb:A  SCOP d1t0ya_
  356      0.9646          -0  1.798e+308     0.000   110    2    1           1    0    112      7    112      6    T0989TS197-D2.pdb:A  SCOP d1v2ya_
  357      0.9646          -0  1.798e+308     0.000   110    2    1           1    0    112      7    112      6    T0989TS197-D2.pdb:A  SCOP d1p1aa_
  358      0.9646          -0  1.798e+308     0.000   110    2    1           1    0    112      7    112      6    T0989TS197-D2.pdb:A  SCOP d1p1aa_
  359      0.9646          -0      0.5529     0.000   110    3    1           1    0    112      7    112     15    T0989TS197-D2.pdb:A  SCOP d1sbfa_
  360      0.9646          -0      0.5529     0.000   110    3    1           1    0    112      7    112     15    T0989TS197-D2.pdb:A  SCOP d1sbfa_
  361      0.9646          -0  1.798e+308     0.000   110    2    1           1    0    112      7    112      6    T0989TS197-D2.pdb:A  SCOP d1g6ja_
  362      0.9646          -0  1.798e+308     0.000   110    2    1           1    0    112      7    112      8    T0989TS197-D2.pdb:A  SCOP d1k3sa_
  363      0.9646          -0       2.396     0.000   110    3    1           1    0    112      7    112     15    T0989TS197-D2.pdb:A  SCOP d1fnya_
  364      0.9646          -0       2.396     0.000   110    3    1           1    0    112      7    112     15    T0989TS197-D2.pdb:A  SCOP d1fnya_
  365      0.9646          -0  1.798e+308     0.000   110    2    1           1    0    112      7    112      4    T0989TS197-D2.pdb:A  SCOP d1b69a_
  366      0.9646          -0  1.798e+308     0.000   110    2    1           1    0    112      7    112      4    T0989TS197-D2.pdb:A  SCOP d1tn9a_
  367      0.9646          -0  1.798e+308     0.000   110    2    1           1    0    112      7    112      4    T0989TS197-D2.pdb:A  SCOP d1j9oa_
  368      0.9646          -0  1.798e+308     0.000   110    2    1           1    0    112      7    112      5    T0989TS197-D2.pdb:A  SCOP d1hfga_
  369      0.9646          -0  1.798e+308     0.000   110    2    1           1    0    112      7    112      4    T0989TS197-D2.pdb:A  SCOP d1hfna_
  370      0.9646          -0  1.798e+308     0.000   110    2    1           1    0    112      7    112      4    T0989TS197-D2.pdb:A  SCOP d1msga_
  371      0.9646          -0  1.798e+308     0.000   110    2    1           1    0    112      7    112      4    T0989TS197-D2.pdb:A  SCOP d1msga_
  372      0.9646          -0  1.798e+308     0.000   110    2    1           1    0    112      7    112      5    T0989TS197-D2.pdb:A  SCOP d1e0ga_
  373      0.9646          -0       4.146     0.000   110    2    1           1    0    112      7    112      7    T0989TS197-D2.pdb:A  SCOP d1mzka_
  374      0.9646          -0  1.798e+308     0.000   110    3    1           1    0    112      7    112      7    T0989TS197-D2.pdb:A  SCOP d1r21a_
  375      0.9646          -0       3.398     0.000   110    3    1           1    0    112      7    112     15    T0989TS197-D2.pdb:A  SCOP d1dq2a_
  376      0.9646          -0       3.398     0.000   110    3    1           1    0    112      7    112     15    T0989TS197-D2.pdb:A  SCOP d1dq2a_
  377      0.9646          -0       3.239     0.000   110    2    1           1    0    112      7    112     10    T0989TS197-D2.pdb:A  SCOP d1cn1a_
  378      0.9646          -0  1.798e+308     0.000   110    2    1           1    0    112      7    112      7    T0989TS197-D2.pdb:A  SCOP d1roua_
  379      0.9646          -0  1.798e+308     0.000   110    2    1           1    0    112      7    112      7    T0989TS197-D2.pdb:A  SCOP d1fkla_
  380      0.9646          -0  1.798e+308     0.000   110    2    1           1    0    112      7    112      7    T0989TS197-D2.pdb:A  SCOP d1fkla_
  381      0.9646          -0  1.798e+308     0.000   110    2    1           1    0    112      7    112      8    T0989TS197-D2.pdb:A  SCOP d1b6ca_
  382      0.9646          -0  1.798e+308     0.000   110    2    1           1    0    112      7    112      8    T0989TS197-D2.pdb:A  SCOP d1fkga_
  383      0.9646          -0  1.798e+308     0.000   110    2    1           1    0    112      7    112      7    T0989TS197-D2.pdb:A  SCOP d1fkba_
  384      0.9646          -0  1.798e+308     0.000   110    2    1           1    0    112      7    112      4    T0989TS197-D2.pdb:A  SCOP d1hpwa_
  385      0.9646          -0  1.798e+308     0.000   110    2    1           1    0    112      7    112      7    T0989TS197-D2.pdb:A  SCOP d1ukxa_
  386      0.9646          -0  1.798e+308     0.000   110    2    1           1    0    112      7    112      9    T0989TS197-D2.pdb:A  SCOP d1kppa_
  387      0.9646          -0  1.798e+308     0.000   110    2    1           1    0    112      7    112     10    T0989TS197-D2.pdb:A  SCOP d1of5a_
  388      0.9646          -0  1.798e+308     0.000   110    2    1           1    0    112      7    112     10    T0989TS197-D2.pdb:A  SCOP d1of5a_
  389      0.9646          -0  1.798e+308     0.000   110    2    1           1    0    112      7    112      6    T0989TS197-D2.pdb:A  SCOP d1n5pa_
  390      0.9646          -0  1.798e+308     0.000   110    2    1           1    0    112      7    112      5    T0989TS197-D2.pdb:A  SCOP d1n5ha_
  391      0.9646          -0  1.798e+308     0.000   110    3    1           1    0    112      7    112      5    T0989TS197-D2.pdb:A  SCOP d1a67a_
  392      0.9646          -0       3.123     0.000   110    3    1           1    0    112      7    112     15    T0989TS197-D2.pdb:A  SCOP d1sfya_
  393      0.9646          -0       3.123     0.000   110    3    1           1    0    112      7    112     15    T0989TS197-D2.pdb:A  SCOP d1sfya_
  394      0.9646          -0  1.798e+308     0.000   110    3    1           1    0    112      7    112      5    T0989TS197-D2.pdb:A  SCOP d1p7fa_
  395      0.9646          -0  1.798e+308     0.000   110    2    1           1    0    112      7    112      6    T0989TS197-D2.pdb:A  SCOP d1mjda_
  396      0.9646          -0  1.798e+308     0.000   110    2    1           1    0    112      7    112      7    T0989TS197-D2.pdb:A  SCOP d2saka_
  397      0.9646          -0  1.798e+308     0.000   110    2    1           1    0    112      7    112      9    T0989TS197-D2.pdb:A  SCOP d1ayfa_
  398      0.9646          -0  1.798e+308     0.000   110    2    1           1    0    112      7    112      9    T0989TS197-D2.pdb:A  SCOP d1ayfa_
  399      0.9646          -0  1.798e+308     0.000   110    2    1           1    0    112      7    112      8    T0989TS197-D2.pdb:A  SCOP d1pfda_
  400      0.9646          -0  1.798e+308     0.000   110    2    1           1    0    112      7    112      6    T0989TS197-D2.pdb:A  SCOP d1vd2a_
  401      0.9646          -0  1.798e+308     0.000   110    2    1           1    0    112      7    112      8    T0989TS197-D2.pdb:A  SCOP d1wjra_
  402      0.9646          -0  1.798e+308     0.000   110    2    1           1    0    112      7    112      6    T0989TS197-D2.pdb:A  SCOP d1jica_
  403      0.9646          -0  1.798e+308     0.000   110    2    1           1    0    112      7    112     10    T0989TS197-D2.pdb:A  SCOP d1vyna_
  404      0.9646          -0  1.798e+308     0.000   110    2    1           1    0    112      7    112     10    T0989TS197-D2.pdb:A  SCOP d1vyna_
  405      0.9646          -0  1.798e+308     0.000   110    2    1           1    0    112      7    112      6    T0989TS197-D2.pdb:A  SCOP d1whja_
  406      0.9646          -0       1.922     0.000   110    2    1           1    0    112      7    112      5    T0989TS197-D2.pdb:A  SCOP d1qmca_
  407      0.9646          -0  1.798e+308     0.000   110    2    1           1    0    112      7    112      4    T0989TS197-D2.pdb:A  SCOP d1l1ca_
  408      0.9646          -0  1.798e+308     0.000   110    2    1           1    0    112      7    112      6    T0989TS197-D2.pdb:A  SCOP d1kefa_
  409      0.9646          -0  1.798e+308     0.000   110    2    1           1    0    112      7    112      7    T0989TS197-D2.pdb:A  SCOP d2pdza_
  410      0.9646          -0  1.798e+308     0.000   110    3    1           1    0    112      7    112      7    T0989TS197-D2.pdb:A  SCOP d2pdza_
  411      0.9646          -0  1.798e+308     0.000   110    2    1           1    0    112      7    112      7    T0989TS197-D2.pdb:A  SCOP d1q7xa_
  412      0.9646          -0  1.798e+308     0.000   110    2    1           1    0    112      7    112      7    T0989TS197-D2.pdb:A  SCOP d1m5za_
  413      0.9646          -0  1.798e+308     0.000   110    2    1           1    0    112      7    112      7    T0989TS197-D2.pdb:A  SCOP d1uepa_
  414      0.9646          -0  1.798e+308     0.000   110    2    1           1    0    112      7    112      7    T0989TS197-D2.pdb:A  SCOP d1ueqa_
  415      0.9646          -0  1.798e+308     0.000   110    2    1           1    0    112      7    112      7    T0989TS197-D2.pdb:A  SCOP d1ueqa_
  416      0.9646          -0  1.798e+308     0.000   110    2    1           1    0    112      7    112      7    T0989TS197-D2.pdb:A  SCOP d1uewa_
  417      0.9646          -0  1.798e+308     0.000   110    3    1           1    0    112      7    112      7    T0989TS197-D2.pdb:A  SCOP d1uewa_
  418      0.9646          -0  1.798e+308     0.000   110    2    1           1    0    112      7    112      7    T0989TS197-D2.pdb:A  SCOP d1uhpa_
  419      0.9646          -0  1.798e+308     0.000   110    2    1           1    0    112      7    112      7    T0989TS197-D2.pdb:A  SCOP d1uhpa_
  420      0.9646          -0  1.798e+308     0.000   110    2    1           1    0    112      7    112      6    T0989TS197-D2.pdb:A  SCOP d1uita_
  421      0.9646          -0  1.798e+308     0.000   110    2    1           1    0    112      7    112      8    T0989TS197-D2.pdb:A  SCOP d1um1a_
  422      0.9646          -0  1.798e+308     0.000   110    2    1           1    0    112      7    112      8    T0989TS197-D2.pdb:A  SCOP d1um1a_
  423      0.9646          -0  1.798e+308     0.000   110    2    1           1    0    112      7    112      7    T0989TS197-D2.pdb:A  SCOP d1wjla_
  424      0.9646          -0  1.798e+308     0.000   110    2    1           1    0    112      7    112      7    T0989TS197-D2.pdb:A  SCOP d1wjla_
  425      0.9646          -0  1.798e+308     0.000   110    2    1           1    0    112      7    112      7    T0989TS197-D2.pdb:A  SCOP d1v5la_
  426      0.9646          -0  1.798e+308     0.000   110    2    1           1    0    112      7    112      8    T0989TS197-D2.pdb:A  SCOP d1v6ba_
  427      0.9646          -0  1.798e+308     0.000   110    2    1           1    0    112      7    112      7    T0989TS197-D2.pdb:A  SCOP d1wg6a_
  428      0.9646          -0  1.798e+308     0.000   110    2    1           1    0    112      7    112      7    T0989TS197-D2.pdb:A  SCOP d1oqka_
  429      0.9646          -0  1.798e+308     0.000   110    2    1           1    0    112      7    112      7    T0989TS197-D2.pdb:A  SCOP d1oqka_
  430      0.9646          -0  1.798e+308     0.000   110    2    1           1    0    112      7    112      5    T0989TS197-D2.pdb:A  SCOP d1e0ga_
  431      0.9646          -0  1.798e+308     0.000   110    2    1           1    0    112      7    112     10    T0989TS197-D2.pdb:A  SCOP d1gioa_
  432      0.9646          -0  1.798e+308     0.000   110    2    1           1    0    112      7    112      9    T0989TS197-D2.pdb:A  SCOP d1m58a_
  433      0.9646          -0  1.798e+308     0.000   110    2    1           1    0    112      7    112      9    T0989TS197-D2.pdb:A  SCOP d1bc4a_
  434      0.9646          -0  1.798e+308     0.000   110    2    1           1    0    112      7    112      9    T0989TS197-D2.pdb:A  SCOP d1km9a_
  435      0.9646          -0  1.798e+308     0.000   110    2    1           1    0    112      7    112      9    T0989TS197-D2.pdb:A  SCOP d1pu3a_
  436      0.9646          -0  1.798e+308     0.000   110    2    1           1    0    112      7    112      9    T0989TS197-D2.pdb:A  SCOP d1bzqa_
  437      0.9646          -0      0.8544     0.000   110    2    1           1    0    112      7    112      9    T0989TS197-D2.pdb:A  SCOP d1gbga_
  438      0.9646          -0      0.8544     0.000   110    2    1           1    0    112      7    112     10    T0989TS197-D2.pdb:A  SCOP d2ayha_
  439      0.9646          -0      0.8544     0.000   110    2    1           1    0    112      7    112     10    T0989TS197-D2.pdb:A  SCOP d1glha_
  440      0.9646          -0      0.8544     0.000   110    2    1           1    0    112      7    112      8    T0989TS197-D2.pdb:A  SCOP d1byha_
  441      0.9646          -0  1.798e+308     0.000   110    3    1           1    0    112      7    112     12    T0989TS197-D2.pdb:A  SCOP d1ulga_
  442      0.9646          -0  1.798e+308     0.000   110    4    1           1    0    112      7    112     12    T0989TS197-D2.pdb:A  SCOP d1ulga_
  443      0.9646          -0  1.798e+308     0.000   110    4    1           1    0    112      7    112     12    T0989TS197-D2.pdb:A  SCOP d1ulga_
  444      0.9646          -0  1.798e+308     0.000   110    3    1           1    0    112      7    112     12    T0989TS197-D2.pdb:A  SCOP d1ulga_
  445      0.9646          -0  1.798e+308     0.000   110    3    1           1    0    112      7    112     12    T0989TS197-D2.pdb:A  SCOP d1ulga_
  446      0.9646          -0  1.798e+308     0.000   110    2    1           1    0    112      7    112      9    T0989TS197-D2.pdb:A  SCOP d1loza_
  447      0.9646          -0  1.798e+308     0.000   110    2    1           1    0    112      7    112      7    T0989TS197-D2.pdb:A  SCOP d1buja_
  448      0.9646          -0       5.551     0.000   110    5    1           1    0    112      7    112     17    T0989TS197-D2.pdb:A  SCOP d1wlga_
  449      0.9646          -0       5.884     0.000   110    4    1           1    0    112      7    112     17    T0989TS197-D2.pdb:A  SCOP d1wlga_
  450      0.9646          -0  1.798e+308     0.000   110    2    1           1    0    112      7    112      5    T0989TS197-D2.pdb:A  SCOP d1tuda_
  451      0.9646          -0  1.798e+308     0.000   110    2    1           1    0    112      7    112      5    T0989TS197-D2.pdb:A  SCOP d4hcka_
  452      0.9646          -0  1.798e+308     0.000   110    2    1           1    0    112      7    112      5    T0989TS197-D2.pdb:A  SCOP d5hcka_
  453      0.9646      0.1728       4.044     0.000   110    2    1           1    0    112      7    112      4    T0989TS197-D2.pdb:A  SCOP d1gl5a_
  454      0.9646          -0  1.798e+308     0.000   110    2    1           1    0    112      7    112      7    T0989TS197-D2.pdb:A  SCOP d1k0xa_
  455      0.9646          -0  1.798e+308     0.000   110    2    1           1    0    112      7    112      4    T0989TS197-D2.pdb:A  SCOP d1ugva_
  456      0.9646          -0  1.798e+308     0.000   110    2    1           1    0    112      7    112      5    T0989TS197-D2.pdb:A  SCOP d1ujya_
  457      0.9646          -0  1.798e+308     0.000   110    2    1           1    0    112      7    112      8    T0989TS197-D2.pdb:A  SCOP d1wjsa_
  458      0.9646          -0  1.798e+308     0.000   110    2    1           1    0    112      7    112      5    T0989TS197-D2.pdb:A  SCOP d1vgha_
  459      0.9646          -0  1.798e+308     0.000   110    3    1           1    0    112      7    112      5    T0989TS197-D2.pdb:A  SCOP d1ccva_
  460      0.9646          -0  1.798e+308     0.000   110    2    1           1    0    112      7    112      5    T0989TS197-D2.pdb:A  SCOP d1rmja_
  461      0.9646          -0  1.798e+308     0.000   110    2    1           1    0    112      7    112      4    T0989TS197-D2.pdb:A  SCOP d1e8qa_
  462      0.9646          -0  1.798e+308     0.000   110    2    1           1    0    112      7    112      4    T0989TS197-D2.pdb:A  SCOP d1ppqa_
  463      0.9646          -0  1.798e+308     0.000   110    2    1           1    0    112      7    112      4    T0989TS197-D2.pdb:A  SCOP d1wiia_
  464      0.9646          -0  1.798e+308     0.000   110    2    1           1    0    112      7    112     10    T0989TS197-D2.pdb:A  SCOP d1olna_
  465      0.9646          -0  1.798e+308     0.000   110    2    1           1    0    112      7    112      2    T0989TS197-D2.pdb:A  SCOP d1pg1a_
  466      0.9646          -0  1.798e+308     0.000   110    2    1           1    0    112      7    112      5    T0989TS197-D2.pdb:A  SCOP d5croa_
  467      0.9646          -0  1.798e+308     0.000   110    2    1           1    0    112      7    112      2    T0989TS197-D2.pdb:A  SCOP d1le1a_
  468      0.9646          -0  1.798e+308     0.000   110    2    1           1    0    112      7    112      4    T0989TS197-D2.pdb:A  SCOP d1hyja_
  469      0.9646          -0  1.798e+308     0.000   110    2    1           1    0    112      7    112      4    T0989TS197-D2.pdb:A  SCOP d1hyja_
  470      0.9471          -0       1.869     0.000   109    4    1           1    0    112      7    112     19    T0989TS197-D2.pdb:A  SCOP d1jn9.1
  471      0.9471          -0       1.766     0.000   109    3    2           1    0    112      7    112     12    T0989TS197-D2.pdb:A  SCOP d1cnwa_
  472      0.9471          -0       1.869     0.000   109    4    1           1    0    112      7    112     19    T0989TS197-D2.pdb:A  SCOP d1jn9.1
  473      0.9471          -0      0.9729     0.000   109    3    2           1    0    112      7    112     12    T0989TS197-D2.pdb:A  SCOP d1cnwa_
  474      0.9471          -0      0.9729     0.000   109    3    2           1    0    112      7    112     12    T0989TS197-D2.pdb:A  SCOP d1ugba_
  475      0.9471          -0      0.9729     0.000   109    3    2           1    0    112      7    112     12    T0989TS197-D2.pdb:A  SCOP d1ugda_
  476      0.9471          -0       1.766     0.000   109    3    2           1    0    112      7    112     12    T0989TS197-D2.pdb:A  SCOP d2ca2a_
  477      0.9471          -0      0.9729     0.000   109    3    2           1    0    112      7    112     12    T0989TS197-D2.pdb:A  SCOP d2ca2a_
  478      0.9471          -0       1.869     0.000   109    4    1           1    0    112      7    112     19    T0989TS197-D2.pdb:A  SCOP d1jn9.1
  479      0.9471          -0      0.9729     0.000   109    3    2           1    0    112      7    112     12    T0989TS197-D2.pdb:A  SCOP d1i91a_
  480      0.9471          -0      0.9729     0.000   109    3    2           1    0    112      7    112     12    T0989TS197-D2.pdb:A  SCOP d1avna_
  481      0.9471          -0      0.9729     0.000   109    3    2           1    0    112      7    112     12    T0989TS197-D2.pdb:A  SCOP d1if9a_
  482      0.9471          -0      0.9729     0.000   109    3    2           1    0    112      7    112     12    T0989TS197-D2.pdb:A  SCOP d1ydca_
  483      0.9471          -0       1.766     0.000   109    3    2           1    0    112      7    112     12    T0989TS197-D2.pdb:A  SCOP d1ydca_
  484      0.9471          -0      0.9729     0.000   109    3    2           1    0    112      7    112     12    T0989TS197-D2.pdb:A  SCOP d1zsba_
  485      0.9471          -0      0.9729     0.000   109    3    2           1    0    112      7    112     12    T0989TS197-D2.pdb:A  SCOP d1ugca_
  486      0.9471          -0       1.766     0.000   109    3    2           1    0    112      7    112     12    T0989TS197-D2.pdb:A  SCOP d1ugca_
  487      0.9471          -0      0.9729     0.000   109    3    2           1    0    112      7    112     12    T0989TS197-D2.pdb:A  SCOP d1ydba_
  488      0.9471          -0       1.766     0.000   109    3    2           1    0    112      7    112     12    T0989TS197-D2.pdb:A  SCOP d1ydba_
  489      0.9471          -0      0.9729     0.000   109    3    2           1    0    112      7    112     12    T0989TS197-D2.pdb:A  SCOP d1cnga_
  490      0.9471          -0       3.966     0.000   109    3    2           1    0    112      7    112     15    T0989TS197-D2.pdb:A  SCOP d1eufa_
  491      0.9471          -0       2.907     0.000   109    3    2           1    0    112      7    112     15    T0989TS197-D2.pdb:A  SCOP d1eufa_
  492      0.9471          -0      0.9729     0.000   109    3    2           1    0    112      7    112     12    T0989TS197-D2.pdb:A  SCOP d1heba_
  493      0.9471          -0      0.9729     0.000   109    3    2           1    0    112      7    112     12    T0989TS197-D2.pdb:A  SCOP d1g1da_
  494      0.9471          -0      0.9729     0.000   109    3    2           1    0    112      7    112     12    T0989TS197-D2.pdb:A  SCOP d1if7a_
