<html><head></head><body><pre style="word-wrap: break-word; white-space: pre-wrap;"> PDBe Fold v2.59. (src3) 14 Apr 2014 result file.

                   RESULT SUMMARY

   ##      Q-score      P-score     Z-score   RMSD    Nalgn Nsse Ngaps Seq-%     Nmd Nres-Q Nsse-Q Nres-T Nsse-T Query Target
    1           1       6.898       7.473     0.000   105    3    0           1    0    105      7    105      8    T0980s1TS145-D1.pdb:A  SCOP d1j1ya_
    2           1   1.622e-07       4.317     0.000   105    2    0           1    0    105      7    105     10    T0980s1TS145-D1.pdb:A  SCOP d1wj1a_
    3      0.9905       6.664       7.332     0.000   104    3    0           1    0    105      7    104      8    T0980s1TS145-D1.pdb:A  SCOP d1wn3a1
    4      0.9905       8.357       8.553     0.000   104    3    0           1    0    105      7    104      8    T0980s1TS145-D1.pdb:A  SCOP d1wm6a1
    5      0.9905       6.664       7.332     0.000   104    3    0           1    0    105      7    104      8    T0980s1TS145-D1.pdb:A  SCOP d1wlva1
    6       0.981     0.09189       3.894     0.000   104    2    1           1    0    105      7    105      7    T0980s1TS145-D1.pdb:A  SCOP d1os6a_
    7       0.981      0.4549        4.46     0.000   104    2    1           1    0    105      7    105      5    T0980s1TS145-D1.pdb:A  SCOP d2ptla_
    8      0.9623   1.314e-06       4.801     0.000   103    2    1           1    0    105      7    105     10    T0980s1TS145-D1.pdb:A  SCOP d1jl1a_
    9      0.9437      0.3581       4.801     0.000   102    3    1           1    0    105      7    105      8    T0980s1TS145-D1.pdb:A  SCOP d2ap1a2
   10      0.9386       1.094         3.7     0.638   104    2    1      0.9712    0    105      7    105      4    T0980s1TS145-D1.pdb:A  SCOP d1kjka_
   11      0.9333   1.757e-07       3.064     0.000    98    2    0           1    0    105      7     98      9    T0980s1TS145-D1.pdb:A  SCOP d1y7ua1
   12      0.9253          -0       3.836     0.000   101    3    2           1    0    105      7    105      8    T0980s1TS145-D1.pdb:A  SCOP d1bj3a_
   13      0.9253   0.0001101       4.324     0.000   101    2    2           1    0    105      7    105      7    T0980s1TS145-D1.pdb:A  SCOP d1sb2a1
   14      0.9253          -0       4.324     0.000   101    2    2           1    0    105      7    105     10    T0980s1TS145-D1.pdb:A  SCOP d1x2ta1
   15      0.9253          -0       3.966     0.000   101    3    3           1    0    105      7    105     14    T0980s1TS145-D1.pdb:A  SCOP d1kzna_
   16      0.9158          -0       4.438     0.000   100    3    3           1    0    105      7    104     15    T0980s1TS145-D1.pdb:A  SCOP d1ei1a2
   17       0.907          -0       3.291     0.000   100    2    2           1    0    105      7    105     10    T0980s1TS145-D1.pdb:A  SCOP d2nvna1
   18       0.907          -0       1.613     0.000   100    2    2           1    0    105      7    105      8    T0980s1TS145-D1.pdb:A  SCOP d1n91a_
   19       0.907      0.6486       4.541     0.000   100    2    2           1    0    105      7    105      8    T0980s1TS145-D1.pdb:A  SCOP d1u0oa1
   20      0.9021   3.881e-05       3.802     0.644   102    3    2      0.9706    0    105      7    105     10    T0980s1TS145-D1.pdb:A  SCOP d1jxba_
   21      0.9021   6.843e-08       3.644     0.644   102    3    2      0.9706    0    105      7    105     10    T0980s1TS145-D1.pdb:A  SCOP d1rdaa_
   22      0.9021   1.587e-11       3.802     0.644   102    3    2      0.9706    0    105      7    105     11    T0980s1TS145-D1.pdb:A  SCOP d1rbta_
   23      0.9021   3.881e-05       3.802     0.644   102    3    2      0.9706    0    105      7    105     10    T0980s1TS145-D1.pdb:A  SCOP d1f21a_
   24      0.8967       2.445       6.978     0.000    98    2    1           1    0    105      7    102     10    T0980s1TS145-D1.pdb:A  SCOP d2cwja1
   25       0.889       2.141       5.565     0.000    99    2    3           1    0    105      7    105      8    T0980s1TS145-D1.pdb:A  SCOP d2j6ba1
   26       0.889          -0       3.298     0.000    99    3    2           1    0    105      7    105     13    T0980s1TS145-D1.pdb:A  SCOP d1saza1
   27       0.889   0.0007962       2.808     0.000    99    2    2           1    0    105      7    105      6    T0980s1TS145-D1.pdb:A  SCOP d1n5pa_
   28       0.889    2.62e-09       5.088     0.000    99    2    2           1    0    105      7    105     10    T0980s1TS145-D1.pdb:A  SCOP d1i5ga_
   29       0.889          -0       2.301     0.000    99    3    2           1    0    105      7    105     11    T0980s1TS145-D1.pdb:A  SCOP d1q9ja1
   30       0.889          -0       2.301     0.000    99    3    2           1    0    105      7    105     11    T0980s1TS145-D1.pdb:A  SCOP d1q9ja1
   31       0.889     0.01752       4.799     0.000    99    3    2           1    0    105      7    105     13    T0980s1TS145-D1.pdb:A  SCOP d1x9ja1
   32       0.889          -0       3.836     0.000    99    2    2           1    0    105      7    105      9    T0980s1TS145-D1.pdb:A  SCOP d1ixxa_
   33       0.888          -0        2.67     0.000    98    3    2           1    0    105      7    103      8    T0980s1TS145-D1.pdb:A  SCOP d1rusa2
   34      0.8841          -0       2.516     0.647   101    3    2      0.9703    0    105      7    105     14    T0980s1TS145-D1.pdb:A  SCOP d1hdya1
   35      0.8841          -0        2.36     0.647   101    3    2      0.9703    0    105      7    105     14    T0980s1TS145-D1.pdb:A  SCOP d2jhfa1
   36      0.8841          -0        2.36     0.647   101    3    2      0.9703    0    105      7    105     14    T0980s1TS145-D1.pdb:A  SCOP d1hdxa1
   37      0.8841          -0        2.36     0.647   101    3    2      0.9703    0    105      7    105     13    T0980s1TS145-D1.pdb:A  SCOP d2ohxa1
   38      0.8841          -0       2.516     0.647   101    3    2      0.9703    0    105      7    105     14    T0980s1TS145-D1.pdb:A  SCOP d1n92a1
   39      0.8841   2.664e-12       3.802     0.647   101    3    2      0.9703    0    105      7    105     11    T0980s1TS145-D1.pdb:A  SCOP d1rbua_
   40      0.8841   2.664e-12       3.802     0.647   101    3    2      0.9703    0    105      7    105     11    T0980s1TS145-D1.pdb:A  SCOP d1rbva_
   41      0.8841   8.924e-09       3.672     0.647   101    3    2      0.9703    0    105      7    105     10    T0980s1TS145-D1.pdb:A  SCOP d1rdca_
   42      0.8841          -0       3.644     0.647   101    3    2      0.9703    0    105      7    105     11    T0980s1TS145-D1.pdb:A  SCOP d1lava_
   43      0.8841   2.207e-05       3.802     0.647   101    3    2      0.9703    0    105      7    105     10    T0980s1TS145-D1.pdb:A  SCOP d2rn2a_
   44      0.8841   2.207e-05       3.802     0.647   101    3    2      0.9703    0    105      7    105     10    T0980s1TS145-D1.pdb:A  SCOP d1kvaa_
   45      0.8841   2.207e-05       3.802     0.647   101    3    2      0.9703    0    105      7    105     10    T0980s1TS145-D1.pdb:A  SCOP d1lawa_
   46      0.8841   2.664e-12       3.802     0.647   101    3    2      0.9703    0    105      7    105     11    T0980s1TS145-D1.pdb:A  SCOP d1rbra_
   47      0.8841   5.244e-09       3.644     0.647   101    3    2      0.9703    0    105      7    105     10    T0980s1TS145-D1.pdb:A  SCOP d1goba_
   48      0.8841          -0       3.644     0.647   101    3    2      0.9703    0    105      7    105     11    T0980s1TS145-D1.pdb:A  SCOP d1rbsa_
   49      0.8841   2.664e-12       3.802     0.647   101    3    2      0.9703    0    105      7    105     11    T0980s1TS145-D1.pdb:A  SCOP d1rdba_
   50      0.8711          -0       3.966     0.000    98    3    4           1    0    105      7    105     14    T0980s1TS145-D1.pdb:A  SCOP d1aj6a_
   51      0.8711       2.381       4.638     0.000    98    2    2           1    0    105      7    105      3    T0980s1TS145-D1.pdb:A  SCOP d9anta_
   52      0.8711       2.184       4.452     0.000    98    2    1           1    0    105      7    105      3    T0980s1TS145-D1.pdb:A  SCOP d1bw5a_
   53      0.8711     0.01939       2.721     0.000    98    2    2           1    0    105      7    105      5    T0980s1TS145-D1.pdb:A  SCOP d1n5ha_
   54      0.8711     0.01939       2.721     0.000    98    2    2           1    0    105      7    105      5    T0980s1TS145-D1.pdb:A  SCOP d1n5ha_
   55      0.8711          -0       4.045     0.000    98    2    2           1    0    105      7    105     10    T0980s1TS145-D1.pdb:A  SCOP d1ewxa_
   56       0.867   1.753e-08       4.854     0.645   100    2    3        0.97    0    105      7    105     10    T0980s1TS145-D1.pdb:A  SCOP d1x2ta1
   57      0.8619          -0       3.282     0.924   102    4    3      0.9412    0    105      7    105     16    T0980s1TS145-D1.pdb:A  SCOP d1kuta_
   58      0.8616          -0       2.175     0.000    97    3    2           1    0    105      7    104      7    T0980s1TS145-D1.pdb:A  SCOP d9ruba2
   59      0.8534       1.106       3.163     0.000    97    2    2           1    0    105      7    105      3    T0980s1TS145-D1.pdb:A  SCOP d1hdpa_
   60      0.8534          -0       2.501     0.000    97    2    2           1    0    105      7    105      9    T0980s1TS145-D1.pdb:A  SCOP d1umra_
   61      0.8534      0.3278       3.786     0.000    97    2    2           1    0    105      7    105      4    T0980s1TS145-D1.pdb:A  SCOP d1vpza_
   62      0.8534          -0       1.557     0.000    97    3    1           1    0    105      7    105     14    T0980s1TS145-D1.pdb:A  SCOP d1m7ba_
   63      0.8534       1.204       3.406     0.000    97    2    3           1    0    105      7    105      5    T0980s1TS145-D1.pdb:A  SCOP d1nera_
   64      0.8481          -0       1.476     0.658    99    3    2      0.9697    0    105      7    105     15    T0980s1TS145-D1.pdb:A  SCOP d1oi4a_
   65      0.8359       2.381       4.638     0.000    96    2    2           1    0    105      7    105      3    T0980s1TS145-D1.pdb:A  SCOP d1ftta_
   66      0.8359       2.569       4.808     0.000    96    2    2           1    0    105      7    105      3    T0980s1TS145-D1.pdb:A  SCOP d3hdda_
   67      0.8359       2.374       4.631     0.000    96    2    2           1    0    105      7    105      3    T0980s1TS145-D1.pdb:A  SCOP d1du0a_
   68      0.8359       1.204       3.406     0.000    96    2    3           1    0    105      7    105      5    T0980s1TS145-D1.pdb:A  SCOP d1neqa_
   69      0.8359          -0       3.194     0.000    96    3    3           1    0    105      7    105      8    T0980s1TS145-D1.pdb:A  SCOP d1ukma_
   70      0.8359   3.513e-09       2.825     0.000    96    3    3           1    0    105      7    105      8    T0980s1TS145-D1.pdb:A  SCOP d1v7pa_
   71      0.8359       2.184       4.452     0.000    96    2    2           1    0    105      7    105      3    T0980s1TS145-D1.pdb:A  SCOP d1enha_
   72      0.8359   9.796e-05        2.59     0.000    96    2    2           1    0    105      7    105      6    T0980s1TS145-D1.pdb:A  SCOP d1kwia_
   73      0.8359        2.16        4.31     0.000    96    2    2           1    0    105      7    105      3    T0980s1TS145-D1.pdb:A  SCOP d1wgxa_
   74      0.8359          -0       3.453     0.000    96    2    2           1    0    105      7    105     10    T0980s1TS145-D1.pdb:A  SCOP d1k26a_
   75      0.8359       0.506       2.979     0.000    96    2    2           1    0    105      7    105      6    T0980s1TS145-D1.pdb:A  SCOP d1gksa_
   76      0.8359          -0       3.453     0.000    96    2    2           1    0    105      7    105     10    T0980s1TS145-D1.pdb:A  SCOP d1k26a_
   77      0.8359          -0       3.453     0.000    96    2    2           1    0    105      7    105     10    T0980s1TS145-D1.pdb:A  SCOP d1k26a_
   78      0.8359       2.569       4.808     0.000    96    2    2           1    0    105      7    105      3    T0980s1TS145-D1.pdb:A  SCOP d2hdda_
   79      0.8359           2       4.274     0.000    96    2    2           1    0    105      7    105      3    T0980s1TS145-D1.pdb:A  SCOP d1p7ia_
   80      0.8359          -0       2.366     0.000    96    2    3           1    0    105      7    105      9    T0980s1TS145-D1.pdb:A  SCOP d1thxa_
   81      0.8359     0.05713       4.778     0.000    96    2    2           1    0    105      7    105      9    T0980s1TS145-D1.pdb:A  SCOP d1fvua_
   82      0.8359   1.026e-07        4.13     0.000    96    2    2           1    0    105      7    105      9    T0980s1TS145-D1.pdb:A  SCOP d1ukka_
   83      0.8341          -0       2.105     0.992   101    2    2      0.9703    0    105      7    105     10    T0980s1TS145-D1.pdb:A  SCOP d1jkea_
   84      0.8341          -0       1.815     0.992   101    2    2      0.9703    0    105      7    105     10    T0980s1TS145-D1.pdb:A  SCOP d1j7ga_
   85      0.8319      0.4319        5.12     0.651    98    2    3      0.9694    0    105      7    105      9    T0980s1TS145-D1.pdb:A  SCOP d1ixxa_
   86      0.8319      0.4298        5.48     0.651    98    2    3      0.9694    0    105      7    105      9    T0980s1TS145-D1.pdb:A  SCOP d1x2wa1
   87      0.8313          -0       2.175     0.657    98    3    4      0.9694    0    105      7    105     10    T0980s1TS145-D1.pdb:A  SCOP d1wsea1
   88      0.8313          -0       2.175     0.657    98    3    4      0.9694    0    105      7    105     10    T0980s1TS145-D1.pdb:A  SCOP d1wsea1
   89      0.8313          -0       2.144     0.657    98    3    3      0.9694    0    105      7    105     10    T0980s1TS145-D1.pdb:A  SCOP d1jl1a_
   90      0.8313          -0       2.144     0.657    98    3    3      0.9694    0    105      7    105     10    T0980s1TS145-D1.pdb:A  SCOP d1jl1a_
   91      0.8313          -0       2.144     0.657    98    3    3      0.9694    0    105      7    105     10    T0980s1TS145-D1.pdb:A  SCOP d1f21a_
   92      0.8313          -0       2.144     0.657    98    3    3      0.9694    0    105      7    105     11    T0980s1TS145-D1.pdb:A  SCOP d1rbta_
   93      0.8313          -0       2.144     0.657    98    3    3      0.9694    0    105      7    105     10    T0980s1TS145-D1.pdb:A  SCOP d1jxba_
   94      0.8265          -0       2.467     0.000    95    3    2           1    0    105      7    104     15    T0980s1TS145-D1.pdb:A  SCOP d2ghga1
   95      0.8186          -0       3.198     0.000    95    2    3           1    0    105      7    105     10    T0980s1TS145-D1.pdb:A  SCOP d1ewxa_
   96      0.8186       1.293       3.513     0.000    95    2    3           1    0    105      7    105      3    T0980s1TS145-D1.pdb:A  SCOP d1ftza_
   97      0.8186     0.08887       4.315     0.000    95    3    1           1    0    105      7    105     10    T0980s1TS145-D1.pdb:A  SCOP d1hjra_
   98      0.8141    0.002385       3.765     0.660    97    3    3      0.9691    0    105      7    105     10    T0980s1TS145-D1.pdb:A  SCOP d2it9a1
   99       0.814          -0       2.144     0.660    97    3    3      0.9691    0    105      7    105     11    T0980s1TS145-D1.pdb:A  SCOP d1rdba_
  100       0.814          -0       2.144     0.660    97    3    3      0.9691    0    105      7    105     11    T0980s1TS145-D1.pdb:A  SCOP d1rbva_
  101       0.814          -0       2.144     0.660    97    3    3      0.9691    0    105      7    105     10    T0980s1TS145-D1.pdb:A  SCOP d1kvaa_
  102       0.814          -0       2.144     0.660    97    3    3      0.9691    0    105      7    105     11    T0980s1TS145-D1.pdb:A  SCOP d1rbra_
  103       0.814          -0       2.144     0.660    97    3    3      0.9691    0    105      7    105     10    T0980s1TS145-D1.pdb:A  SCOP d2rn2a_
  104       0.814          -0       2.144     0.660    97    3    3      0.9691    0    105      7    105     10    T0980s1TS145-D1.pdb:A  SCOP d1lawa_
  105       0.814          -0       2.144     0.660    97    3    3      0.9691    0    105      7    105     11    T0980s1TS145-D1.pdb:A  SCOP d1rbua_
  106       0.814          -0       2.144     0.660    97    3    4      0.9691    0    105      7    105     10    T0980s1TS145-D1.pdb:A  SCOP d1rdaa_
  107      0.8108          -0       3.156     0.668    95    2    3      0.9684    0    105      7    101     10    T0980s1TS145-D1.pdb:A  SCOP d1gqka2
  108      0.8108          -0       3.156     0.668    95    2    3      0.9684    0    105      7    101     10    T0980s1TS145-D1.pdb:A  SCOP d1gqja2
  109      0.8092   5.137e-09       4.114     0.000    94    3    2           1    0    105      7    104     14    T0980s1TS145-D1.pdb:A  SCOP d2ywpa1
  110      0.8015          -0       3.073     0.000    94    2    3           1    0    105      7    105      9    T0980s1TS145-D1.pdb:A  SCOP d1wt9a1
  111      0.8015          -0       3.073     0.000    94    2    3           1    0    105      7    105     10    T0980s1TS145-D1.pdb:A  SCOP d1y17a1
  112      0.8015          -0       1.494     0.000    94    3    2           1    0    105      7    105      7    T0980s1TS145-D1.pdb:A  SCOP d1v5oa_
  113      0.8015     0.04089       2.786     0.000    94    2    2           1    0    105      7    105     10    T0980s1TS145-D1.pdb:A  SCOP d1irma_
  114      0.8015          -0       2.815     0.000    94    2    1           1    0    105      7    105     10    T0980s1TS145-D1.pdb:A  SCOP d1tula_
  115      0.8015          -0       3.073     0.000    94    2    3           1    0    105      7    105     10    T0980s1TS145-D1.pdb:A  SCOP d1j35a_
  116      0.8015      0.1875       5.894     0.000    94    2    2           1    0    105      7    105      7    T0980s1TS145-D1.pdb:A  SCOP d2rgfa_
  117      0.8015       1.732       4.001     0.000    94    2    3           1    0    105      7    105      3    T0980s1TS145-D1.pdb:A  SCOP d1fjla_
  118      0.8015          -0       3.051     0.000    94    2    3           1    0    105      7    105      8    T0980s1TS145-D1.pdb:A  SCOP d1ivza_
  119      0.8007   2.751e-10       2.164     0.996    99    2    2      0.9697    0    105      7    105      8    T0980s1TS145-D1.pdb:A  SCOP d1pusa_
  120      0.8007   2.406e-11       2.164     0.996    99    2    2      0.9697    0    105      7    105      9    T0980s1TS145-D1.pdb:A  SCOP d1puqa_
  121      0.8007       1.196       4.465     0.996    99    2    2      0.9697    0    105      7    105      9    T0980s1TS145-D1.pdb:A  SCOP d1ppxa_
  122      0.7998   1.664e-10       1.594     1.002    99    3    2      0.9697    0    105      7    105      5    T0980s1TS145-D1.pdb:A  SCOP d1pgxa_
  123       0.797          -0       2.144     0.663    96    3    4      0.9688    0    105      7    105     11    T0980s1TS145-D1.pdb:A  SCOP d1lava_
  124       0.797          -0       2.144     0.663    96    3    4      0.9688    0    105      7    105     11    T0980s1TS145-D1.pdb:A  SCOP d1rbsa_
  125       0.797          -0       2.144     0.663    96    3    4      0.9688    0    105      7    105     10    T0980s1TS145-D1.pdb:A  SCOP d1goba_
  126       0.797          -0       2.175     0.663    96    3    4      0.9688    0    105      7    105     10    T0980s1TS145-D1.pdb:A  SCOP d1rdca_
  127      0.7964          -0      0.9227     0.668    96    2    3      0.9688    0    105      7    105      7    T0980s1TS145-D1.pdb:A  SCOP d1n88a_
  128      0.7964   6.921e-06       2.641     0.668    96    3    3      0.9688    0    105      7    105      6    T0980s1TS145-D1.pdb:A  SCOP d1j0ga_
  129      0.7942          -0       2.428     0.934    98    2    4      0.9388    0    105      7    105      8    T0980s1TS145-D1.pdb:A  SCOP d1uexa_
  130      0.7941    0.001517       3.166     1.037    99    2    2      0.9697    0    105      7    105      7    T0980s1TS145-D1.pdb:A  SCOP d1muta_
  131      0.7923      0.4762       3.653     1.048    99    3    2      0.9697    0    105      7    105      5    T0980s1TS145-D1.pdb:A  SCOP d1wiba_
  132      0.7882   2.194e-09       3.848     0.661    95    2    4      0.9684    0    105      7    104     10    T0980s1TS145-D1.pdb:A  SCOP d2afca1
  133      0.7882   2.194e-09       3.848     0.661    95    2    4      0.9684    0    105      7    104     10    T0980s1TS145-D1.pdb:A  SCOP d2afca1
  134      0.7845          -0       2.623     0.000    93    2    1           1    0    105      7    105      9    T0980s1TS145-D1.pdb:A  SCOP d1mt1.1
  135      0.7845    3.72e-07       3.514     0.000    93    3    1           1    0    105      7    105      8    T0980s1TS145-D1.pdb:A  SCOP d1smaa1
  136      0.7845          -0       2.416     0.000    93    2    1           1    0    105      7    105      8    T0980s1TS145-D1.pdb:A  SCOP d1smaa1
  137      0.7845   8.863e-07       3.912     0.000    93    3    1           1    0    105      7    105      9    T0980s1TS145-D1.pdb:A  SCOP d1m7ia1
  138      0.7845          -0       2.623     0.000    93    2    1           1    0    105      7    105      9    T0980s1TS145-D1.pdb:A  SCOP d1mt1.1
  139      0.7845   4.822e-17       2.967     0.000    93    3    1           1    0    105      7    105     10    T0980s1TS145-D1.pdb:A  SCOP d1gvia1
  140      0.7845     0.03146       4.517     0.000    93    2    1           1    0    105      7    105      8    T0980s1TS145-D1.pdb:A  SCOP d1iiia_
  141      0.7845     0.03146       4.517     0.000    93    2    1           1    0    105      7    105      8    T0980s1TS145-D1.pdb:A  SCOP d1dvqa_
  142      0.7845          -0       2.027     0.000    93    2    1           1    0    105      7    105      9    T0980s1TS145-D1.pdb:A  SCOP d1n05a_
  143      0.7845     0.03146       4.517     0.000    93    2    1           1    0    105      7    105      8    T0980s1TS145-D1.pdb:A  SCOP d1iika_
  144      0.7845          -0       2.623     0.000    93    2    1           1    0    105      7    105      9    T0980s1TS145-D1.pdb:A  SCOP d1mt1.1
  145      0.7845   5.207e-15       3.453     0.000    93    2    1           1    0    105      7    105     10    T0980s1TS145-D1.pdb:A  SCOP d1nb0a_
  146      0.7845          -0       1.741     0.000    93    2    1           1    0    105      7    105     10    T0980s1TS145-D1.pdb:A  SCOP d1qmja_
  147      0.7845     0.07266       5.489     0.000    93    2    1           1    0    105      7    105      7    T0980s1TS145-D1.pdb:A  SCOP d1sqra_
  148      0.7845          -0       2.623     0.000    93    2    1           1    0    105      7    105      9    T0980s1TS145-D1.pdb:A  SCOP d1n2ma_
  149      0.7845          -0       3.343     0.000    93    2    1           1    0    105      7    105      8    T0980s1TS145-D1.pdb:A  SCOP d1ugka_
  150      0.7845       1.832        6.06     0.000    93    2    1           1    0    105      7    105      9    T0980s1TS145-D1.pdb:A  SCOP d2pcpa1
  151      0.7845          -0       2.947     0.000    93    3    3           1    0    105      7    105     15    T0980s1TS145-D1.pdb:A  SCOP d1tkua_
  152      0.7845          -0  1.798e+308     0.000    93    2    1           1    0    105      7    105     10    T0980s1TS145-D1.pdb:A  SCOP d1u5za_
  153      0.7845          -0       1.557     0.000    93    3    1           1    0    105      7    105     15    T0980s1TS145-D1.pdb:A  SCOP d1s0ra1
  154      0.7845          -0         1.6     0.000    93    3    1           1    0    105      7    105     15    T0980s1TS145-D1.pdb:A  SCOP d1s0ra1
  155      0.7845          -0         1.6     0.000    93    3    1           1    0    105      7    105     15    T0980s1TS145-D1.pdb:A  SCOP d1s0ra1
  156      0.7845          -0  1.798e+308     0.000    93    3    1           1    0    105      7    105     10    T0980s1TS145-D1.pdb:A  SCOP d1u5xa_
  157      0.7845       2.136       6.328     0.000    93    3    1           1    0    105      7    105      8    T0980s1TS145-D1.pdb:A  SCOP d1wg7a_
  158      0.7845      0.7055       4.693     0.000    93    2    1           1    0    105      7    105      7    T0980s1TS145-D1.pdb:A  SCOP d1v88a_
  159      0.7845   5.044e-08       3.399     0.000    93    2    1           1    0    105      7    105      7    T0980s1TS145-D1.pdb:A  SCOP d1v88a_
  160      0.7845          -0       4.252     0.000    93    3    1           1    0    105      7    105     13    T0980s1TS145-D1.pdb:A  SCOP d1n6ha_
  161      0.7845          -0       4.252     0.000    93    3    1           1    0    105      7    105     13    T0980s1TS145-D1.pdb:A  SCOP d1n6ha_
  162      0.7845          -0       3.513     0.000    93    3    1           1    0    105      7    105     13    T0980s1TS145-D1.pdb:A  SCOP d1uhd.1
  163      0.7845          -0       3.513     0.000    93    3    1           1    0    105      7    105     13    T0980s1TS145-D1.pdb:A  SCOP d1uhe.1
  164      0.7845          -0       4.252     0.000    93    3    1           1    0    105      7    105     13    T0980s1TS145-D1.pdb:A  SCOP d1n6ka_
  165      0.7845     0.06414       4.233     0.000    93    2    1           1    0    105      7    105     10    T0980s1TS145-D1.pdb:A  SCOP d1pt0a_
  166      0.7845     0.03146       4.517     0.000    93    2    1           1    0    105      7    105      8    T0980s1TS145-D1.pdb:A  SCOP d1dvya_
  167      0.7845          -0       4.252     0.000    93    3    1           1    0    105      7    105     13    T0980s1TS145-D1.pdb:A  SCOP d1n6ka_
  168      0.7845          -0       3.453     0.000    93    2    1           1    0    105      7    105      7    T0980s1TS145-D1.pdb:A  SCOP d2tuna_
  169      0.7845          -0       4.252     0.000    93    3    1           1    0    105      7    105     13    T0980s1TS145-D1.pdb:A  SCOP d1n6na_
  170      0.7845          -0       3.453     0.000    93    2    1           1    0    105      7    105      7    T0980s1TS145-D1.pdb:A  SCOP d2tuna_
  171      0.7845          -0       3.453     0.000    93    2    1           1    0    105      7    105      7    T0980s1TS145-D1.pdb:A  SCOP d2tuna_
  172      0.7845          -0       3.453     0.000    93    2    1           1    0    105      7    105      7    T0980s1TS145-D1.pdb:A  SCOP d2tuna_
  173      0.7845          -0       4.252     0.000    93    3    1           1    0    105      7    105     13    T0980s1TS145-D1.pdb:A  SCOP d1n6na_
  174      0.7845     0.03146       4.517     0.000    93    2    1           1    0    105      7    105      8    T0980s1TS145-D1.pdb:A  SCOP d1tlma_
  175      0.7845          -0       4.252     0.000    93    3    1           1    0    105      7    105     13    T0980s1TS145-D1.pdb:A  SCOP d1n6ia_
  176      0.7845   8.922e-06       4.388     0.000    93    2    1           1    0    105      7    105      9    T0980s1TS145-D1.pdb:A  SCOP d1baia_
  177      0.7845          -0       4.252     0.000    93    3    1           1    0    105      7    105     13    T0980s1TS145-D1.pdb:A  SCOP d1n6ia_
  178      0.7845          -0       3.036     0.000    93    2    3           1    0    105      7    105     10    T0980s1TS145-D1.pdb:A  SCOP d1f3va_
  179      0.7845          -0       4.252     0.000    93    3    1           1    0    105      7    105     13    T0980s1TS145-D1.pdb:A  SCOP d1n6oa_
  180      0.7845          -0       4.252     0.000    93    3    1           1    0    105      7    105     13    T0980s1TS145-D1.pdb:A  SCOP d1n6oa_
  181      0.7845          -0  1.798e+308     0.000    93    3    1           1    0    105      7    105     14    T0980s1TS145-D1.pdb:A  SCOP d1b0fa_
  182      0.7845          -0       2.623     0.000    93    2    1           1    0    105      7    105      9    T0980s1TS145-D1.pdb:A  SCOP d1n13.1
  183      0.7845          -0       2.947     0.000    93    3    3           1    0    105      7    105     15    T0980s1TS145-D1.pdb:A  SCOP d1tkua_
  184      0.7845     0.03146       4.517     0.000    93    2    1           1    0    105      7    105      8    T0980s1TS145-D1.pdb:A  SCOP d2roxa_
  185      0.7845   8.863e-07       3.912     0.000    93    3    1           1    0    105      7    105      9    T0980s1TS145-D1.pdb:A  SCOP d1m7da1
  186      0.7845          -0        1.83     0.000    93    2    2           1    0    105      7    105      9    T0980s1TS145-D1.pdb:A  SCOP d1bexa_
  187      0.7845          -0       2.947     0.000    93    3    3           1    0    105      7    105     15    T0980s1TS145-D1.pdb:A  SCOP d1tksa_
  188      0.7845     0.03146       4.517     0.000    93    2    1           1    0    105      7    105      8    T0980s1TS145-D1.pdb:A  SCOP d1tyra_
  189      0.7845          -0       2.947     0.000    93    3    3           1    0    105      7    105     15    T0980s1TS145-D1.pdb:A  SCOP d1tksa_
  190      0.7845   5.287e-12       4.673     0.000    93    2    1           1    0    105      7    105      9    T0980s1TS145-D1.pdb:A  SCOP d1mh5a1
  191      0.7845     0.01849       4.673     0.000    93    2    2           1    0    105      7    105      8    T0980s1TS145-D1.pdb:A  SCOP d1t1va_
  192      0.7845          -0       2.272     0.000    93    2    1           1    0    105      7    105      8    T0980s1TS145-D1.pdb:A  SCOP d1ecya_
  193      0.7845          -0       2.272     0.000    93    2    1           1    0    105      7    105      8    T0980s1TS145-D1.pdb:A  SCOP d1ecya_
  194      0.7845          -0       2.947     0.000    93    2    1           1    0    105      7    105     10    T0980s1TS145-D1.pdb:A  SCOP d1ecza_
  195      0.7845          -0       1.714     0.000    93    2    1           1    0    105      7    105      9    T0980s1TS145-D1.pdb:A  SCOP d1n9ya_
  196      0.7845   8.863e-07       3.912     0.000    93    3    1           1    0    105      7    105      9    T0980s1TS145-D1.pdb:A  SCOP d1pz5a1
  197      0.7845          -0        3.12     0.000    93    2    1           1    0    105      7    105      8    T0980s1TS145-D1.pdb:A  SCOP d1tzia1
  198      0.7845          -0       1.714     0.000    93    2    1           1    0    105      7    105      9    T0980s1TS145-D1.pdb:A  SCOP d1swua_
  199      0.7845          -0  1.798e+308     0.000    93    3    1           1    0    105      7    105     13    T0980s1TS145-D1.pdb:A  SCOP d1w0ha_
  200      0.7845   5.287e-12       4.673     0.000    93    2    1           1    0    105      7    105      9    T0980s1TS145-D1.pdb:A  SCOP d1rz8a1
  201      0.7845   8.863e-07       3.912     0.000    93    3    1           1    0    105      7    105      9    T0980s1TS145-D1.pdb:A  SCOP d1rhha1
  202      0.7845          -0           2     0.000    93    2    1           1    0    105      7    105      7    T0980s1TS145-D1.pdb:A  SCOP d1gofa2
  203      0.7845          -0           2     0.000    93    2    1           1    0    105      7    105      8    T0980s1TS145-D1.pdb:A  SCOP d1goga2
  204      0.7845          -0       3.022     0.000    93    3    1           1    0    105      7    105     12    T0980s1TS145-D1.pdb:A  SCOP d1lnma_
  205      0.7845          -0       3.022     0.000    93    3    1           1    0    105      7    105     12    T0980s1TS145-D1.pdb:A  SCOP d1lkea_
  206      0.7845          -0       3.022     0.000    93    3    1           1    0    105      7    105     12    T0980s1TS145-D1.pdb:A  SCOP d1kxoa_
  207      0.7845          -0       4.146     0.000    93    3    1           1    0    105      7    105     12    T0980s1TS145-D1.pdb:A  SCOP d1exsa_
  208      0.7845          -0           2     0.000    93    2    1           1    0    105      7    105      8    T0980s1TS145-D1.pdb:A  SCOP d1goha2
  209      0.7845    0.000157       2.799     0.000    93    2    1           1    0    105      7    105      4    T0980s1TS145-D1.pdb:A  SCOP d1cq4.1
  210      0.7845          -0           2     0.000    93    2    1           1    0    105      7    105      7    T0980s1TS145-D1.pdb:A  SCOP d2eida2
  211      0.7845       0.636       2.986     0.000    93    2    1           1    0    105      7    105      2    T0980s1TS145-D1.pdb:A  SCOP d1fsba_
  212      0.7845   8.863e-07       3.912     0.000    93    3    1           1    0    105      7    105      9    T0980s1TS145-D1.pdb:A  SCOP d1i7za1
  213      0.7845          -0       2.237     0.000    93    2    1           1    0    105      7    105     10    T0980s1TS145-D1.pdb:A  SCOP d1n02a_
  214      0.7845   5.474e-12       4.673     0.000    93    2    1           1    0    105      7    105      9    T0980s1TS145-D1.pdb:A  SCOP d1h0da1
  215      0.7845          -0       1.125     0.000    93    2    1           1    0    105      7    105     10    T0980s1TS145-D1.pdb:A  SCOP d1ba9a_
  216      0.7845          -0       1.125     0.000    93    2    1           1    0    105      7    105     10    T0980s1TS145-D1.pdb:A  SCOP d1ba9a_
  217      0.7845          -0      0.9729     0.000    93    2    1           1    0    105      7    105      9    T0980s1TS145-D1.pdb:A  SCOP d1dswa_
  218      0.7845          -0       2.574     0.000    93    2    1           1    0    105      7    105     10    T0980s1TS145-D1.pdb:A  SCOP d1l5ea_
  219      0.7845          -0      0.9729     0.000    93    2    1           1    0    105      7    105      9    T0980s1TS145-D1.pdb:A  SCOP d1dswa_
  220      0.7845          -0       1.508     0.000    93    2    1           1    0    105      7    105     10    T0980s1TS145-D1.pdb:A  SCOP d1j4va_
  221      0.7845          -0       1.508     0.000    93    2    1           1    0    105      7    105     10    T0980s1TS145-D1.pdb:A  SCOP d1loma_
  222      0.7845          -0       1.508     0.000    93    2    1           1    0    105      7    105     10    T0980s1TS145-D1.pdb:A  SCOP d3ezma_
  223      0.7845          -0       4.173     0.000    93    2    1           1    0    105      7    105      9    T0980s1TS145-D1.pdb:A  SCOP d1igta1
  224      0.7845      0.1649       4.259     0.000    93    3    1           1    0    105      7    105      9    T0980s1TS145-D1.pdb:A  SCOP d1b6da1
  225      0.7845      0.5502       4.374     0.000    93    2    2           1    0    105      7    105      5    T0980s1TS145-D1.pdb:A  SCOP d1mnma_
  226      0.7845   8.863e-07       3.912     0.000    93    3    1           1    0    105      7    105      9    T0980s1TS145-D1.pdb:A  SCOP d1fj1a1
  227      0.7845       0.636       2.986     0.000    93    2    1           1    0    105      7    105      2    T0980s1TS145-D1.pdb:A  SCOP d1deca_
  228      0.7845      0.1738       2.129     0.000    93    2    1           1    0    105      7    105      2    T0980s1TS145-D1.pdb:A  SCOP d1qgma_
  229      0.7845       0.636       2.986     0.000    93    2    1           1    0    105      7    105      2    T0980s1TS145-D1.pdb:A  SCOP d1oiga_
  230      0.7845      0.5627       5.682     0.000    93    2    1           1    0    105      7    105      6    T0980s1TS145-D1.pdb:A  SCOP d1ok0a_
  231      0.7845   8.863e-07       3.912     0.000    93    3    1           1    0    105      7    105      9    T0980s1TS145-D1.pdb:A  SCOP d1bbja1
  232      0.7845     0.03146       4.517     0.000    93    2    1           1    0    105      7    105      8    T0980s1TS145-D1.pdb:A  SCOP d2trha_
  233      0.7845   8.863e-07       3.912     0.000    93    3    1           1    0    105      7    105      9    T0980s1TS145-D1.pdb:A  SCOP d1q9la1
  234      0.7845          -0       4.173     0.000    93    2    1           1    0    105      7    105     10    T0980s1TS145-D1.pdb:A  SCOP d1d5ba1
  235      0.7845          -0        3.12     0.000    93    2    1           1    0    105      7    105     10    T0980s1TS145-D1.pdb:A  SCOP d1d5ba1
  236      0.7845   8.863e-07       3.912     0.000    93    3    1           1    0    105      7    105      9    T0980s1TS145-D1.pdb:A  SCOP d43caa_
  237      0.7845      0.7403       4.123     0.000    93    2    1           1    0    105      7    105      3    T0980s1TS145-D1.pdb:A  SCOP d1auua_
  238      0.7845   1.616e-05       1.654     0.000    93    2    1           1    0    105      7    105      5    T0980s1TS145-D1.pdb:A  SCOP d1c9oa_
  239      0.7845   1.616e-05       1.654     0.000    93    2    1           1    0    105      7    105      5    T0980s1TS145-D1.pdb:A  SCOP d1i5fa_
  240      0.7845     0.03146       4.517     0.000    93    2    1           1    0    105      7    105      8    T0980s1TS145-D1.pdb:A  SCOP d2roya_
  241      0.7845      0.1061       4.772     0.000    93    2    1           1    0    105      7    105      8    T0980s1TS145-D1.pdb:A  SCOP d5ttra_
  242      0.7845          -0       3.092     0.000    93    2    1           1    0    105      7    105     10    T0980s1TS145-D1.pdb:A  SCOP d1g43a_
  243      0.7845     0.03146       4.517     0.000    93    2    1           1    0    105      7    105      8    T0980s1TS145-D1.pdb:A  SCOP d1thca_
  244      0.7845   5.287e-12       4.673     0.000    93    2    1           1    0    105      7    105      9    T0980s1TS145-D1.pdb:A  SCOP d1ndma1
  245      0.7845   2.169e-12       4.073     0.000    93    2    1           1    0    105      7    105      8    T0980s1TS145-D1.pdb:A  SCOP d1rlba_
  246      0.7845      0.4378       3.709     0.000    93    2    1           1    0    105      7    105      5    T0980s1TS145-D1.pdb:A  SCOP d1wjwa_
  247      0.7845   6.312e-14       5.713     0.000    93    2    1           1    0    105      7    105      9    T0980s1TS145-D1.pdb:A  SCOP d1lmia_
  248      0.7845          -0       3.134     0.000    93    2    1           1    0    105      7    105      7    T0980s1TS145-D1.pdb:A  SCOP d1aifa1
  249      0.7845   8.863e-07       3.912     0.000    93    3    1           1    0    105      7    105      9    T0980s1TS145-D1.pdb:A  SCOP d3fcta1
  250      0.7845   5.287e-12       4.673     0.000    93    2    1           1    0    105      7    105      9    T0980s1TS145-D1.pdb:A  SCOP d1bz7a1
  251      0.7845   3.803e-12        3.75     0.000    93    3    1           1    0    105      7    105      9    T0980s1TS145-D1.pdb:A  SCOP d1stma_
  252      0.7845     0.03146       4.517     0.000    93    2    1           1    0    105      7    105      8    T0980s1TS145-D1.pdb:A  SCOP d2trya_
  253      0.7845          -0  1.798e+308     0.000    93    2    1           1    0    105      7    105      9    T0980s1TS145-D1.pdb:A  SCOP d1odda_
  254      0.7845   8.863e-07       3.912     0.000    93    2    1           1    0    105      7    105      9    T0980s1TS145-D1.pdb:A  SCOP d2gsia1
  255      0.7845   8.863e-07       3.912     0.000    93    3    1           1    0    105      7    105      9    T0980s1TS145-D1.pdb:A  SCOP d1f11a1
  256      0.7845          -0       1.125     0.000    93    2    1           1    0    105      7    105     10    T0980s1TS145-D1.pdb:A  SCOP d1sdya_
  257      0.7845          -0       1.125     0.000    93    3    1           1    0    105      7    105     10    T0980s1TS145-D1.pdb:A  SCOP d1sdya_
  258      0.7845          -0       2.026     0.000    93    3    1           1    0    105      7    105     11    T0980s1TS145-D1.pdb:A  SCOP d1f1da_
  259      0.7845          -0       2.026     0.000    93    3    1           1    0    105      7    105      9    T0980s1TS145-D1.pdb:A  SCOP d1b4ta_
  260      0.7845          -0       2.026     0.000    93    3    1           1    0    105      7    105     10    T0980s1TS145-D1.pdb:A  SCOP d1f1aa_
  261      0.7845          -0       2.026     0.000    93    3    1           1    0    105      7    105     11    T0980s1TS145-D1.pdb:A  SCOP d1b4la_
  262      0.7845          -0       2.026     0.000    93    2    1           1    0    105      7    105      9    T0980s1TS145-D1.pdb:A  SCOP d1f18a_
  263      0.7845          -0       2.026     0.000    93    3    1           1    0    105      7    105     11    T0980s1TS145-D1.pdb:A  SCOP d1ysoa_
  264      0.7845          -0       2.026     0.000    93    3    1           1    0    105      7    105     11    T0980s1TS145-D1.pdb:A  SCOP d2jcwa_
  265      0.7845          -0       2.026     0.000    93    3    1           1    0    105      7    105     11    T0980s1TS145-D1.pdb:A  SCOP d1yaza_
  266      0.7845          -0       2.026     0.000    93    3    1           1    0    105      7    105     11    T0980s1TS145-D1.pdb:A  SCOP d1jcva_
  267      0.7845          -0       2.026     0.000    93    3    1           1    0    105      7    105     11    T0980s1TS145-D1.pdb:A  SCOP d1f1ga_
  268      0.7845          -0         1.6     0.000    93    3    1           1    0    105      7    105     13    T0980s1TS145-D1.pdb:A  SCOP d1zsoa1
  269      0.7845   0.0001161        4.26     0.000    93    3    1           1    0    105      7    105     11    T0980s1TS145-D1.pdb:A  SCOP d1niva_
  270      0.7845    0.001973        4.26     0.000    93    3    1           1    0    105      7    105     10    T0980s1TS145-D1.pdb:A  SCOP d1msaa_
  271      0.7845   0.0001161        4.26     0.000    93    3    1           1    0    105      7    105     11    T0980s1TS145-D1.pdb:A  SCOP d1jpca_
  272      0.7845          -0       1.325     0.000    93    3    1           1    0    105      7    105     12    T0980s1TS145-D1.pdb:A  SCOP d1c3na_
  273      0.7845          -0        3.26     0.000    93    2    1           1    0    105      7    105     10    T0980s1TS145-D1.pdb:A  SCOP d1c5da1
  274      0.7845          -0       2.352     0.000    93    2    1           1    0    105      7    105      9    T0980s1TS145-D1.pdb:A  SCOP d4paza_
  275      0.7845    0.005197       4.673     0.000    93    2    1           1    0    105      7    105      7    T0980s1TS145-D1.pdb:A  SCOP d1fn4a1
  276      0.7845   1.788e-10       5.185     0.000    93    3    1           1    0    105      7    105     12    T0980s1TS145-D1.pdb:A  SCOP d1hcda_
  277      0.7845          -0       3.979     0.000    93    2    1           1    0    105      7    105      9    T0980s1TS145-D1.pdb:A  SCOP d1ktja_
  278      0.7845          -0       1.518     0.000    93    2    1           1    0    105      7    105     10    T0980s1TS145-D1.pdb:A  SCOP d1slta_
  279      0.7845   0.0001154       3.156     0.000    93    2    1           1    0    105      7    105      5    T0980s1TS145-D1.pdb:A  SCOP d1whla_
  280      0.7845       1.224       3.707     0.000    93    2    3           1    0    105      7    105      6    T0980s1TS145-D1.pdb:A  SCOP d1t84a_
  281      0.7845          -0       1.169     0.000    93    2    1           1    0    105      7    105      5    T0980s1TS145-D1.pdb:A  SCOP d1whma_
  282      0.7845          -0       2.411     0.000    93    2    2           1    0    105      7    105     10    T0980s1TS145-D1.pdb:A  SCOP d1xwna1
  283      0.7845          -0  1.798e+308     0.000    93    2    1           1    0    105      7    105     10    T0980s1TS145-D1.pdb:A  SCOP d1y28a_
  284      0.7845   8.863e-07       3.912     0.000    93    2    1           1    0    105      7    105      9    T0980s1TS145-D1.pdb:A  SCOP d1blna1
  285      0.7845          -0         1.6     0.000    93    2    1           1    0    105      7    105     10    T0980s1TS145-D1.pdb:A  SCOP d1j0ja1
  286      0.7845          -0       2.523     0.000    93    2    1           1    0    105      7    105     10    T0980s1TS145-D1.pdb:A  SCOP d1j0ja1
  287      0.7845          -0         1.6     0.000    93    2    1           1    0    105      7    105     10    T0980s1TS145-D1.pdb:A  SCOP d1j0ia1
  288      0.7845          -0       2.523     0.000    93    2    1           1    0    105      7    105     10    T0980s1TS145-D1.pdb:A  SCOP d1j0ia1
  289      0.7845          -0         1.6     0.000    93    2    1           1    0    105      7    105     10    T0980s1TS145-D1.pdb:A  SCOP d1jiba1
  290      0.7845          -0         1.6     0.000    93    2    1           1    0    105      7    105     10    T0980s1TS145-D1.pdb:A  SCOP d1wzma1
  291      0.7845      0.0383       4.881     0.000    93    2    1           1    0    105      7    105      9    T0980s1TS145-D1.pdb:A  SCOP d1nd0a1
  292      0.7845          -0         1.6     0.000    93    2    1           1    0    105      7    105     10    T0980s1TS145-D1.pdb:A  SCOP d1vfoa1
  293      0.7845     0.03146       4.517     0.000    93    2    1           1    0    105      7    105      8    T0980s1TS145-D1.pdb:A  SCOP d1dvsa_
  294      0.7845          -0         1.6     0.000    93    2    1           1    0    105      7    105     10    T0980s1TS145-D1.pdb:A  SCOP d1vb9a1
  295      0.7845          -0         1.6     0.000    93    2    1           1    0    105      7    105     10    T0980s1TS145-D1.pdb:A  SCOP d2d2oa1
  296      0.7845          -0        3.12     0.000    93    2    1           1    0    105      7    105      9    T0980s1TS145-D1.pdb:A  SCOP d1a4ka1
  297      0.7845          -0       1.778     0.000    93    3    1           1    0    105      7    105      8    T0980s1TS145-D1.pdb:A  SCOP d1wfma_
  298      0.7845   1.616e-05       1.654     0.000    93    2    1           1    0    105      7    105      5    T0980s1TS145-D1.pdb:A  SCOP d1hz9a_
  299      0.7845      0.9527       5.351     0.000    93    2    1           1    0    105      7    105      5    T0980s1TS145-D1.pdb:A  SCOP d1h95a_
  300      0.7845       2.243       6.246     0.000    93    2    1           1    0    105      7    105      5    T0980s1TS145-D1.pdb:A  SCOP d1sroa_
  301      0.7845      0.6681       5.767     0.000    93    2    1           1    0    105      7    105      5    T0980s1TS145-D1.pdb:A  SCOP d1sroa_
  302      0.7845      0.0197       4.899     0.000    93    2    1           1    0    105      7    105      7    T0980s1TS145-D1.pdb:A  SCOP d1g6ea_
  303      0.7845   8.863e-07       3.912     0.000    93    3    1           1    0    105      7    105      9    T0980s1TS145-D1.pdb:A  SCOP d43c9a_
  304      0.7845   5.474e-12       4.673     0.000    93    2    1           1    0    105      7    105      9    T0980s1TS145-D1.pdb:A  SCOP d1q9ka1
  305      0.7845      0.1649       4.259     0.000    93    3    1           1    0    105      7    105      9    T0980s1TS145-D1.pdb:A  SCOP d1mhha1
  306      0.7845          -0       1.925     0.000    93    3    2           1    0    105      7    105      6    T0980s1TS145-D1.pdb:A  SCOP d1wj6a_
  307      0.7845          -0        3.12     0.000    93    2    1           1    0    105      7    105      9    T0980s1TS145-D1.pdb:A  SCOP d1q9oa1
  308      0.7845      0.0197       4.899     0.000    93    2    1           1    0    105      7    105      7    T0980s1TS145-D1.pdb:A  SCOP d1gh5a_
  309      0.7845       1.052        6.51     0.000    93    2    1           1    0    105      7    105      9    T0980s1TS145-D1.pdb:A  SCOP d1ahwa1
  310      0.7845   7.242e-07       3.614     0.000    93    2    1           1    0    105      7    105      6    T0980s1TS145-D1.pdb:A  SCOP d1hc9a_
  311      0.7845     0.01273       4.801     0.000    93    2    1           1    0    105      7    105     10    T0980s1TS145-D1.pdb:A  SCOP d2araa_
  312      0.7845          -0        3.12     0.000    93    2    1           1    0    105      7    105     10    T0980s1TS145-D1.pdb:A  SCOP d1q9wa1
  313      0.7845          -0       4.673     0.000    93    2    1           1    0    105      7    105     10    T0980s1TS145-D1.pdb:A  SCOP d1q9wa1
  314      0.7845          -0       2.516     0.000    93    2    3           1    0    105      7    105     10    T0980s1TS145-D1.pdb:A  SCOP d1v4la_
  315      0.7845          -0       3.176     0.000    93    2    3           1    0    105      7    105     10    T0980s1TS145-D1.pdb:A  SCOP d1v4la_
  316      0.7845       1.295       5.902     0.000    93    2    1           1    0    105      7    105     10    T0980s1TS145-D1.pdb:A  SCOP d1vj2a_
  317      0.7845          -0       4.169     0.000    93    3    1           1    0    105      7    105     15    T0980s1TS145-D1.pdb:A  SCOP d1rtva_
  318      0.7845          -0       2.144     0.000    93    2    1           1    0    105      7    105      9    T0980s1TS145-D1.pdb:A  SCOP d1g31a_
  319      0.7845          -0       3.453     0.000    93    3    1           1    0    105      7    105     15    T0980s1TS145-D1.pdb:A  SCOP d2d8pa1
  320      0.7845          -0       3.052     0.000    93    2    1           1    0    105      7    105      9    T0980s1TS145-D1.pdb:A  SCOP d1ngya1
  321      0.7845      0.3135        3.12     0.000    93    2    1           1    0    105      7    105      5    T0980s1TS145-D1.pdb:A  SCOP d3mon.5
  322      0.7845     0.06806        4.97     0.000    93    3    1           1    0    105      7    105     11    T0980s1TS145-D1.pdb:A  SCOP d1xd6a_
  323      0.7845     0.02596        4.97     0.000    93    3    1           1    0    105      7    105     12    T0980s1TS145-D1.pdb:A  SCOP d1xd5a_
  324      0.7845     0.02616       5.565     0.000    93    2    1           1    0    105      7    105      8    T0980s1TS145-D1.pdb:A  SCOP d1wfta_
  325      0.7845    0.001973        4.26     0.000    93    3    1           1    0    105      7    105     10    T0980s1TS145-D1.pdb:A  SCOP d1npla_
  326      0.7845          -0       4.173     0.000    93    2    1           1    0    105      7    105      9    T0980s1TS145-D1.pdb:A  SCOP d1ngwa1
  327      0.7845       1.177       3.485     0.000    93    2    1           1    0    105      7    105      5    T0980s1TS145-D1.pdb:A  SCOP d1w5va_
  328      0.7845       1.177       3.485     0.000    93    2    1           1    0    105      7    105      5    T0980s1TS145-D1.pdb:A  SCOP d1w5wa_
  329      0.7845       1.177       3.485     0.000    93    2    1           1    0    105      7    105      5    T0980s1TS145-D1.pdb:A  SCOP d1ec0a_
  330      0.7845          -0       1.258     0.000    93    3    1           1    0    105      7    105     15    T0980s1TS145-D1.pdb:A  SCOP d1fy3a_
  331      0.7845          -0       3.222     0.000    93    2    1           1    0    105      7    105      8    T0980s1TS145-D1.pdb:A  SCOP d1rlwa_
  332      0.7845       1.177       3.485     0.000    93    2    1           1    0    105      7    105      5    T0980s1TS145-D1.pdb:A  SCOP d1iiqa_
  333      0.7845      0.2259       3.078     0.000    93    2    1           1    0    105      7    105      5    T0980s1TS145-D1.pdb:A  SCOP d3tlha_
  334      0.7845    0.005751        3.05     0.000    93    2    1           1    0    105      7    105      4    T0980s1TS145-D1.pdb:A  SCOP d1dfea_
  335      0.7845      0.2259       3.078     0.000    93    2    1           1    0    105      7    105      5    T0980s1TS145-D1.pdb:A  SCOP d1sdva_
  336      0.7845       1.177       3.485     0.000    93    2    1           1    0    105      7    105      5    T0980s1TS145-D1.pdb:A  SCOP d1ebya_
  337      0.7845      0.2259       3.078     0.000    93    2    1           1    0    105      7    105      5    T0980s1TS145-D1.pdb:A  SCOP d1sdta_
  338      0.7845      0.2259       3.078     0.000    93    2    1           1    0    105      7    105      5    T0980s1TS145-D1.pdb:A  SCOP d1qbta_
  339      0.7845      0.2259       3.078     0.000    93    2    1           1    0    105      7    105      5    T0980s1TS145-D1.pdb:A  SCOP d1izia_
  340      0.7845          -0       1.714     0.000    93    3    1           1    0    105      7    105     15    T0980s1TS145-D1.pdb:A  SCOP d1gnha_
  341      0.7845      0.2259       3.078     0.000    93    2    1           1    0    105      7    105      5    T0980s1TS145-D1.pdb:A  SCOP d1kzka_
  342      0.7845      0.2325        3.05     0.000    93    2    1           1    0    105      7    105      3    T0980s1TS145-D1.pdb:A  SCOP d1dgza_
  343      0.7845      0.2259       3.078     0.000    93    2    1           1    0    105      7    105      5    T0980s1TS145-D1.pdb:A  SCOP d1axaa_
  344      0.7845      0.2259       3.078     0.000    93    2    1           1    0    105      7    105      5    T0980s1TS145-D1.pdb:A  SCOP d1bv7a_
  345      0.7845          -0       3.453     0.000    93    2    1           1    0    105      7    105     10    T0980s1TS145-D1.pdb:A  SCOP d5tswa_
  346      0.7845   1.446e-16       3.262     0.000    93    2    1           1    0    105      7    105      8    T0980s1TS145-D1.pdb:A  SCOP d3phva_
  347      0.7845       1.177       3.485     0.000    93    2    1           1    0    105      7    105      5    T0980s1TS145-D1.pdb:A  SCOP d1w5xa_
  348      0.7845     0.03146       4.517     0.000    93    2    1           1    0    105      7    105      8    T0980s1TS145-D1.pdb:A  SCOP d1ttaa_
  349      0.7845       1.177       3.485     0.000    93    2    1           1    0    105      7    105      5    T0980s1TS145-D1.pdb:A  SCOP d1t7ka_
  350      0.7845       1.177       3.485     0.000    93    2    1           1    0    105      7    105      5    T0980s1TS145-D1.pdb:A  SCOP d3upja_
  351      0.7845          -0       2.366     0.000    93    2    1           1    0    105      7    105     10    T0980s1TS145-D1.pdb:A  SCOP d1a65a1
  352      0.7845       1.053       3.345     0.000    93    2    1           1    0    105      7    105      5    T0980s1TS145-D1.pdb:A  SCOP d6upja_
  353      0.7845       1.177       3.485     0.000    93    2    1           1    0    105      7    105      5    T0980s1TS145-D1.pdb:A  SCOP d1ajva_
  354      0.7845      0.2259       3.078     0.000    93    2    1           1    0    105      7    105      5    T0980s1TS145-D1.pdb:A  SCOP d1mera_
  355      0.7845      0.6722       3.485     0.000    93    2    1           1    0    105      7    105      6    T0980s1TS145-D1.pdb:A  SCOP d1npaa_
  356      0.7845          -0       3.453     0.000    93    2    1           1    0    105      7    105     10    T0980s1TS145-D1.pdb:A  SCOP d5tswa_
  357      0.7845       1.177       3.485     0.000    93    2    1           1    0    105      7    105      5    T0980s1TS145-D1.pdb:A  SCOP d1ebza_
  358      0.7845       1.177       3.485     0.000    93    2    1           1    0    105      7    105      5    T0980s1TS145-D1.pdb:A  SCOP d1ajxa_
  359      0.7845      0.6722       3.485     0.000    93    2    1           1    0    105      7    105      6    T0980s1TS145-D1.pdb:A  SCOP d1npwa_
  360      0.7845      0.2259       3.078     0.000    93    2    1           1    0    105      7    105      5    T0980s1TS145-D1.pdb:A  SCOP d1az5a_
  361      0.7845          -0       2.865     0.000    93    3    1           1    0    105      7    105     15    T0980s1TS145-D1.pdb:A  SCOP d1r8qa_
  362      0.7845       1.177       3.485     0.000    93    2    1           1    0    105      7    105      5    T0980s1TS145-D1.pdb:A  SCOP d1izha_
  363      0.7845      0.2259       3.078     0.000    93    2    1           1    0    105      7    105      5    T0980s1TS145-D1.pdb:A  SCOP d1proa_
  364      0.7845       1.177       3.485     0.000    93    2    1           1    0    105      7    105      5    T0980s1TS145-D1.pdb:A  SCOP d1w5ya_
  365      0.7845       1.177       3.485     0.000    93    2    1           1    0    105      7    105      5    T0980s1TS145-D1.pdb:A  SCOP d1d4ia_
  366      0.7845          -0       2.865     0.000    93    3    1           1    0    105      7    105     15    T0980s1TS145-D1.pdb:A  SCOP d1r8qa_
  367      0.7845       1.177       3.485     0.000    93    2    1           1    0    105      7    105      5    T0980s1TS145-D1.pdb:A  SCOP d1ec2a_
  368      0.7845       1.177       3.485     0.000    93    2    1           1    0    105      7    105      5    T0980s1TS145-D1.pdb:A  SCOP d1ebwa_
  369      0.7845     0.07609       3.078     0.000    93    2    1           1    0    105      7    105      5    T0980s1TS145-D1.pdb:A  SCOP d1odya_
  370      0.7845          -0       2.865     0.000    93    3    1           1    0    105      7    105     15    T0980s1TS145-D1.pdb:A  SCOP d1r8qa_
  371      0.7845      0.2259       3.078     0.000    93    2    1           1    0    105      7    105      5    T0980s1TS145-D1.pdb:A  SCOP d1bwaa_
  372      0.7845       1.177       3.485     0.000    93    2    1           1    0    105      7    105      5    T0980s1TS145-D1.pdb:A  SCOP d1ec1a_
  373      0.7845      0.2259       3.078     0.000    93    2    1           1    0    105      7    105      5    T0980s1TS145-D1.pdb:A  SCOP d1hosa_
  374      0.7845          -0       3.453     0.000    93    2    1           1    0    105      7    105     10    T0980s1TS145-D1.pdb:A  SCOP d5tswa_
  375      0.7845      0.2259       3.078     0.000    93    2    1           1    0    105      7    105      5    T0980s1TS145-D1.pdb:A  SCOP d1m0ba_
  376      0.7845          -0       2.272     0.000    93    3    1           1    0    105      7    105     15    T0980s1TS145-D1.pdb:A  SCOP d1gyka_
  377      0.7845      0.2259       3.078     0.000    93    2    1           1    0    105      7    105      5    T0980s1TS145-D1.pdb:A  SCOP d1gnoa_
  378      0.7845       0.165       4.242     0.000    93    2    1           1    0    105      7    105      8    T0980s1TS145-D1.pdb:A  SCOP d8hvpa_
  379      0.7845     0.03146       4.517     0.000    93    2    1           1    0    105      7    105      8    T0980s1TS145-D1.pdb:A  SCOP d1ttca_
  380      0.7845      0.2259       3.078     0.000    93    2    1           1    0    105      7    105      5    T0980s1TS145-D1.pdb:A  SCOP d1hpsa_
  381      0.7845      0.2259       3.078     0.000    93    2    1           1    0    105      7    105      5    T0980s1TS145-D1.pdb:A  SCOP d1gnma_
  382      0.7845     0.03927       3.078     0.000    93    2    1           1    0    105      7    105      6    T0980s1TS145-D1.pdb:A  SCOP d1c6za_
  383      0.7845          -0       1.258     0.000    93    3    1           1    0    105      7    105     15    T0980s1TS145-D1.pdb:A  SCOP d1fy1a_
  384      0.7845      0.2259       3.078     0.000    93    2    1           1    0    105      7    105      5    T0980s1TS145-D1.pdb:A  SCOP d1gnna_
  385      0.7845       1.177       3.485     0.000    93    2    1           1    0    105      7    105      5    T0980s1TS145-D1.pdb:A  SCOP d1hxwa_
  386      0.7845   3.372e-08       2.237     0.000    93    2    1           1    0    105      7    105      6    T0980s1TS145-D1.pdb:A  SCOP d1c6xa_
  387      0.7845     0.03927       3.078     0.000    93    2    1           1    0    105      7    105      6    T0980s1TS145-D1.pdb:A  SCOP d1bdla_
  388      0.7845   1.121e-06       3.043     0.000    93    2    1           1    0    105      7    105      7    T0980s1TS145-D1.pdb:A  SCOP d1kj4a_
  389      0.7845     0.03146       4.517     0.000    93    2    1           1    0    105      7    105      8    T0980s1TS145-D1.pdb:A  SCOP d1tsha_
  390      0.7845      0.2259       3.078     0.000    93    2    1           1    0    105      7    105      5    T0980s1TS145-D1.pdb:A  SCOP d1bwba_
  391       0.783    0.001197       3.401     1.007    98    3    2      0.9694    0    105      7    105      6    T0980s1TS145-D1.pdb:A  SCOP d1uf0a_
  392      0.7826          -0       3.364     0.000    92    3    3           1    0    105      7    103     10    T0980s1TS145-D1.pdb:A  SCOP d1vi7a1
  393      0.7824          -0       2.389     0.774    95    3    3      0.9684    0    105      7    103     15    T0980s1TS145-D1.pdb:A  SCOP d1zn9a1
  394      0.7824          -0       2.575     0.774    95    3    3      0.9684    0    105      7    103     15    T0980s1TS145-D1.pdb:A  SCOP d1zn8a1
  395      0.7807          -0       3.693     0.661    95    2    4      0.9684    0    105      7    105      8    T0980s1TS145-D1.pdb:A  SCOP d1bj3a_
  396      0.7801          -0       1.145     0.666    95    3    2      0.9684    0    105      7    105     14    T0980s1TS145-D1.pdb:A  SCOP d1m7ba_
  397      0.7795          -0       1.589     0.672    95    3    4      0.9684    0    105      7    105      9    T0980s1TS145-D1.pdb:A  SCOP d1x25a1
  398      0.7794   2.653e-13       3.259     0.672    95    2    3      0.9684    0    105      7    105      9    T0980s1TS145-D1.pdb:A  SCOP d1fvua_
  399      0.7776   5.738e-15       1.615     1.224   100    2    3        0.94    0    105      7    105      6    T0980s1TS145-D1.pdb:A  SCOP d1tuma_
  400      0.7773          -0      0.2012     1.042    98    2    2      0.9694    0    105      7    105      9    T0980s1TS145-D1.pdb:A  SCOP d1irya_
  401      0.7751          -0       4.123     0.000    92    2    1           1    0    105      7    104      9    T0980s1TS145-D1.pdb:A  SCOP d1hxpa1
  402      0.7751          -0        3.05     0.000    92    2    1           1    0    105      7    104     10    T0980s1TS145-D1.pdb:A  SCOP d1gupa1
  403      0.7751          -0       3.222     0.000    92    2    1           1    0    105      7    104     10    T0980s1TS145-D1.pdb:A  SCOP d2gbsa1
  404      0.7751          -0        3.05     0.000    92    2    1           1    0    105      7    104     10    T0980s1TS145-D1.pdb:A  SCOP d1hxqa1
  405      0.7751      0.1369       4.969     0.000    92    2    1           1    0    105      7    104      9    T0980s1TS145-D1.pdb:A  SCOP d2f4pa1
  406      0.7751          -0       4.123     0.000    92    2    1           1    0    105      7    104     10    T0980s1TS145-D1.pdb:A  SCOP d1guqa1
  407      0.7751          -0       1.339     0.000    92    2    1           1    0    105      7    104     10    T0980s1TS145-D1.pdb:A  SCOP d1lila1
  408      0.7751      0.0671       5.631     0.000    92    3    2           1    0    105      7    104     15    T0980s1TS145-D1.pdb:A  SCOP d2br1a1
  409      0.7751      0.0671       5.631     0.000    92    3    2           1    0    105      7    104     15    T0980s1TS145-D1.pdb:A  SCOP d2hxla1
  410      0.7751      0.3901       5.947     0.000    92    2    1           1    0    105      7    104     10    T0980s1TS145-D1.pdb:A  SCOP d1igya1
  411      0.7732          -0       1.964     0.000    91    3    2           1    0    105      7    102      9    T0980s1TS145-D1.pdb:A  SCOP d1ykwa2
  412      0.7677          -0       3.621     0.000    92    2    2           1    0    105      7    105      8    T0980s1TS145-D1.pdb:A  SCOP d1bz8a_
  413      0.7677     0.03146       4.517     0.000    92    2    2           1    0    105      7    105      8    T0980s1TS145-D1.pdb:A  SCOP d1fh2a_
  414      0.7677       1.053       3.345     0.000    92    2    2           1    0    105      7    105      5    T0980s1TS145-D1.pdb:A  SCOP d4upja_
  415      0.7677      0.2259       3.078     0.000    92    2    2           1    0    105      7    105      5    T0980s1TS145-D1.pdb:A  SCOP d2hpea_
  416      0.7677     0.03146       4.517     0.000    92    2    2           1    0    105      7    105      8    T0980s1TS145-D1.pdb:A  SCOP d1f86a_
  417      0.7677       1.177       3.485     0.000    92    2    2           1    0    105      7    105      5    T0980s1TS145-D1.pdb:A  SCOP d5upja_
  418      0.7677      0.1061       4.772     0.000    92    2    2           1    0    105      7    105      8    T0980s1TS145-D1.pdb:A  SCOP d1g1oa_
  419      0.7677      0.2259       3.078     0.000    92    2    2           1    0    105      7    105      5    T0980s1TS145-D1.pdb:A  SCOP d1qbra_
  420      0.7677     0.04784       4.517     0.000    92    2    2           1    0    105      7    105      8    T0980s1TS145-D1.pdb:A  SCOP d1bzda_
  421      0.7677   4.169e-08       2.516     0.000    92    2    2           1    0    105      7    105      9    T0980s1TS145-D1.pdb:A  SCOP d1qwia_
  422      0.7677      0.2259       3.078     0.000    92    2    2           1    0    105      7    105      5    T0980s1TS145-D1.pdb:A  SCOP d1odxa_
  423      0.7677     0.03146       4.517     0.000    92    2    2           1    0    105      7    105      8    T0980s1TS145-D1.pdb:A  SCOP d1tz8a_
  424      0.7677     0.03146       4.517     0.000    92    2    2           1    0    105      7    105      8    T0980s1TS145-D1.pdb:A  SCOP d1fhna_
  425      0.7677     0.03146       4.517     0.000    92    2    2           1    0    105      7    105      8    T0980s1TS145-D1.pdb:A  SCOP d1ttba_
  426      0.7677   0.0003471       3.232     0.000    92    3    3           1    0    105      7    105      6    T0980s1TS145-D1.pdb:A  SCOP d1ip9a_
  427      0.7677     0.03146       4.517     0.000    92    2    2           1    0    105      7    105      8    T0980s1TS145-D1.pdb:A  SCOP d1qwha_
  428      0.7677   2.455e-10       2.477     0.000    92    3    3           1    0    105      7    105      6    T0980s1TS145-D1.pdb:A  SCOP d1ipga_
  429      0.7677    0.005292       2.815     0.000    92    2    2           1    0    105      7    105      6    T0980s1TS145-D1.pdb:A  SCOP d1ljoa_
  430      0.7677    0.006041       3.291     0.000    92    2    2           1    0    105      7    105      7    T0980s1TS145-D1.pdb:A  SCOP d4fxca_
  431      0.7677          -0       1.097     0.000    92    2    2           1    0    105      7    105      9    T0980s1TS145-D1.pdb:A  SCOP d2gupa1
  432      0.7677   9.136e-07       3.401     0.000    92    3    3           1    0    105      7    105      8    T0980s1TS145-D1.pdb:A  SCOP d1xc3a1
  433      0.7677          -0       2.211     0.000    92    2    3           1    0    105      7    105      7    T0980s1TS145-D1.pdb:A  SCOP d1muqa_
  434      0.7677       1.177       3.485     0.000    92    2    2           1    0    105      7    105      5    T0980s1TS145-D1.pdb:A  SCOP d1ivpa_
  435      0.7677          -0        2.09     0.000    92    3    2           1    0    105      7    105     12    T0980s1TS145-D1.pdb:A  SCOP d1xo7a_
  436      0.7677          -0       3.448     0.000    92    4    2           1    0    105      7    105     12    T0980s1TS145-D1.pdb:A  SCOP d1xq7a_
  437      0.7677     0.03146       4.517     0.000    92    2    2           1    0    105      7    105      8    T0980s1TS145-D1.pdb:A  SCOP d1f41a_
  438      0.7677          -0        2.09     0.000    92    3    2           1    0    105      7    105     12    T0980s1TS145-D1.pdb:A  SCOP d1xq7a_
  439      0.7677       1.177       3.485     0.000    92    2    2           1    0    105      7    105      5    T0980s1TS145-D1.pdb:A  SCOP d1tcwa_
  440      0.7677          -0       3.448     0.000    92    4    2           1    0    105      7    105     12    T0980s1TS145-D1.pdb:A  SCOP d1xo7a_
  441      0.7677     0.03146       4.517     0.000    92    2    2           1    0    105      7    105      8    T0980s1TS145-D1.pdb:A  SCOP d1dvxa_
  442      0.7677     0.03146       4.517     0.000    92    2    2           1    0    105      7    105      8    T0980s1TS145-D1.pdb:A  SCOP d1dvua_
  443      0.7677          -0       2.282     0.000    92    2    4           1    0    105      7    105      9    T0980s1TS145-D1.pdb:A  SCOP d1trva_
  444      0.7677     0.03146       4.517     0.000    92    2    2           1    0    105      7    105      8    T0980s1TS145-D1.pdb:A  SCOP d1ttra_
  445      0.7677      0.1442       2.865     0.000    92    2    2           1    0    105      7    105      5    T0980s1TS145-D1.pdb:A  SCOP d4hvpa_
  446      0.7677          -0       3.262     0.000    92    2    2           1    0    105      7    105      9    T0980s1TS145-D1.pdb:A  SCOP d1rq9a_
  447      0.7677     0.03146       4.517     0.000    92    2    2           1    0    105      7    105      8    T0980s1TS145-D1.pdb:A  SCOP d1bmza_
  448      0.7677     0.03146       4.517     0.000    92    2    2           1    0    105      7    105      8    T0980s1TS145-D1.pdb:A  SCOP d1soka_
  449      0.7677          -0       3.262     0.000    92    2    2           1    0    105      7    105      9    T0980s1TS145-D1.pdb:A  SCOP d3hvpa_
  450      0.7677     0.03164       4.517     0.000    92    2    2           1    0    105      7    105      8    T0980s1TS145-D1.pdb:A  SCOP d1dvza_
  451      0.7677          -0       2.185     0.000    92    3    2           1    0    105      7    105     12    T0980s1TS145-D1.pdb:A  SCOP d1f3ya_
  452      0.7677   9.254e-07       2.004     0.000    92    2    2           1    0    105      7    105      6    T0980s1TS145-D1.pdb:A  SCOP d1d3ba_
  453      0.7677     0.06717       3.043     0.000    92    2    2           1    0    105      7    105      5    T0980s1TS145-D1.pdb:A  SCOP d1rpia_
  454      0.7677     0.03146       4.517     0.000    92    2    2           1    0    105      7    105      8    T0980s1TS145-D1.pdb:A  SCOP d1bzea_
  455      0.7677          -0        3.42     0.000    92    3    2           1    0    105      7    105     10    T0980s1TS145-D1.pdb:A  SCOP d1fl9a_
  456      0.7677   1.548e-14       4.073     0.000    92    2    2           1    0    105      7    105      8    T0980s1TS145-D1.pdb:A  SCOP d1soqa_
  457      0.7677     0.03146       4.517     0.000    92    2    2           1    0    105      7    105      8    T0980s1TS145-D1.pdb:A  SCOP d1ijna_
  458      0.7677     0.03146       4.517     0.000    92    2    2           1    0    105      7    105      8    T0980s1TS145-D1.pdb:A  SCOP d1bm7a_
  459      0.7677     0.03146       4.517     0.000    92    2    2           1    0    105      7    105      8    T0980s1TS145-D1.pdb:A  SCOP d1dvta_
  460      0.7677          -0       4.073     0.000    92    2    2           1    0    105      7    105      9    T0980s1TS145-D1.pdb:A  SCOP d1oo2a_
  461      0.7677       1.177       3.485     0.000    92    2    2           1    0    105      7    105      5    T0980s1TS145-D1.pdb:A  SCOP d1fb7a_
  462      0.7671     0.01033       1.645     1.006    97    2    2      0.9691    0    105      7    105      8    T0980s1TS145-D1.pdb:A  SCOP d1p97a_
  463      0.7668          -0       2.343     0.780    95    2    3      0.9579    0    105      7    105     10    T0980s1TS145-D1.pdb:A  SCOP d1k2ea_
  464      0.7657          -0       2.779     0.000    91    3    1           1    0    105      7    103     10    T0980s1TS145-D1.pdb:A  SCOP d1l0ya1
  465      0.7657    0.001644       3.579     0.000    91    3    1           1    0    105      7    103      8    T0980s1TS145-D1.pdb:A  SCOP d1gh7a1
  466      0.7657          -0       2.779     0.000    91    3    1           1    0    105      7    103     10    T0980s1TS145-D1.pdb:A  SCOP d1l0xa1
  467      0.7657          -0       2.313     0.000    91    3    1           1    0    105      7    103     10    T0980s1TS145-D1.pdb:A  SCOP d1jcka1
  468      0.7655          -0       2.575     0.778    94    3    3      0.9681    0    105      7    103     15    T0980s1TS145-D1.pdb:A  SCOP d1zn7a1
  469      0.7583          -0       2.689     0.000    91    2    2           1    0    105      7    104     10    T0980s1TS145-D1.pdb:A  SCOP d1zcea1
  470      0.7563          -0      0.9729     0.000    90    3    1           1    0    105      7    102     11    T0980s1TS145-D1.pdb:A  SCOP d1zm1a1
  471      0.7546          -0       3.248     0.668    93    2    5      0.9677    0    105      7    104     10    T0980s1TS145-D1.pdb:A  SCOP d2afca1
  472      0.7511          -0       1.009     0.000    91    2    3           1    0    105      7    105      6    T0980s1TS145-D1.pdb:A  SCOP d1lita_
  473      0.7511          -0       1.925     0.000    91    3    3           1    0    105      7    105     13    T0980s1TS145-D1.pdb:A  SCOP d1s4qa_
  474      0.7511          -0       2.947     0.000    91    2    3           1    0    105      7    105      9    T0980s1TS145-D1.pdb:A  SCOP d1gp1a_
  475      0.7511     0.09716       4.616     0.000    91    2    3           1    0    105      7    105      9    T0980s1TS145-D1.pdb:A  SCOP d1dt1a_
  476      0.7511          -0       2.005     0.000    91    2    2           1    0    105      7    105     10    T0980s1TS145-D1.pdb:A  SCOP d1rlja_
  477      0.7511   4.866e-05       5.496     0.000    91    3    2           1    0    105      7    105     11    T0980s1TS145-D1.pdb:A  SCOP d1g17a_
  478      0.7511          -0        2.26     0.000    91    4    3           1    0    105      7    105     20    T0980s1TS145-D1.pdb:A  SCOP d1t3m.1
  479      0.7511   4.866e-05       5.496     0.000    91    3    2           1    0    105      7    105     11    T0980s1TS145-D1.pdb:A  SCOP d1g17a_
  480      0.7511          -0       3.163     0.000    91    3    2           1    0    105      7    105     12    T0980s1TS145-D1.pdb:A  SCOP d1g16a_
  481      0.7511   7.874e-14       2.597     0.000    91    2    2           1    0    105      7    105     10    T0980s1TS145-D1.pdb:A  SCOP d1qzha_
  482      0.7511     0.03146       4.517     0.000    91    2    2           1    0    105      7    105      8    T0980s1TS145-D1.pdb:A  SCOP d1thaa_
  483      0.7511          -0       3.492     0.000    91    2    3           1    0    105      7    105      9    T0980s1TS145-D1.pdb:A  SCOP d1nw2a_
  484      0.7511          -0       2.272     0.000    91    2    2           1    0    105      7    105      9    T0980s1TS145-D1.pdb:A  SCOP d2fvta1
  485      0.7511     0.07883       4.772     0.000    91    2    2           1    0    105      7    105      8    T0980s1TS145-D1.pdb:A  SCOP d1qaba_
  486      0.7511          -0       4.059     0.000    91    2    2           1    0    105      7    105      9    T0980s1TS145-D1.pdb:A  SCOP d2fvta1
  487      0.7511          -0       3.163     0.000    91    3    2           1    0    105      7    105     13    T0980s1TS145-D1.pdb:A  SCOP d1tu3a_
  488      0.7504     0.09914       1.508     0.782    94    2    3      0.9574    0    105      7    105      3    T0980s1TS145-D1.pdb:A  SCOP d1vg5a_
  489      0.7498   0.0004775       1.805     1.016    96    3    2      0.9688    0    105      7    105      5    T0980s1TS145-D1.pdb:A  SCOP d1g6za_
  490      0.7498          -0       1.413     1.016    96    3    4      0.9688    0    105      7    105     15    T0980s1TS145-D1.pdb:A  SCOP d1orea_
  491       0.749   2.473e-13       2.872     0.000    90    2    2           1    0    105      7    103      7    T0980s1TS145-D1.pdb:A  SCOP d2piaa1
  492      0.7481          -0       1.925     1.217    98    4    4      0.9388    0    105      7    105     20    T0980s1TS145-D1.pdb:A  SCOP d1oika_
  493      0.7481          -0       1.925     1.217    98    4    4      0.9388    0    105      7    105     20    T0980s1TS145-D1.pdb:A  SCOP d1vz4a_
  494      0.7475          -0       3.772     0.668    93    2    4      0.9677    0    105      7    105     10    T0980s1TS145-D1.pdb:A  SCOP d1ioda_
