<html><head></head><body><pre style="word-wrap: break-word; white-space: pre-wrap;"> PDBe Fold v2.59. (src3) 14 Apr 2014 result file.

                   RESULT SUMMARY

   ##      Q-score      P-score     Z-score   RMSD    Nalgn Nsse Ngaps Seq-%     Nmd Nres-Q Nsse-Q Nres-T Nsse-T Query Target
    1      0.9481       2.112       5.171     0.000    74    2    1           1    0     76      3     76      4    T0990TS498-D1.pdb:A  SCOP d1q0aa_
    2      0.9481       1.242       4.181     0.000    74    2    1           1    0     76      3     76      7    T0990TS498-D1.pdb:A  SCOP d1eq3a_
    3      0.9481       2.511       5.585     0.000    74    2    1           1    0     76      3     76      4    T0990TS498-D1.pdb:A  SCOP d1q09a_
    4      0.9481      0.3099       3.887     0.000    74    2    2           1    0     76      3     76      6    T0990TS498-D1.pdb:A  SCOP d1s6da_
    5      0.9481       2.367       4.988     0.000    74    2    1           1    0     76      3     76      5    T0990TS498-D1.pdb:A  SCOP d1b4fa_
    6      0.9226       1.039       4.552     0.000    73    2    2           1    0     76      3     76      6    T0990TS498-D1.pdb:A  SCOP d1mp1a_
    7      0.8975       1.439       4.417     0.000    72    2    2           1    0     76      3     76      3    T0990TS498-D1.pdb:A  SCOP d1mbea_
    8      0.8975       0.778       3.994     0.000    72    2    1           1    0     76      3     76      8    T0990TS498-D1.pdb:A  SCOP d1aqva2
    9      0.8975       0.778       3.994     0.000    72    2    1           1    0     76      3     76      8    T0990TS498-D1.pdb:A  SCOP d1kbna2
   10      0.8975       1.288       4.238     0.000    72    2    2           1    0     76      3     76      3    T0990TS498-D1.pdb:A  SCOP d1mbfa_
   11      0.8975       0.778       3.994     0.000    72    2    1           1    0     76      3     76      8    T0990TS498-D1.pdb:A  SCOP d1eoha2
   12      0.8975      0.9789       3.779     0.000    72    2    1           1    0     76      3     76      8    T0990TS498-D1.pdb:A  SCOP d2oaca2
   13      0.8975       1.725       3.994     0.000    72    2    1           1    0     76      3     76      8    T0990TS498-D1.pdb:A  SCOP d1tu7a2
   14      0.8975       1.141       3.994     0.000    72    2    1           1    0     76      3     76      7    T0990TS498-D1.pdb:A  SCOP d1gtia2
   15      0.8975       1.803       4.224     0.000    72    3    4           1    0     76      3     76      6    T0990TS498-D1.pdb:A  SCOP d1jbga_
   16      0.8818       1.507       4.502     0.000    68    2    1           1    0     76      3     69      6    T0990TS498-D1.pdb:A  SCOP d1wwxa1
   17      0.8727        1.94       4.658     0.000    71    3    2           1    0     76      3     76      6    T0990TS498-D1.pdb:A  SCOP d1q06a_
   18      0.8727        1.94       4.658     0.000    71    3    2           1    0     76      3     76      6    T0990TS498-D1.pdb:A  SCOP d1q05a_
   19      0.8727        1.94       4.658     0.000    71    3    2           1    0     76      3     76      6    T0990TS498-D1.pdb:A  SCOP d1q07a_
   20      0.8727       0.734       3.427     0.000    71    2    2           1    0     76      3     76      3    T0990TS498-D1.pdb:A  SCOP d1viia_
   21      0.8727       2.206       4.474     0.000    71    2    2           1    0     76      3     76      5    T0990TS498-D1.pdb:A  SCOP d1e8oa_
   22      0.8727       1.533       4.531     0.000    71    2    2           1    0     76      3     76      7    T0990TS498-D1.pdb:A  SCOP d1ttza_
   23      0.8727      0.6773       3.341     0.000    71    2    3           1    0     76      3     76      8    T0990TS498-D1.pdb:A  SCOP d1yjja1
   24      0.8727       1.411       4.331     0.000    71    2    2           1    0     76      3     76      4    T0990TS498-D1.pdb:A  SCOP d1o8ra_
   25      0.8727      0.1797         3.8     0.000    71    2    3           1    0     76      3     76     10    T0990TS498-D1.pdb:A  SCOP d1l8wa_
   26      0.8727     0.02908       2.479     0.000    71    2    2           1    0     76      3     76      7    T0990TS498-D1.pdb:A  SCOP d1m2ia_
   27      0.8727     0.01492       2.374     0.000    71    2    2           1    0     76      3     76      7    T0990TS498-D1.pdb:A  SCOP d1m2ma_
   28      0.8727     0.02908       2.479     0.000    71    2    2           1    0     76      3     76      7    T0990TS498-D1.pdb:A  SCOP d1m59a_
   29      0.8727      0.1933       3.043     0.000    71    2    2           1    0     76      3     76      8    T0990TS498-D1.pdb:A  SCOP d1b5aa_
   30      0.8727     0.01838       2.374     0.000    71    2    2           1    0     76      3     76      8    T0990TS498-D1.pdb:A  SCOP d1icca_
   31      0.8727     0.02908       2.479     0.000    71    2    2           1    0     76      3     76      7    T0990TS498-D1.pdb:A  SCOP d1ehba_
   32      0.8727     0.01838       2.374     0.000    71    2    2           1    0     76      3     76      8    T0990TS498-D1.pdb:A  SCOP d1lj0a_
   33      0.8727     0.08705       2.808     0.000    71    2    2           1    0     76      3     76      7    T0990TS498-D1.pdb:A  SCOP d1f04a_
   34      0.8727     0.02908       2.479     0.000    71    2    2           1    0     76      3     76      7    T0990TS498-D1.pdb:A  SCOP d1es1a_
   35      0.8483       1.278       3.496     0.000    70    1    2           1    0     76      3     76      5    T0990TS498-D1.pdb:A  SCOP d1knaa_
   36      0.8483     0.01588       3.872     0.000    70    2    3           1    0     76      3     76      8    T0990TS498-D1.pdb:A  SCOP d1mhqa_
   37      0.8483      0.5304       4.066     0.000    70    2    3           1    0     76      3     76      5    T0990TS498-D1.pdb:A  SCOP d1fhba_
   38      0.8483       1.278       3.496     0.000    70    1    2           1    0     76      3     76      5    T0990TS498-D1.pdb:A  SCOP d1q3la_
   39      0.8483      0.9695       3.765     0.000    70    2    3           1    0     76      3     76      7    T0990TS498-D1.pdb:A  SCOP d1pdxa_
   40      0.8483       1.192       4.969     0.000    70    2    2           1    0     76      3     76      5    T0990TS498-D1.pdb:A  SCOP d1hula_
   41      0.8483      0.7175        4.36     0.000    70    2    3           1    0     76      3     76      5    T0990TS498-D1.pdb:A  SCOP d1yica_
   42      0.8483      0.6115       3.327     0.000    70    2    3           1    0     76      3     76      4    T0990TS498-D1.pdb:A  SCOP d1qzpa_
   43      0.8483       1.655       5.662     0.000    70    2    2           1    0     76      3     76      8    T0990TS498-D1.pdb:A  SCOP d1nr3a_
   44      0.8483       1.787       4.059     0.000    70    2    2           1    0     76      3     76      4    T0990TS498-D1.pdb:A  SCOP d1b8xa2
   45      0.8483      0.7742       2.887     0.000    70    2    3           1    0     76      3     76      5    T0990TS498-D1.pdb:A  SCOP d1emwa_
   46      0.8483       1.391       4.096     0.000    70    2    2           1    0     76      3     76      6    T0990TS498-D1.pdb:A  SCOP d1gksa_
   47      0.8483      0.9949       4.442     0.000    70    1    2           1    0     76      3     76      4    T0990TS498-D1.pdb:A  SCOP d1bqxa_
   48      0.8483      0.9949       4.442     0.000    70    1    2           1    0     76      3     76      5    T0990TS498-D1.pdb:A  SCOP d1bwea_
   49      0.8483      0.8379       4.176     0.000    70    1    2           1    0     76      3     76      4    T0990TS498-D1.pdb:A  SCOP d1bc6a_
   50      0.8483       2.189       4.457     0.000    70    1    2           1    0     76      3     76      2    T0990TS498-D1.pdb:A  SCOP d1dska_
   51      0.8353        0.38       2.252     0.000    69    2    2           1    0     76      3     75      5    T0990TS498-D1.pdb:A  SCOP d1aqxa2
   52      0.8243       1.008       3.887     0.000    69    2    3           1    0     76      3     76      7    T0990TS498-D1.pdb:A  SCOP d1duga2
   53      0.8243       1.142       4.059     0.000    69    2    3           1    0     76      3     76      6    T0990TS498-D1.pdb:A  SCOP d1gnea2
   54      0.8243       2.729       5.318     0.000    69    2    2           1    0     76      3     76      9    T0990TS498-D1.pdb:A  SCOP d1veaa_
   55      0.8243      0.2597       3.592     0.000    69    2    3           1    0     76      3     76      6    T0990TS498-D1.pdb:A  SCOP d1qn2a_
   56      0.8243      0.9588       3.094     0.000    69    1    3           1    0     76      3     76      4    T0990TS498-D1.pdb:A  SCOP d1o80a_
   57      0.8243      0.7931       2.863     0.000    69    1    3           1    0     76      3     76      4    T0990TS498-D1.pdb:A  SCOP d1il8a_
   58      0.8243      0.7931       2.863     0.000    69    1    3           1    0     76      3     76      4    T0990TS498-D1.pdb:A  SCOP d2il8a_
   59      0.8243      0.7931       2.863     0.000    69    1    3           1    0     76      3     76      4    T0990TS498-D1.pdb:A  SCOP d1ilqa_
   60      0.8243      0.7931       2.863     0.000    69    1    3           1    0     76      3     76      4    T0990TS498-D1.pdb:A  SCOP d1ilpa_
   61      0.8243      0.1535       2.863     0.000    69    1    3           1    0     76      3     76      5    T0990TS498-D1.pdb:A  SCOP d2ofja2
   62      0.8243      0.1535       2.863     0.000    69    1    3           1    0     76      3     76      5    T0990TS498-D1.pdb:A  SCOP d1fhua2
   63      0.8243          -0  1.798e+308     0.000    69    1    4           1    0     76      3     76      4    T0990TS498-D1.pdb:A  SCOP d1q09a_
   64      0.8243          -0  1.798e+308     0.000    69    1    4           1    0     76      3     76      4    T0990TS498-D1.pdb:A  SCOP d1q09a_
   65      0.8243          -0  1.798e+308     0.000    69    1    4           1    0     76      3     76      4    T0990TS498-D1.pdb:A  SCOP d1q09a_
   66      0.8243      0.5422       3.721     0.000    69    1    2           1    0     76      3     76      5    T0990TS498-D1.pdb:A  SCOP d1ekza_
   67      0.8243     0.09629       5.713     0.000    69    1    3           1    0     76      3     76      5    T0990TS498-D1.pdb:A  SCOP d1dula_
   68      0.8243      0.2597       3.592     0.000    69    2    3           1    0     76      3     76      5    T0990TS498-D1.pdb:A  SCOP d1ql4a_
   69      0.8243      0.2597       3.592     0.000    69    2    3           1    0     76      3     76      5    T0990TS498-D1.pdb:A  SCOP d1ql3a_
   70      0.8243      0.9588       3.094     0.000    69    1    3           1    0     76      3     76      5    T0990TS498-D1.pdb:A  SCOP d1reua_
   71      0.8243       2.317       5.959     0.000    69    1    2           1    0     76      3     76      5    T0990TS498-D1.pdb:A  SCOP d1v5ka_
   72      0.8243     0.02098        3.74     0.000    69    1    2           1    0     76      3     76      5    T0990TS498-D1.pdb:A  SCOP d1v5ka_
   73      0.8243     0.02098        3.74     0.000    69    1    2           1    0     76      3     76      5    T0990TS498-D1.pdb:A  SCOP d1v5ka_
   74      0.8243      0.1272       3.695     0.000    69    1    2           1    0     76      3     76      3    T0990TS498-D1.pdb:A  SCOP d1jjra_
   75      0.8188      0.5517        3.74     0.000    66    1    1           1    0     76      3     70      5    T0990TS498-D1.pdb:A  SCOP d2dixa1
   76      0.8006       1.277       3.298     0.000    68    2    2           1    0     76      3     76      7    T0990TS498-D1.pdb:A  SCOP d1ptfa_
   77      0.8006      0.7777        2.84     0.000    68    1    3           1    0     76      3     76      5    T0990TS498-D1.pdb:A  SCOP d1qk9a_
   78      0.8006      0.2597       3.592     0.000    68    2    3           1    0     76      3     76      5    T0990TS498-D1.pdb:A  SCOP d1i6ea_
   79      0.8006      0.3016       3.267     0.000    68    1    3           1    0     76      3     76      5    T0990TS498-D1.pdb:A  SCOP d1cj1a_
   80      0.8006      0.3016       3.267     0.000    68    1    3           1    0     76      3     76      5    T0990TS498-D1.pdb:A  SCOP d1cj1a_
   81      0.8006      0.1638       3.341     0.000    68    2    3           1    0     76      3     76      5    T0990TS498-D1.pdb:A  SCOP d2giwa_
   82      0.8006      0.2597       3.592     0.000    68    2    3           1    0     76      3     76      5    T0990TS498-D1.pdb:A  SCOP d1i6da_
   83      0.8006       0.147        3.32     0.000    68    2    3           1    0     76      3     76      5    T0990TS498-D1.pdb:A  SCOP d1hroa_
   84      0.8006       0.236       3.743     0.000    68    2    2           1    0     76      3     76      7    T0990TS498-D1.pdb:A  SCOP d2o21a1
   85      0.8006       0.236       3.743     0.000    68    2    2           1    0     76      3     76      7    T0990TS498-D1.pdb:A  SCOP d2o22a1
   86      0.8006      0.8763       3.635     0.000    68    2    2           1    0     76      3     76      7    T0990TS498-D1.pdb:A  SCOP d1fhea2
   87      0.8006       1.533       4.531     0.000    68    2    2           1    0     76      3     76      7    T0990TS498-D1.pdb:A  SCOP d3grxa_
   88      0.8006       1.263       4.209     0.000    68    2    3           1    0     76      3     76      6    T0990TS498-D1.pdb:A  SCOP d1ab7a_
   89      0.8006      0.8018       4.209     0.000    68    2    3           1    0     76      3     76      7    T0990TS498-D1.pdb:A  SCOP d1a19a_
   90      0.8006    0.003971       3.554     0.000    68    2    3           1    0     76      3     76      6    T0990TS498-D1.pdb:A  SCOP d1mp1a_
   91      0.8006      0.7718       5.448     0.000    68    2    2           1    0     76      3     76      8    T0990TS498-D1.pdb:A  SCOP d1elka_
   92      0.8006       1.287       4.514     0.000    68    2    2           1    0     76      3     76      8    T0990TS498-D1.pdb:A  SCOP d1p7na_
   93      0.8006      0.5608       2.499     0.000    68    1    3           1    0     76      3     76      4    T0990TS498-D1.pdb:A  SCOP d1roda_
   94      0.8006       1.185       4.197     0.000    68    2    3           1    0     76      3     76      7    T0990TS498-D1.pdb:A  SCOP d1s69a_
   95      0.8006      0.6303       2.614     0.000    68    1    4           1    0     76      3     76      4    T0990TS498-D1.pdb:A  SCOP d3il8a_
   96      0.8006      0.5608       2.499     0.000    68    1    3           1    0     76      3     76      4    T0990TS498-D1.pdb:A  SCOP d1mgsa_
   97      0.8006      0.6596       2.661     0.000    68    1    3           1    0     76      3     76      5    T0990TS498-D1.pdb:A  SCOP d1doka_
   98       0.783      0.8927       3.004     0.000    65    1    2           1    0     76      3     71      4    T0990TS498-D1.pdb:A  SCOP d1t38a2
   99       0.783      0.4511       3.004     0.000    65    1    2           1    0     76      3     71      5    T0990TS498-D1.pdb:A  SCOP d1t39a2
  100      0.7776       1.411       3.457     0.905    70    2    3      0.9429    0     76      3     76      9    T0990TS498-D1.pdb:A  SCOP d1b0va_
  101      0.7772          -0  1.798e+308     0.000    67    1    4           1    0     76      3     76      4    T0990TS498-D1.pdb:A  SCOP d1aoia_
  102      0.7772      0.4794        4.36     0.000    67    2    3           1    0     76      3     76      7    T0990TS498-D1.pdb:A  SCOP d1yeaa_
  103      0.7772      0.7175        4.36     0.000    67    2    3           1    0     76      3     76      5    T0990TS498-D1.pdb:A  SCOP d1chja_
  104      0.7772          -0  1.798e+308     0.000    67    1    4           1    0     76      3     76      4    T0990TS498-D1.pdb:A  SCOP d1aoia_
  105      0.7772      0.7175        4.36     0.000    67    2    3           1    0     76      3     76      5    T0990TS498-D1.pdb:A  SCOP d1crga_
  106      0.7772          -0  1.798e+308     0.000    67    1    4           1    0     76      3     76      4    T0990TS498-D1.pdb:A  SCOP d1kx4a_
  107      0.7772          -0  1.798e+308     0.000    67    1    4           1    0     76      3     76      4    T0990TS498-D1.pdb:A  SCOP d1kx4a_
  108      0.7772      0.7175        4.36     0.000    67    2    3           1    0     76      3     76      5    T0990TS498-D1.pdb:A  SCOP d1irwa_
  109      0.7772          -0  1.798e+308     0.000    67    1    4           1    0     76      3     76      4    T0990TS498-D1.pdb:A  SCOP d1kx4a_
  110      0.7772          -0  1.798e+308     0.000    67    1    4           1    0     76      3     76      4    T0990TS498-D1.pdb:A  SCOP d1q0aa_
  111      0.7772       1.293       3.513     0.000    67    2    1           1    0     76      3     76      6    T0990TS498-D1.pdb:A  SCOP d1ir0a_
  112      0.7772       1.003       3.597     0.000    67    2    3           1    0     76      3     76      5    T0990TS498-D1.pdb:A  SCOP d1j3sa_
  113      0.7772      0.2492       3.556     0.000    67    1    3           1    0     76      3     76      5    T0990TS498-D1.pdb:A  SCOP d1fi7a_
  114      0.7772      0.9349       3.092     0.000    67    2    1           1    0     76      3     76      6    T0990TS498-D1.pdb:A  SCOP d1fxra_
  115      0.7772      0.1638       3.341     0.000    67    2    3           1    0     76      3     76      5    T0990TS498-D1.pdb:A  SCOP d1giwa_
  116      0.7772       1.475       5.461     0.000    67    2    1           1    0     76      3     76      6    T0990TS498-D1.pdb:A  SCOP d1s6da_
  117      0.7772      0.7175        4.36     0.000    67    2    3           1    0     76      3     76      5    T0990TS498-D1.pdb:A  SCOP d1cifa_
  118      0.7772      0.7175        4.36     0.000    67    2    3           1    0     76      3     76      5    T0990TS498-D1.pdb:A  SCOP d1chia_
  119      0.7772      0.7175        4.36     0.000    67    2    3           1    0     76      3     76      5    T0990TS498-D1.pdb:A  SCOP d1crha_
  120      0.7772      0.7175        4.36     0.000    67    2    3           1    0     76      3     76      5    T0990TS498-D1.pdb:A  SCOP d1raqa_
  121      0.7772      0.4446       3.944     0.000    67    2    3           1    0     76      3     76      5    T0990TS498-D1.pdb:A  SCOP d1csva_
  122      0.7772      0.7175        4.36     0.000    67    2    3           1    0     76      3     76      5    T0990TS498-D1.pdb:A  SCOP d1cria_
  123      0.7772      0.7175        4.36     0.000    67    2    3           1    0     76      3     76      5    T0990TS498-D1.pdb:A  SCOP d1crja_
  124      0.7772      0.4446       3.944     0.000    67    2    3           1    0     76      3     76      5    T0990TS498-D1.pdb:A  SCOP d1csxa_
  125      0.7772      0.7175        4.36     0.000    67    2    3           1    0     76      3     76      5    T0990TS498-D1.pdb:A  SCOP d1cswa_
  126      0.7772      0.7175        4.36     0.000    67    2    3           1    0     76      3     76      5    T0990TS498-D1.pdb:A  SCOP d1ciga_
  127      0.7772          -0  1.798e+308     0.000    67    1    4           1    0     76      3     76      4    T0990TS498-D1.pdb:A  SCOP d1kx3a_
  128      0.7772          -0  1.798e+308     0.000    67    1    4           1    0     76      3     76      4    T0990TS498-D1.pdb:A  SCOP d1kx3a_
  129      0.7772      0.7175        4.36     0.000    67    2    3           1    0     76      3     76      5    T0990TS498-D1.pdb:A  SCOP d1csua_
  130      0.7772          -0  1.798e+308     0.000    67    1    4           1    0     76      3     76      4    T0990TS498-D1.pdb:A  SCOP d1aoia_
  131      0.7772          -0  1.798e+308     0.000    67    1    4           1    0     76      3     76      4    T0990TS498-D1.pdb:A  SCOP d1kx3a_
  132      0.7772       1.316       4.274     0.000    67    2    1           1    0     76      3     76      6    T0990TS498-D1.pdb:A  SCOP d1irga_
  133      0.7772       1.993       4.944     0.000    67    2    3           1    0     76      3     76      8    T0990TS498-D1.pdb:A  SCOP d1afva_
  134      0.7772      0.7113       3.478     0.000    67    2    1           1    0     76      3     76      7    T0990TS498-D1.pdb:A  SCOP d1irfa_
  135      0.7772       1.083       4.096     0.000    67    3    4           1    0     76      3     76      6    T0990TS498-D1.pdb:A  SCOP d3crda_
  136      0.7772      0.2661       4.073     0.000    67    1    3           1    0     76      3     76      4    T0990TS498-D1.pdb:A  SCOP d1uhma_
  137      0.7772      0.8132       3.621     0.000    67    2    1           1    0     76      3     76      6    T0990TS498-D1.pdb:A  SCOP d1t2ka_
  138      0.7772      0.8319        3.65     0.000    67    2    3           1    0     76      3     76      3    T0990TS498-D1.pdb:A  SCOP d1acia_
  139      0.7772       3.269       5.399     0.000    67    1    1           1    0     76      3     76      5    T0990TS498-D1.pdb:A  SCOP d1uw1a_
  140      0.7772     0.02055       3.305     0.000    67    2    3           1    0     76      3     76      8    T0990TS498-D1.pdb:A  SCOP d1rtxa_
  141      0.7772      0.5304       4.066     0.000    67    2    3           1    0     76      3     76      5    T0990TS498-D1.pdb:A  SCOP d1crca_
  142      0.7772       1.541       4.538     0.000    67    2    1           1    0     76      3     76     10    T0990TS498-D1.pdb:A  SCOP d1wj1a_
  143      0.7772      0.7948       4.044     0.000    67    2    4           1    0     76      3     76      7    T0990TS498-D1.pdb:A  SCOP d1btaa_
  144      0.7772       1.293       3.513     0.000    67    2    1           1    0     76      3     76      6    T0990TS498-D1.pdb:A  SCOP d1iqza_
  145      0.7772      0.7948       4.044     0.000    67    2    4           1    0     76      3     76      7    T0990TS498-D1.pdb:A  SCOP d1btba_
  146      0.7772      0.7379       2.781     0.000    67    1    3           1    0     76      3     76      4    T0990TS498-D1.pdb:A  SCOP d1cm9a_
  147      0.7772        1.05       3.043     0.000    67    2    3           1    0     76      3     76      6    T0990TS498-D1.pdb:A  SCOP d2ak7a1
  148      0.7772      0.9053       3.021     0.000    67    1    3           1    0     76      3     76      1    T0990TS498-D1.pdb:A  SCOP d1rjta_
  149      0.7772      0.7379       2.781     0.000    67    1    3           1    0     76      3     76      4    T0990TS498-D1.pdb:A  SCOP d1tn9a_
  150      0.7772      0.7175        4.36     0.000    67    2    3           1    0     76      3     76      5    T0990TS498-D1.pdb:A  SCOP d1rapa_
  151      0.7772      0.7379       2.781     0.000    67    1    3           1    0     76      3     76      4    T0990TS498-D1.pdb:A  SCOP d1b69a_
  152      0.7772      0.2468       3.757     0.000    67    2    1           1    0     76      3     76      9    T0990TS498-D1.pdb:A  SCOP d1gmxa_
  153      0.7772       1.407       3.295     0.000    67    1    3           1    0     76      3     76      1    T0990TS498-D1.pdb:A  SCOP d1dsja_
  154      0.7772       1.908       4.324     0.000    67    2    2           1    0     76      3     76      9    T0990TS498-D1.pdb:A  SCOP d1ti3a_
  155      0.7772       1.234       3.077     0.000    67    1    3           1    0     76      3     76      4    T0990TS498-D1.pdb:A  SCOP d1j9oa_
  156      0.7772       1.329        4.36     0.000    67    2    3           1    0     76      3     76      8    T0990TS498-D1.pdb:A  SCOP d1fova_
  157      0.7772      0.9349       3.092     0.000    67    2    1           1    0     76      3     76      5    T0990TS498-D1.pdb:A  SCOP d1daxa_
  158      0.7772       1.513       3.765     0.000    67    2    1           1    0     76      3     76      6    T0990TS498-D1.pdb:A  SCOP d1cpza_
  159      0.7772      0.5013       2.967     0.000    67    2    3           1    0     76      3     76      5    T0990TS498-D1.pdb:A  SCOP d1lc2a_
  160      0.7772      0.7379       2.781     0.000    67    1    3           1    0     76      3     76      3    T0990TS498-D1.pdb:A  SCOP d1doma_
  161      0.7772      0.7379       2.781     0.000    67    1    3           1    0     76      3     76      3    T0990TS498-D1.pdb:A  SCOP d1dona_
  162      0.7772      0.7888       3.345     0.000    67    2    3           1    0     76      3     76      5    T0990TS498-D1.pdb:A  SCOP d1lc1a_
  163      0.7772      0.1952       1.879     0.000    67    1    4           1    0     76      3     76      4    T0990TS498-D1.pdb:A  SCOP d1av1a_
  164      0.7772      0.1952       1.879     0.000    67    1    4           1    0     76      3     76      4    T0990TS498-D1.pdb:A  SCOP d1av1a_
  165      0.7772      0.1952       1.879     0.000    67    1    4           1    0     76      3     76      4    T0990TS498-D1.pdb:A  SCOP d1av1a_
  166      0.7772      0.7379       2.781     0.000    67    1    3           1    0     76      3     76      3    T0990TS498-D1.pdb:A  SCOP d1vmpa_
  167      0.7772          -0  1.798e+308     0.000    67    1    4           1    0     76      3     76      4    T0990TS498-D1.pdb:A  SCOP d1id3a_
  168      0.7772          -0  1.798e+308     0.000    67    1    3           1    0     76      3     76      4    T0990TS498-D1.pdb:A  SCOP d1vcra_
  169      0.7772          -0  1.798e+308     0.000    67    1    3           1    0     76      3     76      4    T0990TS498-D1.pdb:A  SCOP d1vcra_
  170      0.7772      0.7379       2.781     0.000    67    1    3           1    0     76      3     76      4    T0990TS498-D1.pdb:A  SCOP d1hhva_
  171      0.7772          -0  1.798e+308     0.000    67    1    3           1    0     76      3     76      4    T0990TS498-D1.pdb:A  SCOP d1vcra_
  172      0.7772          -0  1.798e+308     0.000    67    1    4           1    0     76      3     76      4    T0990TS498-D1.pdb:A  SCOP d1kx5a_
  173      0.7772       1.954       5.282     0.000    67    2    1           1    0     76      3     76      6    T0990TS498-D1.pdb:A  SCOP d1exza_
  174      0.7772          -0  1.798e+308     0.000    67    1    3           1    0     76      3     76      4    T0990TS498-D1.pdb:A  SCOP d1vcra_
  175      0.7772          -0  1.798e+308     0.000    67    1    3           1    0     76      3     76      4    T0990TS498-D1.pdb:A  SCOP d1vcra_
  176      0.7772      0.2693       3.305     0.000    67    2    2           1    0     76      3     76      6    T0990TS498-D1.pdb:A  SCOP d1scfa_
  177      0.7772          -0  1.798e+308     0.000    67    1    4           1    0     76      3     76      4    T0990TS498-D1.pdb:A  SCOP d1q0aa_
  178      0.7772          -0  1.798e+308     0.000    67    1    3           1    0     76      3     76      4    T0990TS498-D1.pdb:A  SCOP d1vcra_
  179      0.7772          -0  1.798e+308     0.000    67    1    4           1    0     76      3     76      4    T0990TS498-D1.pdb:A  SCOP d1q0aa_
  180      0.7772          -0  1.798e+308     0.000    67    1    3           1    0     76      3     76      2    T0990TS498-D1.pdb:A  SCOP d1pd3a_
  181      0.7772    0.003801       3.305     0.000    67    2    4           1    0     76      3     76      8    T0990TS498-D1.pdb:A  SCOP d1xs9a_
  182      0.7772      0.1804       2.404     0.000    67    2    4           1    0     76      3     76      6    T0990TS498-D1.pdb:A  SCOP d2p6aa1
  183      0.7772      0.7175        4.36     0.000    67    2    3           1    0     76      3     76      5    T0990TS498-D1.pdb:A  SCOP d1ciha_
  184      0.7772      0.1417       4.159     0.000    67    2    1           1    0     76      3     76      7    T0990TS498-D1.pdb:A  SCOP d1ls8a_
  185      0.7772          -0  1.798e+308     0.000    67    1    4           1    0     76      3     76      4    T0990TS498-D1.pdb:A  SCOP d1kx5a_
  186      0.7772       1.293       3.513     0.000    67    2    1           1    0     76      3     76      6    T0990TS498-D1.pdb:A  SCOP d1wtfa1
  187      0.7772      0.7175        4.36     0.000    67    2    3           1    0     76      3     76      5    T0990TS498-D1.pdb:A  SCOP d1ciea_
  188      0.7772      0.7175        4.36     0.000    67    2    3           1    0     76      3     76      6    T0990TS498-D1.pdb:A  SCOP d1ytca_
  189      0.7772   7.199e-09       2.411     0.000    67    2    3           1    0     76      3     76     10    T0990TS498-D1.pdb:A  SCOP d1f4qa_
  190      0.7772   7.199e-09       2.411     0.000    67    2    3           1    0     76      3     76      8    T0990TS498-D1.pdb:A  SCOP d1k95a_
  191      0.7772      0.7175        4.36     0.000    67    2    3           1    0     76      3     76      5    T0990TS498-D1.pdb:A  SCOP d1ycca_
  192      0.7772    0.001026       1.988     0.000    67    2    4           1    0     76      3     76      5    T0990TS498-D1.pdb:A  SCOP d1s6ja_
  193      0.7772          -0  1.798e+308     0.000    67    1    4           1    0     76      3     76      4    T0990TS498-D1.pdb:A  SCOP d1id3a_
  194      0.7772          -0  1.798e+308     0.000    67    1    4           1    0     76      3     76      4    T0990TS498-D1.pdb:A  SCOP d1id3a_
  195      0.7772       4.259       5.703     0.000    67    2    2           1    0     76      3     76      5    T0990TS498-D1.pdb:A  SCOP d1sb0a_
  196      0.7772          -0  1.798e+308     0.000    67    1    4           1    0     76      3     76      4    T0990TS498-D1.pdb:A  SCOP d1kx5a_
  197      0.7721       2.729       5.318     0.000    65    2    2           1    0     76      3     72      9    T0990TS498-D1.pdb:A  SCOP d1wpta1
  198      0.7642     0.02055       3.305     0.000    66    2    3           1    0     76      3     75      8    T0990TS498-D1.pdb:A  SCOP d2hz1a1
  199      0.7591       2.879       5.166     0.000    64    2    2           1    0     76      3     71      9    T0990TS498-D1.pdb:A  SCOP d1wpsa1
  200      0.7591       2.879       5.166     0.000    64    2    2           1    0     76      3     71      9    T0990TS498-D1.pdb:A  SCOP d1wpsa1
  201      0.7542      0.4446       3.944     0.000    66    2    3           1    0     76      3     76      5    T0990TS498-D1.pdb:A  SCOP d1ctya_
  202      0.7542      0.4852       3.736     0.000    66    2    4           1    0     76      3     76      7    T0990TS498-D1.pdb:A  SCOP d2cx6a1
  203      0.7542       2.074       4.774     0.000    66    3    3           1    0     76      3     76      5    T0990TS498-D1.pdb:A  SCOP d1cyia_
  204      0.7542       2.864       5.945     0.000    66    1    2           1    0     76      3     76      3    T0990TS498-D1.pdb:A  SCOP d1wh5a_
  205      0.7542   4.306e-09       2.262     0.000    66    2    3           1    0     76      3     76     10    T0990TS498-D1.pdb:A  SCOP d1flva_
  206      0.7542      0.7161       4.066     0.000    66    2    3           1    0     76      3     76      4    T0990TS498-D1.pdb:A  SCOP d1akka_
  207      0.7542       1.296       4.829     0.000    66    2    2           1    0     76      3     76      4    T0990TS498-D1.pdb:A  SCOP d1h3la_
  208      0.7542      0.1547       1.702     0.000    66    2    3           1    0     76      3     76      8    T0990TS498-D1.pdb:A  SCOP d2b0ua1
  209      0.7542   5.106e-10       1.879     0.000    66    1    4           1    0     76      3     76      4    T0990TS498-D1.pdb:A  SCOP d1yfca_
  210      0.7542       0.124       2.758     0.000    66    1    3           1    0     76      3     76      5    T0990TS498-D1.pdb:A  SCOP d2if1a_
  211      0.7542       2.074       4.774     0.000    66    3    3           1    0     76      3     76      5    T0990TS498-D1.pdb:A  SCOP d1cyja_
  212      0.7542      0.1382       3.485     0.000    66    2    3           1    0     76      3     76      6    T0990TS498-D1.pdb:A  SCOP d1hh7a_
  213      0.7542     0.07114       3.248     0.000    66    2    3           1    0     76      3     76      6    T0990TS498-D1.pdb:A  SCOP d1fj0a_
  214      0.7542          -0  1.798e+308     0.000    66    1    4           1    0     76      3     76      3    T0990TS498-D1.pdb:A  SCOP d1jjra_
  215      0.7542     0.07114       3.248     0.000    66    2    3           1    0     76      3     76      6    T0990TS498-D1.pdb:A  SCOP d1i8pa_
  216      0.7542          -0  1.798e+308     0.000    66    1    4           1    0     76      3     76      3    T0990TS498-D1.pdb:A  SCOP d1jjra_
  217      0.7542      0.7227       2.758     0.000    66    1    3           1    0     76      3     76      4    T0990TS498-D1.pdb:A  SCOP d1wiia_
  218      0.7542      0.7227       2.758     0.000    66    1    3           1    0     76      3     76      4    T0990TS498-D1.pdb:A  SCOP d1ap0a_
  219      0.7542   1.588e-05       3.177     0.000    66    2    3           1    0     76      3     76      5    T0990TS498-D1.pdb:A  SCOP d1hroa_
  220      0.7542       3.533        6.31     0.000    66    2    3           1    0     76      3     76      7    T0990TS498-D1.pdb:A  SCOP d1cy5a_
  221      0.7542          -0  1.798e+308     0.000    66    1    4           1    0     76      3     76      3    T0990TS498-D1.pdb:A  SCOP d1jjra_
  222      0.7542       1.391       3.485     0.000    66    2    3           1    0     76      3     76      6    T0990TS498-D1.pdb:A  SCOP d1l4sa_
  223      0.7542       2.161       4.431     0.000    66    2    2           1    0     76      3     76      5    T0990TS498-D1.pdb:A  SCOP d1fwpa_
  224      0.7542          -0  1.798e+308     0.000    66    1    4           1    0     76      3     76      5    T0990TS498-D1.pdb:A  SCOP d1v5ka_
  225      0.7542       0.383       4.892     0.000    66    2    2           1    0     76      3     76      8    T0990TS498-D1.pdb:A  SCOP d1gm0a_
  226      0.7542   8.744e-13       2.183     0.000    66    2    3           1    0     76      3     76      8    T0990TS498-D1.pdb:A  SCOP d1f4oa_
  227      0.7542   3.613e-11       2.305     0.000    66    2    4           1    0     76      3     76      8    T0990TS498-D1.pdb:A  SCOP d1k94a_
  228      0.7542      0.4446       3.944     0.000    66    2    3           1    0     76      3     76      5    T0990TS498-D1.pdb:A  SCOP d1chha_
  229      0.7542       1.269       3.485     0.000    66    2    2           1    0     76      3     76      6    T0990TS498-D1.pdb:A  SCOP d1siza_
  230      0.7542   6.479e-06       2.758     0.000    66    1    3           1    0     76      3     76      4    T0990TS498-D1.pdb:A  SCOP d1gyza_
  231      0.7542          -0  1.798e+308     0.000    66    1    4           1    0     76      3     76      4    T0990TS498-D1.pdb:A  SCOP d1q08a_
  232      0.7542      0.7175        4.36     0.000    66    2    3           1    0     76      3     76      5    T0990TS498-D1.pdb:A  SCOP d1ctza_
  233      0.7542      0.1087       3.157     0.000    66    2    2           1    0     76      3     76     10    T0990TS498-D1.pdb:A  SCOP d1s36a_
  234      0.7542      0.4446       3.944     0.000    66    2    3           1    0     76      3     76      5    T0990TS498-D1.pdb:A  SCOP d2ycca_
  235      0.7542          -0  1.798e+308     0.000    66    1    4           1    0     76      3     76      4    T0990TS498-D1.pdb:A  SCOP d1q08a_
  236      0.7542          -0  1.798e+308     0.000    66    1    4           1    0     76      3     76      4    T0990TS498-D1.pdb:A  SCOP d1q08a_
  237      0.7542      0.3083       2.714     0.000    66    2    3           1    0     76      3     76      4    T0990TS498-D1.pdb:A  SCOP d1rhxa_
  238      0.7542      0.9696       3.134     0.000    66    2    2           1    0     76      3     76      7    T0990TS498-D1.pdb:A  SCOP d1dfda_
  239      0.7542      0.9962       3.958     0.000    66    1    2           1    0     76      3     76      4    T0990TS498-D1.pdb:A  SCOP d3alca_
  240      0.7542      0.2049           3     0.000    66    1    3           1    0     76      3     76      3    T0990TS498-D1.pdb:A  SCOP d1rgva_
  241      0.7542       2.161       5.192     0.000    66    2    2           1    0     76      3     76      4    T0990TS498-D1.pdb:A  SCOP d1r5ea_
  242      0.7542       0.405        1.73     0.000    66    1    3           1    0     76      3     76      4    T0990TS498-D1.pdb:A  SCOP d1vlta_
  243      0.7542      0.4446       3.944     0.000    66    2    3           1    0     76      3     76      5    T0990TS498-D1.pdb:A  SCOP d1irva_
  244      0.7542      0.9962       3.958     0.000    66    1    2           1    0     76      3     76      4    T0990TS498-D1.pdb:A  SCOP d2alca_
  245      0.7542      0.1382       3.485     0.000    66    2    3           1    0     76      3     76      6    T0990TS498-D1.pdb:A  SCOP d1i8oa_
  246      0.7461       1.531       3.973     0.000    63    2    2           1    0     76      3     70      8    T0990TS498-D1.pdb:A  SCOP d1v5ra1
  247      0.7461       1.189       5.713     0.000    63    1    3           1    0     76      3     70      5    T0990TS498-D1.pdb:A  SCOP d2dixa1
  248      0.7383       1.914       4.188     0.000    64    2    1           1    0     76      3     73      4    T0990TS498-D1.pdb:A  SCOP d2f40a1
  249      0.7355     0.06597       4.524     0.000    63    2    3           1    0     76      3     71     10    T0990TS498-D1.pdb:A  SCOP d2jeka1
  250      0.7321   6.572e-10      0.3518     0.918    68    1    4      0.9412    0     76      3     76      4    T0990TS498-D1.pdb:A  SCOP d1bqxa_
  251      0.7315      0.2897       3.643     0.000    65    2    3           1    0     76      3     76      5    T0990TS498-D1.pdb:A  SCOP d1hrca_
  252      0.7315      0.6925       2.712     0.000    65    1    2           1    0     76      3     76      5    T0990TS498-D1.pdb:A  SCOP d1g6za_
  253      0.7315      0.6308       3.356     0.000    65    2    4           1    0     76      3     76      5    T0990TS498-D1.pdb:A  SCOP d2fowa_
  254      0.7315      0.7899       2.908     0.000    65    1    3           1    0     76      3     76      4    T0990TS498-D1.pdb:A  SCOP d1r8pa_
  255      0.7315   3.094e-06       2.623     0.000    65    1    2           1    0     76      3     76      4    T0990TS498-D1.pdb:A  SCOP d1lmsa_
  256      0.7315   1.293e-05        2.48     0.000    65    1    3           1    0     76      3     76      5    T0990TS498-D1.pdb:A  SCOP d2paca_
  257      0.7315      0.6925       2.712     0.000    65    1    2           1    0     76      3     76      3    T0990TS498-D1.pdb:A  SCOP d1xg0a_
  258      0.7315      0.6925       2.712     0.000    65    1    2           1    0     76      3     76      3    T0990TS498-D1.pdb:A  SCOP d1xf6a_
  259      0.7315      0.9853       3.786     0.000    65    2    3           1    0     76      3     76      5    T0990TS498-D1.pdb:A  SCOP d1xs8a_
  260      0.7315   0.0006907       1.893     0.000    65    2    3           1    0     76      3     76      6    T0990TS498-D1.pdb:A  SCOP d1sdza_
  261      0.7315   0.0002846       2.357     0.000    65    1    2           1    0     76      3     76      3    T0990TS498-D1.pdb:A  SCOP d1bg5a2
  262      0.7315      0.6308       3.356     0.000    65    2    3           1    0     76      3     76      6    T0990TS498-D1.pdb:A  SCOP d1gtba2
  263      0.7315   0.0001813       2.282     0.000    65    2    5           1    0     76      3     76      6    T0990TS498-D1.pdb:A  SCOP d1c2ra_
  264      0.7315   0.0001813       2.282     0.000    65    2    5           1    0     76      3     76      6    T0990TS498-D1.pdb:A  SCOP d1vyda_
  265      0.7315      0.6925       2.712     0.000    65    1    2           1    0     76      3     76      3    T0990TS498-D1.pdb:A  SCOP d1qgwa_
  266      0.7315      0.9179       3.038     0.000    65    1    2           1    0     76      3     76      3    T0990TS498-D1.pdb:A  SCOP d1d9na_
  267      0.7315      0.7348       2.777     0.000    65    1    2           1    0     76      3     76      4    T0990TS498-D1.pdb:A  SCOP d1ig4a_
  268      0.7315          -0  1.798e+308     0.000    65    1    5           1    0     76      3     76      5    T0990TS498-D1.pdb:A  SCOP d2c2ca_
  269      0.7315          -0  1.798e+308     0.000    65    1    5           1    0     76      3     76      5    T0990TS498-D1.pdb:A  SCOP d3c2ca_
  270      0.7315      0.4606       3.008     0.000    65    2    2           1    0     76      3     76      7    T0990TS498-D1.pdb:A  SCOP d6gsta2
  271      0.7315      0.4606       3.008     0.000    65    2    2           1    0     76      3     76      7    T0990TS498-D1.pdb:A  SCOP d6gsxa2
  272      0.7315      0.4606       3.008     0.000    65    2    2           1    0     76      3     76      7    T0990TS498-D1.pdb:A  SCOP d3gsta2
  273      0.7315      0.4606       3.008     0.000    65    2    2           1    0     76      3     76      7    T0990TS498-D1.pdb:A  SCOP d6gsua2
  274      0.7315      0.5543       3.052     0.000    65    2    3           1    0     76      3     76      5    T0990TS498-D1.pdb:A  SCOP d1i5ta_
  275      0.7315      0.7746       2.887     0.000    65    2    2           1    0     76      3     76      6    T0990TS498-D1.pdb:A  SCOP d1fvsa_
  276      0.7315   7.179e-08       3.021     0.000    65    2    4           1    0     76      3     76     10    T0990TS498-D1.pdb:A  SCOP d2fz5a1
  277      0.7315      0.3362       3.305     0.000    65    1    3           1    0     76      3     76      4    T0990TS498-D1.pdb:A  SCOP d1fi9a_
  278      0.7315      0.0583       2.714     0.000    65    2    4           1    0     76      3     76      7    T0990TS498-D1.pdb:A  SCOP d2cx6a1
  279      0.7315       1.832       4.281     0.000    65    2    2           1    0     76      3     76     10    T0990TS498-D1.pdb:A  SCOP d1rkia1
  280      0.7315          -0  1.798e+308     0.000    65    1    4           1    0     76      3     76      5    T0990TS498-D1.pdb:A  SCOP d1usta_
  281      0.7315          -0  1.798e+308     0.000    65    1    4           1    0     76      3     76      5    T0990TS498-D1.pdb:A  SCOP d1usta_
  282      0.7315          -0  1.798e+308     0.000    65    1    5           1    0     76      3     76      4    T0990TS498-D1.pdb:A  SCOP d1uhma_
  283      0.7315      0.2442       1.856     0.000    65    2    5           1    0     76      3     76      5    T0990TS498-D1.pdb:A  SCOP d1v3fa_
  284      0.7315      0.7029       3.979     0.000    65    1    2           1    0     76      3     76      2    T0990TS498-D1.pdb:A  SCOP d1hksa_
  285      0.7315       1.711       3.979     0.000    65    1    2           1    0     76      3     76      1    T0990TS498-D1.pdb:A  SCOP d1omqa_
  286      0.7315      0.9215       4.327     0.000    65    1    2           1    0     76      3     76      4    T0990TS498-D1.pdb:A  SCOP d1hkta_
  287      0.7315       1.711       3.979     0.000    65    1    2           1    0     76      3     76      4    T0990TS498-D1.pdb:A  SCOP d1dema_
  288      0.7315       1.711       3.979     0.000    65    1    2           1    0     76      3     76      4    T0990TS498-D1.pdb:A  SCOP d1dtka_
  289      0.7315      0.3747       2.564     0.000    65    1    3           1    0     76      3     76      4    T0990TS498-D1.pdb:A  SCOP d1tvsa_
  290      0.7315      0.7348       2.777     0.000    65    1    2           1    0     76      3     76      4    T0990TS498-D1.pdb:A  SCOP d1shpa_
  291      0.7315       1.428       3.669     0.000    65    1    2           1    0     76      3     76      4    T0990TS498-D1.pdb:A  SCOP d1jc6a_
  292      0.7315       1.711       3.979     0.000    65    1    2           1    0     76      3     76      4    T0990TS498-D1.pdb:A  SCOP d1dtxa_
  293      0.7315       1.711       3.979     0.000    65    1    2           1    0     76      3     76      4    T0990TS498-D1.pdb:A  SCOP d1aapa_
  294      0.7315       1.711       3.979     0.000    65    1    2           1    0     76      3     76      4    T0990TS498-D1.pdb:A  SCOP d1ld5a_
  295      0.7315       1.711       3.979     0.000    65    1    2           1    0     76      3     76      4    T0990TS498-D1.pdb:A  SCOP d1knta_
  296      0.7315       1.711       3.979     0.000    65    1    2           1    0     76      3     76      4    T0990TS498-D1.pdb:A  SCOP d2knta_
  297      0.7315       1.711       3.979     0.000    65    1    2           1    0     76      3     76      4    T0990TS498-D1.pdb:A  SCOP d1ktha_
  298      0.7315      0.7348       2.777     0.000    65    1    2           1    0     76      3     76      3    T0990TS498-D1.pdb:A  SCOP d1uuba_
  299      0.7315       1.711       3.979     0.000    65    1    2           1    0     76      3     76      4    T0990TS498-D1.pdb:A  SCOP d1pita_
  300      0.7315     0.04063       3.336     0.000    65    2    3           1    0     76      3     76     10    T0990TS498-D1.pdb:A  SCOP d1mx6a_
  301      0.7315       1.711       3.979     0.000    65    1    2           1    0     76      3     76      3    T0990TS498-D1.pdb:A  SCOP d1jv9a_
  302      0.7315       1.711       3.979     0.000    65    1    2           1    0     76      3     76      3    T0990TS498-D1.pdb:A  SCOP d1jv8a_
  303      0.7315      0.7348       2.777     0.000    65    1    2           1    0     76      3     76      3    T0990TS498-D1.pdb:A  SCOP d1uuaa_
  304      0.7315       1.711       3.979     0.000    65    1    2           1    0     76      3     76      4    T0990TS498-D1.pdb:A  SCOP d1bhca_
  305      0.7315     0.04063       3.336     0.000    65    2    3           1    0     76      3     76     10    T0990TS498-D1.pdb:A  SCOP d1mx4a_
  306      0.7315       1.711       3.979     0.000    65    1    2           1    0     76      3     76      4    T0990TS498-D1.pdb:A  SCOP d1bz5a_
  307      0.7315       1.711       3.979     0.000    65    1    2           1    0     76      3     76      4    T0990TS498-D1.pdb:A  SCOP d2hexa_
  308      0.7315       1.711       3.979     0.000    65    1    2           1    0     76      3     76      4    T0990TS498-D1.pdb:A  SCOP d1btia_
  309      0.7315       1.511       3.762     0.000    65    1    2           1    0     76      3     76      1    T0990TS498-D1.pdb:A  SCOP d1yuja_
  310      0.7315      0.5745       3.762     0.000    65    1    2           1    0     76      3     76      2    T0990TS498-D1.pdb:A  SCOP d1yuia_
  311      0.7315       1.711       3.979     0.000    65    1    2           1    0     76      3     76      4    T0990TS498-D1.pdb:A  SCOP d1ncsa_
  312      0.7315       0.104       2.275     0.000    65    2    3           1    0     76      3     76      3    T0990TS498-D1.pdb:A  SCOP d1af8a_
  313      0.7315        1.87       5.894     0.000    65    2    2           1    0     76      3     76      7    T0990TS498-D1.pdb:A  SCOP d1inra_
  314      0.7315       2.377       5.033     0.000    65    3    3           1    0     76      3     76      5    T0990TS498-D1.pdb:A  SCOP d1ctja_
  315      0.7315       2.377       5.033     0.000    65    3    3           1    0     76      3     76      5    T0990TS498-D1.pdb:A  SCOP d1ceda_
  316      0.7315   0.0008744       3.202     0.000    65    2    2           1    0     76      3     76      7    T0990TS498-D1.pdb:A  SCOP d1etea_
  317      0.7315      0.3258       2.144     0.000    65    2    2           1    0     76      3     76      6    T0990TS498-D1.pdb:A  SCOP d2u2fa_
  318      0.7315       2.377       5.033     0.000    65    3    3           1    0     76      3     76      5    T0990TS498-D1.pdb:A  SCOP d1c6oa_
  319      0.7315       1.276       3.693     0.000    65    2    2           1    0     76      3     76      3    T0990TS498-D1.pdb:A  SCOP d1fh1a_
  320      0.7315      0.4229       3.496     0.000    65    1    2           1    0     76      3     76      2    T0990TS498-D1.pdb:A  SCOP d1h0za_
  321      0.7315      0.2151        3.27     0.000    65    2    2           1    0     76      3     76      9    T0990TS498-D1.pdb:A  SCOP d1qv1a_
  322      0.7315      0.2151        3.27     0.000    65    2    2           1    0     76      3     76      9    T0990TS498-D1.pdb:A  SCOP d1qv0a_
  323      0.7315   4.166e-07       2.547     0.000    65    2    2           1    0     76      3     76      9    T0990TS498-D1.pdb:A  SCOP d2gt3a1
  324      0.7315      0.1209       4.358     0.000    65    2    2           1    0     76      3     76      9    T0990TS498-D1.pdb:A  SCOP d1bm8a_
  325      0.7315          -0      0.5225     0.000    65    2    3           1    0     76      3     76      5    T0990TS498-D1.pdb:A  SCOP d1psya_
  326      0.7315          -0  1.798e+308     0.000    65    1    3           1    0     76      3     76      5    T0990TS498-D1.pdb:A  SCOP d1psya_
  327      0.7315      0.7348       2.777     0.000    65    1    2           1    0     76      3     76      3    T0990TS498-D1.pdb:A  SCOP d1tapa_
  328      0.7315      0.7348       2.777     0.000    65    1    2           1    0     76      3     76      5    T0990TS498-D1.pdb:A  SCOP d1d0da_
  329      0.7315       1.711       3.979     0.000    65    1    2           1    0     76      3     76      4    T0990TS498-D1.pdb:A  SCOP d1dena_
  330      0.7315       1.007           3     0.000    65    1    2           1    0     76      3     76      1    T0990TS498-D1.pdb:A  SCOP d1b4oa_
  331      0.7315       1.428       3.669     0.000    65    1    2           1    0     76      3     76      5    T0990TS498-D1.pdb:A  SCOP d1j5ca_
  332      0.7315      0.1961           3     0.000    65    1    2           1    0     76      3     76      5    T0990TS498-D1.pdb:A  SCOP d1l3oa_
  333      0.7315      0.6879       3.442     0.000    65    1    4           1    0     76      3     76      3    T0990TS498-D1.pdb:A  SCOP d1aaba_
  334      0.7315     0.01114       2.464     0.000    65    2    4           1    0     76      3     76      6    T0990TS498-D1.pdb:A  SCOP d1hq3a_
  335      0.7315          -0       2.876     0.000    65    2    4           1    0     76      3     76      8    T0990TS498-D1.pdb:A  SCOP d1ujja_
  336      0.7315       2.582       5.425     0.000    65    2    2           1    0     76      3     76      6    T0990TS498-D1.pdb:A  SCOP d1n8ua_
  337      0.7315     0.01858       3.305     0.000    65    2    4           1    0     76      3     76      6    T0990TS498-D1.pdb:A  SCOP d1ucpa_
  338      0.7315       1.494       5.795     0.000    65    2    3           1    0     76      3     76      9    T0990TS498-D1.pdb:A  SCOP d1gwpa_
  339      0.7315     0.03682       3.855     0.000    65    1    2           1    0     76      3     76      4    T0990TS498-D1.pdb:A  SCOP d1r6ra_
  340      0.7315      0.7473       2.623     0.000    65    1    2           1    0     76      3     76      4    T0990TS498-D1.pdb:A  SCOP d1cdqa_
  341      0.7315       1.711       3.979     0.000    65    1    2           1    0     76      3     76      4    T0990TS498-D1.pdb:A  SCOP d1g6xa_
  342      0.7315       1.711       3.979     0.000    65    1    2           1    0     76      3     76      4    T0990TS498-D1.pdb:A  SCOP d1k6ua_
  343      0.7315       1.711       3.979     0.000    65    1    2           1    0     76      3     76      4    T0990TS498-D1.pdb:A  SCOP d5ptia_
  344      0.7315       1.711       3.979     0.000    65    1    2           1    0     76      3     76      4    T0990TS498-D1.pdb:A  SCOP d1bpia_
  345      0.7315       1.711       3.979     0.000    65    1    2           1    0     76      3     76      4    T0990TS498-D1.pdb:A  SCOP d9ptia_
  346      0.7315       1.711       3.979     0.000    65    1    2           1    0     76      3     76      4    T0990TS498-D1.pdb:A  SCOP d8ptia_
  347      0.7315       1.711       3.979     0.000    65    1    2           1    0     76      3     76      4    T0990TS498-D1.pdb:A  SCOP d1naga_
  348      0.7315       1.711       3.979     0.000    65    1    2           1    0     76      3     76      4    T0990TS498-D1.pdb:A  SCOP d7ptia_
  349      0.7315       1.711       3.979     0.000    65    1    2           1    0     76      3     76      4    T0990TS498-D1.pdb:A  SCOP d1fana_
  350      0.7315       1.711       3.979     0.000    65    1    2           1    0     76      3     76      4    T0990TS498-D1.pdb:A  SCOP d1aala_
  351      0.7315     0.04063       3.336     0.000    65    2    3           1    0     76      3     76     10    T0990TS498-D1.pdb:A  SCOP d1ihba_
  352      0.7315       1.711       3.979     0.000    65    1    2           1    0     76      3     76      4    T0990TS498-D1.pdb:A  SCOP d1qlqa_
  353      0.7315       1.711       3.979     0.000    65    1    2           1    0     76      3     76      4    T0990TS498-D1.pdb:A  SCOP d4ptia_
  354      0.7315       1.711       3.979     0.000    65    1    2           1    0     76      3     76      4    T0990TS498-D1.pdb:A  SCOP d6ptia_
  355      0.7315       1.711       3.979     0.000    65    1    2           1    0     76      3     76      4    T0990TS498-D1.pdb:A  SCOP d1bpta_
  356      0.7253       1.278       4.822     0.000    63    1    2           1    0     76      3     72      4    T0990TS498-D1.pdb:A  SCOP d1o4xa2
  357      0.7237      0.3469       2.516     0.311    65    1    3           1    0     76      3     76      4    T0990TS498-D1.pdb:A  SCOP d1tvsa_
  358      0.7186       1.767       4.037     0.000    64    2    2           1    0     76      3     75      6    T0990TS498-D1.pdb:A  SCOP d2cqha1
  359      0.7186     0.02868       1.726     0.000    64    2    3           1    0     76      3     75      9    T0990TS498-D1.pdb:A  SCOP d2b6ea1
  360      0.7177       1.287       3.506     0.000    60    2    1           1    0     76      3     66      6    T0990TS498-D1.pdb:A  SCOP d1q7ha2
  361      0.7091          -0       2.876     0.000    64    2    4           1    0     76      3     76      8    T0990TS498-D1.pdb:A  SCOP d1jwfa_
  362      0.7091          -0       2.876     0.000    64    2    5           1    0     76      3     76      8    T0990TS498-D1.pdb:A  SCOP d1jwga_
  363      0.7091      0.4437       4.474     0.000    64    2    3           1    0     76      3     76      8    T0990TS498-D1.pdb:A  SCOP d1rtxa_
  364      0.7091   3.671e-07       3.177     0.000    64    2    2           1    0     76      3     76      7    T0990TS498-D1.pdb:A  SCOP d2o21a1
  365      0.7091     0.05675        2.69     0.000    64    2    4           1    0     76      3     76      7    T0990TS498-D1.pdb:A  SCOP d1uvya_
  366      0.7091    0.002633       2.965     0.000    64    2    3           1    0     76      3     76      7    T0990TS498-D1.pdb:A  SCOP d1s69a_
  367      0.7091      0.2049           3     0.000    64    1    3           1    0     76      3     76      5    T0990TS498-D1.pdb:A  SCOP d1whda_
  368      0.7091   3.671e-07       3.177     0.000    64    2    2           1    0     76      3     76      7    T0990TS498-D1.pdb:A  SCOP d1yswa1
  369      0.7091   1.011e-05       3.343     0.000    64    2    3           1    0     76      3     76     10    T0990TS498-D1.pdb:A  SCOP d1b00a_
  370      0.7091   8.271e-07       3.442     0.000    64    2    3           1    0     76      3     76     10    T0990TS498-D1.pdb:A  SCOP d1ihba_
  371      0.7091   0.0006907       1.893     0.000    64    2    4           1    0     76      3     76      6    T0990TS498-D1.pdb:A  SCOP d1ijya_
  372      0.7091      0.7486       4.152     0.000    64    2    2           1    0     76      3     76      7    T0990TS498-D1.pdb:A  SCOP d1rfba_
  373      0.7091      0.4412       2.366     0.000    64    2    3           1    0     76      3     76      6    T0990TS498-D1.pdb:A  SCOP d1d9aa_
  374      0.7091   8.271e-07       3.442     0.000    64    2    3           1    0     76      3     76     10    T0990TS498-D1.pdb:A  SCOP d1mx6a_
  375      0.7091   8.271e-07       3.442     0.000    64    2    3           1    0     76      3     76     10    T0990TS498-D1.pdb:A  SCOP d1mx2a_
  376      0.7091     0.08825       2.851     0.000    64    2    4           1    0     76      3     76      6    T0990TS498-D1.pdb:A  SCOP d1uhwa_
  377      0.7091      0.6881       2.765     0.000    64    2    3           1    0     76      3     76      6    T0990TS498-D1.pdb:A  SCOP d1fvqa_
  378      0.7091       1.995       5.046     0.000    64    1    3           1    0     76      3     76      3    T0990TS498-D1.pdb:A  SCOP d1fexa_
  379      0.7091          -0  1.798e+308     0.000    64    1    3           1    0     76      3     76      4    T0990TS498-D1.pdb:A  SCOP d1hkta_
  380      0.7091          -0  1.798e+308     0.000    64    1    3           1    0     76      3     76      4    T0990TS498-D1.pdb:A  SCOP d1hkta_
  381      0.7091     0.09093       2.685     0.000    64    2    3           1    0     76      3     76      8    T0990TS498-D1.pdb:A  SCOP d1j6ya_
  382      0.7091          -0  1.798e+308     0.000    64    1    3           1    0     76      3     76      4    T0990TS498-D1.pdb:A  SCOP d1hkta_
  383      0.7091   8.271e-07       3.442     0.000    64    2    3           1    0     76      3     76     10    T0990TS498-D1.pdb:A  SCOP d1mx4a_
  384      0.7091       0.229       4.388     0.000    64    2    4           1    0     76      3     76      7    T0990TS498-D1.pdb:A  SCOP d1cwwa_
  385      0.7091      0.4085       3.008     0.000    64    2    3           1    0     76      3     76      7    T0990TS498-D1.pdb:A  SCOP d1b4pa2
  386      0.7091    0.002633       2.965     0.000    64    2    3           1    0     76      3     76      7    T0990TS498-D1.pdb:A  SCOP d1s6aa_
  387      0.7091        1.33       4.864     0.000    64    2    2           1    0     76      3     76      4    T0990TS498-D1.pdb:A  SCOP d1j0ta_
  388      0.7091      0.1588       2.951     0.000    64    2    3           1    0     76      3     76      9    T0990TS498-D1.pdb:A  SCOP d1sqwa2
  389      0.7091     0.01543       3.038     0.000    64    1    3           1    0     76      3     76      3    T0990TS498-D1.pdb:A  SCOP d1du2a_
  390      0.7091      0.5054        3.17     0.000    64    2    4           1    0     76      3     76      5    T0990TS498-D1.pdb:A  SCOP d1foya_
  391      0.7091          -0       2.876     0.000    64    2    5           1    0     76      3     76      9    T0990TS498-D1.pdb:A  SCOP d1ujka_
  392      0.7091          -0  1.798e+308     0.000    64    1    3           1    0     76      3     76      2    T0990TS498-D1.pdb:A  SCOP d1r5sa_
  393      0.7091          -0  1.798e+308     0.000    64    1    3           1    0     76      3     76      5    T0990TS498-D1.pdb:A  SCOP d1bm2a_
  394      0.7091          -0  1.798e+308     0.000    64    1    3           1    0     76      3     76      5    T0990TS498-D1.pdb:A  SCOP d1bm2a_
  395      0.7091          -0  1.798e+308     0.000    64    1    3           1    0     76      3     76      5    T0990TS498-D1.pdb:A  SCOP d1jyqa_
  396      0.7091          -0  1.798e+308     0.000    64    1    3           1    0     76      3     76      5    T0990TS498-D1.pdb:A  SCOP d1jyqa_
  397      0.7091          -0  1.798e+308     0.000    64    1    3           1    0     76      3     76      5    T0990TS498-D1.pdb:A  SCOP d1jyqa_
  398      0.7091          -0  1.798e+308     0.000    64    1    3           1    0     76      3     76      5    T0990TS498-D1.pdb:A  SCOP d1bmba_
  399      0.7091          -0  1.798e+308     0.000    64    1    3           1    0     76      3     76      5    T0990TS498-D1.pdb:A  SCOP d1bmba_
  400      0.7091          -0  1.798e+308     0.000    64    1    3           1    0     76      3     76      5    T0990TS498-D1.pdb:A  SCOP d1bmba_
  401      0.7091          -0  1.798e+308     0.000    64    1    3           1    0     76      3     76      5    T0990TS498-D1.pdb:A  SCOP d1jyra_
  402      0.7091          -0  1.798e+308     0.000    64    1    3           1    0     76      3     76      5    T0990TS498-D1.pdb:A  SCOP d1jyra_
  403      0.7091          -0  1.798e+308     0.000    64    1    3           1    0     76      3     76      5    T0990TS498-D1.pdb:A  SCOP d1jyra_
  404      0.7091      0.2862       2.772     0.000    64    2    2           1    0     76      3     76      7    T0990TS498-D1.pdb:A  SCOP d1pcha_
  405      0.7091       1.005       5.365     0.000    64    2    2           1    0     76      3     76      8    T0990TS498-D1.pdb:A  SCOP d153la_
  406      0.7091       1.005       5.365     0.000    64    2    2           1    0     76      3     76      8    T0990TS498-D1.pdb:A  SCOP d154la_
  407      0.7091          -0  1.798e+308     0.000    64    1    3           1    0     76      3     76      2    T0990TS498-D1.pdb:A  SCOP d1mofa_
  408      0.7091          -0  1.798e+308     0.000    64    1    3           1    0     76      3     76      2    T0990TS498-D1.pdb:A  SCOP d1mofa_
  409      0.7091     0.05304       4.559     0.000    64    2    3           1    0     76      3     76     10    T0990TS498-D1.pdb:A  SCOP d1svxa_
  410      0.7091          -0  1.798e+308     0.000    64    1    3           1    0     76      3     76      5    T0990TS498-D1.pdb:A  SCOP d1bm2a_
  411      0.7091          -0  1.798e+308     0.000    64    1    3           1    0     76      3     76      5    T0990TS498-D1.pdb:A  SCOP d1fyra_
  412      0.7091          -0  1.798e+308     0.000    64    1    3           1    0     76      3     76      5    T0990TS498-D1.pdb:A  SCOP d1fyra_
  413      0.7091          -0  1.798e+308     0.000    64    1    3           1    0     76      3     76      5    T0990TS498-D1.pdb:A  SCOP d1fyra_
  414      0.7091          -0  1.798e+308     0.000    64    1    3           1    0     76      3     76      5    T0990TS498-D1.pdb:A  SCOP d1cj1a_
  415      0.7091          -0  1.798e+308     0.000    64    1    3           1    0     76      3     76      5    T0990TS498-D1.pdb:A  SCOP d1ghua_
  416      0.7091          -0  1.798e+308     0.000    64    1    3           1    0     76      3     76      5    T0990TS498-D1.pdb:A  SCOP d1ghua_
  417      0.7091          -0  1.798e+308     0.000    64    1    3           1    0     76      3     76      5    T0990TS498-D1.pdb:A  SCOP d1ghua_
  418      0.7091          -0  1.798e+308     0.000    64    1    3           1    0     76      3     76      5    T0990TS498-D1.pdb:A  SCOP d1r1qa_
  419      0.7091          -0  1.798e+308     0.000    64    1    3           1    0     76      3     76      5    T0990TS498-D1.pdb:A  SCOP d1r1qa_
  420      0.7091          -0  1.798e+308     0.000    64    1    3           1    0     76      3     76      5    T0990TS498-D1.pdb:A  SCOP d1r1qa_
  421      0.7091          -0  1.798e+308     0.000    64    1    3           1    0     76      3     76      5    T0990TS498-D1.pdb:A  SCOP d1r1pa_
  422      0.7091          -0  1.798e+308     0.000    64    1    3           1    0     76      3     76      5    T0990TS498-D1.pdb:A  SCOP d1r1pa_
  423      0.7091          -0  1.798e+308     0.000    64    1    3           1    0     76      3     76      5    T0990TS498-D1.pdb:A  SCOP d1r1pa_
  424      0.7091      0.2862       2.772     0.000    64    2    2           1    0     76      3     76      7    T0990TS498-D1.pdb:A  SCOP d1qfra_
  425      0.7091      0.2862       2.772     0.000    64    2    2           1    0     76      3     76      7    T0990TS498-D1.pdb:A  SCOP d1spha_
  426      0.7091      0.2955       3.363     0.000    64    2    4           1    0     76      3     76      4    T0990TS498-D1.pdb:A  SCOP d1crya_
  427      0.7091      0.1149       3.399     0.000    64    2    2           1    0     76      3     76      5    T0990TS498-D1.pdb:A  SCOP d1gdva_
  428      0.7091      0.0288       2.661     0.000    64    3    2           1    0     76      3     76      7    T0990TS498-D1.pdb:A  SCOP d1d9sa_
  429      0.7091       2.199       4.467     0.000    64    2    2           1    0     76      3     76      6    T0990TS498-D1.pdb:A  SCOP d1tl5a_
  430      0.7091     0.04223       3.627     0.000    64    1    4           1    0     76      3     76      4    T0990TS498-D1.pdb:A  SCOP d1wjza_
  431      0.7091     0.04223       3.627     0.000    64    1    4           1    0     76      3     76      4    T0990TS498-D1.pdb:A  SCOP d1wjza_
  432      0.7091      0.3896       3.255     0.000    64    1    4           1    0     76      3     76      4    T0990TS498-D1.pdb:A  SCOP d1wjza_
  433      0.7091      0.1694       3.363     0.000    64    2    4           1    0     76      3     76      5    T0990TS498-D1.pdb:A  SCOP d1co6a_
  434      0.7091      0.1694       3.363     0.000    64    2    4           1    0     76      3     76      5    T0990TS498-D1.pdb:A  SCOP d1io3a_
  435      0.7074      0.2362       2.311     0.924    66    3    4      0.9394    0     76      3     74      7    T0990TS498-D1.pdb:A  SCOP d1r8ea1
  436      0.7074      0.5325       2.805     0.924    66    3    4      0.9394    0     76      3     74      7    T0990TS498-D1.pdb:A  SCOP d1exia1
  437      0.7047      0.3049           2     0.000    59    1    2           1    0     76      3     65      4    T0990TS498-D1.pdb:A  SCOP d1yuaa1
  438      0.6963      0.4437       4.474     0.000    63    2    3           1    0     76      3     75      8    T0990TS498-D1.pdb:A  SCOP d2hz1a1
  439      0.6963   8.497e-05       2.991     0.000    63    2    3           1    0     76      3     75     10    T0990TS498-D1.pdb:A  SCOP d1j4aa2
  440      0.6916     0.01545       2.381     0.000    58    2    2           1    0     76      3     64      5    T0990TS498-D1.pdb:A  SCOP d2f44a1
  441      0.6879      0.1477       2.471     0.931    66    2    3      0.9394    0     76      3     76      9    T0990TS498-D1.pdb:A  SCOP d1frja_
  442      0.6879     0.05257        2.09     0.931    66    2    3      0.9394    0     76      3     76      9    T0990TS498-D1.pdb:A  SCOP d1fd2a_
  443      0.6879     0.05257        2.09     0.931    66    2    3      0.9394    0     76      3     76      9    T0990TS498-D1.pdb:A  SCOP d5fd1a_
  444      0.6872      0.5153       3.073     0.000    63    1    2           1    0     76      3     76      3    T0990TS498-D1.pdb:A  SCOP d1beia_
  445      0.6872      0.3424       2.777     0.000    63    1    2           1    0     76      3     76      2    T0990TS498-D1.pdb:A  SCOP d1bgka_
  446      0.6872        1.44       4.187     0.000    63    2    3           1    0     76      3     76      5    T0990TS498-D1.pdb:A  SCOP d1a2sa_
  447      0.6872       1.981       4.255     0.000    63    1    2           1    0     76      3     76      1    T0990TS498-D1.pdb:A  SCOP d1znfa_
  448      0.6872      0.4801       2.357     0.000    63    1    2           1    0     76      3     76      1    T0990TS498-D1.pdb:A  SCOP d1fsda_
  449      0.6872   7.784e-06       1.996     0.000    63    2    6           1    0     76      3     76      5    T0990TS498-D1.pdb:A  SCOP d1ctja_
  450      0.6872      0.3801       5.713     0.000    63    1    3           1    0     76      3     76      5    T0990TS498-D1.pdb:A  SCOP d1lk3a_
  451      0.6872   4.504e-05       3.267     0.000    63    1    4           1    0     76      3     76      5    T0990TS498-D1.pdb:A  SCOP d1j3sa_
  452      0.6872      0.2133        4.36     0.000    63    2    4           1    0     76      3     76      7    T0990TS498-D1.pdb:A  SCOP d1d9ca_
  453      0.6872      0.4801       2.357     0.000    63    1    2           1    0     76      3     76      4    T0990TS498-D1.pdb:A  SCOP d1ri9a_
  454      0.6872          -0  1.798e+308     0.000    63    1    2           1    0     76      3     76      5    T0990TS498-D1.pdb:A  SCOP d1spra_
  455      0.6872          -0  1.798e+308     0.000    63    1    2           1    0     76      3     76      5    T0990TS498-D1.pdb:A  SCOP d1spra_
  456      0.6872          -0  1.798e+308     0.000    63    1    2           1    0     76      3     76      5    T0990TS498-D1.pdb:A  SCOP d1spra_
  457      0.6872       3.669       5.713     0.000    63    1    2           1    0     76      3     76      1    T0990TS498-D1.pdb:A  SCOP d1tera_
  458      0.6872       3.669       5.713     0.000    63    1    2           1    0     76      3     76      1    T0990TS498-D1.pdb:A  SCOP d1d9oa_
  459      0.6872      0.3639        2.13     0.000    63    1    2           1    0     76      3     76      1    T0990TS498-D1.pdb:A  SCOP d1edpa_
  460      0.6872       1.981       4.255     0.000    63    1    2           1    0     76      3     76      1    T0990TS498-D1.pdb:A  SCOP d1t8va1
  461      0.6872        1.49        3.74     0.000    63    1    2           1    0     76      3     76      5    T0990TS498-D1.pdb:A  SCOP d1lkna_
  462      0.6872      0.3449       4.255     0.000    63    2    2           1    0     76      3     76      3    T0990TS498-D1.pdb:A  SCOP d1jco.1
  463      0.6872      0.1019       3.476     0.000    63    2    2           1    0     76      3     76      3    T0990TS498-D1.pdb:A  SCOP d1sdb.1
  464      0.6872     0.03009       3.073     0.000    63    2    2           1    0     76      3     76      3    T0990TS498-D1.pdb:A  SCOP d2tci.1
  465      0.6872     0.03009       3.073     0.000    63    2    2           1    0     76      3     76      3    T0990TS498-D1.pdb:A  SCOP d3mth.1
  466      0.6872      0.3639        2.13     0.000    63    1    2           1    0     76      3     76      1    T0990TS498-D1.pdb:A  SCOP d1srba_
  467      0.6872       1.189       5.713     0.000    63    1    2           1    0     76      3     76      5    T0990TS498-D1.pdb:A  SCOP d1spra_
  468      0.6872          -0  1.798e+308     0.000    63    1    2           1    0     76      3     76      5    T0990TS498-D1.pdb:A  SCOP d1bkla_
  469      0.6872        0.79       2.689     0.000    63    1    2           1    0     76      3     76      1    T0990TS498-D1.pdb:A  SCOP d1m0ja_
  470      0.6872        1.49        3.74     0.000    63    1    2           1    0     76      3     76      1    T0990TS498-D1.pdb:A  SCOP d1s5qa_
  471      0.6872       1.022       3.177     0.000    63    1    2           1    0     76      3     76      1    T0990TS498-D1.pdb:A  SCOP d1wn4a_
  472      0.6872      0.2538         2.7     0.000    63    2    2           1    0     76      3     76      7    T0990TS498-D1.pdb:A  SCOP d1fu0a_
  473      0.6872    0.006708       1.816     0.000    63    1    4           1    0     76      3     76      4    T0990TS498-D1.pdb:A  SCOP d1uw0a_
  474      0.6872          -0  1.798e+308     0.000    63    1    4           1    0     76      3     76      5    T0990TS498-D1.pdb:A  SCOP d1r1sa_
  475      0.6872          -0  1.798e+308     0.000    63    1    4           1    0     76      3     76      5    T0990TS498-D1.pdb:A  SCOP d1r1sa_
  476      0.6872          -0  1.798e+308     0.000    63    1    4           1    0     76      3     76      5    T0990TS498-D1.pdb:A  SCOP d1r1sa_
  477      0.6872      0.4801       2.357     0.000    63    1    2           1    0     76      3     76      5    T0990TS498-D1.pdb:A  SCOP d1c54a_
  478      0.6872          -0  1.798e+308     0.000    63    1    3           1    0     76      3     76      2    T0990TS498-D1.pdb:A  SCOP d1hksa_
  479      0.6872          -0  1.798e+308     0.000    63    1    3           1    0     76      3     76      2    T0990TS498-D1.pdb:A  SCOP d1hksa_
  480      0.6872          -0  1.798e+308     0.000    63    1    3           1    0     76      3     76      2    T0990TS498-D1.pdb:A  SCOP d1hksa_
  481      0.6872      0.3316       3.915     0.000    63    2    5           1    0     76      3     76      5    T0990TS498-D1.pdb:A  SCOP d1dvva_
  482      0.6872      0.3316       3.915     0.000    63    2    5           1    0     76      3     76      5    T0990TS498-D1.pdb:A  SCOP d1fi3a_
  483      0.6872       0.117       2.731     0.000    63    1    4           1    0     76      3     76      5    T0990TS498-D1.pdb:A  SCOP d1vr4a1
  484      0.6872     0.00304       1.411     0.000    63    2    4           1    0     76      3     76      6    T0990TS498-D1.pdb:A  SCOP d1g2ra_
  485      0.6872      0.2162       1.778     0.000    63    1    3           1    0     76      3     76      4    T0990TS498-D1.pdb:A  SCOP d2hcca_
  486      0.6872      0.2697       2.736     0.000    63    2    2           1    0     76      3     76      6    T0990TS498-D1.pdb:A  SCOP d1irga_
  487      0.6872       1.002       3.177     0.000    63    2    3           1    0     76      3     76      5    T0990TS498-D1.pdb:A  SCOP d1sb6a_
  488      0.6872          -0       3.021     0.000    63    2    2           1    0     76      3     76      9    T0990TS498-D1.pdb:A  SCOP d2o1ya1
  489      0.6872      0.0902       2.576     0.000    63    1    2           1    0     76      3     76      2    T0990TS498-D1.pdb:A  SCOP d1f0ea_
  490      0.6872      0.2716       1.922     0.000    63    1    2           1    0     76      3     76      1    T0990TS498-D1.pdb:A  SCOP d1sp1a_
  491      0.6872    0.001064       2.357     0.000    63    2    2           1    0     76      3     76     10    T0990TS498-D1.pdb:A  SCOP d1qzga_
  492      0.6872      0.4801       2.357     0.000    63    1    2           1    0     76      3     76      1    T0990TS498-D1.pdb:A  SCOP d4znfa_
  493      0.6872      0.1019       3.476     0.000    63    2    2           1    0     76      3     76      3    T0990TS498-D1.pdb:A  SCOP d1b9e.1
  494      0.6872      0.4801       2.357     0.000    63    1    2           1    0     76      3     76      1    T0990TS498-D1.pdb:A  SCOP d3znfa_
