<html><head></head><body><pre style="word-wrap: break-word; white-space: pre-wrap;"> PDBe Fold v2.59. (src3) 14 Apr 2014 result file.

                   RESULT SUMMARY

   ##      Q-score      P-score     Z-score   RMSD    Nalgn Nsse Ngaps Seq-%     Nmd Nres-Q Nsse-Q Nres-T Nsse-T Query Target
    1      0.9774      0.8446       3.478     0.000    87    2    1           1    0     88      8     88      6    T1015s1TS145-D1.pdb:A  SCOP d1foca_
    2      0.9774       2.721       4.673     0.000    87    2    1           1    0     88      8     88      2    T1015s1TS145-D1.pdb:A  SCOP d1u96a_
    3      0.9551          -0        3.69     0.000    86    3    1           1    0     88      8     88     12    T1015s1TS145-D1.pdb:A  SCOP d1rx5a_
    4      0.9551        1.85       4.123     0.000    86    2    1           1    0     88      8     88      3    T1015s1TS145-D1.pdb:A  SCOP d1bdda_
    5       0.933          -0       4.014     0.000    85    2    1           1    0     88      8     88     10    T1015s1TS145-D1.pdb:A  SCOP d1icja_
    6       0.933          -0        3.69     0.000    85    3    2           1    0     88      8     88     12    T1015s1TS145-D1.pdb:A  SCOP d1rx4a_
    7       0.933          -0       4.014     0.000    85    2    1           1    0     88      8     88     10    T1015s1TS145-D1.pdb:A  SCOP d1bs7a_
    8       0.933          -0       4.014     0.000    85    2    1           1    0     88      8     88     10    T1015s1TS145-D1.pdb:A  SCOP d1bsza_
    9       0.933   4.455e-14       2.523     0.000    85    2    1           1    0     88      8     88      5    T1015s1TS145-D1.pdb:A  SCOP d1qkza_
   10       0.933          -0        2.38     0.000    85    2    1           1    0     88      8     88      5    T1015s1TS145-D1.pdb:A  SCOP d1igca_
   11       0.933      0.0285       4.948     0.000    85    2    2           1    0     88      8     88     10    T1015s1TS145-D1.pdb:A  SCOP d1s6ia_
   12       0.933       2.087        4.36     0.000    85    2    2           1    0     88      8     88      3    T1015s1TS145-D1.pdb:A  SCOP d1k1va_
   13       0.933       1.208       5.515     0.000    85    2    1           1    0     88      8     88      6    T1015s1TS145-D1.pdb:A  SCOP d1defa_
   14       0.933      0.1119       5.488     0.000    85    2    1           1    0     88      8     88      6    T1015s1TS145-D1.pdb:A  SCOP d1v6ea_
   15       0.933          -0       3.463     0.000    85    2    1           1    0     88      8     88      9    T1015s1TS145-D1.pdb:A  SCOP d1m1fa_
   16       0.933       1.519       3.772     0.000    85    2    2           1    0     88      8     88      4    T1015s1TS145-D1.pdb:A  SCOP d1kq8a_
   17       0.933       1.524       6.888     0.000    85    2    1           1    0     88      8     88      6    T1015s1TS145-D1.pdb:A  SCOP d1wgda_
   18       0.933       2.132       4.402     0.000    85    2    1           1    0     88      8     88      3    T1015s1TS145-D1.pdb:A  SCOP d1vg5a_
   19      0.9205          -0       4.374     0.000    81    3    0           1    0     88      8     81     15    T1015s1TS145-D1.pdb:A  SCOP d2fx3a3
   20      0.9205          -0       4.159     0.000    81    3    0           1    0     88      8     81     14    T1015s1TS145-D1.pdb:A  SCOP d1tuia3
   21      0.9205          -0       3.621     0.000    81    3    0           1    0     88      8     81     15    T1015s1TS145-D1.pdb:A  SCOP d2c78a3
   22      0.9205          -0       4.142     0.000    81    3    0           1    0     88      8     81     15    T1015s1TS145-D1.pdb:A  SCOP d2c77a3
   23      0.9112   2.229e-08       3.198     0.000    84    2    1           1    0     88      8     88      8    T1015s1TS145-D1.pdb:A  SCOP d1ji8a_
   24      0.9112    0.007085       4.822     0.000    84    2    3           1    0     88      8     88     10    T1015s1TS145-D1.pdb:A  SCOP d1ctra_
   25      0.9112          -0        3.69     0.000    84    3    2           1    0     88      8     88     12    T1015s1TS145-D1.pdb:A  SCOP d1rx6a_
   26      0.9112          -0       3.504     0.000    84    3    2           1    0     88      8     88     12    T1015s1TS145-D1.pdb:A  SCOP d1rx7a_
   27      0.9112       2.274       4.538     0.000    84    2    1           1    0     88      8     88      3    T1015s1TS145-D1.pdb:A  SCOP d1wiva_
   28      0.9112       1.019        5.86     0.000    84    3    2           1    0     88      8     88     11    T1015s1TS145-D1.pdb:A  SCOP d1g17a_
   29      0.9112     0.08432       5.157     0.000    84    2    2           1    0     88      8     88      7    T1015s1TS145-D1.pdb:A  SCOP d1jh3a_
   30      0.9112          -0       3.614     0.000    84    3    2           1    0     88      8     88      8    T1015s1TS145-D1.pdb:A  SCOP d1wg7a_
   31      0.9112     0.08896       3.686     0.000    84    2    2           1    0     88      8     88      4    T1015s1TS145-D1.pdb:A  SCOP d1g25a_
   32      0.9112       1.006       3.184     0.000    84    2    3           1    0     88      8     88      6    T1015s1TS145-D1.pdb:A  SCOP d1pvea_
   33      0.8989          -0       3.064     0.000    82    2    3           1    0     88      8     85      9    T1015s1TS145-D1.pdb:A  SCOP d1bs2a3
   34      0.8896          -0       2.915     0.000    83    3    2           1    0     88      8     88     12    T1015s1TS145-D1.pdb:A  SCOP d6dfra_
   35      0.8896          -0       3.556     0.000    83    2    2           1    0     88      8     88      6    T1015s1TS145-D1.pdb:A  SCOP d1t0ya_
   36      0.8896          -0       4.295     0.000    83    3    1           1    0     88      8     88     14    T1015s1TS145-D1.pdb:A  SCOP d1mhw.1
   37      0.8896       2.274       4.538     0.000    83    2    1           1    0     88      8     88      3    T1015s1TS145-D1.pdb:A  SCOP d1veka_
   38      0.8896          -0       2.915     0.000    83    3    2           1    0     88      8     88     13    T1015s1TS145-D1.pdb:A  SCOP d1rc4a_
   39      0.8896       2.335       4.595     0.000    83    2    1           1    0     88      8     88      3    T1015s1TS145-D1.pdb:A  SCOP d1wh5a_
   40      0.8896          -0       3.453     0.000    83    2    3           1    0     88      8     88      8    T1015s1TS145-D1.pdb:A  SCOP d2ayka_
   41      0.8896   1.109e-15       3.941     0.000    83    3    2           1    0     88      8     88     12    T1015s1TS145-D1.pdb:A  SCOP d1crba_
   42      0.8896          -0        2.56     0.000    83    3    2           1    0     88      8     88     12    T1015s1TS145-D1.pdb:A  SCOP d1xuva_
   43      0.8896   6.635e-05       3.642     0.000    83    2    2           1    0     88      8     88      7    T1015s1TS145-D1.pdb:A  SCOP d1v5oa_
   44      0.8896          -0       2.506     0.000    83    3    2           1    0     88      8     88     12    T1015s1TS145-D1.pdb:A  SCOP d1xuva_
   45      0.8896       2.274       4.538     0.000    83    2    1           1    0     88      8     88      3    T1015s1TS145-D1.pdb:A  SCOP d1vega_
   46      0.8896          -0       3.485     0.000    83    2    2           1    0     88      8     88      7    T1015s1TS145-D1.pdb:A  SCOP d1jbta_
   47      0.8771   2.989e-15       3.163     0.000    81    2    2           1    0     88      8     85      9    T1015s1TS145-D1.pdb:A  SCOP d2foka1
   48       0.875    1.05e-09       4.702     0.000    77    3    0           1    0     88      8     77     13    T1015s1TS145-D1.pdb:A  SCOP d1o7fa2
   49       0.875   2.631e-08       4.801     0.000    77    3    0           1    0     88      8     77     13    T1015s1TS145-D1.pdb:A  SCOP d1o7fa2
   50      0.8683   0.0004405       3.908     0.000    82    2    3           1    0     88      8     88      7    T1015s1TS145-D1.pdb:A  SCOP d2hdca_
   51      0.8683          -0       3.262     0.000    82    2    3           1    0     88      8     88     10    T1015s1TS145-D1.pdb:A  SCOP d2afca1
   52      0.8683          -0       2.996     0.000    82    2    3           1    0     88      8     88     10    T1015s1TS145-D1.pdb:A  SCOP d2afca1
   53      0.8683          -0       1.675     0.000    82    2    2           1    0     88      8     88      8    T1015s1TS145-D1.pdb:A  SCOP d1xn6a_
   54      0.8683       2.221       4.765     0.000    82    2    2           1    0     88      8     88      6    T1015s1TS145-D1.pdb:A  SCOP d1fk5a_
   55      0.8683       2.221       4.765     0.000    82    2    2           1    0     88      8     88      6    T1015s1TS145-D1.pdb:A  SCOP d1mzma_
   56      0.8683       2.221       4.765     0.000    82    2    2           1    0     88      8     88      6    T1015s1TS145-D1.pdb:A  SCOP d1fk1a_
   57      0.8683     0.08441       2.822     0.000    82    2    2           1    0     88      8     88      8    T1015s1TS145-D1.pdb:A  SCOP d1j6ta_
   58      0.8683       2.221       4.765     0.000    82    2    2           1    0     88      8     88      6    T1015s1TS145-D1.pdb:A  SCOP d1fk4a_
   59      0.8683       2.221       4.765     0.000    82    2    2           1    0     88      8     88      6    T1015s1TS145-D1.pdb:A  SCOP d1fk3a_
   60      0.8683       2.221       4.765     0.000    82    2    2           1    0     88      8     88      6    T1015s1TS145-D1.pdb:A  SCOP d1fk2a_
   61      0.8683       2.221       4.765     0.000    82    2    2           1    0     88      8     88      6    T1015s1TS145-D1.pdb:A  SCOP d1fk0a_
   62      0.8683          -0       2.252     0.000    82    2    2           1    0     88      8     88      6    T1015s1TS145-D1.pdb:A  SCOP d1se9a_
   63      0.8683       2.221       4.765     0.000    82    2    2           1    0     88      8     88      6    T1015s1TS145-D1.pdb:A  SCOP d1mzla_
   64      0.8683      0.8055       2.937     0.000    82    2    3           1    0     88      8     88      6    T1015s1TS145-D1.pdb:A  SCOP d1pvea_
   65      0.8683       2.221       4.765     0.000    82    2    2           1    0     88      8     88      5    T1015s1TS145-D1.pdb:A  SCOP d1fk6a_
   66      0.8683       2.221       4.765     0.000    82    2    2           1    0     88      8     88      6    T1015s1TS145-D1.pdb:A  SCOP d1fk7a_
   67      0.8658          -0       4.581     0.000    80    3    2           1    0     88      8     84     15    T1015s1TS145-D1.pdb:A  SCOP d2olqa2
   68      0.8545          -0       3.729     0.000    79    2    2           1    0     88      8     83      9    T1015s1TS145-D1.pdb:A  SCOP d1crza2
   69      0.8535   0.0001083       4.505     0.000    78    2    1           1    0     88      8     81      8    T1015s1TS145-D1.pdb:A  SCOP d1t3qa2
   70      0.8535          -0       3.383     0.000    78    2    1           1    0     88      8     81      8    T1015s1TS145-D1.pdb:A  SCOP d1t3qa2
   71      0.8472   5.512e-07       3.478     0.000    81    2    2           1    0     88      8     88     10    T1015s1TS145-D1.pdb:A  SCOP d1c52a_
   72      0.8472          -0       2.623     0.000    81    3    2           1    0     88      8     88     15    T1015s1TS145-D1.pdb:A  SCOP d1uqra_
   73      0.8472          -0       3.879     0.000    81    2    3           1    0     88      8     88      9    T1015s1TS145-D1.pdb:A  SCOP d1k2aa_
   74      0.8472          -0       3.879     0.000    81    2    3           1    0     88      8     88     10    T1015s1TS145-D1.pdb:A  SCOP d1hi2a_
   75      0.8472          -0       3.879     0.000    81    2    3           1    0     88      8     88     10    T1015s1TS145-D1.pdb:A  SCOP d1hi4a_
   76      0.8472       1.429       3.994     0.000    81    2    3           1    0     88      8     88      5    T1015s1TS145-D1.pdb:A  SCOP d1uvca_
   77      0.8472     0.02705       4.087     0.000    81    2    3           1    0     88      8     88      5    T1015s1TS145-D1.pdb:A  SCOP d1p6ra_
   78      0.8472      0.8127       3.334     0.000    81    2    2           1    0     88      8     88      5    T1015s1TS145-D1.pdb:A  SCOP d2hfha_
   79      0.8472      0.3737       3.908     0.000    81    2    2           1    0     88      8     88      4    T1015s1TS145-D1.pdb:A  SCOP d1oyia_
   80      0.8472       2.412       4.666     0.000    81    2    1           1    0     88      8     88      3    T1015s1TS145-D1.pdb:A  SCOP d1homa_
   81      0.8472       2.534       5.039     0.000    81    2    2           1    0     88      8     88      5    T1015s1TS145-D1.pdb:A  SCOP d1afha_
   82      0.8472       1.658       3.923     0.000    81    2    3           1    0     88      8     88      3    T1015s1TS145-D1.pdb:A  SCOP d1q2na_
   83      0.8472    0.008117       5.332     0.000    81    3    3           1    0     88      8     88     12    T1015s1TS145-D1.pdb:A  SCOP d1fe3a_
   84      0.8472     0.02818       5.141     0.000    81    3    3           1    0     88      8     88     12    T1015s1TS145-D1.pdb:A  SCOP d1towa_
   85      0.8472    0.004197       4.906     0.000    81    3    3           1    0     88      8     88     12    T1015s1TS145-D1.pdb:A  SCOP d1toua_
   86      0.8472   3.311e-10       3.908     0.000    81    2    2           1    0     88      8     88      7    T1015s1TS145-D1.pdb:A  SCOP d1ycqa_
   87      0.8426      0.1353       3.663     0.709    83    2    2      0.9639    0     88      8     88      6    T1015s1TS145-D1.pdb:A  SCOP d1d5va_
   88      0.8264          -0       3.043     0.000    80    3    1           1    0     88      8     88      5    T1015s1TS145-D1.pdb:A  SCOP d1j5ca_
   89      0.8264       1.552       4.123     0.000    80    2    3           1    0     88      8     88      6    T1015s1TS145-D1.pdb:A  SCOP d1bwoa_
   90      0.8264          -0       3.191     0.000    80    2    1           1    0     88      8     88      9    T1015s1TS145-D1.pdb:A  SCOP d1jr6a_
   91      0.8264          -0       2.656     0.000    80    3    3           1    0     88      8     88     13    T1015s1TS145-D1.pdb:A  SCOP d1rcua_
   92      0.8264       2.274       5.289     0.000    80    2    3           1    0     88      8     88      8    T1015s1TS145-D1.pdb:A  SCOP d1qiwa_
   93      0.8264       1.977       4.631     0.000    80    2    2           1    0     88      8     88      6    T1015s1TS145-D1.pdb:A  SCOP d4icba_
   94      0.8264          -0       3.149     0.000    80    3    3           1    0     88      8     88     11    T1015s1TS145-D1.pdb:A  SCOP d1zboa1
   95      0.8264      0.3808       2.267     0.000    80    2    3           1    0     88      8     88      4    T1015s1TS145-D1.pdb:A  SCOP d1vdla_
   96      0.8264          -0       2.685     0.000    80    2    1           1    0     88      8     88      7    T1015s1TS145-D1.pdb:A  SCOP d1phta_
   97      0.8264          -0  1.798e+308     0.000    80    2    2           1    0     88      8     88      7    T1015s1TS145-D1.pdb:A  SCOP d1eiia_
   98      0.8264    0.006429       3.604     0.000    80    2    1           1    0     88      8     88      6    T1015s1TS145-D1.pdb:A  SCOP d1ktga_
   99      0.8264          -0       3.604     0.000    80    2    1           1    0     88      8     88      9    T1015s1TS145-D1.pdb:A  SCOP d1irya_
  100      0.8264          -0       3.604     0.000    80    2    1           1    0     88      8     88      9    T1015s1TS145-D1.pdb:A  SCOP d1irya_
  101      0.8264          -0       4.327     0.000    80    2    1           1    0     88      8     88      6    T1015s1TS145-D1.pdb:A  SCOP d1tuma_
  102      0.8264          -0       4.327     0.000    80    2    1           1    0     88      8     88      6    T1015s1TS145-D1.pdb:A  SCOP d1tuma_
  103      0.8264          -0       4.331     0.000    80    2    4           1    0     88      8     88      9    T1015s1TS145-D1.pdb:A  SCOP d1s60a_
  104      0.8264          -0       1.927     0.000    80    2    4           1    0     88      8     88      9    T1015s1TS145-D1.pdb:A  SCOP d1f6sa_
  105      0.8264          -0       1.927     0.000    80    2    4           1    0     88      8     88      9    T1015s1TS145-D1.pdb:A  SCOP d1f6ra_
  106      0.8264       2.983       5.165     0.000    80    2    2           1    0     88      8     88      3    T1015s1TS145-D1.pdb:A  SCOP d1wgxa_
  107      0.8264          -0       2.809     0.000    80    2    3           1    0     88      8     88      9    T1015s1TS145-D1.pdb:A  SCOP d1i22a_
  108      0.8264    0.002218       4.552     0.000    80    2    3           1    0     88      8     88      6    T1015s1TS145-D1.pdb:A  SCOP d1defa_
  109      0.8264          -0       2.809     0.000    80    2    3           1    0     88      8     88      9    T1015s1TS145-D1.pdb:A  SCOP d1b2ka_
  110      0.8264          -0       2.809     0.000    80    2    3           1    0     88      8     88      9    T1015s1TS145-D1.pdb:A  SCOP d1bgia_
  111      0.8264   2.359e-09       2.717     0.000    80    2    3           1    0     88      8     88      7    T1015s1TS145-D1.pdb:A  SCOP d1xeka_
  112      0.8264          -0       2.809     0.000    80    2    3           1    0     88      8     88     10    T1015s1TS145-D1.pdb:A  SCOP d1tewa_
  113      0.8264          -0       3.604     0.000    80    2    1           1    0     88      8     88      7    T1015s1TS145-D1.pdb:A  SCOP d1t0ha_
  114      0.8264          -0       2.506     0.000    80    2    2           1    0     88      8     88     10    T1015s1TS145-D1.pdb:A  SCOP d1ub4a_
  115      0.8264          -0       3.604     0.000    80    2    1           1    0     88      8     88      7    T1015s1TS145-D1.pdb:A  SCOP d1t0ha_
  116      0.8264          -0       2.831     0.000    80    2    1           1    0     88      8     88      8    T1015s1TS145-D1.pdb:A  SCOP d1odha_
  117      0.8264          -0       2.656     0.000    80    2    1           1    0     88      8     88      8    T1015s1TS145-D1.pdb:A  SCOP d1odha_
  118      0.8264          -0       3.799     0.000    80    2    1           1    0     88      8     88      7    T1015s1TS145-D1.pdb:A  SCOP d1t0ja_
  119      0.8264   4.725e-14       2.891     0.000    80    2    1           1    0     88      8     88      8    T1015s1TS145-D1.pdb:A  SCOP d1odha_
  120      0.8264   6.989e-05       3.149     0.000    80    2    3           1    0     88      8     88      5    T1015s1TS145-D1.pdb:A  SCOP d1k52a_
  121      0.8264   6.989e-05       3.149     0.000    80    2    3           1    0     88      8     88      5    T1015s1TS145-D1.pdb:A  SCOP d1hz5a_
  122      0.8264   6.989e-05       3.149     0.000    80    2    3           1    0     88      8     88      5    T1015s1TS145-D1.pdb:A  SCOP d1k53a_
  123      0.8264          -0       2.656     0.000    80    2    1           1    0     88      8     88      8    T1015s1TS145-D1.pdb:A  SCOP d1odha_
  124      0.8264          -0       3.799     0.000    80    2    1           1    0     88      8     88      7    T1015s1TS145-D1.pdb:A  SCOP d1t0ja_
  125      0.8264          -0       2.656     0.000    80    2    1           1    0     88      8     88      8    T1015s1TS145-D1.pdb:A  SCOP d1odha_
  126      0.8225          -0       3.571     0.708    82    4    3      0.9634    0     88      8     88     19    T1015s1TS145-D1.pdb:A  SCOP d1qfca_
  127      0.8199          -0       2.736     0.729    82    2    3      0.9634    0     88      8     88      6    T1015s1TS145-D1.pdb:A  SCOP d1t0ya_
  128      0.8152          -0       4.296     0.000    79    3    1           1    0     88      8     87     14    T1015s1TS145-D1.pdb:A  SCOP d2atza1
  129      0.8152          -0       4.296     0.000    79    3    1           1    0     88      8     87     14    T1015s1TS145-D1.pdb:A  SCOP d2atza1
  130      0.8152          -0       2.305     0.000    79    2    3           1    0     88      8     87     10    T1015s1TS145-D1.pdb:A  SCOP d1vi7a1
  131      0.8152          -0       2.996     0.000    79    2    3           1    0     88      8     87     10    T1015s1TS145-D1.pdb:A  SCOP d1vi7a1
  132      0.8117       1.717       4.424     0.000    77    2    1           1    0     88      8     83      5    T1015s1TS145-D1.pdb:A  SCOP d2aq0a1
  133      0.8059          -0       3.669     0.000    79    3    3           1    0     88      8     88     15    T1015s1TS145-D1.pdb:A  SCOP d1dzra_
  134      0.8059       1.658       3.923     0.000    79    2    3           1    0     88      8     88      3    T1015s1TS145-D1.pdb:A  SCOP d1lp1a_
  135      0.8059       1.971       4.245     0.000    79    2    2           1    0     88      8     88      4    T1015s1TS145-D1.pdb:A  SCOP d1wgna_
  136      0.8059          -0       3.298     0.000    79    2    3           1    0     88      8     88      9    T1015s1TS145-D1.pdb:A  SCOP d1izpa_
  137      0.8059     0.02718       5.524     0.000    79    3    1           1    0     88      8     88      7    T1015s1TS145-D1.pdb:A  SCOP d1vcca_
  138      0.8059       2.554       5.503     0.000    79    2    3           1    0     88      8     88      8    T1015s1TS145-D1.pdb:A  SCOP d1nwda_
  139      0.8059          -0       1.937     0.000    79    3    2           1    0     88      8     88     11    T1015s1TS145-D1.pdb:A  SCOP d1eaqa_
  140      0.8059          -0           3     0.000    79    4    2           1    0     88      8     88     12    T1015s1TS145-D1.pdb:A  SCOP d1p8la2
  141      0.8059          -0       3.485     0.000    79    2    3           1    0     88      8     88     10    T1015s1TS145-D1.pdb:A  SCOP d1lsqa_
  142      0.8059   5.948e-05       3.399     0.000    79    2    2           1    0     88      8     88      7    T1015s1TS145-D1.pdb:A  SCOP d1boca_
  143      0.8059          -0       2.167     0.000    79    2    2           1    0     88      8     88      8    T1015s1TS145-D1.pdb:A  SCOP d1f3ua_
  144      0.8059          -0       3.298     0.000    79    2    3           1    0     88      8     88     10    T1015s1TS145-D1.pdb:A  SCOP d1dy5a_
  145      0.8059          -0       2.743     0.000    79    2    4           1    0     88      8     88     10    T1015s1TS145-D1.pdb:A  SCOP d1hi2a_
  146      0.8059          -0       2.743     0.000    79    2    4           1    0     88      8     88     10    T1015s1TS145-D1.pdb:A  SCOP d1hi3a_
  147      0.8059          -0       3.298     0.000    79    2    3           1    0     88      8     88      9    T1015s1TS145-D1.pdb:A  SCOP d1f0va_
  148      0.8059          -0       3.184     0.000    79    3    2           1    0     88      8     88     13    T1015s1TS145-D1.pdb:A  SCOP d1rx9a_
  149      0.8059      0.8033       4.505     0.000    79    3    2           1    0     88      8     88      5    T1015s1TS145-D1.pdb:A  SCOP d1sroa_
  150      0.8059          -0       2.824     0.000    79    2    3           1    0     88      8     88     10    T1015s1TS145-D1.pdb:A  SCOP d1olna_
  151      0.8059          -0       2.382     0.000    79    2    3           1    0     88      8     88      8    T1015s1TS145-D1.pdb:A  SCOP d2j85a1
  152      0.8059      0.1015         5.3     0.000    79    3    3           1    0     88      8     88     13    T1015s1TS145-D1.pdb:A  SCOP d1n6pa_
  153      0.8059          -0       2.743     0.000    79    2    4           1    0     88      8     88     10    T1015s1TS145-D1.pdb:A  SCOP d1hi5a_
  154      0.8059          -0       1.937     0.000    79    3    3           1    0     88      8     88      8    T1015s1TS145-D1.pdb:A  SCOP d1uexa_
  155      0.8059          -0       2.743     0.000    79    2    4           1    0     88      8     88     10    T1015s1TS145-D1.pdb:A  SCOP d1hi4a_
  156      0.8059     0.02684        4.81     0.000    79    3    3           1    0     88      8     88     13    T1015s1TS145-D1.pdb:A  SCOP d1tu3a_
  157      0.8059          -0       2.641     0.000    79    2    3           1    0     88      8     88     10    T1015s1TS145-D1.pdb:A  SCOP d1s7ia_
  158      0.8059          -0       2.595     0.000    79    3    3           1    0     88      8     88     14    T1015s1TS145-D1.pdb:A  SCOP d1mhw.1
  159      0.8059          -0       3.669     0.000    79    3    3           1    0     88      8     88     15    T1015s1TS145-D1.pdb:A  SCOP d1dzra_
  160      0.8059       2.274       5.289     0.000    79    2    2           1    0     88      8     88      8    T1015s1TS145-D1.pdb:A  SCOP d1cdma_
  161      0.8059          -0       3.485     0.000    79    2    3           1    0     88      8     88     10    T1015s1TS145-D1.pdb:A  SCOP d1aqpa_
  162      0.8059          -0       2.419     0.000    79    2    3           1    0     88      8     88     10    T1015s1TS145-D1.pdb:A  SCOP d1aqpa_
  163      0.8059          -0       3.485     0.000    79    2    3           1    0     88      8     88     10    T1015s1TS145-D1.pdb:A  SCOP d2aasa_
  164      0.8059       2.149       4.857     0.000    79    2    1           1    0     88      8     88      7    T1015s1TS145-D1.pdb:A  SCOP d1jwea_
  165      0.8059       2.399       5.074     0.000    79    2    1           1    0     88      8     88      7    T1015s1TS145-D1.pdb:A  SCOP d1b79a_
  166      0.8059          -0       4.559     0.000    79    3    2           1    0     88      8     88     15    T1015s1TS145-D1.pdb:A  SCOP d1froa_
  167      0.8059          -0       3.485     0.000    79    2    3           1    0     88      8     88     10    T1015s1TS145-D1.pdb:A  SCOP d1eica_
  168      0.8059       1.086       6.071     0.000    79    3    1           1    0     88      8     88      7    T1015s1TS145-D1.pdb:A  SCOP d1vcca_
  169      0.8059        1.65       4.751     0.000    79    2    2           1    0     88      8     88      8    T1015s1TS145-D1.pdb:A  SCOP d1cm4a_
  170      0.8059          -0       4.774     0.000    79    3    3           1    0     88      8     88     15    T1015s1TS145-D1.pdb:A  SCOP d1rtva_
  171      0.8059          -0  1.798e+308     0.000    79    3    3           1    0     88      8     88     13    T1015s1TS145-D1.pdb:A  SCOP d1wv4a_
  172      0.8059          -0       4.774     0.000    79    3    3           1    0     88      8     88     15    T1015s1TS145-D1.pdb:A  SCOP d1rtva_
  173      0.8059          -0       2.523     0.000    79    2    3           1    0     88      8     88     10    T1015s1TS145-D1.pdb:A  SCOP d1fm4a_
  174      0.8059          -0           3     0.000    79    2    3           1    0     88      8     88     10    T1015s1TS145-D1.pdb:A  SCOP d1e09a_
  175      0.8059          -0       3.298     0.000    79    2    3           1    0     88      8     88      9    T1015s1TS145-D1.pdb:A  SCOP d1a2wa_
  176      0.8059       2.036        4.31     0.000    79    2    3           1    0     88      8     88      3    T1015s1TS145-D1.pdb:A  SCOP d1rq6a_
  177      0.8059      0.7131       2.801     0.000    79    2    2           1    0     88      8     88      3    T1015s1TS145-D1.pdb:A  SCOP d1ef4a_
  178      0.8059          -0       3.113     0.000    79    3    3           1    0     88      8     88     15    T1015s1TS145-D1.pdb:A  SCOP d1rtva_
  179      0.8059   1.812e-05        5.47     0.000    79    3    3           1    0     88      8     88     15    T1015s1TS145-D1.pdb:A  SCOP d1rtva_
  180      0.8059          -0       2.465     0.000    79    2    2           1    0     88      8     88      9    T1015s1TS145-D1.pdb:A  SCOP d1laja_
  181      0.8037          -0       1.662     0.850    82    2    3      0.9512    0     88      8     88      6    T1015s1TS145-D1.pdb:A  SCOP d1e44a_
  182       0.802    0.000488       3.985     0.992    83    3    3      0.9277    0     88      8     88     11    T1015s1TS145-D1.pdb:A  SCOP d1e8ka_
  183       0.802     0.00049       3.985     0.992    83    3    3      0.9277    0     88      8     88     11    T1015s1TS145-D1.pdb:A  SCOP d1dywa_
  184      0.7947          -0       2.272     0.000    78    3    2           1    0     88      8     87     15    T1015s1TS145-D1.pdb:A  SCOP d1teha1
  185      0.7947          -0       2.947     0.000    78    3    2           1    0     88      8     87     15    T1015s1TS145-D1.pdb:A  SCOP d1teha1
  186      0.7856          -0       5.713     0.000    78    2    4           1    0     88      8     88     10    T1015s1TS145-D1.pdb:A  SCOP d2cvea1
  187      0.7856       3.055       5.703     0.000    78    2    3           1    0     88      8     88      6    T1015s1TS145-D1.pdb:A  SCOP d1wh8a_
  188      0.7856          -0       2.623     0.000    78    2    3           1    0     88      8     88      7    T1015s1TS145-D1.pdb:A  SCOP d1jbta_
  189      0.7856          -0       3.184     0.000    78    3    3           1    0     88      8     88     12    T1015s1TS145-D1.pdb:A  SCOP d1rx8a_
  190      0.7856          -0        3.24     0.000    78    2    3           1    0     88      8     88      9    T1015s1TS145-D1.pdb:A  SCOP d1aqza_
  191      0.7856          -0       3.064     0.000    78    2    3           1    0     88      8     88      9    T1015s1TS145-D1.pdb:A  SCOP d1mb1a_
  192      0.7856          -0       3.669     0.000    78    3    4           1    0     88      8     88     14    T1015s1TS145-D1.pdb:A  SCOP d1xm7a_
  193      0.7856          -0       1.325     0.000    78    3    4           1    0     88      8     88     11    T1015s1TS145-D1.pdb:A  SCOP d1t2sa_
  194      0.7856          -0       3.184     0.000    78    3    3           1    0     88      8     88     13    T1015s1TS145-D1.pdb:A  SCOP d1rx3a_
  195      0.7856     0.01164        5.13     0.000    78    3    3           1    0     88      8     88     12    T1015s1TS145-D1.pdb:A  SCOP d1vyga_
  196      0.7856       2.274       5.289     0.000    78    2    2           1    0     88      8     88      8    T1015s1TS145-D1.pdb:A  SCOP d1l7za_
  197      0.7856       2.908       5.788     0.000    78    2    2           1    0     88      8     88      8    T1015s1TS145-D1.pdb:A  SCOP d2bbna_
  198      0.7856          -0      0.8993     0.000    78    2    2           1    0     88      8     88     10    T1015s1TS145-D1.pdb:A  SCOP d1nb9a_
  199      0.7856       3.218       6.018     0.000    78    2    2           1    0     88      8     88      8    T1015s1TS145-D1.pdb:A  SCOP d2bbma_
  200      0.7856    0.001406       1.941     0.000    78    2    5           1    0     88      8     88      8    T1015s1TS145-D1.pdb:A  SCOP d1ggwa_
  201      0.7856   7.336e-11       5.139     0.000    78    3    3           1    0     88      8     88     13    T1015s1TS145-D1.pdb:A  SCOP d1jjxa_
  202      0.7856          -0        3.24     0.000    78    2    3           1    0     88      8     88      7    T1015s1TS145-D1.pdb:A  SCOP d2byea1
  203      0.7856          -0       1.525     0.000    78    2    2           1    0     88      8     88     10    T1015s1TS145-D1.pdb:A  SCOP d1ugna1
  204      0.7856          -0       4.442     0.000    78    2    2           1    0     88      8     88     10    T1015s1TS145-D1.pdb:A  SCOP d1ugna1
  205      0.7856          -0        3.24     0.000    78    3    3           1    0     88      8     88      9    T1015s1TS145-D1.pdb:A  SCOP d1km9a_
  206      0.7856       2.274       5.289     0.000    78    2    2           1    0     88      8     88      8    T1015s1TS145-D1.pdb:A  SCOP d1cffa_
  207      0.7856          -0       2.623     0.000    78    3    4           1    0     88      8     88     14    T1015s1TS145-D1.pdb:A  SCOP d1gqoa_
  208      0.7856          -0       1.525     0.000    78    2    2           1    0     88      8     88      9    T1015s1TS145-D1.pdb:A  SCOP d1ufua1
  209      0.7856          -0       4.442     0.000    78    2    2           1    0     88      8     88      9    T1015s1TS145-D1.pdb:A  SCOP d1ufua1
  210      0.7856          -0       3.399     0.000    78    2    2           1    0     88      8     88      9    T1015s1TS145-D1.pdb:A  SCOP d1ufua1
  211      0.7856          -0       2.298     0.000    78    2    3           1    0     88      8     88     10    T1015s1TS145-D1.pdb:A  SCOP d1v13a_
  212      0.7856          -0       3.177     0.000    78    2    2           1    0     88      8     88      6    T1015s1TS145-D1.pdb:A  SCOP d1rv1a_
  213      0.7856          -0       2.272     0.000    78    3    4           1    0     88      8     88     12    T1015s1TS145-D1.pdb:A  SCOP d1jwqa_
  214      0.7856       2.009       5.067     0.000    78    2    2           1    0     88      8     88      8    T1015s1TS145-D1.pdb:A  SCOP d1muxa_
  215      0.7827          -0        3.02     0.709    80    2    4      0.9625    0     88      8     88     10    T1015s1TS145-D1.pdb:A  SCOP d2afca1
  216      0.7818          -0       1.549     0.717    80    3    3      0.9625    0     88      8     88     14    T1015s1TS145-D1.pdb:A  SCOP d1md6a_
  217      0.7812          -0       2.757     0.722    80    3    4      0.9625    0     88      8     88     11    T1015s1TS145-D1.pdb:A  SCOP d1qnga_
  218      0.7812          -0       2.757     0.722    80    3    4      0.9625    0     88      8     88     11    T1015s1TS145-D1.pdb:A  SCOP d1qnha_
  219      0.7722          -0       2.272     0.000    76    3    3           1    0     88      8     85     12    T1015s1TS145-D1.pdb:A  SCOP d1etua1
  220      0.7701      0.2947       2.336     0.000    75    2    3           1    0     88      8     83      7    T1015s1TS145-D1.pdb:A  SCOP d1u6ra1
  221      0.7656          -0       2.623     0.000    77    2    2           1    0     88      8     88     10    T1015s1TS145-D1.pdb:A  SCOP d1to4a_
  222      0.7656          -0       2.623     0.000    77    2    2           1    0     88      8     88     10    T1015s1TS145-D1.pdb:A  SCOP d1to4a_
  223      0.7656          -0       3.343     0.000    77    3    2           1    0     88      8     88     14    T1015s1TS145-D1.pdb:A  SCOP d1laya_
  224      0.7656          -0       2.623     0.000    77    2    2           1    0     88      8     88      9    T1015s1TS145-D1.pdb:A  SCOP d1to5a_
  225      0.7656          -0       2.623     0.000    77    2    2           1    0     88      8     88      9    T1015s1TS145-D1.pdb:A  SCOP d1to5a_
  226      0.7656          -0       2.623     0.000    77    2    2           1    0     88      8     88      9    T1015s1TS145-D1.pdb:A  SCOP d1to5a_
  227      0.7656          -0  1.798e+308     0.000    77    3    2           1    0     88      8     88     10    T1015s1TS145-D1.pdb:A  SCOP d1gywa_
  228      0.7656          -0       2.623     0.000    77    3    2           1    0     88      8     88     11    T1015s1TS145-D1.pdb:A  SCOP d1xsqa_
  229      0.7656          -0       3.836     0.000    77    3    2           1    0     88      8     88     15    T1015s1TS145-D1.pdb:A  SCOP d1xsra_
  230      0.7656          -0       3.836     0.000    77    3    2           1    0     88      8     88     15    T1015s1TS145-D1.pdb:A  SCOP d1xsra_
  231      0.7656          -0       2.947     0.000    77    2    2           1    0     88      8     88      7    T1015s1TS145-D1.pdb:A  SCOP d1do6a_
  232      0.7656    0.001627       3.504     0.000    77    2    2           1    0     88      8     88     10    T1015s1TS145-D1.pdb:A  SCOP d1jyda_
  233      0.7656     0.00158       3.504     0.000    77    2    2           1    0     88      8     88     10    T1015s1TS145-D1.pdb:A  SCOP d1erba_
  234      0.7656          -0       3.223     0.000    77    2    2           1    0     88      8     88      9    T1015s1TS145-D1.pdb:A  SCOP d2gcya1
  235      0.7656      0.2069       4.173     0.000    77    2    2           1    0     88      8     88      5    T1015s1TS145-D1.pdb:A  SCOP d1noea_
  236      0.7656          -0       3.669     0.000    77    2    2           1    0     88      8     88      9    T1015s1TS145-D1.pdb:A  SCOP d1anua_
  237      0.7656      0.2069       4.173     0.000    77    2    2           1    0     88      8     88      5    T1015s1TS145-D1.pdb:A  SCOP d1hrqa_
  238      0.7656          -0       2.272     0.000    77    2    2           1    0     88      8     88     10    T1015s1TS145-D1.pdb:A  SCOP d1mfma_
  239      0.7656          -0       2.272     0.000    77    2    2           1    0     88      8     88     10    T1015s1TS145-D1.pdb:A  SCOP d1mfma_
  240      0.7656          -0       1.046     0.000    77    3    2           1    0     88      8     88     14    T1015s1TS145-D1.pdb:A  SCOP d1b0fa_
  241      0.7656          -0       2.272     0.000    77    2    2           1    0     88      8     88     10    T1015s1TS145-D1.pdb:A  SCOP d1mfma_
  242      0.7656          -0       2.623     0.000    77    2    2           1    0     88      8     88      5    T1015s1TS145-D1.pdb:A  SCOP d1rk7a_
  243      0.7656          -0       5.713     0.000    77    2    2           1    0     88      8     88      9    T1015s1TS145-D1.pdb:A  SCOP d1plja_
  244      0.7656          -0       5.713     0.000    77    2    2           1    0     88      8     88      9    T1015s1TS145-D1.pdb:A  SCOP d1plja_
  245      0.7656   2.797e-05       6.202     0.000    77    2    2           1    0     88      8     88      9    T1015s1TS145-D1.pdb:A  SCOP d1plja_
  246      0.7656          -0       2.623     0.000    77    2    2           1    0     88      8     88     10    T1015s1TS145-D1.pdb:A  SCOP d1sosa_
  247      0.7656          -0       2.623     0.000    77    2    2           1    0     88      8     88     10    T1015s1TS145-D1.pdb:A  SCOP d1sosa_
  248      0.7656          -0       2.623     0.000    77    2    2           1    0     88      8     88     10    T1015s1TS145-D1.pdb:A  SCOP d1sosa_
  249      0.7656          -0       2.623     0.000    77    2    2           1    0     88      8     88     10    T1015s1TS145-D1.pdb:A  SCOP d1sosa_
  250      0.7656          -0       2.623     0.000    77    3    2           1    0     88      8     88     10    T1015s1TS145-D1.pdb:A  SCOP d1uxma_
  251      0.7656          -0       3.399     0.000    77    2    2           1    0     88      8     88     10    T1015s1TS145-D1.pdb:A  SCOP d2cd0a_
  252      0.7656          -0       2.272     0.000    77    2    2           1    0     88      8     88     10    T1015s1TS145-D1.pdb:A  SCOP d1pu0a_
  253      0.7656          -0       2.272     0.000    77    2    2           1    0     88      8     88     10    T1015s1TS145-D1.pdb:A  SCOP d1pu0a_
  254      0.7656          -0       2.272     0.000    77    2    2           1    0     88      8     88     10    T1015s1TS145-D1.pdb:A  SCOP d1pu0a_
  255      0.7656          -0       2.272     0.000    77    2    2           1    0     88      8     88      9    T1015s1TS145-D1.pdb:A  SCOP d1ozua_
  256      0.7656          -0       2.272     0.000    77    2    2           1    0     88      8     88      9    T1015s1TS145-D1.pdb:A  SCOP d1ozua_
  257      0.7656          -0       2.623     0.000    77    2    2           1    0     88      8     88     10    T1015s1TS145-D1.pdb:A  SCOP d1cb4a_
  258      0.7656          -0       2.623     0.000    77    2    2           1    0     88      8     88     10    T1015s1TS145-D1.pdb:A  SCOP d1to4a_
  259      0.7656          -0       2.623     0.000    77    2    2           1    0     88      8     88     10    T1015s1TS145-D1.pdb:A  SCOP d1to4a_
  260      0.7656          -0       2.272     0.000    77    3    2           1    0     88      8     88     13    T1015s1TS145-D1.pdb:A  SCOP d1ib5a_
  261      0.7656          -0       2.272     0.000    77    3    2           1    0     88      8     88     13    T1015s1TS145-D1.pdb:A  SCOP d1ib5a_
  262      0.7656          -0       2.272     0.000    77    3    2           1    0     88      8     88     13    T1015s1TS145-D1.pdb:A  SCOP d1ibha_
  263      0.7656          -0       2.272     0.000    77    3    2           1    0     88      8     88     13    T1015s1TS145-D1.pdb:A  SCOP d1ibha_
  264      0.7656          -0       2.272     0.000    77    3    2           1    0     88      8     88     13    T1015s1TS145-D1.pdb:A  SCOP d1yaia_
  265      0.7656          -0       2.272     0.000    77    3    2           1    0     88      8     88     13    T1015s1TS145-D1.pdb:A  SCOP d1yaia_
  266      0.7656          -0       2.272     0.000    77    3    2           1    0     88      8     88     13    T1015s1TS145-D1.pdb:A  SCOP d1yaia_
  267      0.7656          -0       2.358     0.000    77    2    2           1    0     88      8     88     10    T1015s1TS145-D1.pdb:A  SCOP d1sdya_
  268      0.7656          -0       2.623     0.000    77    2    2           1    0     88      8     88     10    T1015s1TS145-D1.pdb:A  SCOP d1xsoa_
  269      0.7656          -0       2.623     0.000    77    2    2           1    0     88      8     88     10    T1015s1TS145-D1.pdb:A  SCOP d1xsoa_
  270      0.7656          -0       2.623     0.000    77    2    2           1    0     88      8     88     10    T1015s1TS145-D1.pdb:A  SCOP d1xsoa_
  271      0.7656          -0      0.2062     0.000    77    3    2           1    0     88      8     88     15    T1015s1TS145-D1.pdb:A  SCOP d1eq9a_
  272      0.7656          -0       2.272     0.000    77    2    2           1    0     88      8     88      9    T1015s1TS145-D1.pdb:A  SCOP d1dswa_
  273      0.7656          -0       2.272     0.000    77    2    2           1    0     88      8     88      9    T1015s1TS145-D1.pdb:A  SCOP d1dswa_
  274      0.7656          -0  1.798e+308     0.000    77    3    2           1    0     88      8     88     14    T1015s1TS145-D1.pdb:A  SCOP d1b0fa_
  275      0.7656          -0       1.046     0.000    77    3    2           1    0     88      8     88     14    T1015s1TS145-D1.pdb:A  SCOP d1b0fa_
  276      0.7656          -0       2.623     0.000    77    2    2           1    0     88      8     88     10    T1015s1TS145-D1.pdb:A  SCOP d1n18a_
  277      0.7656          -0       2.623     0.000    77    2    2           1    0     88      8     88     10    T1015s1TS145-D1.pdb:A  SCOP d1n18a_
  278      0.7656          -0       2.907     0.000    77    2    2           1    0     88      8     88      4    T1015s1TS145-D1.pdb:A  SCOP d1a57a_
  279      0.7656          -0       3.669     0.000    77    2    2           1    0     88      8     88      4    T1015s1TS145-D1.pdb:A  SCOP d1a57a_
  280      0.7656          -0       1.778     0.000    77    3    2           1    0     88      8     88      8    T1015s1TS145-D1.pdb:A  SCOP d1m9za_
  281      0.7656   1.131e-08       5.811     0.000    77    3    2           1    0     88      8     88     10    T1015s1TS145-D1.pdb:A  SCOP d1iiya_
  282      0.7656       2.217       5.025     0.000    77    2    2           1    0     88      8     88      2    T1015s1TS145-D1.pdb:A  SCOP d1icla_
  283      0.7656          -0       5.713     0.000    77    2    2           1    0     88      8     88      5    T1015s1TS145-D1.pdb:A  SCOP d1fa4a_
  284      0.7656       0.402           3     0.000    77    2    2           1    0     88      8     88      3    T1015s1TS145-D1.pdb:A  SCOP d1nyua_
  285      0.7656          -0           3     0.000    77    2    2           1    0     88      8     88      8    T1015s1TS145-D1.pdb:A  SCOP d1nysa_
  286      0.7656          -0       3.343     0.000    77    3    2           1    0     88      8     88      8    T1015s1TS145-D1.pdb:A  SCOP d1nysa_
  287      0.7656          -0       3.343     0.000    77    2    2           1    0     88      8     88      8    T1015s1TS145-D1.pdb:A  SCOP d1nysa_
  288      0.7656          -0       4.431     0.000    77    2    2           1    0     88      8     88      7    T1015s1TS145-D1.pdb:A  SCOP d1qawa_
  289      0.7656          -0       3.184     0.000    77    3    3           1    0     88      8     88     13    T1015s1TS145-D1.pdb:A  SCOP d1rf7a_
  290      0.7656          -0        5.31     0.000    77    2    2           1    0     88      8     88     10    T1015s1TS145-D1.pdb:A  SCOP d7pcya_
  291      0.7656          -0  1.798e+308     0.000    77    2    2           1    0     88      8     88     10    T1015s1TS145-D1.pdb:A  SCOP d1lsxa_
  292      0.7656          -0        5.31     0.000    77    2    2           1    0     88      8     88     10    T1015s1TS145-D1.pdb:A  SCOP d1iuza_
  293      0.7656          -0       3.669     0.000    77    3    2           1    0     88      8     88     15    T1015s1TS145-D1.pdb:A  SCOP d1xqba_
  294      0.7656          -0  1.798e+308     0.000    77    2    2           1    0     88      8     88     10    T1015s1TS145-D1.pdb:A  SCOP d1lt0a_
  295      0.7656          -0  1.798e+308     0.000    77    2    2           1    0     88      8     88     10    T1015s1TS145-D1.pdb:A  SCOP d1lt0a_
  296      0.7656          -0  1.798e+308     0.000    77    2    2           1    0     88      8     88     10    T1015s1TS145-D1.pdb:A  SCOP d1dp8a_
  297      0.7656          -0        3.42     0.000    77    2    2           1    0     88      8     88      9    T1015s1TS145-D1.pdb:A  SCOP d1plaa_
  298      0.7656          -0       4.431     0.000    77    2    2           1    0     88      8     88      7    T1015s1TS145-D1.pdb:A  SCOP d1gtna_
  299      0.7656          -0        3.42     0.000    77    2    2           1    0     88      8     88      9    T1015s1TS145-D1.pdb:A  SCOP d1plba_
  300      0.7656          -0  1.798e+308     0.000    77    2    2           1    0     88      8     88     10    T1015s1TS145-D1.pdb:A  SCOP d1dp9a_
  301      0.7656   0.0001796       4.772     0.000    77    2    2           1    0     88      8     88      9    T1015s1TS145-D1.pdb:A  SCOP d1pkva_
  302      0.7656    0.002819       5.268     0.000    77    2    2           1    0     88      8     88      8    T1015s1TS145-D1.pdb:A  SCOP d1i18a_
  303      0.7656    0.005661       7.334     0.000    77    3    2           1    0     88      8     88     14    T1015s1TS145-D1.pdb:A  SCOP d1ax3a_
  304      0.7656     0.01099       7.433     0.000    77    3    2           1    0     88      8     88     14    T1015s1TS145-D1.pdb:A  SCOP d1gpra_
  305      0.7656      0.7311       5.542     0.000    77    3    2           1    0     88      8     88      8    T1015s1TS145-D1.pdb:A  SCOP d1ibza_
  306      0.7656      0.7311       5.542     0.000    77    3    2           1    0     88      8     88      8    T1015s1TS145-D1.pdb:A  SCOP d1ibya_
  307      0.7656          -0  1.798e+308     0.000    77    3    2           1    0     88      8     88     13    T1015s1TS145-D1.pdb:A  SCOP d1gmla_
  308      0.7656    0.002269       3.106     0.000    77    2    2           1    0     88      8     88      5    T1015s1TS145-D1.pdb:A  SCOP d1az5a_
  309      0.7656      0.5239        3.24     0.000    77    2    2           1    0     88      8     88      2    T1015s1TS145-D1.pdb:A  SCOP d1i71a_
  310      0.7656    0.004253       3.106     0.000    77    2    2           1    0     88      8     88      5    T1015s1TS145-D1.pdb:A  SCOP d1k6va_
  311      0.7656    0.008111       1.605     0.000    77    2    3           1    0     88      8     88      7    T1015s1TS145-D1.pdb:A  SCOP d1g0wa1
  312      0.7656          -0       3.746     0.000    77    3    2           1    0     88      8     88      8    T1015s1TS145-D1.pdb:A  SCOP d2hpfa_
  313      0.7656       1.579       5.894     0.000    77    2    2           1    0     88      8     88      4    T1015s1TS145-D1.pdb:A  SCOP d1caaa_
  314      0.7656    0.002269       3.106     0.000    77    2    2           1    0     88      8     88      5    T1015s1TS145-D1.pdb:A  SCOP d1ivpa_
  315      0.7656          -0       4.577     0.000    77    3    4           1    0     88      8     88     13    T1015s1TS145-D1.pdb:A  SCOP d1liba_
  316      0.7656          -0       3.445     0.000    77    2    1           1    0     88      8     88      8    T1015s1TS145-D1.pdb:A  SCOP d1ji8a_
  317      0.7656          -0      0.8544     0.000    77    2    2           1    0     88      8     88     10    T1015s1TS145-D1.pdb:A  SCOP d1nb0a_
  318      0.7656          -0       4.577     0.000    77    3    4           1    0     88      8     88     13    T1015s1TS145-D1.pdb:A  SCOP d1g7na_
  319      0.7656          -0  1.798e+308     0.000    77    2    2           1    0     88      8     88     10    T1015s1TS145-D1.pdb:A  SCOP d1s9pa_
  320      0.7656          -0  1.798e+308     0.000    77    3    2           1    0     88      8     88     12    T1015s1TS145-D1.pdb:A  SCOP d1lv2a_
  321      0.7656       2.217       5.025     0.000    77    2    2           1    0     88      8     88      2    T1015s1TS145-D1.pdb:A  SCOP d1kvfa_
  322      0.7656    0.002269       3.106     0.000    77    2    2           1    0     88      8     88      5    T1015s1TS145-D1.pdb:A  SCOP d1jlda_
  323      0.7656          -0       2.907     0.000    77    2    2           1    0     88      8     88      6    T1015s1TS145-D1.pdb:A  SCOP d1l6va_
  324      0.7656    0.002269       3.106     0.000    77    2    2           1    0     88      8     88      5    T1015s1TS145-D1.pdb:A  SCOP d2mipa_
  325      0.7656          -0       2.947     0.000    77    2    2           1    0     88      8     88      9    T1015s1TS145-D1.pdb:A  SCOP d5lvea_
  326      0.7656    0.004253       3.106     0.000    77    2    2           1    0     88      8     88      5    T1015s1TS145-D1.pdb:A  SCOP d3upja_
  327      0.7656    0.002269       3.106     0.000    77    2    2           1    0     88      8     88      5    T1015s1TS145-D1.pdb:A  SCOP d5upja_
  328      0.7656      0.5239        3.24     0.000    77    2    2           1    0     88      8     88      3    T1015s1TS145-D1.pdb:A  SCOP d1ceaa_
  329      0.7656          -0       1.714     0.000    77    3    2           1    0     88      8     88     12    T1015s1TS145-D1.pdb:A  SCOP d1gm6a_
  330      0.7656          -0       2.336     0.000    77    2    2           1    0     88      8     88      7    T1015s1TS145-D1.pdb:A  SCOP d1maka_
  331      0.7656   0.0005495       2.944     0.000    77    2    2           1    0     88      8     88      5    T1015s1TS145-D1.pdb:A  SCOP d1idba_
  332      0.7656   3.857e-16       5.268     0.000    77    2    2           1    0     88      8     88      9    T1015s1TS145-D1.pdb:A  SCOP d1mvua_
  333      0.7656   3.857e-16       5.268     0.000    77    2    2           1    0     88      8     88      9    T1015s1TS145-D1.pdb:A  SCOP d2ap2a_
  334      0.7656          -0       3.106     0.000    77    2    2           1    0     88      8     88     10    T1015s1TS145-D1.pdb:A  SCOP d1iiua_
  335      0.7656          -0       4.687     0.000    77    2    2           1    0     88      8     88      9    T1015s1TS145-D1.pdb:A  SCOP d1ap2a_
  336      0.7656          -0       3.343     0.000    77    2    2           1    0     88      8     88      7    T1015s1TS145-D1.pdb:A  SCOP d1x9la_
  337      0.7656          -0       3.343     0.000    77    2    2           1    0     88      8     88      7    T1015s1TS145-D1.pdb:A  SCOP d1x9la_
  338      0.7656      0.1379       3.865     0.000    77    2    2           1    0     88      8     88      3    T1015s1TS145-D1.pdb:A  SCOP d1kl8a_
  339      0.7656   9.187e-08       4.317     0.000    77    2    2           1    0     88      8     88      5    T1015s1TS145-D1.pdb:A  SCOP d2btxa_
  340      0.7656          -0       2.623     0.000    77    2    2           1    0     88      8     88      8    T1015s1TS145-D1.pdb:A  SCOP d1cmoa_
  341      0.7656    0.003963        3.05     0.000    77    2    2           1    0     88      8     88      3    T1015s1TS145-D1.pdb:A  SCOP d1jbda_
  342      0.7656          -0       2.456     0.000    77    2    2           1    0     88      8     88     10    T1015s1TS145-D1.pdb:A  SCOP d1ut2a_
  343      0.7656          -0       2.456     0.000    77    2    2           1    0     88      8     88     10    T1015s1TS145-D1.pdb:A  SCOP d1ut2a_
  344      0.7656          -0       1.949     0.000    77    2    2           1    0     88      8     88     10    T1015s1TS145-D1.pdb:A  SCOP d1ut2a_
  345      0.7656          -0       1.325     0.000    77    2    2           1    0     88      8     88      6    T1015s1TS145-D1.pdb:A  SCOP d1n12a_
  346      0.7656          -0       2.623     0.000    77    2    2           1    0     88      8     88     10    T1015s1TS145-D1.pdb:A  SCOP d1tyja1
  347      0.7656    2.55e-06        5.31     0.000    77    2    2           1    0     88      8     88      8    T1015s1TS145-D1.pdb:A  SCOP d4pcya_
  348      0.7656          -0  1.798e+308     0.000    77    2    2           1    0     88      8     88     10    T1015s1TS145-D1.pdb:A  SCOP d1lsva_
  349      0.7656          -0  1.798e+308     0.000    77    2    2           1    0     88      8     88     10    T1015s1TS145-D1.pdb:A  SCOP d1lsva_
  350      0.7656          -0       4.431     0.000    77    2    2           1    0     88      8     88      7    T1015s1TS145-D1.pdb:A  SCOP d1utda_
  351      0.7656    2.55e-06        5.31     0.000    77    2    2           1    0     88      8     88      9    T1015s1TS145-D1.pdb:A  SCOP d1jxga_
  352      0.7656          -0  1.798e+308     0.000    77    2    2           1    0     88      8     88     10    T1015s1TS145-D1.pdb:A  SCOP d1y28a_
  353      0.7656          -0       4.431     0.000    77    2    2           1    0     88      8     88      7    T1015s1TS145-D1.pdb:A  SCOP d1c9sa_
  354      0.7656          -0  1.798e+308     0.000    77    2    2           1    0     88      8     88     10    T1015s1TS145-D1.pdb:A  SCOP d1drma_
  355      0.7656          -0       2.907     0.000    77    2    2           1    0     88      8     88      6    T1015s1TS145-D1.pdb:A  SCOP d1l6va_
  356      0.7656          -0  1.798e+308     0.000    77    2    2           1    0     88      8     88     10    T1015s1TS145-D1.pdb:A  SCOP d1dp6a_
  357      0.7656          -0       3.184     0.000    77    3    3           1    0     88      8     88     13    T1015s1TS145-D1.pdb:A  SCOP d1rx1a_
  358      0.7656          -0       4.431     0.000    77    2    2           1    0     88      8     88      7    T1015s1TS145-D1.pdb:A  SCOP d1utfa_
  359      0.7656          -0  1.798e+308     0.000    77    2    2           1    0     88      8     88     10    T1015s1TS145-D1.pdb:A  SCOP d1dp6a_
  360      0.7656          -0  1.798e+308     0.000    77    2    2           1    0     88      8     88     10    T1015s1TS145-D1.pdb:A  SCOP d1lswa_
  361      0.7656    0.002742       5.139     0.000    77    3    2           1    0     88      8     88      7    T1015s1TS145-D1.pdb:A  SCOP d1utva_
  362      0.7656          -0  1.798e+308     0.000    77    2    2           1    0     88      8     88     10    T1015s1TS145-D1.pdb:A  SCOP d1lswa_
  363      0.7656          -0       2.641     0.000    77    3    3           1    0     88      8     88     12    T1015s1TS145-D1.pdb:A  SCOP d1luda_
  364      0.7656          -0       4.431     0.000    77    2    2           1    0     88      8     88      7    T1015s1TS145-D1.pdb:A  SCOP d1gtfa_
  365      0.7656   2.381e-12       2.786     0.000    77    3    2           1    0     88      8     88     12    T1015s1TS145-D1.pdb:A  SCOP d1ngla_
  366      0.7656   3.825e-12       4.206     0.000    77    2    2           1    0     88      8     88      7    T1015s1TS145-D1.pdb:A  SCOP d1wapa_
  367      0.7656          -0       3.799     0.000    77    2    2           1    0     88      8     88     10    T1015s1TS145-D1.pdb:A  SCOP d1cqaa_
  368      0.7656      0.0483        3.56     0.000    77    2    2           1    0     88      8     88      6    T1015s1TS145-D1.pdb:A  SCOP d1hsia_
  369      0.7656    0.002269       3.106     0.000    77    2    2           1    0     88      8     88      5    T1015s1TS145-D1.pdb:A  SCOP d1aida_
  370      0.7656    0.004253       3.106     0.000    77    2    2           1    0     88      8     88      5    T1015s1TS145-D1.pdb:A  SCOP d1ec1a_
  371      0.7656     0.08152       2.967     0.000    77    2    2           1    0     88      8     88      5    T1015s1TS145-D1.pdb:A  SCOP d1rpia_
  372      0.7656   6.173e-11       3.106     0.000    77    2    2           1    0     88      8     88      6    T1015s1TS145-D1.pdb:A  SCOP d1msna_
  373      0.7656      0.4363       3.373     0.000    77    2    2           1    0     88      8     88      5    T1015s1TS145-D1.pdb:A  SCOP d1a94a_
  374      0.7656   3.169e-13       2.944     0.000    77    2    2           1    0     88      8     88      6    T1015s1TS145-D1.pdb:A  SCOP d5hvpa_
  375      0.7656          -0        1.87     0.000    77    2    2           1    0     88      8     88     10    T1015s1TS145-D1.pdb:A  SCOP d1y0ga_
  376      0.7656   6.173e-11       3.106     0.000    77    2    2           1    0     88      8     88      6    T1015s1TS145-D1.pdb:A  SCOP d1meta_
  377      0.7656   4.577e-09       3.106     0.000    77    2    2           1    0     88      8     88      6    T1015s1TS145-D1.pdb:A  SCOP d1odwa_
  378      0.7656    0.004253       3.106     0.000    77    2    2           1    0     88      8     88      5    T1015s1TS145-D1.pdb:A  SCOP d3tlha_
  379      0.7656    0.004253       3.106     0.000    77    2    2           1    0     88      8     88      5    T1015s1TS145-D1.pdb:A  SCOP d1ebya_
  380      0.7656   1.424e-05       3.457     0.000    77    2    2           1    0     88      8     88      7    T1015s1TS145-D1.pdb:A  SCOP d1a8ka_
  381      0.7656    0.004253       3.106     0.000    77    2    2           1    0     88      8     88      5    T1015s1TS145-D1.pdb:A  SCOP d1mt8a_
  382      0.7656    0.004253       3.106     0.000    77    2    2           1    0     88      8     88      5    T1015s1TS145-D1.pdb:A  SCOP d1qbta_
  383      0.7656    0.004253       3.106     0.000    77    2    2           1    0     88      8     88      5    T1015s1TS145-D1.pdb:A  SCOP d1izia_
  384      0.7656    0.004253       3.106     0.000    77    2    2           1    0     88      8     88      5    T1015s1TS145-D1.pdb:A  SCOP d1axaa_
  385      0.7656   2.464e-14       2.944     0.000    77    2    2           1    0     88      8     88      6    T1015s1TS145-D1.pdb:A  SCOP d1dmpa_
  386      0.7656    0.004253       3.106     0.000    77    2    2           1    0     88      8     88      5    T1015s1TS145-D1.pdb:A  SCOP d1bv7a_
  387      0.7656    0.004253       3.106     0.000    77    2    2           1    0     88      8     88      5    T1015s1TS145-D1.pdb:A  SCOP d1t7ka_
  388      0.7656      0.4363       3.373     0.000    77    2    2           1    0     88      8     88      5    T1015s1TS145-D1.pdb:A  SCOP d1lzqa_
  389      0.7656    0.004253       3.106     0.000    77    2    2           1    0     88      8     88      5    T1015s1TS145-D1.pdb:A  SCOP d1hosa_
  390      0.7656          -0       4.431     0.000    77    2    2           1    0     88      8     88     10    T1015s1TS145-D1.pdb:A  SCOP d1g0xa1
  391      0.7656   5.825e-10       3.106     0.000    77    2    2           1    0     88      8     88      6    T1015s1TS145-D1.pdb:A  SCOP d1a9ma_
  392      0.7656   3.169e-13       2.944     0.000    77    2    2           1    0     88      8     88      6    T1015s1TS145-D1.pdb:A  SCOP d1sbga_
  393      0.7656          -0  1.798e+308     0.000    77    3    2           1    0     88      8     88     11    T1015s1TS145-D1.pdb:A  SCOP d1o77a_
  394      0.7656    0.004253       3.106     0.000    77    2    2           1    0     88      8     88      5    T1015s1TS145-D1.pdb:A  SCOP d1m0ba_
  395      0.7656     0.02177       3.463     0.000    77    2    2           1    0     88      8     88      5    T1015s1TS145-D1.pdb:A  SCOP d4hvpa_
  396      0.7656    0.004253       3.106     0.000    77    2    2           1    0     88      8     88      5    T1015s1TS145-D1.pdb:A  SCOP d1cpia_
  397      0.7656   6.173e-11       3.106     0.000    77    2    2           1    0     88      8     88      6    T1015s1TS145-D1.pdb:A  SCOP d1wbka_
  398      0.7656          -0       1.578     0.000    77    2    2           1    0     88      8     88     10    T1015s1TS145-D1.pdb:A  SCOP d1gdfa_
  399      0.7656    0.004253       3.106     0.000    77    2    2           1    0     88      8     88      5    T1015s1TS145-D1.pdb:A  SCOP d1hiha_
  400      0.7656      0.4363       3.373     0.000    77    2    2           1    0     88      8     88      5    T1015s1TS145-D1.pdb:A  SCOP d1sgua_
  401      0.7656   3.169e-13       2.944     0.000    77    2    2           1    0     88      8     88      6    T1015s1TS145-D1.pdb:A  SCOP d1hvha_
  402      0.7656          -0       1.578     0.000    77    2    2           1    0     88      8     88     10    T1015s1TS145-D1.pdb:A  SCOP d1kmta_
  403      0.7656    0.004253       3.106     0.000    77    2    2           1    0     88      8     88      5    T1015s1TS145-D1.pdb:A  SCOP d1ec2a_
  404      0.7656   6.173e-11       3.106     0.000    77    2    2           1    0     88      8     88      6    T1015s1TS145-D1.pdb:A  SCOP d1hwra_
  405      0.7656    0.002269       3.106     0.000    77    2    2           1    0     88      8     88      5    T1015s1TS145-D1.pdb:A  SCOP d1hsha_
  406      0.7656   4.583e-06       2.641     0.000    77    2    2           1    0     88      8     88      5    T1015s1TS145-D1.pdb:A  SCOP d1odya_
  407      0.7656       1.579       5.894     0.000    77    2    2           1    0     88      8     88      4    T1015s1TS145-D1.pdb:A  SCOP d1brfa_
  408      0.7656   7.857e-12       3.106     0.000    77    2    2           1    0     88      8     88      6    T1015s1TS145-D1.pdb:A  SCOP d1qbua_
  409      0.7656          -0       4.327     0.000    77    2    2           1    0     88      8     88      7    T1015s1TS145-D1.pdb:A  SCOP d1poza_
  410      0.7656          -0       3.198     0.000    77    2    2           1    0     88      8     88      5    T1015s1TS145-D1.pdb:A  SCOP d1hk6a_
  411      0.7656    0.004253       3.106     0.000    77    2    2           1    0     88      8     88      5    T1015s1TS145-D1.pdb:A  SCOP d1kj7a_
  412      0.7656   7.857e-12       3.106     0.000    77    2    2           1    0     88      8     88      6    T1015s1TS145-D1.pdb:A  SCOP d1meua_
  413      0.7656          -0       2.508     0.000    77    2    2           1    0     88      8     88      6    T1015s1TS145-D1.pdb:A  SCOP d1npva_
  414      0.7656    0.004253       3.106     0.000    77    2    2           1    0     88      8     88      5    T1015s1TS145-D1.pdb:A  SCOP d1bwaa_
  415      0.7656   3.169e-13       2.944     0.000    77    2    2           1    0     88      8     88      6    T1015s1TS145-D1.pdb:A  SCOP d1htga_
  416      0.7656          -0       2.623     0.000    77    2    2           1    0     88      8     88      7    T1015s1TS145-D1.pdb:A  SCOP d1m5za_
  417      0.7656    0.004253       3.106     0.000    77    2    2           1    0     88      8     88      5    T1015s1TS145-D1.pdb:A  SCOP d1mrwa_
  418      0.7656       1.634       5.599     0.000    77    2    2           1    0     88      8     88      5    T1015s1TS145-D1.pdb:A  SCOP d1mnma_
  419      0.7656    0.004253       3.106     0.000    77    2    2           1    0     88      8     88      5    T1015s1TS145-D1.pdb:A  SCOP d1msma_
  420      0.7656    0.004253       3.106     0.000    77    2    2           1    0     88      8     88      5    T1015s1TS145-D1.pdb:A  SCOP d1mrxa_
  421      0.7656    0.004253       3.106     0.000    77    2    2           1    0     88      8     88      5    T1015s1TS145-D1.pdb:A  SCOP d1ohra_
  422      0.7656          -0       2.622     0.000    77    2    2           1    0     88      8     88      6    T1015s1TS145-D1.pdb:A  SCOP d1tita_
  423      0.7656       1.579       5.894     0.000    77    2    2           1    0     88      8     88      4    T1015s1TS145-D1.pdb:A  SCOP d1zrpa_
  424      0.7656          -0       2.641     0.000    77    2    2           1    0     88      8     88      6    T1015s1TS145-D1.pdb:A  SCOP d2bpxa_
  425      0.7656          -0       3.614     0.000    77    2    2           1    0     88      8     88      8    T1015s1TS145-D1.pdb:A  SCOP d1wita_
  426      0.7656          -0       3.614     0.000    77    2    2           1    0     88      8     88      8    T1015s1TS145-D1.pdb:A  SCOP d1wiua_
  427      0.7656   6.173e-11       3.106     0.000    77    2    2           1    0     88      8     88      6    T1015s1TS145-D1.pdb:A  SCOP d2upja_
  428      0.7656          -0       1.814     0.000    77    2    2           1    0     88      8     88      9    T1015s1TS145-D1.pdb:A  SCOP d2fmba_
  429      0.7656     0.03654       3.457     0.000    77    2    2           1    0     88      8     88      6    T1015s1TS145-D1.pdb:A  SCOP d1sh9a_
  430      0.7656          -0       4.059     0.000    77    2    2           1    0     88      8     88      7    T1015s1TS145-D1.pdb:A  SCOP d1ncta_
  431      0.7656          -0       2.593     0.000    77    3    2           1    0     88      8     88      9    T1015s1TS145-D1.pdb:A  SCOP d1fmba_
  432      0.7656          -0       1.778     0.000    77    2    2           1    0     88      8     88     10    T1015s1TS145-D1.pdb:A  SCOP d1cz9a_
  433      0.7656          -0       3.149     0.000    77    2    2           1    0     88      8     88      7    T1015s1TS145-D1.pdb:A  SCOP d1ncua_
  434      0.7656   6.173e-11       3.106     0.000    77    2    2           1    0     88      8     88      6    T1015s1TS145-D1.pdb:A  SCOP d1bdra_
  435      0.7656   6.173e-11       3.106     0.000    77    2    2           1    0     88      8     88      6    T1015s1TS145-D1.pdb:A  SCOP d1bdla_
  436      0.7656       1.579       5.894     0.000    77    2    2           1    0     88      8     88      4    T1015s1TS145-D1.pdb:A  SCOP d1iu6a_
  437      0.7656          -0       2.641     0.000    77    2    2           1    0     88      8     88      7    T1015s1TS145-D1.pdb:A  SCOP d1kj4a_
  438      0.7656          -0       3.343     0.000    77    2    2           1    0     88      8     88      7    T1015s1TS145-D1.pdb:A  SCOP d1v5qa_
  439      0.7656       1.579       5.894     0.000    77    2    2           1    0     88      8     88      4    T1015s1TS145-D1.pdb:A  SCOP d1cada_
  440      0.7656     0.00182       4.224     0.000    77    3    2           1    0     88      8     88      8    T1015s1TS145-D1.pdb:A  SCOP d1g84a_
  441      0.7656          -0       2.336     0.000    77    2    2           1    0     88      8     88      6    T1015s1TS145-D1.pdb:A  SCOP d6fiva_
  442      0.7656   2.464e-14       2.944     0.000    77    2    2           1    0     88      8     88      6    T1015s1TS145-D1.pdb:A  SCOP d1siva_
  443      0.7656   6.173e-11       3.106     0.000    77    2    2           1    0     88      8     88      6    T1015s1TS145-D1.pdb:A  SCOP d1muia_
  444      0.7656          -0       3.106     0.000    77    2    2           1    0     88      8     88      7    T1015s1TS145-D1.pdb:A  SCOP d1rv7a_
  445      0.7656    0.002269       3.106     0.000    77    2    2           1    0     88      8     88      5    T1015s1TS145-D1.pdb:A  SCOP d1idaa_
  446      0.7656    0.002269       3.106     0.000    77    2    2           1    0     88      8     88      5    T1015s1TS145-D1.pdb:A  SCOP d2hpea_
  447      0.7656   0.0005495       2.944     0.000    77    2    2           1    0     88      8     88      5    T1015s1TS145-D1.pdb:A  SCOP d4upja_
  448      0.7656          -0       1.846     0.000    77    3    2           1    0     88      8     88     10    T1015s1TS145-D1.pdb:A  SCOP d1b55a_
  449      0.7656          -0       1.846     0.000    77    3    2           1    0     88      8     88     10    T1015s1TS145-D1.pdb:A  SCOP d1bwna_
  450      0.7656          -0       1.325     0.000    77    3    2           1    0     88      8     88     10    T1015s1TS145-D1.pdb:A  SCOP d1btka_
  451      0.7656   3.169e-13       2.944     0.000    77    2    2           1    0     88      8     88      6    T1015s1TS145-D1.pdb:A  SCOP d1c70a_
  452      0.7656          -0       1.496     0.000    77    2    2           1    0     88      8     88      5    T1015s1TS145-D1.pdb:A  SCOP d1p1ea_
  453      0.7656    0.004253       3.106     0.000    77    2    2           1    0     88      8     88      5    T1015s1TS145-D1.pdb:A  SCOP d7hvpa_
  454      0.7656       1.579       5.894     0.000    77    2    2           1    0     88      8     88      4    T1015s1TS145-D1.pdb:A  SCOP d1iu5a_
  455      0.7656    0.004253       3.106     0.000    77    2    2           1    0     88      8     88      5    T1015s1TS145-D1.pdb:A  SCOP d1htfa_
  456      0.7656    0.004253       3.106     0.000    77    2    2           1    0     88      8     88      5    T1015s1TS145-D1.pdb:A  SCOP d1gnoa_
  457      0.7656   6.173e-11       3.106     0.000    77    2    2           1    0     88      8     88      6    T1015s1TS145-D1.pdb:A  SCOP d1a8ga_
  458      0.7656          -0  1.798e+308     0.000    77    3    2           1    0     88      8     88      9    T1015s1TS145-D1.pdb:A  SCOP d1utza_
  459      0.7656    0.004253       3.106     0.000    77    2    2           1    0     88      8     88      5    T1015s1TS145-D1.pdb:A  SCOP d1hpsa_
  460      0.7656    0.004253       3.106     0.000    77    2    2           1    0     88      8     88      5    T1015s1TS145-D1.pdb:A  SCOP d1gnma_
  461      0.7656          -0  1.798e+308     0.000    77    3    2           1    0     88      8     88     11    T1015s1TS145-D1.pdb:A  SCOP d1pyu.1
  462      0.7656      0.0238       3.373     0.000    77    2    2           1    0     88      8     88      6    T1015s1TS145-D1.pdb:A  SCOP d1c6za_
  463      0.7656   6.173e-11       3.106     0.000    77    2    2           1    0     88      8     88      6    T1015s1TS145-D1.pdb:A  SCOP d1upja_
  464      0.7656   6.173e-11       3.106     0.000    77    2    2           1    0     88      8     88      6    T1015s1TS145-D1.pdb:A  SCOP d1c6ya_
  465      0.7656      0.0238       3.373     0.000    77    2    2           1    0     88      8     88      6    T1015s1TS145-D1.pdb:A  SCOP d1u8ga_
  466      0.7656    0.004253       3.106     0.000    77    2    2           1    0     88      8     88      5    T1015s1TS145-D1.pdb:A  SCOP d1gnna_
  467      0.7656   3.169e-13       2.944     0.000    77    2    2           1    0     88      8     88      6    T1015s1TS145-D1.pdb:A  SCOP d2bpwa_
  468      0.7656          -0       1.214     0.000    77    3    2           1    0     88      8     88     10    T1015s1TS145-D1.pdb:A  SCOP d1ppya_
  469      0.7656   6.173e-11       3.106     0.000    77    2    2           1    0     88      8     88      6    T1015s1TS145-D1.pdb:A  SCOP d1aaqa_
  470      0.7656    0.004253       3.106     0.000    77    2    2           1    0     88      8     88      5    T1015s1TS145-D1.pdb:A  SCOP d3aida_
  471      0.7656          -0       3.106     0.000    77    2    2           1    0     88      8     88      7    T1015s1TS145-D1.pdb:A  SCOP d1bdqa_
  472      0.7656    0.002269       3.106     0.000    77    2    2           1    0     88      8     88      5    T1015s1TS145-D1.pdb:A  SCOP d1fb7a_
  473      0.7656       1.579       5.894     0.000    77    2    2           1    0     88      8     88      4    T1015s1TS145-D1.pdb:A  SCOP d1vcxa_
  474      0.7656          -0       3.426     0.000    77    2    2           1    0     88      8     88      8    T1015s1TS145-D1.pdb:A  SCOP d1bj3a_
  475      0.7656          -0       3.478     0.000    77    3    4           1    0     88      8     88     13    T1015s1TS145-D1.pdb:A  SCOP d2axpa1
  476      0.7656          -0       2.396     0.000    77    2    2           1    0     88      8     88      7    T1015s1TS145-D1.pdb:A  SCOP d1b4ra_
  477      0.7656          -0       3.937     0.000    77    2    2           1    0     88      8     88     10    T1015s1TS145-D1.pdb:A  SCOP d1ub6a1
  478      0.7656      0.5239        3.24     0.000    77    2    2           1    0     88      8     88      2    T1015s1TS145-D1.pdb:A  SCOP d1ccfa_
  479      0.7656     0.08577       5.667     0.000    77    3    2           1    0     88      8     88      9    T1015s1TS145-D1.pdb:A  SCOP d1uefa_
  480      0.7656          -0  1.798e+308     0.000    77    3    2           1    0     88      8     88     15    T1015s1TS145-D1.pdb:A  SCOP d1a1r.1
  481      0.7656          -0       3.937     0.000    77    2    2           1    0     88      8     88     10    T1015s1TS145-D1.pdb:A  SCOP d1fl3a1
  482      0.7656          -0  1.798e+308     0.000    77    3    2           1    0     88      8     88     15    T1015s1TS145-D1.pdb:A  SCOP d1a1r.1
  483      0.7656    1.52e-08       5.116     0.000    77    2    2           1    0     88      8     88     10    T1015s1TS145-D1.pdb:A  SCOP d1fl3a1
  484      0.7656          -0       4.687     0.000    77    2    2           1    0     88      8     88      7    T1015s1TS145-D1.pdb:A  SCOP d1uf1a_
  485      0.7656    0.001216       2.944     0.000    77    2    2           1    0     88      8     88      5    T1015s1TS145-D1.pdb:A  SCOP d6upja_
  486      0.7656      0.4544       3.457     0.000    77    2    2           1    0     88      8     88      5    T1015s1TS145-D1.pdb:A  SCOP d1hiia_
  487      0.7656       1.258       6.819     0.000    77    3    2           1    0     88      8     88     11    T1015s1TS145-D1.pdb:A  SCOP d1lmka1
  488      0.7656     0.09158       4.711     0.000    77    2    2           1    0     88      8     88     10    T1015s1TS145-D1.pdb:A  SCOP d1ohqa_
  489      0.7656    0.005151       4.206     0.000    77    2    2           1    0     88      8     88     10    T1015s1TS145-D1.pdb:A  SCOP d1ohqa_
  490      0.7656       1.564       4.431     0.000    77    2    2           1    0     88      8     88      2    T1015s1TS145-D1.pdb:A  SCOP d1ff7a_
  491      0.7656       1.564       4.431     0.000    77    2    2           1    0     88      8     88      2    T1015s1TS145-D1.pdb:A  SCOP d1f7ma_
  492      0.7656       1.564       4.431     0.000    77    2    2           1    0     88      8     88      2    T1015s1TS145-D1.pdb:A  SCOP d1ffma_
  493      0.7656       1.564       4.431     0.000    77    2    2           1    0     88      8     88      2    T1015s1TS145-D1.pdb:A  SCOP d1f7ea_
  494      0.7656      0.6265       3.384     0.000    77    2    2           1    0     88      8     88      2    T1015s1TS145-D1.pdb:A  SCOP d1ixaa_
