<html><head></head><body><pre style="word-wrap: break-word; white-space: pre-wrap;"> PDBe Fold v2.59. (src3) 14 Apr 2014 result file.

                   RESULT SUMMARY

   ##      Q-score      P-score     Z-score   RMSD    Nalgn Nsse Ngaps Seq-%     Nmd Nres-Q Nsse-Q Nres-T Nsse-T Query Target
    1      0.8858          -0       3.721     0.000   120    4    2           1    0    128     12    127     19    T1017s2TS322-D1.pdb:A  SCOP d1bgla3
    2      0.8789          -0       3.267     0.000   120    3    3           1    0    128     12    128     10    T1017s2TS322-D1.pdb:A  SCOP d1j7z.1
    3      0.8789          -0       3.267     0.000   120    3    3           1    0    128     12    128     10    T1017s2TS322-D1.pdb:A  SCOP d1j7z.1
    4      0.8789          -0       3.267     0.000   120    3    3           1    0    128     12    128     10    T1017s2TS322-D1.pdb:A  SCOP d1j7z.1
    5      0.8789          -0       3.267     0.000   120    3    3           1    0    128     12    128     10    T1017s2TS322-D1.pdb:A  SCOP d1d5h.1
    6      0.8789          -0       3.267     0.000   120    3    3           1    0    128     12    128     10    T1017s2TS322-D1.pdb:A  SCOP d1d5h.1
    7      0.8789          -0       3.267     0.000   120    3    3           1    0    128     12    128     10    T1017s2TS322-D1.pdb:A  SCOP d1d5h.1
    8      0.8789          -0       3.267     0.000   120    3    3           1    0    128     12    128     10    T1017s2TS322-D1.pdb:A  SCOP d1j82.1
    9      0.8789          -0       3.267     0.000   120    3    3           1    0    128     12    128     10    T1017s2TS322-D1.pdb:A  SCOP d1d5h.1
   10      0.8789          -0       3.267     0.000   120    3    3           1    0    128     12    128      9    T1017s2TS322-D1.pdb:A  SCOP d1d5e.1
   11      0.8789          -0       3.267     0.000   120    3    3           1    0    128     12    128      9    T1017s2TS322-D1.pdb:A  SCOP d1d5e.1
   12      0.8789          -0       3.267     0.000   120    3    3           1    0    128     12    128      9    T1017s2TS322-D1.pdb:A  SCOP d1d5e.1
   13      0.8789          -0       3.267     0.000   120    3    3           1    0    128     12    128     10    T1017s2TS322-D1.pdb:A  SCOP d1cjr.1
   14      0.8789          -0       3.267     0.000   120    3    3           1    0    128     12    128     10    T1017s2TS322-D1.pdb:A  SCOP d1cjr.1
   15      0.8789          -0       3.267     0.000   120    3    3           1    0    128     12    128     10    T1017s2TS322-D1.pdb:A  SCOP d1cjr.1
   16      0.8789          -0       3.267     0.000   120    3    3           1    0    128     12    128     10    T1017s2TS322-D1.pdb:A  SCOP d1cjr.1
   17      0.8789          -0       3.267     0.000   120    3    3           1    0    128     12    128     10    T1017s2TS322-D1.pdb:A  SCOP d1cjr.1
   18      0.8789          -0       3.267     0.000   120    3    3           1    0    128     12    128      9    T1017s2TS322-D1.pdb:A  SCOP d1cjq.1
   19      0.8789          -0       3.267     0.000   120    3    3           1    0    128     12    128      9    T1017s2TS322-D1.pdb:A  SCOP d1cjq.1
   20      0.8789          -0       3.267     0.000   120    3    3           1    0    128     12    128      9    T1017s2TS322-D1.pdb:A  SCOP d1cjq.1
   21      0.8789          -0       3.267     0.000   120    3    3           1    0    128     12    128      9    T1017s2TS322-D1.pdb:A  SCOP d1cjq.1
   22      0.8789          -0       3.267     0.000   120    3    3           1    0    128     12    128      9    T1017s2TS322-D1.pdb:A  SCOP d1j80.1
   23      0.8789          -0       3.267     0.000   120    3    3           1    0    128     12    128      9    T1017s2TS322-D1.pdb:A  SCOP d1j80.1
   24      0.8789          -0       3.267     0.000   120    3    3           1    0    128     12    128      9    T1017s2TS322-D1.pdb:A  SCOP d1j80.1
   25      0.8789          -0       3.267     0.000   120    3    3           1    0    128     12    128      9    T1017s2TS322-D1.pdb:A  SCOP d1j80.1
   26      0.8789          -0       3.267     0.000   120    3    3           1    0    128     12    128      9    T1017s2TS322-D1.pdb:A  SCOP d1d5d.1
   27      0.8789          -0       3.267     0.000   120    3    3           1    0    128     12    128      9    T1017s2TS322-D1.pdb:A  SCOP d1d5d.1
   28      0.8789          -0       3.267     0.000   120    3    3           1    0    128     12    128      9    T1017s2TS322-D1.pdb:A  SCOP d1d5d.1
   29      0.8789          -0       3.267     0.000   120    3    3           1    0    128     12    128     10    T1017s2TS322-D1.pdb:A  SCOP d1j81.1
   30      0.8789          -0       3.267     0.000   120    3    3           1    0    128     12    128     10    T1017s2TS322-D1.pdb:A  SCOP d1j81.1
   31      0.8789          -0       3.267     0.000   120    3    3           1    0    128     12    128     10    T1017s2TS322-D1.pdb:A  SCOP d1j81.1
   32      0.8789          -0       3.267     0.000   120    3    3           1    0    128     12    128     10    T1017s2TS322-D1.pdb:A  SCOP d1j82.1
   33      0.8789   4.822e-17       3.686     0.000   120    3    3           1    0    128     12    128      7    T1017s2TS322-D1.pdb:A  SCOP d1irfa_
   34      0.8789          -0       3.267     0.000   120    3    3           1    0    128     12    128     10    T1017s2TS322-D1.pdb:A  SCOP d1j81.1
   35      0.8789          -0       3.267     0.000   120    3    3           1    0    128     12    128     10    T1017s2TS322-D1.pdb:A  SCOP d1j82.1
   36      0.8789          -0       3.267     0.000   120    3    3           1    0    128     12    128     10    T1017s2TS322-D1.pdb:A  SCOP d1j81.1
   37      0.8613          -0       3.941     0.581   121    3    5      0.9752    0    128     12    128     10    T1017s2TS322-D1.pdb:A  SCOP d3rspa_
   38      0.8605          -0       3.597     0.588   121    3    4      0.9752    0    128     12    128      9    T1017s2TS322-D1.pdb:A  SCOP d1sbka_
   39      0.8499   4.532e-15       3.831     0.000   118    3    2           1    0    128     12    128      8    T1017s2TS322-D1.pdb:A  SCOP d1d7ja_
   40      0.8499   9.435e-10        4.04     0.000   118    3    2           1    0    128     12    128      7    T1017s2TS322-D1.pdb:A  SCOP d1fkfa_
   41      0.8499          -0       3.912     0.000   118    3    2           1    0    128     12    128      8    T1017s2TS322-D1.pdb:A  SCOP d1fkha_
   42      0.8499   4.532e-15       3.831     0.000   118    3    2           1    0    128     12    128      8    T1017s2TS322-D1.pdb:A  SCOP d1d6oa_
   43      0.8499   9.435e-10        4.04     0.000   118    3    2           1    0    128     12    128      7    T1017s2TS322-D1.pdb:A  SCOP d1bkfa_
   44      0.8499   9.435e-10        4.04     0.000   118    3    2           1    0    128     12    128      7    T1017s2TS322-D1.pdb:A  SCOP d1fkja_
   45      0.8499          -0        3.69     0.000   118    3    4           1    0    128     12    128     10    T1017s2TS322-D1.pdb:A  SCOP d1oula_
   46      0.8499          -0        3.69     0.000   118    3    4           1    0    128     12    128     10    T1017s2TS322-D1.pdb:A  SCOP d1twba_
   47      0.8499          -0       4.237     0.000   118    3    4           1    0    128     12    128     10    T1017s2TS322-D1.pdb:A  SCOP d1ou9a_
   48      0.8499          -0        3.69     0.000   118    3    4           1    0    128     12    128     10    T1017s2TS322-D1.pdb:A  SCOP d1ou8a_
   49      0.8499          -0       3.232     0.000   118    3    2           1    0    128     12    128     11    T1017s2TS322-D1.pdb:A  SCOP d1ayoa_
   50      0.8499          -0       5.443     0.000   118    3    2           1    0    128     12    128     12    T1017s2TS322-D1.pdb:A  SCOP d1f3ya_
   51      0.8499          -0       5.144     0.000   118    4    2           1    0    128     12    128     16    T1017s2TS322-D1.pdb:A  SCOP d1qxta_
   52      0.8499     0.05126       4.699     0.000   118    4    3           1    0    128     12    128     13    T1017s2TS322-D1.pdb:A  SCOP d1pboa_
   53      0.8499          -0       3.912     0.000   118    3    2           1    0    128     12    128      7    T1017s2TS322-D1.pdb:A  SCOP d1fkka_
   54      0.8499          -0       3.298     0.000   118    3    2           1    0    128     12    128      8    T1017s2TS322-D1.pdb:A  SCOP d1e57a_
   55      0.8499          -0       4.351     0.000   118    3    2           1    0    128     12    128      8    T1017s2TS322-D1.pdb:A  SCOP d1fkra_
   56      0.8499          -0       4.133     0.000   118    3    2           1    0    128     12    128      8    T1017s2TS322-D1.pdb:A  SCOP d1fkta_
   57      0.8499          -0       4.351     0.000   118    3    2           1    0    128     12    128      7    T1017s2TS322-D1.pdb:A  SCOP d1fksa_
   58      0.8499          -0       3.963     0.000   118    3    3           1    0    128     12    128     15    T1017s2TS322-D1.pdb:A  SCOP d1xsra_
   59      0.8499   6.387e-10       4.029     0.000   118    3    2           1    0    128     12    128      7    T1017s2TS322-D1.pdb:A  SCOP d1qpla_
   60      0.8499          -0       4.133     0.000   118    3    2           1    0    128     12    128      8    T1017s2TS322-D1.pdb:A  SCOP d1fapa_
   61      0.8499          -0       3.912     0.000   118    3    2           1    0    128     12    128      7    T1017s2TS322-D1.pdb:A  SCOP d1a7xa_
   62      0.8499          -0       3.232     0.000   118    3    2           1    0    128     12    128     11    T1017s2TS322-D1.pdb:A  SCOP d1ayoa_
   63      0.8499          -0       2.843     0.000   118    3    2           1    0    128     12    128     11    T1017s2TS322-D1.pdb:A  SCOP d1ayoa_
   64      0.8499          -0       3.949     0.000   118    3    2           1    0    128     12    128     10    T1017s2TS322-D1.pdb:A  SCOP d1bv8a_
   65      0.8499          -0       4.872     0.000   118    3    2           1    0    128     12    128     10    T1017s2TS322-D1.pdb:A  SCOP d1bv8a_
   66      0.8499          -0       3.248     0.000   118    3    2           1    0    128     12    128     11    T1017s2TS322-D1.pdb:A  SCOP d1h0pa_
   67      0.8499          -0       1.468     0.000   118    3    2           1    0    128     12    128     11    T1017s2TS322-D1.pdb:A  SCOP d1h0pa_
   68      0.8499          -0       2.311     0.000   118    3    2           1    0    128     12    128     11    T1017s2TS322-D1.pdb:A  SCOP d1h0pa_
   69      0.8499          -0       4.138     0.000   118    3    2           1    0    128     12    128     11    T1017s2TS322-D1.pdb:A  SCOP d1h0pa_
   70      0.8499          -0       4.138     0.000   118    3    2           1    0    128     12    128     11    T1017s2TS322-D1.pdb:A  SCOP d1h0pa_
   71      0.8355          -0       3.177     0.000   117    4    3           1    0    128     12    128     17    T1017s2TS322-D1.pdb:A  SCOP d1nf8a_
   72      0.8355          -0       3.879     0.000   117    4    3           1    0    128     12    128     16    T1017s2TS322-D1.pdb:A  SCOP d1jc0a_
   73      0.8355          -0       3.879     0.000   117    4    3           1    0    128     12    128     16    T1017s2TS322-D1.pdb:A  SCOP d1jc0a_
   74      0.8355          -0       3.958     0.000   117    3    3           1    0    128     12    128      9    T1017s2TS322-D1.pdb:A  SCOP d1s2ja_
   75      0.8355          -0       3.177     0.000   117    4    3           1    0    128     12    128     17    T1017s2TS322-D1.pdb:A  SCOP d1nf8a_
   76      0.8355          -0       4.649     0.000   117    3    3           1    0    128     12    128     10    T1017s2TS322-D1.pdb:A  SCOP d1gd7a_
   77      0.8355          -0       3.177     0.000   117    4    3           1    0    128     12    128     17    T1017s2TS322-D1.pdb:A  SCOP d1nf8a_
   78      0.8355          -0       3.177     0.000   117    4    3           1    0    128     12    128     17    T1017s2TS322-D1.pdb:A  SCOP d1nf9a_
   79      0.8355          -0       3.177     0.000   117    4    3           1    0    128     12    128     17    T1017s2TS322-D1.pdb:A  SCOP d1nf9a_
   80      0.8355          -0       3.177     0.000   117    4    3           1    0    128     12    128     17    T1017s2TS322-D1.pdb:A  SCOP d1nf9a_
   81      0.8355          -0       3.879     0.000   117    4    3           1    0    128     12    128     16    T1017s2TS322-D1.pdb:A  SCOP d1emaa_
   82      0.8355          -0       3.204     0.000   117    3    4           1    0    128     12    128      8    T1017s2TS322-D1.pdb:A  SCOP d1psua_
   83      0.8323          -0       3.202     0.589   119    3    5      0.9748    0    128     12    128      9    T1017s2TS322-D1.pdb:A  SCOP d1xnea_
   84      0.8314   2.091e-05       4.692     0.597   119    3    4      0.9748    0    128     12    128     10    T1017s2TS322-D1.pdb:A  SCOP d1thqa_
   85      0.8255          -0       2.872     0.000   114    3    1           1    0    128     12    123     12    T1017s2TS322-D1.pdb:A  SCOP d2gova1
   86      0.8213          -0       3.242     0.000   116    3    3           1    0    128     12    128      8    T1017s2TS322-D1.pdb:A  SCOP d1n91a_
   87      0.8213          -0       5.354     0.000   116    3    2           1    0    128     12    128     12    T1017s2TS322-D1.pdb:A  SCOP d1e2ya_
   88      0.8213        1.72       4.935     0.000   116    3    3           1    0    128     12    128      3    T1017s2TS322-D1.pdb:A  SCOP d1sisa_
   89      0.8213          -0       2.862     0.000   116    3    4           1    0    128     12    128     10    T1017s2TS322-D1.pdb:A  SCOP d1ox9a_
   90      0.8213          -0       2.986     0.000   116    3    3           1    0    128     12    128     14    T1017s2TS322-D1.pdb:A  SCOP d1uisa_
   91      0.8213          -0       2.709     0.000   116    3    4           1    0    128     12    128     10    T1017s2TS322-D1.pdb:A  SCOP d1ox8a_
   92      0.8213          -0       3.737     0.000   116    3    3           1    0    128     12    128     14    T1017s2TS322-D1.pdb:A  SCOP d1uisa_
   93      0.8213          -0       2.685     0.000   116    4    3           1    0    128     12    128     14    T1017s2TS322-D1.pdb:A  SCOP d1uisa_
   94      0.8213          -0       3.317     0.000   116    3    3           1    0    128     12    128     14    T1017s2TS322-D1.pdb:A  SCOP d1uisa_
   95      0.8213          -0       2.685     0.000   116    3    3           1    0    128     12    128     14    T1017s2TS322-D1.pdb:A  SCOP d1uisa_
   96      0.8213          -0       2.986     0.000   116    3    3           1    0    128     12    128     14    T1017s2TS322-D1.pdb:A  SCOP d1uisa_
   97      0.8213          -0       4.652     0.000   116    3    4           1    0    128     12    128     13    T1017s2TS322-D1.pdb:A  SCOP d3fuaa_
   98      0.8184          -0       3.395     0.588   118    3    5      0.9746    0    128     12    128     10    T1017s2TS322-D1.pdb:A  SCOP d1ssa.1
   99      0.8184          -0       3.395     0.588   118    3    5      0.9746    0    128     12    128     10    T1017s2TS322-D1.pdb:A  SCOP d1rnza_
  100      0.8184          -0       3.395     0.588   118    3    5      0.9746    0    128     12    128     10    T1017s2TS322-D1.pdb:A  SCOP d1rnxa_
  101      0.8149          -0       4.037     0.000   110    4    3           1    0    128     12    116     16    T1017s2TS322-D1.pdb:A  SCOP d1u9ia1
  102      0.8149          -0       4.037     0.000   110    4    3           1    0    128     12    116     17    T1017s2TS322-D1.pdb:A  SCOP d2gbla1
  103      0.8149          -0       4.037     0.000   110    4    3           1    0    128     12    116     16    T1017s2TS322-D1.pdb:A  SCOP d1tf7a1
  104      0.8128          -0       1.784     0.000   106    3    2           1    0    128     12    108     12    T1017s2TS322-D1.pdb:A  SCOP d1bhga2
  105      0.8072          -0       4.652     0.000   115    3    4           1    0    128     12    128     14    T1017s2TS322-D1.pdb:A  SCOP d4fuaa_
  106      0.8072          -0       4.744     0.000   115    3    3           1    0    128     12    128      7    T1017s2TS322-D1.pdb:A  SCOP d1wmza_
  107      0.8072          -0       2.758     0.000   115    3    5           1    0    128     12    128     13    T1017s2TS322-D1.pdb:A  SCOP d1j3la_
  108      0.8072          -0       3.054     0.000   115    3    3           1    0    128     12    128     12    T1017s2TS322-D1.pdb:A  SCOP d1jhja_
  109      0.8072          -0       3.952     0.000   115    3    3           1    0    128     12    128      9    T1017s2TS322-D1.pdb:A  SCOP d1skoa_
  110      0.8072          -0       3.669     0.000   115    4    3           1    0    128     12    128     16    T1017s2TS322-D1.pdb:A  SCOP d1qxta_
  111      0.8072     0.04274       4.204     0.000   115    3    4           1    0    128     12    128      6    T1017s2TS322-D1.pdb:A  SCOP d1rq8a_
  112      0.8072          -0        2.69     0.000   115    4    3           1    0    128     12    128     17    T1017s2TS322-D1.pdb:A  SCOP d1qyoa_
  113      0.8072          -0       4.676     0.000   115    4    3           1    0    128     12    128     12    T1017s2TS322-D1.pdb:A  SCOP d1cura_
  114      0.8072          -0       2.901     0.000   115    4    3           1    0    128     12    128     16    T1017s2TS322-D1.pdb:A  SCOP d1qy3a_
  115      0.8072          -0       4.269     0.000   115    4    3           1    0    128     12    128     16    T1017s2TS322-D1.pdb:A  SCOP d1qy3a_
  116      0.8043          -0       3.672     0.591   117    3    5      0.9744    0    128     12    128     10    T1017s2TS322-D1.pdb:A  SCOP d8rsaa_
  117      0.8043          -0       3.672     0.591   117    3    5      0.9744    0    128     12    128     10    T1017s2TS322-D1.pdb:A  SCOP d1rbwa_
  118      0.8043          -0         4.6     0.591   117    3    5      0.9744    0    128     12    128     10    T1017s2TS322-D1.pdb:A  SCOP d1xpsa_
  119      0.8043          -0       3.672     0.591   117    3    5      0.9744    0    128     12    128     10    T1017s2TS322-D1.pdb:A  SCOP d1rbxa_
  120      0.8043          -0       3.672     0.591   117    3    5      0.9744    0    128     12    128     10    T1017s2TS322-D1.pdb:A  SCOP d1rbba_
  121      0.8043          -0       3.307     0.591   117    3    5      0.9744    0    128     12    128      9    T1017s2TS322-D1.pdb:A  SCOP d1rraa_
  122      0.8043          -0       3.225     0.591   117    3    5      0.9744    0    128     12    128     10    T1017s2TS322-D1.pdb:A  SCOP d1a5pa_
  123      0.8043          -0       3.672     0.591   117    3    5      0.9744    0    128     12    128     10    T1017s2TS322-D1.pdb:A  SCOP d3rsda_
  124      0.8043          -0       3.672     0.591   117    3    5      0.9744    0    128     12    128     10    T1017s2TS322-D1.pdb:A  SCOP d1rnva_
  125      0.8043          -0       3.225     0.591   117    3    5      0.9744    0    128     12    128     10    T1017s2TS322-D1.pdb:A  SCOP d9rata_
  126      0.8043          -0       3.672     0.591   117    3    5      0.9744    0    128     12    128     10    T1017s2TS322-D1.pdb:A  SCOP d1bela_
  127      0.8043          -0       3.225     0.591   117    3    5      0.9744    0    128     12    128     10    T1017s2TS322-D1.pdb:A  SCOP d1rata_
  128      0.8043          -0       3.225     0.591   117    3    5      0.9744    0    128     12    128     10    T1017s2TS322-D1.pdb:A  SCOP d4rata_
  129      0.8043          -0       3.225     0.591   117    3    5      0.9744    0    128     12    128     10    T1017s2TS322-D1.pdb:A  SCOP d7rata_
  130      0.8043          -0       3.225     0.591   117    3    5      0.9744    0    128     12    128     10    T1017s2TS322-D1.pdb:A  SCOP d6rata_
  131      0.8043          -0       3.225     0.591   117    3    5      0.9744    0    128     12    128     10    T1017s2TS322-D1.pdb:A  SCOP d5rata_
  132      0.8043          -0       3.672     0.591   117    3    5      0.9744    0    128     12    128     10    T1017s2TS322-D1.pdb:A  SCOP d1dy5a_
  133      0.8043          -0       3.225     0.591   117    3    5      0.9744    0    128     12    128     10    T1017s2TS322-D1.pdb:A  SCOP d2rata_
  134      0.8043          -0       3.225     0.591   117    3    5      0.9744    0    128     12    128     10    T1017s2TS322-D1.pdb:A  SCOP d3rata_
  135      0.8043          -0       3.672     0.591   117    3    5      0.9744    0    128     12    128     10    T1017s2TS322-D1.pdb:A  SCOP d7rsaa_
  136      0.8043          -0       3.672     0.591   117    3    5      0.9744    0    128     12    128     10    T1017s2TS322-D1.pdb:A  SCOP d5rsaa_
  137      0.8043          -0       5.066     0.591   117    3    5      0.9744    0    128     12    128     10    T1017s2TS322-D1.pdb:A  SCOP d1eowa_
  138      0.8043          -0       3.225     0.591   117    3    5      0.9744    0    128     12    128     10    T1017s2TS322-D1.pdb:A  SCOP d1rnqa_
  139      0.8043          -0       3.225     0.591   117    3    5      0.9744    0    128     12    128     10    T1017s2TS322-D1.pdb:A  SCOP d4srn.1
  140      0.8043          -0       3.225     0.591   117    3    5      0.9744    0    128     12    128      9    T1017s2TS322-D1.pdb:A  SCOP d1srna_
  141      0.8043          -0       3.672     0.591   117    3    5      0.9744    0    128     12    128     10    T1017s2TS322-D1.pdb:A  SCOP d1ssc.1
  142      0.8043          -0       3.225     0.591   117    3    5      0.9744    0    128     12    128     10    T1017s2TS322-D1.pdb:A  SCOP d1rnya_
  143      0.8043          -0       3.672     0.591   117    3    5      0.9744    0    128     12    128     10    T1017s2TS322-D1.pdb:A  SCOP d6rsaa_
  144      0.8043          -0       3.672     0.591   117    3    5      0.9744    0    128     12    128     10    T1017s2TS322-D1.pdb:A  SCOP d1rhaa_
  145      0.8043          -0         4.6     0.591   117    3    5      0.9744    0    128     12    128     10    T1017s2TS322-D1.pdb:A  SCOP d1xpta_
  146      0.8043          -0       3.225     0.591   117    3    5      0.9744    0    128     12    128     10    T1017s2TS322-D1.pdb:A  SCOP d1rnoa_
  147      0.8043          -0       3.225     0.591   117    3    5      0.9744    0    128     12    128     10    T1017s2TS322-D1.pdb:A  SCOP d1ssb.1
  148      0.8043          -0       3.672     0.591   117    3    5      0.9744    0    128     12    128     10    T1017s2TS322-D1.pdb:A  SCOP d9rsaa_
  149      0.8043          -0       3.225     0.591   117    3    5      0.9744    0    128     12    128     10    T1017s2TS322-D1.pdb:A  SCOP d3srn.1
  150      0.8043          -0       3.672     0.591   117    3    5      0.9744    0    128     12    128     10    T1017s2TS322-D1.pdb:A  SCOP d1lsqa_
  151      0.8043          -0       3.225     0.591   117    3    5      0.9744    0    128     12    128     10    T1017s2TS322-D1.pdb:A  SCOP d1rnwa_
  152      0.8043          -0       3.672     0.591   117    3    5      0.9744    0    128     12    128      9    T1017s2TS322-D1.pdb:A  SCOP d1js0a_
  153      0.8043          -0       3.225     0.591   117    3    5      0.9744    0    128     12    128     10    T1017s2TS322-D1.pdb:A  SCOP d1a5qa_
  154      0.8043          -0       3.672     0.591   117    3    5      0.9744    0    128     12    128     10    T1017s2TS322-D1.pdb:A  SCOP d1rbna_
  155      0.8038          -0       4.183     0.596   117    4    3      0.9744    0    128     12    128      8    T1017s2TS322-D1.pdb:A  SCOP d1jg5a_
  156      0.8034          -0       1.878     0.599   117    3    3      0.9744    0    128     12    128     11    T1017s2TS322-D1.pdb:A  SCOP d1h0pa_
  157      0.8034       0.576       3.792     0.600   117    3    4      0.9744    0    128     12    128      3    T1017s2TS322-D1.pdb:A  SCOP d1n8ma_
  158      0.8031          -0       3.185     0.602   117    3    3      0.9744    0    128     12    128      8    T1017s2TS322-D1.pdb:A  SCOP d1azua_
  159      0.8031          -0       2.593     0.603   117    3    3      0.9744    0    128     12    128     10    T1017s2TS322-D1.pdb:A  SCOP d1edya_
  160      0.8031          -0       2.996     0.603   117    3    3      0.9744    0    128     12    128     10    T1017s2TS322-D1.pdb:A  SCOP d1edya_
  161      0.8002          -0        3.55     0.000   109    4    3           1    0    128     12    116     16    T1017s2TS322-D1.pdb:A  SCOP d1hr9a1
  162      0.7943          -0       4.676     0.604   115    3    4      0.9739    0    128     12    125     11    T1017s2TS322-D1.pdb:A  SCOP d1ks2a1
  163      0.7932          -0       4.872     0.000   114    3    5           1    0    128     12    128     13    T1017s2TS322-D1.pdb:A  SCOP d1g81a_
  164      0.7932          -0       3.134     0.000   114    3    3           1    0    128     12    128     14    T1017s2TS322-D1.pdb:A  SCOP d1tc5a_
  165      0.7932          -0       2.343     0.000   114    3    5           1    0    128     12    128     14    T1017s2TS322-D1.pdb:A  SCOP d1ln3a_
  166      0.7932          -0       3.134     0.000   114    3    3           1    0    128     12    128     14    T1017s2TS322-D1.pdb:A  SCOP d1tc5a_
  167      0.7932          -0       3.134     0.000   114    3    3           1    0    128     12    128     14    T1017s2TS322-D1.pdb:A  SCOP d1tc5a_
  168      0.7932          -0        3.87     0.000   114    3    3           1    0    128     12    128     14    T1017s2TS322-D1.pdb:A  SCOP d1tc5a_
  169      0.7932          -0       4.652     0.000   114    3    4           1    0    128     12    128     15    T1017s2TS322-D1.pdb:A  SCOP d1fuaa_
  170      0.7932          -0       1.885     0.000   114    3    5           1    0    128     12    128     14    T1017s2TS322-D1.pdb:A  SCOP d1ln2a_
  171      0.7932          -0        4.81     0.000   114    3    4           1    0    128     12    128     10    T1017s2TS322-D1.pdb:A  SCOP d1bv8a_
  172      0.7932          -0       3.977     0.000   114    3    4           1    0    128     12    128     10    T1017s2TS322-D1.pdb:A  SCOP d1hi3a_
  173      0.7932          -0       4.872     0.000   114    3    5           1    0    128     12    128     13    T1017s2TS322-D1.pdb:A  SCOP d1jd3a_
  174      0.7932          -0       4.872     0.000   114    3    5           1    0    128     12    128     13    T1017s2TS322-D1.pdb:A  SCOP d1jd3a_
  175      0.7932          -0       4.402     0.000   114    3    3           1    0    128     12    128      8    T1017s2TS322-D1.pdb:A  SCOP d1wmya_
  176      0.7932          -0       4.872     0.000   114    3    5           1    0    128     12    128     13    T1017s2TS322-D1.pdb:A  SCOP d1xlra_
  177      0.7932          -0       4.872     0.000   114    3    5           1    0    128     12    128     13    T1017s2TS322-D1.pdb:A  SCOP d1g81a_
  178      0.7932          -0       4.872     0.000   114    3    5           1    0    128     12    128     13    T1017s2TS322-D1.pdb:A  SCOP d1xlra_
  179      0.7917    3.65e-07       4.649     0.000   113    3    4           1    0    128     12    126     11    T1017s2TS322-D1.pdb:A  SCOP d2fr2a1
  180      0.7917          -0       3.783     0.000   113    3    4           1    0    128     12    126     11    T1017s2TS322-D1.pdb:A  SCOP d2fr2a1
  181      0.7897          -0       2.757     0.600   116    3    5      0.9741    0    128     12    128      9    T1017s2TS322-D1.pdb:A  SCOP d2b6ea1
  182      0.7856          -0        3.55     0.000   108    4    3           1    0    128     12    116     16    T1017s2TS322-D1.pdb:A  SCOP d1hr8a1
  183      0.7856          -0        3.55     0.000   108    4    3           1    0    128     12    116     16    T1017s2TS322-D1.pdb:A  SCOP d1hr6a1
  184      0.7856          -0        3.55     0.000   108    4    3           1    0    128     12    116     16    T1017s2TS322-D1.pdb:A  SCOP d1hr7a1
  185      0.7846          -0        3.35     0.000   107    4    2           1    0    128     12    114     17    T1017s2TS322-D1.pdb:A  SCOP d2bd9a1
  186      0.7846          -0       4.009     0.000   107    3    2           1    0    128     12    114     15    T1017s2TS322-D1.pdb:A  SCOP d2fpza1
  187      0.7846          -0       3.073     0.000   107    3    2           1    0    128     12    114     15    T1017s2TS322-D1.pdb:A  SCOP d1tx7a1
  188      0.7846          -0       4.367     0.000   107    3    2           1    0    128     12    114     15    T1017s2TS322-D1.pdb:A  SCOP d1zr0a1
  189      0.7846          -0        3.35     0.000   107    4    2           1    0    128     12    114     17    T1017s2TS322-D1.pdb:A  SCOP d2bdba1
  190      0.7846          -0        3.35     0.000   107    4    2           1    0    128     12    114     17    T1017s2TS322-D1.pdb:A  SCOP d2bd2a1
  191      0.7846          -0        3.35     0.000   107    4    2           1    0    128     12    114     17    T1017s2TS322-D1.pdb:A  SCOP d2bd8a1
  192      0.7846          -0       3.453     0.000   107    3    2           1    0    128     12    114     13    T1017s2TS322-D1.pdb:A  SCOP d1z01a1
  193      0.7846          -0       4.009     0.000   107    3    2           1    0    128     12    114     15    T1017s2TS322-D1.pdb:A  SCOP d2fs9a1
  194      0.7846          -0       4.009     0.000   107    3    2           1    0    128     12    114     15    T1017s2TS322-D1.pdb:A  SCOP d2fwwa1
  195      0.7846          -0       2.623     0.000   107    3    2           1    0    128     12    114     15    T1017s2TS322-D1.pdb:A  SCOP d2fxra1
  196      0.7846          -0       2.641     0.000   107    3    2           1    0    128     12    114     15    T1017s2TS322-D1.pdb:A  SCOP d2gv6a1
  197      0.7846          -0        3.35     0.000   107    4    2           1    0    128     12    114     17    T1017s2TS322-D1.pdb:A  SCOP d2bd4a1
  198      0.7846          -0       2.623     0.000   107    3    2           1    0    128     12    114     15    T1017s2TS322-D1.pdb:A  SCOP d2fs8a1
  199      0.7846          -0        3.35     0.000   107    4    2           1    0    128     12    114     17    T1017s2TS322-D1.pdb:A  SCOP d2bdca1
  200      0.7846          -0        3.35     0.000   107    4    2           1    0    128     12    114     17    T1017s2TS322-D1.pdb:A  SCOP d2bdaa1
  201      0.7846          -0        3.35     0.000   107    4    2           1    0    128     12    114     17    T1017s2TS322-D1.pdb:A  SCOP d2bd5a1
  202      0.7846          -0        3.35     0.000   107    4    2           1    0    128     12    114     17    T1017s2TS322-D1.pdb:A  SCOP d2bd3a1
  203      0.7846          -0       2.272     0.000   107    3    2           1    0    128     12    114     15    T1017s2TS322-D1.pdb:A  SCOP d1t31a1
  204      0.7846          -0        3.35     0.000   107    4    2           1    0    128     12    114     17    T1017s2TS322-D1.pdb:A  SCOP d2bloa1
  205      0.7846          -0        3.35     0.000   107    4    2           1    0    128     12    114     17    T1017s2TS322-D1.pdb:A  SCOP d2h1ua1
  206      0.7846          -0        3.35     0.000   107    4    2           1    0    128     12    114     17    T1017s2TS322-D1.pdb:A  SCOP d2blqa1
  207      0.7846          -0        3.35     0.000   107    4    2           1    0    128     12    114     17    T1017s2TS322-D1.pdb:A  SCOP d2bd7a1
  208      0.7846          -0        3.35     0.000   107    4    2           1    0    128     12    114     17    T1017s2TS322-D1.pdb:A  SCOP d2bb4a1
  209      0.7794     0.00302       4.799     0.000   113    3    4           1    0    128     12    128      9    T1017s2TS322-D1.pdb:A  SCOP d1f7ta_
  210      0.7794          -0       3.578     0.000   113    3    3           1    0    128     12    128     13    T1017s2TS322-D1.pdb:A  SCOP d1s21a_
  211      0.7794          -0       2.986     0.000   113    3    5           1    0    128     12    128     10    T1017s2TS322-D1.pdb:A  SCOP d3srn.1
  212      0.7794          -0       4.779     0.000   113    3    5           1    0    128     12    128     14    T1017s2TS322-D1.pdb:A  SCOP d1zpda2
  213      0.7794          -0       2.051     0.000   113    4    5           1    0    128     12    128     16    T1017s2TS322-D1.pdb:A  SCOP d1kxja_
  214      0.7766          -0       3.597     0.595   115    3    4      0.9739    0    128     12    128     15    T1017s2TS322-D1.pdb:A  SCOP d1ds9a_
  215      0.7757          -0       2.124     0.604   115    3    4      0.9739    0    128     12    128     14    T1017s2TS322-D1.pdb:A  SCOP d1uisa_
  216      0.7757          -0       2.574     0.604   115    3    4      0.9739    0    128     12    128     14    T1017s2TS322-D1.pdb:A  SCOP d1uisa_
  217      0.7722          -0        6.04     0.000   108    3    2           1    0    128     12    118     11    T1017s2TS322-D1.pdb:A  SCOP d1civa1
  218      0.7722          -0       3.247     0.000   108    3    2           1    0    128     12    118     14    T1017s2TS322-D1.pdb:A  SCOP d2afja1
  219      0.7722          -0       3.051     0.000   108    3    2           1    0    128     12    118     14    T1017s2TS322-D1.pdb:A  SCOP d2afja1
  220      0.7722          -0        6.04     0.000   108    3    2           1    0    128     12    118     11    T1017s2TS322-D1.pdb:A  SCOP d1civa1
  221      0.7656          -0       4.531     0.000   112    5    3           1    0    128     12    128     20    T1017s2TS322-D1.pdb:A  SCOP d1bh3a_
  222      0.7656          -0       4.531     0.000   112    5    3           1    0    128     12    128     20    T1017s2TS322-D1.pdb:A  SCOP d8prna_
  223      0.7656          -0        3.05     0.000   112    3    3           1    0    128     12    128     12    T1017s2TS322-D1.pdb:A  SCOP d1r8na_
  224      0.7656          -0       3.341     0.000   112    3    3           1    0    128     12    128     15    T1017s2TS322-D1.pdb:A  SCOP d1klta_
  225      0.7656          -0           2     0.000   112    3    3           1    0    128     12    128     13    T1017s2TS322-D1.pdb:A  SCOP d1avua_
  226      0.7656          -0       3.051     0.000   112    3    3           1    0    128     12    128     15    T1017s2TS322-D1.pdb:A  SCOP d1emka_
  227      0.7656          -0           2     0.000   112    3    3           1    0    128     12    128     12    T1017s2TS322-D1.pdb:A  SCOP d1r8na_
  228      0.7656          -0       3.051     0.000   112    3    3           1    0    128     12    128     15    T1017s2TS322-D1.pdb:A  SCOP d1emka_
  229      0.7656          -0       3.669     0.000   112    3    3           1    0    128     12    128     13    T1017s2TS322-D1.pdb:A  SCOP d1avua_
  230      0.7656          -0       4.531     0.000   112    5    3           1    0    128     12    128     20    T1017s2TS322-D1.pdb:A  SCOP d7prna_
  231      0.7656          -0      0.6857     0.000   112    3    3           1    0    128     12    128     15    T1017s2TS322-D1.pdb:A  SCOP d1tlya_
  232      0.7656          -0       2.121     0.000   112    4    4           1    0    128     12    128     13    T1017s2TS322-D1.pdb:A  SCOP d1q98a_
  233      0.7656          -0       3.669     0.000   112    3    3           1    0    128     12    128     13    T1017s2TS322-D1.pdb:A  SCOP d1ba7a_
  234      0.7656          -0       4.195     0.000   112    3    3           1    0    128     12    128     15    T1017s2TS322-D1.pdb:A  SCOP d1p2na_
  235      0.7656          -0      0.6857     0.000   112    3    3           1    0    128     12    128     15    T1017s2TS322-D1.pdb:A  SCOP d1tlya_
  236      0.7656          -0       3.073     0.000   112    3    3           1    0    128     12    128     15    T1017s2TS322-D1.pdb:A  SCOP d1tnja_
  237      0.7656          -0       3.051     0.000   112    3    3           1    0    128     12    128     15    T1017s2TS322-D1.pdb:A  SCOP d1emka_
  238      0.7656          -0       3.073     0.000   112    3    3           1    0    128     12    128     11    T1017s2TS322-D1.pdb:A  SCOP d1kgya_
  239      0.7656          -0      0.6857     0.000   112    3    3           1    0    128     12    128     13    T1017s2TS322-D1.pdb:A  SCOP d1tlwa_
  240      0.7656          -0        4.72     0.000   112    3    3           1    0    128     12    128     12    T1017s2TS322-D1.pdb:A  SCOP d2a2ua_
  241      0.7656          -0  1.798e+308     0.000   112    3    3           1    0    128     12    128     13    T1017s2TS322-D1.pdb:A  SCOP d1wc5a_
  242      0.7656          -0       3.669     0.000   112    3    3           1    0    128     12    128     15    T1017s2TS322-D1.pdb:A  SCOP d1rmoa_
  243      0.7656          -0       3.669     0.000   112    3    3           1    0    128     12    128     15    T1017s2TS322-D1.pdb:A  SCOP d1rmoa_
  244      0.7656          -0       3.669     0.000   112    3    3           1    0    128     12    128     15    T1017s2TS322-D1.pdb:A  SCOP d1rmoa_
  245      0.7656          -0       3.669     0.000   112    4    3           1    0    128     12    128     16    T1017s2TS322-D1.pdb:A  SCOP d1emba_
  246      0.7656          -0       4.531     0.000   112    5    3           1    0    128     12    128     20    T1017s2TS322-D1.pdb:A  SCOP d5prna_
  247      0.7656    5.25e-08       5.406     0.000   112    4    3           1    0    128     12    128     12    T1017s2TS322-D1.pdb:A  SCOP d2a2ga_
  248      0.7656          -0       3.669     0.000   112    4    3           1    0    128     12    128     16    T1017s2TS322-D1.pdb:A  SCOP d1f09a_
  249      0.7656          -0       3.669     0.000   112    4    3           1    0    128     12    128     16    T1017s2TS322-D1.pdb:A  SCOP d1bfpa_
  250      0.7656          -0       3.073     0.000   112    3    3           1    0    128     12    128     15    T1017s2TS322-D1.pdb:A  SCOP d1f0ua_
  251      0.7656          -0       3.669     0.000   112    3    3           1    0    128     12    128     12    T1017s2TS322-D1.pdb:A  SCOP d1r8o.1
  252      0.7656          -0       3.073     0.000   112    3    3           1    0    128     12    128     15    T1017s2TS322-D1.pdb:A  SCOP d1xuka_
  253      0.7656          -0       5.033     0.000   112    3    3           1    0    128     12    128     11    T1017s2TS322-D1.pdb:A  SCOP d1dzpa_
  254      0.7656          -0       4.195     0.000   112    3    3           1    0    128     12    128     15    T1017s2TS322-D1.pdb:A  SCOP d1maya_
  255      0.7656          -0       4.531     0.000   112    5    3           1    0    128     12    128     20    T1017s2TS322-D1.pdb:A  SCOP d6prna_
  256      0.7656          -0  1.798e+308     0.000   112    3    3           1    0    128     12    128     12    T1017s2TS322-D1.pdb:A  SCOP d1dy0a_
  257      0.7656          -0       3.073     0.000   112    3    3           1    0    128     12    128     15    T1017s2TS322-D1.pdb:A  SCOP d1btza_
  258      0.7656          -0       4.531     0.000   112    5    3           1    0    128     12    128     20    T1017s2TS322-D1.pdb:A  SCOP d2prna_
  259      0.7656          -0       3.073     0.000   112    3    3           1    0    128     12    128     15    T1017s2TS322-D1.pdb:A  SCOP d1tnga_
  260      0.7656          -0       3.073     0.000   112    3    3           1    0    128     12    128     15    T1017s2TS322-D1.pdb:A  SCOP d1jrsa_
  261      0.7656          -0       3.588     0.000   112    3    3           1    0    128     12    128     11    T1017s2TS322-D1.pdb:A  SCOP d1xsqa_
  262      0.7656          -0       2.623     0.000   112    3    3           1    0    128     12    128     13    T1017s2TS322-D1.pdb:A  SCOP d1thja_
  263      0.7656          -0       3.343     0.000   112    3    3           1    0    128     12    128     12    T1017s2TS322-D1.pdb:A  SCOP d1wbaa_
  264      0.7656          -0        3.42     0.000   112    3    3           1    0    128     12    128      8    T1017s2TS322-D1.pdb:A  SCOP d1wfma_
  265      0.7656          -0        3.35     0.000   112    4    3           1    0    128     12    128     17    T1017s2TS322-D1.pdb:A  SCOP d1qnja_
  266      0.7656          -0        3.35     0.000   112    4    3           1    0    128     12    128     17    T1017s2TS322-D1.pdb:A  SCOP d1btua_
  267      0.7656          -0       3.669     0.000   112    4    3           1    0    128     12    128     16    T1017s2TS322-D1.pdb:A  SCOP d1jbya_
  268      0.7656          -0       4.009     0.000   112    3    3           1    0    128     12    128     12    T1017s2TS322-D1.pdb:A  SCOP d1wbaa_
  269      0.7656          -0       3.073     0.000   112    3    3           1    0    128     12    128     15    T1017s2TS322-D1.pdb:A  SCOP d1tnka_
  270      0.7656          -0       3.669     0.000   112    4    3           1    0    128     12    128     16    T1017s2TS322-D1.pdb:A  SCOP d1huya_
  271      0.7656          -0       3.669     0.000   112    4    3           1    0    128     12    128     16    T1017s2TS322-D1.pdb:A  SCOP d1c4fa_
  272      0.7656          -0       2.972     0.000   112    3    3           1    0    128     12    128     10    T1017s2TS322-D1.pdb:A  SCOP d1g6ga_
  273      0.7656          -0        3.35     0.000   112    4    3           1    0    128     12    128     17    T1017s2TS322-D1.pdb:A  SCOP d1mcva_
  274      0.7656          -0       4.016     0.000   112    4    3           1    0    128     12    128     16    T1017s2TS322-D1.pdb:A  SCOP d1qyqa_
  275      0.7656   7.989e-14       4.411     0.000   112    4    3           1    0    128     12    128     10    T1017s2TS322-D1.pdb:A  SCOP d1hqpa_
  276      0.7656    0.002659        4.66     0.000   112    4    3           1    0    128     12    128     12    T1017s2TS322-D1.pdb:A  SCOP d1g85a_
  277      0.7656          -0       2.623     0.000   112    3    3           1    0    128     12    128     15    T1017s2TS322-D1.pdb:A  SCOP d1enqa_
  278      0.7656          -0  1.798e+308     0.000   112    5    3           1    0    128     12    128     23    T1017s2TS322-D1.pdb:A  SCOP d1npea_
  279      0.7656          -0      0.6857     0.000   112    3    3           1    0    128     12    128     13    T1017s2TS322-D1.pdb:A  SCOP d1tlwa_
  280      0.7656          -0       3.669     0.000   112    4    3           1    0    128     12    128     16    T1017s2TS322-D1.pdb:A  SCOP d1gfla_
  281      0.7656          -0       3.341     0.000   112    3    3           1    0    128     12    128     15    T1017s2TS322-D1.pdb:A  SCOP d1klta_
  282      0.7656          -0       2.623     0.000   112    3    3           1    0    128     12    128     15    T1017s2TS322-D1.pdb:A  SCOP d1l2ea_
  283      0.7656          -0  1.798e+308     0.000   112    3    3           1    0    128     12    128     15    T1017s2TS322-D1.pdb:A  SCOP d1h4wa_
  284      0.7656          -0       5.713     0.000   112    3    3           1    0    128     12    128     14    T1017s2TS322-D1.pdb:A  SCOP d2xata_
  285      0.7656          -0       3.073     0.000   112    3    3           1    0    128     12    128     11    T1017s2TS322-D1.pdb:A  SCOP d1kgya_
  286      0.7656          -0       3.073     0.000   112    3    3           1    0    128     12    128     11    T1017s2TS322-D1.pdb:A  SCOP d1kgya_
  287      0.7656          -0      0.6857     0.000   112    3    3           1    0    128     12    128     13    T1017s2TS322-D1.pdb:A  SCOP d1tlza_
  288      0.7656          -0      0.6857     0.000   112    3    3           1    0    128     12    128     13    T1017s2TS322-D1.pdb:A  SCOP d1tlza_
  289      0.7656          -0        3.24     0.000   112    3    3           1    0    128     12    128     15    T1017s2TS322-D1.pdb:A  SCOP d1apna_
  290      0.7656          -0       4.195     0.000   112    3    3           1    0    128     12    128     15    T1017s2TS322-D1.pdb:A  SCOP d1rxpa_
  291      0.7656          -0        3.24     0.000   112    3    3           1    0    128     12    128     15    T1017s2TS322-D1.pdb:A  SCOP d2emda_
  292      0.7656          -0        3.24     0.000   112    4    3           1    0    128     12    128     15    T1017s2TS322-D1.pdb:A  SCOP d2emda_
  293      0.7656          -0        3.32     0.000   112    4    3           1    0    128     12    128     15    T1017s2TS322-D1.pdb:A  SCOP d1emea_
  294      0.7656          -0        3.32     0.000   112    3    3           1    0    128     12    128     15    T1017s2TS322-D1.pdb:A  SCOP d1emea_
  295      0.7656          -0       4.195     0.000   112    3    3           1    0    128     12    128     15    T1017s2TS322-D1.pdb:A  SCOP d1bjua_
  296      0.7656          -0        3.24     0.000   112    4    3           1    0    128     12    128     16    T1017s2TS322-D1.pdb:A  SCOP d1b9ca_
  297      0.7656          -0       2.623     0.000   112    3    3           1    0    128     12    128     15    T1017s2TS322-D1.pdb:A  SCOP d1lo6a_
  298      0.7656          -0  1.798e+308     0.000   112    4    3           1    0    128     12    128     12    T1017s2TS322-D1.pdb:A  SCOP d1aw8.1
  299      0.7656          -0       1.225     0.000   112    5    3           1    0    128     12    128     16    T1017s2TS322-D1.pdb:A  SCOP d1qd5a_
  300      0.7656          -0       3.051     0.000   112    3    3           1    0    128     12    128     15    T1017s2TS322-D1.pdb:A  SCOP d1emla_
  301      0.7656          -0       1.125     0.000   112    5    3           1    0    128     12    128     16    T1017s2TS322-D1.pdb:A  SCOP d1qd5a_
  302      0.7656          -0       1.125     0.000   112    5    3           1    0    128     12    128     16    T1017s2TS322-D1.pdb:A  SCOP d1ilza_
  303      0.7656          -0       1.125     0.000   112    6    3           1    0    128     12    128     16    T1017s2TS322-D1.pdb:A  SCOP d1fw2a_
  304      0.7656          -0       1.125     0.000   112    5    3           1    0    128     12    128     16    T1017s2TS322-D1.pdb:A  SCOP d1ilda_
  305      0.7656          -0       1.125     0.000   112    5    3           1    0    128     12    128     16    T1017s2TS322-D1.pdb:A  SCOP d1fw3a_
  306      0.7656          -0       1.125     0.000   112    5    3           1    0    128     12    128     17    T1017s2TS322-D1.pdb:A  SCOP d1im0a_
  307      0.7656          -0        3.35     0.000   112    4    3           1    0    128     12    128     17    T1017s2TS322-D1.pdb:A  SCOP d1lvya_
  308      0.7656          -0       3.073     0.000   112    3    3           1    0    128     12    128     15    T1017s2TS322-D1.pdb:A  SCOP d1az8a_
  309      0.7656          -0       3.051     0.000   112    4    3           1    0    128     12    128     15    T1017s2TS322-D1.pdb:A  SCOP d1emla_
  310      0.7656          -0  1.798e+308     0.000   112    3    3           1    0    128     12    128     10    T1017s2TS322-D1.pdb:A  SCOP d1lt0a_
  311      0.7656          -0       3.073     0.000   112    3    3           1    0    128     12    128     15    T1017s2TS322-D1.pdb:A  SCOP d1oxga_
  312      0.7656          -0  1.798e+308     0.000   112    3    3           1    0    128     12    128     10    T1017s2TS322-D1.pdb:A  SCOP d1dp8a_
  313      0.7656          -0  1.798e+308     0.000   112    3    3           1    0    128     12    128     10    T1017s2TS322-D1.pdb:A  SCOP d1dp9a_
  314      0.7656          -0  1.798e+308     0.000   112    3    3           1    0    128     12    128     10    T1017s2TS322-D1.pdb:A  SCOP d1lsva_
  315      0.7656          -0  1.798e+308     0.000   112    3    3           1    0    128     12    128     10    T1017s2TS322-D1.pdb:A  SCOP d1y28a_
  316      0.7656    0.002659        4.66     0.000   112    4    3           1    0    128     12    128     12    T1017s2TS322-D1.pdb:A  SCOP d1gt3a_
  317      0.7656          -0       4.195     0.000   112    3    3           1    0    128     12    128     15    T1017s2TS322-D1.pdb:A  SCOP d1maxa_
  318      0.7656          -0       3.073     0.000   112    5    3           1    0    128     12    128     25    T1017s2TS322-D1.pdb:A  SCOP d1so0a_
  319      0.7656    0.002659        4.66     0.000   112    4    3           1    0    128     12    128     12    T1017s2TS322-D1.pdb:A  SCOP d1gt5a_
  320      0.7656          -0        3.35     0.000   112    4    3           1    0    128     12    128     17    T1017s2TS322-D1.pdb:A  SCOP d1qgfa_
  321      0.7656          -0  1.798e+308     0.000   112    3    3           1    0    128     12    128     15    T1017s2TS322-D1.pdb:A  SCOP d1hq6.1
  322      0.7656          -0       2.623     0.000   112    3    3           1    0    128     12    128     15    T1017s2TS322-D1.pdb:A  SCOP d1eq9a_
  323      0.7656          -0       4.195     0.000   112    3    3           1    0    128     12    128     15    T1017s2TS322-D1.pdb:A  SCOP d1c2ia_
  324      0.7656          -0  1.798e+308     0.000   112    4    3           1    0    128     12    128     15    T1017s2TS322-D1.pdb:A  SCOP d1h4wa_
  325      0.7656          -0       3.073     0.000   112    5    3           1    0    128     12    128     25    T1017s2TS322-D1.pdb:A  SCOP d1so0a_
  326      0.7656          -0       3.051     0.000   112    4    3           1    0    128     12    128     16    T1017s2TS322-D1.pdb:A  SCOP d2emna_
  327      0.7656          -0       4.195     0.000   112    3    3           1    0    128     12    128     15    T1017s2TS322-D1.pdb:A  SCOP d1k1na_
  328      0.7656          -0        3.24     0.000   112    3    3           1    0    128     12    128     15    T1017s2TS322-D1.pdb:A  SCOP d1emfa_
  329      0.7656          -0        3.24     0.000   112    4    3           1    0    128     12    128     15    T1017s2TS322-D1.pdb:A  SCOP d1emfa_
  330      0.7656          -0  1.798e+308     0.000   112    3    3           1    0    128     12    128     12    T1017s2TS322-D1.pdb:A  SCOP d1xhka_
  331      0.7656          -0        3.24     0.000   112    3    3           1    0    128     12    128     15    T1017s2TS322-D1.pdb:A  SCOP d1dq2a_
  332      0.7656          -0       3.669     0.000   112    4    3           1    0    128     12    128     16    T1017s2TS322-D1.pdb:A  SCOP d1f0ba_
  333      0.7656    0.002659        4.66     0.000   112    4    3           1    0    128     12    128     12    T1017s2TS322-D1.pdb:A  SCOP d1gt4a_
  334      0.7656          -0  1.798e+308     0.000   112    3    3           1    0    128     12    128     15    T1017s2TS322-D1.pdb:A  SCOP d1f38a_
  335      0.7656          -0       5.024     0.000   112    4    3           1    0    128     12    128     12    T1017s2TS322-D1.pdb:A  SCOP d1jv4a_
  336      0.7656          -0       3.073     0.000   112    3    3           1    0    128     12    128     14    T1017s2TS322-D1.pdb:A  SCOP d1kdq.1
  337      0.7656          -0       3.073     0.000   112    3    3           1    0    128     12    128     15    T1017s2TS322-D1.pdb:A  SCOP d1j16a_
  338      0.7656          -0       4.195     0.000   112    3    3           1    0    128     12    128     15    T1017s2TS322-D1.pdb:A  SCOP d1p2oa_
  339      0.7656          -0  1.798e+308     0.000   112    4    3           1    0    128     12    128     15    T1017s2TS322-D1.pdb:A  SCOP d1l4da_
  340      0.7656          -0       2.272     0.000   112    4    3           1    0    128     12    128     15    T1017s2TS322-D1.pdb:A  SCOP d1qb1a_
  341      0.7656          -0        3.35     0.000   112    4    3           1    0    128     12    128     17    T1017s2TS322-D1.pdb:A  SCOP d1esta_
  342      0.7656          -0  1.798e+308     0.000   112    4    3           1    0    128     12    128     14    T1017s2TS322-D1.pdb:A  SCOP d1l4za_
  343      0.7656          -0       4.531     0.000   112    5    3           1    0    128     12    128     20    T1017s2TS322-D1.pdb:A  SCOP d1prna_
  344      0.7656          -0  1.798e+308     0.000   112    3    3           1    0    128     12    128     13    T1017s2TS322-D1.pdb:A  SCOP d1wc5a_
  345      0.7656          -0  1.798e+308     0.000   112    3    3           1    0    128     12    128     13    T1017s2TS322-D1.pdb:A  SCOP d1wc5a_
  346      0.7656          -0       3.669     0.000   112    3    3           1    0    128     12    128     15    T1017s2TS322-D1.pdb:A  SCOP d1rmma_
  347      0.7656          -0  1.798e+308     0.000   112    4    3           1    0    128     12    128     14    T1017s2TS322-D1.pdb:A  SCOP d1l4za_
  348      0.7656          -0       4.178     0.000   112    3    4           1    0    128     12    128     14    T1017s2TS322-D1.pdb:A  SCOP d2gdoa1
  349      0.7656          -0       4.146     0.000   112    3    3           1    0    128     12    128     10    T1017s2TS322-D1.pdb:A  SCOP d1do5a_
  350      0.7656          -0       5.282     0.000   112    3    3           1    0    128     12    128     10    T1017s2TS322-D1.pdb:A  SCOP d1do5a_
  351      0.7656          -0       3.073     0.000   112    3    3           1    0    128     12    128     15    T1017s2TS322-D1.pdb:A  SCOP d1tawa_
  352      0.7656          -0  1.798e+308     0.000   112    3    3           1    0    128     12    128     13    T1017s2TS322-D1.pdb:A  SCOP d1wc5a_
  353      0.7656          -0  1.798e+308     0.000   112    3    3           1    0    128     12    128     13    T1017s2TS322-D1.pdb:A  SCOP d1wc5a_
  354      0.7656          -0       3.073     0.000   112    3    3           1    0    128     12    128     15    T1017s2TS322-D1.pdb:A  SCOP d1gcda_
  355      0.7656          -0       4.836     0.000   112    3    3           1    0    128     12    128     11    T1017s2TS322-D1.pdb:A  SCOP d1js9a_
  356      0.7656          -0  1.798e+308     0.000   112    3    3           1    0    128     12    128     13    T1017s2TS322-D1.pdb:A  SCOP d1wc5a_
  357      0.7656          -0       3.343     0.000   112    3    3           1    0    128     12    128     12    T1017s2TS322-D1.pdb:A  SCOP d1r8o.1
  358      0.7656          -0  1.798e+308     0.000   112    3    3           1    0    128     12    128     10    T1017s2TS322-D1.pdb:A  SCOP d1drma_
  359      0.7656          -0       4.009     0.000   112    3    3           1    0    128     12    128     14    T1017s2TS322-D1.pdb:A  SCOP d1b0fa_
  360      0.7656          -0       5.033     0.000   112    3    3           1    0    128     12    128     11    T1017s2TS322-D1.pdb:A  SCOP d1dzka_
  361      0.7656          -0       3.669     0.000   112    3    3           1    0    128     12    128     15    T1017s2TS322-D1.pdb:A  SCOP d1rmma_
  362      0.7656          -0  1.798e+308     0.000   112    3    3           1    0    128     12    128     10    T1017s2TS322-D1.pdb:A  SCOP d1dp6a_
  363      0.7656   4.551e-06       5.193     0.000   112    3    3           1    0    128     12    128      6    T1017s2TS322-D1.pdb:A  SCOP d1id2a_
  364      0.7656          -0       4.016     0.000   112    4    3           1    0    128     12    128     16    T1017s2TS322-D1.pdb:A  SCOP d1mywa_
  365      0.7656    0.002659        4.66     0.000   112    4    3           1    0    128     12    128     12    T1017s2TS322-D1.pdb:A  SCOP d1gt1a_
  366      0.7656          -0  1.798e+308     0.000   112    3    3           1    0    128     12    128     13    T1017s2TS322-D1.pdb:A  SCOP d1wc5a_
  367      0.7656          -0  1.798e+308     0.000   112    3    3           1    0    128     12    128     10    T1017s2TS322-D1.pdb:A  SCOP d1lswa_
  368      0.7656          -0       3.051     0.000   112    3    3           1    0    128     12    128     15    T1017s2TS322-D1.pdb:A  SCOP d1emma_
  369      0.7656      0.0448       6.055     0.000   112    3    3           1    0    128     12    128      6    T1017s2TS322-D1.pdb:A  SCOP d1id2a_
  370      0.7656          -0       3.051     0.000   112    4    3           1    0    128     12    128     15    T1017s2TS322-D1.pdb:A  SCOP d1emma_
  371      0.7656    0.003324       4.783     0.000   112    3    3           1    0    128     12    128      5    T1017s2TS322-D1.pdb:A  SCOP d1mdaa_
  372      0.7656          -0       4.187     0.000   112    3    3           1    0    128     12    128      6    T1017s2TS322-D1.pdb:A  SCOP d1aaja_
  373      0.7656          -0       3.073     0.000   112    3    3           1    0    128     12    128     15    T1017s2TS322-D1.pdb:A  SCOP d1hj8a_
  374      0.7656          -0       3.669     0.000   112    3    3           1    0    128     12    128     15    T1017s2TS322-D1.pdb:A  SCOP d1rmma_
  375      0.7656          -0       4.531     0.000   112    5    3           1    0    128     12    128     20    T1017s2TS322-D1.pdb:A  SCOP d3prna_
  376      0.7656          -0  1.798e+308     0.000   112    3    3           1    0    128     12    128     13    T1017s2TS322-D1.pdb:A  SCOP d1wc5a_
  377      0.7656   3.038e-15       3.708     0.000   112    3    3           1    0    128     12    128     15    T1017s2TS322-D1.pdb:A  SCOP d1h6ra_
  378      0.7656          -0  1.798e+308     0.000   112    3    3           1    0    128     12    128     10    T1017s2TS322-D1.pdb:A  SCOP d1s9pa_
  379      0.7656          -0       3.073     0.000   112    4    3           1    0    128     12    128     15    T1017s2TS322-D1.pdb:A  SCOP d1ept.1
  380      0.7656          -0  1.798e+308     0.000   112    4    3           1    0    128     12    128     19    T1017s2TS322-D1.pdb:A  SCOP d1o4ya_
  381      0.7656          -0       2.272     0.000   112    3    3           1    0    128     12    128     15    T1017s2TS322-D1.pdb:A  SCOP d1pjpa_
  382      0.7656          -0       3.669     0.000   112    4    3           1    0    128     12    128     14    T1017s2TS322-D1.pdb:A  SCOP d1rmpa_
  383      0.7656          -0       3.051     0.000   112    3    3           1    0    128     12    128     14    T1017s2TS322-D1.pdb:A  SCOP d1gpra_
  384      0.7656          -0       3.958     0.000   112    4    3           1    0    128     12    128     14    T1017s2TS322-D1.pdb:A  SCOP d1gpra_
  385      0.7656          -0        3.35     0.000   112    4    3           1    0    128     12    128     17    T1017s2TS322-D1.pdb:A  SCOP d1jima_
  386      0.7656          -0        5.83     0.000   112    3    3           1    0    128     12    128     13    T1017s2TS322-D1.pdb:A  SCOP d1b8ea_
  387      0.7656          -0       4.541     0.000   112    3    3           1    0    128     12    128     11    T1017s2TS322-D1.pdb:A  SCOP d1a3ya_
  388      0.7656          -0       4.357     0.000   112    4    3           1    0    128     12    128     11    T1017s2TS322-D1.pdb:A  SCOP d1e00a_
  389      0.7656          -0       3.669     0.000   112    3    3           1    0    128     12    128     14    T1017s2TS322-D1.pdb:A  SCOP d1rmpa_
  390      0.7656          -0  1.798e+308     0.000   112    3    3           1    0    128     12    128     14    T1017s2TS322-D1.pdb:A  SCOP d1i7ga_
  391      0.7656          -0       3.815     0.000   112    3    3           1    0    128     12    128     15    T1017s2TS322-D1.pdb:A  SCOP d2enga_
  392      0.7656          -0       3.073     0.000   112    3    3           1    0    128     12    128     15    T1017s2TS322-D1.pdb:A  SCOP d1o3ha_
  393      0.7656          -0         3.7     0.000   112    4    3           1    0    128     12    128     15    T1017s2TS322-D1.pdb:A  SCOP d1h6ra_
  394      0.7656          -0       3.866     0.000   112    3    3           1    0    128     12    128     10    T1017s2TS322-D1.pdb:A  SCOP d2araa_
  395      0.7656          -0       1.678     0.000   112    3    3           1    0    128     12    128     12    T1017s2TS322-D1.pdb:A  SCOP d1k0sa_
  396      0.7656          -0       3.343     0.000   112    3    5           1    0    128     12    128     11    T1017s2TS322-D1.pdb:A  SCOP d1jkna_
  397      0.7656          -0       5.033     0.000   112    3    3           1    0    128     12    128     11    T1017s2TS322-D1.pdb:A  SCOP d1e06a_
  398      0.7656          -0       4.248     0.000   112    4    3           1    0    128     12    128     11    T1017s2TS322-D1.pdb:A  SCOP d1o4ta_
  399      0.7656          -0       3.669     0.000   112    4    3           1    0    128     12    128     16    T1017s2TS322-D1.pdb:A  SCOP d1q4ca_
  400      0.7656          -0       3.073     0.000   112    3    3           1    0    128     12    128     15    T1017s2TS322-D1.pdb:A  SCOP d1n6ya_
  401      0.7656          -0       3.669     0.000   112    4    3           1    0    128     12    128     16    T1017s2TS322-D1.pdb:A  SCOP d1q4ba_
  402      0.7656          -0       3.073     0.000   112    3    3           1    0    128     12    128     15    T1017s2TS322-D1.pdb:A  SCOP d1avxa_
  403      0.7656          -0       3.669     0.000   112    4    3           1    0    128     12    128     15    T1017s2TS322-D1.pdb:A  SCOP d1rm9a_
  404      0.7656          -0        3.35     0.000   112    4    3           1    0    128     12    128     17    T1017s2TS322-D1.pdb:A  SCOP d1b0ea_
  405      0.7656          -0        1.75     0.000   112    3    3           1    0    128     12    128     13    T1017s2TS322-D1.pdb:A  SCOP d1euja_
  406      0.7656          -0       3.644     0.000   112    3    3           1    0    128     12    128     11    T1017s2TS322-D1.pdb:A  SCOP d1q8ma_
  407      0.7656          -0       3.669     0.000   112    4    3           1    0    128     12    128     16    T1017s2TS322-D1.pdb:A  SCOP d1s6za_
  408      0.7656          -0       4.187     0.000   112    3    3           1    0    128     12    128      8    T1017s2TS322-D1.pdb:A  SCOP d1qtta_
  409      0.7656          -0       3.866     0.000   112    3    3           1    0    128     12    128      8    T1017s2TS322-D1.pdb:A  SCOP d1qtta_
  410      0.7656          -0       3.669     0.000   112    3    3           1    0    128     12    128     15    T1017s2TS322-D1.pdb:A  SCOP d1rm9a_
  411      0.7656          -0       4.195     0.000   112    3    3           1    0    128     12    128     15    T1017s2TS322-D1.pdb:A  SCOP d1tppa_
  412      0.7656          -0        3.35     0.000   112    4    3           1    0    128     12    128     17    T1017s2TS322-D1.pdb:A  SCOP d1inca_
  413      0.7656   9.313e-10       5.417     0.000   112    3    3           1    0    128     12    128      9    T1017s2TS322-D1.pdb:A  SCOP d1qtua_
  414      0.7656          -0       2.623     0.000   112    3    3           1    0    128     12    128     15    T1017s2TS322-D1.pdb:A  SCOP d1eawa_
  415      0.7656          -0        3.35     0.000   112    4    3           1    0    128     12    128     17    T1017s2TS322-D1.pdb:A  SCOP d1c1ma_
  416      0.7656          -0       3.205     0.000   112    3    3           1    0    128     12    128     10    T1017s2TS322-D1.pdb:A  SCOP d1guia_
  417      0.7656          -0       3.669     0.000   112    4    3           1    0    128     12    128     16    T1017s2TS322-D1.pdb:A  SCOP d1oxea_
  418      0.7656          -0        3.35     0.000   112    4    3           1    0    128     12    128     17    T1017s2TS322-D1.pdb:A  SCOP d1eaia_
  419      0.7656          -0       3.147     0.000   112    3    3           1    0    128     12    128     11    T1017s2TS322-D1.pdb:A  SCOP d1ayoa_
  420      0.7656          -0       3.532     0.000   112    3    3           1    0    128     12    128     11    T1017s2TS322-D1.pdb:A  SCOP d1ayoa_
  421      0.7656          -0       3.755     0.000   112    3    3           1    0    128     12    128     11    T1017s2TS322-D1.pdb:A  SCOP d1pwaa_
  422      0.7656          -0  1.798e+308     0.000   112    3    3           1    0    128     12    128     13    T1017s2TS322-D1.pdb:A  SCOP d1dkda_
  423      0.7656          -0       3.532     0.000   112    3    3           1    0    128     12    128     11    T1017s2TS322-D1.pdb:A  SCOP d1ayoa_
  424      0.7656          -0        3.35     0.000   112    4    3           1    0    128     12    128     17    T1017s2TS322-D1.pdb:A  SCOP d6esta_
  425      0.7656          -0       3.952     0.000   112    4    3           1    0    128     12    128     11    T1017s2TS322-D1.pdb:A  SCOP d1e02a_
  426      0.7656          -0       5.838     0.000   112    3    3           1    0    128     12    128     10    T1017s2TS322-D1.pdb:A  SCOP d1nama_
  427      0.7656          -0       3.669     0.000   112    4    3           1    0    128     12    128     16    T1017s2TS322-D1.pdb:A  SCOP d1jc1a_
  428      0.7656          -0       3.073     0.000   112    3    3           1    0    128     12    128     15    T1017s2TS322-D1.pdb:A  SCOP d2tbsa_
  429      0.7656          -0       4.195     0.000   112    3    3           1    0    128     12    128     15    T1017s2TS322-D1.pdb:A  SCOP d1btpa_
  430      0.7656          -0       2.623     0.000   112    4    3           1    0    128     12    128     16    T1017s2TS322-D1.pdb:A  SCOP d1azda_
  431      0.7656          -0       3.073     0.000   112    3    3           1    0    128     12    128     15    T1017s2TS322-D1.pdb:A  SCOP d1n6xa_
  432      0.7656    0.002659        4.66     0.000   112    4    3           1    0    128     12    128     12    T1017s2TS322-D1.pdb:A  SCOP d1obpa_
  433      0.7656          -0       3.866     0.000   112    3    3           1    0    128     12    128     13    T1017s2TS322-D1.pdb:A  SCOP d2arca_
  434      0.7656          -0        3.35     0.000   112    4    3           1    0    128     12    128     17    T1017s2TS322-D1.pdb:A  SCOP d1fzza_
  435      0.7656          -0       5.713     0.000   112    4    3           1    0    128     12    128     14    T1017s2TS322-D1.pdb:A  SCOP d1q56a_
  436      0.7656          -0       4.009     0.000   112    3    3           1    0    128     12    128     15    T1017s2TS322-D1.pdb:A  SCOP d1fy5a_
  437      0.7656          -0       2.627     0.000   112    3    5           1    0    128     12    128      9    T1017s2TS322-D1.pdb:A  SCOP d1gp1a_
  438      0.7656          -0       2.627     0.000   112    4    5           1    0    128     12    128      9    T1017s2TS322-D1.pdb:A  SCOP d1gp1a_
  439      0.7656          -0       2.623     0.000   112    3    3           1    0    128     12    128     10    T1017s2TS322-D1.pdb:A  SCOP d1maca_
  440      0.7656          -0       4.195     0.000   112    3    3           1    0    128     12    128     15    T1017s2TS322-D1.pdb:A  SCOP d2ptna_
  441      0.7656          -0       3.341     0.000   112    3    3           1    0    128     12    128     15    T1017s2TS322-D1.pdb:A  SCOP d1nn6a_
  442      0.7656          -0         3.7     0.000   112    4    3           1    0    128     12    128     16    T1017s2TS322-D1.pdb:A  SCOP d1qyfa_
  443      0.7656          -0  1.798e+308     0.000   112    3    3           1    0    128     12    128     12    T1017s2TS322-D1.pdb:A  SCOP d1mvca_
  444      0.7656          -0  1.798e+308     0.000   112    3    3           1    0    128     12    128     12    T1017s2TS322-D1.pdb:A  SCOP d1mvca_
  445      0.7656          -0        3.35     0.000   112    4    3           1    0    128     12    128     17    T1017s2TS322-D1.pdb:A  SCOP d9esta_
  446      0.7656          -0       2.623     0.000   112    3    3           1    0    128     12    128     10    T1017s2TS322-D1.pdb:A  SCOP d1maca_
  447      0.7656          -0       1.778     0.000   112    4    3           1    0    128     12    128      8    T1017s2TS322-D1.pdb:A  SCOP d1byha_
  448      0.7656          -0       1.778     0.000   112    4    3           1    0    128     12    128     10    T1017s2TS322-D1.pdb:A  SCOP d1glha_
  449      0.7656          -0       1.778     0.000   112    4    3           1    0    128     12    128     10    T1017s2TS322-D1.pdb:A  SCOP d2ayha_
  450      0.7656          -0  1.798e+308     0.000   112    3    3           1    0    128     12    128     13    T1017s2TS322-D1.pdb:A  SCOP d1gmla_
  451      0.7656          -0       3.669     0.000   112    3    3           1    0    128     12    128     15    T1017s2TS322-D1.pdb:A  SCOP d2emoa_
  452      0.7656          -0       5.033     0.000   112    3    3           1    0    128     12    128     12    T1017s2TS322-D1.pdb:A  SCOP d1bj7a_
  453      0.7656          -0       3.669     0.000   112    3    3           1    0    128     12    128     15    T1017s2TS322-D1.pdb:A  SCOP d1oxfa_
  454      0.7656          -0       4.195     0.000   112    3    3           1    0    128     12    128     15    T1017s2TS322-D1.pdb:A  SCOP d1k1ia_
  455      0.7656          -0       3.073     0.000   112    3    3           1    0    128     12    128     15    T1017s2TS322-D1.pdb:A  SCOP d1btxa_
  456      0.7656          -0       5.033     0.000   112    3    3           1    0    128     12    128     11    T1017s2TS322-D1.pdb:A  SCOP d1dzma_
  457      0.7656          -0  1.798e+308     0.000   112    3    3           1    0    128     12    128     12    T1017s2TS322-D1.pdb:A  SCOP d1q89a_
  458      0.7656          -0       3.073     0.000   112    3    3           1    0    128     12    128     15    T1017s2TS322-D1.pdb:A  SCOP d1sbwa_
  459      0.7656          -0       2.272     0.000   112    3    3           1    0    128     12    128     15    T1017s2TS322-D1.pdb:A  SCOP d1eufa_
  460      0.7656          -0  1.798e+308     0.000   112    3    3           1    0    128     12    128     15    T1017s2TS322-D1.pdb:A  SCOP d1sc4.1
  461      0.7656          -0  1.798e+308     0.000   112    3    3           1    0    128     12    128     11    T1017s2TS322-D1.pdb:A  SCOP d1at0a_
  462      0.7656          -0  1.798e+308     0.000   112    3    3           1    0    128     12    128     11    T1017s2TS322-D1.pdb:A  SCOP d1at0a_
  463      0.7656          -0  1.798e+308     0.000   112    3    3           1    0    128     12    128     15    T1017s2TS322-D1.pdb:A  SCOP d1sc4.1
  464      0.7656          -0        3.35     0.000   112    4    3           1    0    128     12    128     17    T1017s2TS322-D1.pdb:A  SCOP d3esta_
  465      0.7656          -0       4.014     0.000   112    3    3           1    0    128     12    128      8    T1017s2TS322-D1.pdb:A  SCOP d1fwqa_
  466      0.7656          -0        3.09     0.000   112    3    3           1    0    128     12    128     12    T1017s2TS322-D1.pdb:A  SCOP d1qqsa_
  467      0.7656          -0       3.669     0.000   112    3    3           1    0    128     12    128     15    T1017s2TS322-D1.pdb:A  SCOP d1oxfa_
  468      0.7656          -0  1.798e+308     0.000   112    3    3           1    0    128     12    128     15    T1017s2TS322-D1.pdb:A  SCOP d1sc4.1
  469      0.7656          -0       3.073     0.000   112    3    3           1    0    128     12    128     15    T1017s2TS322-D1.pdb:A  SCOP d1o37a_
  470      0.7656          -0       5.279     0.000   112    4    3           1    0    128     12    128     10    T1017s2TS322-D1.pdb:A  SCOP d2cuaa_
  471      0.7656          -0       5.291     0.000   112    4    3           1    0    128     12    128     10    T1017s2TS322-D1.pdb:A  SCOP d2cuaa_
  472      0.7656          -0       4.215     0.000   112    4    3           1    0    128     12    128     10    T1017s2TS322-D1.pdb:A  SCOP d2cuaa_
  473      0.7656          -0       3.669     0.000   112    4    3           1    0    128     12    128     15    T1017s2TS322-D1.pdb:A  SCOP d2emoa_
  474      0.7656          -0         3.7     0.000   112    4    3           1    0    128     12    128     17    T1017s2TS322-D1.pdb:A  SCOP d1qyoa_
  475      0.7656          -0       3.015     0.000   112    3    3           1    0    128     12    128     10    T1017s2TS322-D1.pdb:A  SCOP d1ic0a_
  476      0.7656          -0        2.56     0.000   112    3    3           1    0    128     12    128      6    T1017s2TS322-D1.pdb:A  SCOP d1krl.1
  477      0.7656          -0       5.033     0.000   112    3    3           1    0    128     12    128     11    T1017s2TS322-D1.pdb:A  SCOP d1dzja_
  478      0.7656          -0       3.073     0.000   112    3    3           1    0    128     12    128     15    T1017s2TS322-D1.pdb:A  SCOP d1k1ma_
  479      0.7656          -0         1.6     0.000   112    4    3           1    0    128     12    128     14    T1017s2TS322-D1.pdb:A  SCOP d1kria_
  480      0.7656          -0       4.195     0.000   112    3    3           1    0    128     12    128     15    T1017s2TS322-D1.pdb:A  SCOP d3ptba_
  481      0.7656          -0       3.669     0.000   112    4    3           1    0    128     12    128     16    T1017s2TS322-D1.pdb:A  SCOP d1q4da_
  482      0.7656          -0         1.6     0.000   112    3    3           1    0    128     12    128     14    T1017s2TS322-D1.pdb:A  SCOP d1kria_
  483      0.7656          -0         1.6     0.000   112    3    3           1    0    128     12    128     14    T1017s2TS322-D1.pdb:A  SCOP d1kria_
  484      0.7656          -0       3.669     0.000   112    4    3           1    0    128     12    128     16    T1017s2TS322-D1.pdb:A  SCOP d1cv7a_
  485      0.7656          -0       3.669     0.000   112    4    3           1    0    128     12    128     16    T1017s2TS322-D1.pdb:A  SCOP d1q73a_
  486      0.7656          -0       3.815     0.000   112    3    3           1    0    128     12    128     15    T1017s2TS322-D1.pdb:A  SCOP d1hd5a_
  487      0.7656          -0       2.477     0.000   112    3    3           1    0    128     12    128      6    T1017s2TS322-D1.pdb:A  SCOP d1lm0a_
  488      0.7633          -0       3.678     0.000   106    3    4           1    0    128     12    115     14    T1017s2TS322-D1.pdb:A  SCOP d1xyga1
  489      0.7629          -0        1.75     0.598   114    3    7      0.9737    0    128     12    128     14    T1017s2TS322-D1.pdb:A  SCOP d1nyoa_
  490      0.7626          -0       2.554     0.601   114    3    5      0.9737    0    128     12    128      9    T1017s2TS322-D1.pdb:A  SCOP d1xnea_
  491      0.7622          -0       2.757     0.605   114    3    4      0.9737    0    128     12    128      9    T1017s2TS322-D1.pdb:A  SCOP d1vh5a_
  492      0.7622          -0       2.757     0.605   114    3    4      0.9737    0    128     12    128      9    T1017s2TS322-D1.pdb:A  SCOP d1sc0a_
  493      0.7621          -0       3.478     0.606   114    5    4      0.9737    0    128     12    128     25    T1017s2TS322-D1.pdb:A  SCOP d2b4wa1
  494      0.7621          -0       5.077     0.606   114    3    4      0.9737    0    128     12    128      9    T1017s2TS322-D1.pdb:A  SCOP d1l2wa_
