<html><head></head><body><pre style="word-wrap: break-word; white-space: pre-wrap;"> PDBe Fold v2.59. (src3) 14 Apr 2014 result file.

                   RESULT SUMMARY

   ##      Q-score      P-score     Z-score   RMSD    Nalgn Nsse Ngaps Seq-%     Nmd Nres-Q Nsse-Q Nres-T Nsse-T Query Target
    1       0.969      0.4052           3     0.000   126    2    2           1    0    128     10    128      3    T1017s2TS196-D1.pdb:A  SCOP d2gf1a_
    2      0.9385       1.021       3.901     0.000   124    2    2           1    0    128     10    128      3    T1017s2TS196-D1.pdb:A  SCOP d1imxa_
    3      0.9385   2.018e-08       3.842     0.000   124    2    3           1    0    128     10    128     10    T1017s2TS196-D1.pdb:A  SCOP d1flma_
    4      0.9385       1.225       4.159     0.000   124    2    3           1    0    128     10    128      3    T1017s2TS196-D1.pdb:A  SCOP d1h59a_
    5      0.9282          -0       4.369     0.566   125    3    2       0.976    0    128     10    127     12    T1017s2TS196-D1.pdb:A  SCOP d2fhqa1
    6      0.9234      0.4708       3.113     0.000   123    2    3           1    0    128     10    128      3    T1017s2TS196-D1.pdb:A  SCOP d1efea_
    7      0.9084       0.838       3.657     0.000   122    2    3           1    0    128     10    128      3    T1017s2TS196-D1.pdb:A  SCOP d1acia_
    8      0.9084          -0        4.97     0.000   122    3    1           1    0    128     10    128     15    T1017s2TS196-D1.pdb:A  SCOP d1br9a_
    9      0.9084          -0       4.983     0.000   122    3    1           1    0    128     10    128     15    T1017s2TS196-D1.pdb:A  SCOP d1br9a_
   10      0.9084     0.01519        5.05     0.000   122    2    1           1    0    128     10    128      9    T1017s2TS196-D1.pdb:A  SCOP d1z5sa1
   11      0.8936   9.794e-06       3.367     0.000   121    2    2           1    0    128     10    128      5    T1017s2TS196-D1.pdb:A  SCOP d1pnb.1
   12      0.8936          -0       3.343     0.000   121    3    2           1    0    128     10    128     15    T1017s2TS196-D1.pdb:A  SCOP d1l1na_
   13      0.8936          -0       3.604     0.000   121    2    2           1    0    128     10    128     10    T1017s2TS196-D1.pdb:A  SCOP d1cjr.1
   14      0.8936          -0       3.604     0.000   121    2    2           1    0    128     10    128      9    T1017s2TS196-D1.pdb:A  SCOP d1cjq.1
   15      0.8936      0.7826       3.578     0.000   121    2    4           1    0    128     10    128      3    T1017s2TS196-D1.pdb:A  SCOP d1qa6a_
   16      0.8936          -0       3.604     0.000   121    2    2           1    0    128     10    128      9    T1017s2TS196-D1.pdb:A  SCOP d1cjq.1
   17      0.8936      0.4235       4.095     0.000   121    2    5           1    0    128     10    128      5    T1017s2TS196-D1.pdb:A  SCOP d2r63a_
   18      0.8936          -0       3.604     0.000   121    2    2           1    0    128     10    128     10    T1017s2TS196-D1.pdb:A  SCOP d1j82.1
   19      0.8936          -0       3.604     0.000   121    2    2           1    0    128     10    128      9    T1017s2TS196-D1.pdb:A  SCOP d1d5d.1
   20      0.8936   1.088e-10        3.69     0.000   121    2    1           1    0    128     10    128      7    T1017s2TS196-D1.pdb:A  SCOP d1krsa_
   21      0.8936          -0       3.604     0.000   121    2    2           1    0    128     10    128      9    T1017s2TS196-D1.pdb:A  SCOP d1j80.1
   22      0.8936          -0       3.604     0.000   121    2    2           1    0    128     10    128      9    T1017s2TS196-D1.pdb:A  SCOP d1d5e.1
   23      0.8936      0.9396       5.676     0.000   121    2    3           1    0    128     10    128      6    T1017s2TS196-D1.pdb:A  SCOP d1uhwa_
   24      0.8897    0.003056       5.122     0.584   123    3    3      0.9756    0    128     10    128      7    T1017s2TS196-D1.pdb:A  SCOP d1w4ma_
   25      0.8858          -0       3.623     0.000   120    4    2           1    0    128     10    127     19    T1017s2TS196-D1.pdb:A  SCOP d1bgla3
   26      0.8789      0.1716       4.181     0.000   120    2    3           1    0    128     10    128      3    T1017s2TS196-D1.pdb:A  SCOP d1qkya_
   27      0.8789      0.2941       3.858     0.000   120    2    5           1    0    128     10    128      5    T1017s2TS196-D1.pdb:A  SCOP d1sq8a_
   28      0.8789          -0       4.495     0.000   120    2    2           1    0    128     10    128      9    T1017s2TS196-D1.pdb:A  SCOP d1a3sa_
   29      0.8789          -0        3.53     0.000   120    3    2           1    0    128     10    128     11    T1017s2TS196-D1.pdb:A  SCOP d1ayoa_
   30      0.8789          -0       4.786     0.000   120    3    2           1    0    128     10    128     12    T1017s2TS196-D1.pdb:A  SCOP d1f3ya_
   31      0.8789          -0        4.03     0.000   120    2    2           1    0    128     10    128      6    T1017s2TS196-D1.pdb:A  SCOP d1fesa_
   32      0.8789          -0       3.399     0.000   120    2    2           1    0    128     10    128      7    T1017s2TS196-D1.pdb:A  SCOP d1uh6a_
   33      0.8711    0.004382       2.908     0.000   119    2    2           1    0    128     10    127      6    T1017s2TS196-D1.pdb:A  SCOP d2fb1a2
   34      0.8643      0.4367       2.358     0.000   119    2    3           1    0    128     10    128      3    T1017s2TS196-D1.pdb:A  SCOP d1igla_
   35      0.8643      0.4235       4.095     0.000   119    2    5           1    0    128     10    128      5    T1017s2TS196-D1.pdb:A  SCOP d1r63a_
   36      0.8643          -0       4.138     0.000   119    2    3           1    0    128     10    128      8    T1017s2TS196-D1.pdb:A  SCOP d1qtta_
   37      0.8643     0.04216       3.029     0.000   119    2    4           1    0    128     10    128      5    T1017s2TS196-D1.pdb:A  SCOP d2hfha_
   38      0.8643      0.4235       4.095     0.000   119    2    5           1    0    128     10    128      5    T1017s2TS196-D1.pdb:A  SCOP d1praa_
   39      0.8633          -0       4.109     0.000   118    3    3           1    0    128     10    126     15    T1017s2TS196-D1.pdb:A  SCOP d1na6a1
   40      0.8499      0.7802        3.75     0.000   118    2    4           1    0    128     10    128      5    T1017s2TS196-D1.pdb:A  SCOP d1o84a_
   41      0.8499          -0       3.836     0.000   118    2    4           1    0    128     10    128      8    T1017s2TS196-D1.pdb:A  SCOP d1wcja_
   42      0.8499          -0       2.986     0.000   118    3    3           1    0    128     10    128     15    T1017s2TS196-D1.pdb:A  SCOP d1eq9a_
   43      0.8499   5.545e-05       3.829     0.000   118    2    3           1    0    128     10    128      4    T1017s2TS196-D1.pdb:A  SCOP d1hhva_
   44      0.8499   0.0006744       2.685     0.000   118    2    3           1    0    128     10    128      3    T1017s2TS196-D1.pdb:A  SCOP d1vmpa_
   45      0.8466          -0       3.507     0.586   120    3    2       0.975    0    128     10    128      8    T1017s2TS196-D1.pdb:A  SCOP d1krta_
   46      0.8464          -0       2.829     0.588   120    2    3       0.975    0    128     10    128      6    T1017s2TS196-D1.pdb:A  SCOP d1kq1a_
   47      0.8464          -0       3.022     0.588   120    2    3       0.975    0    128     10    128      6    T1017s2TS196-D1.pdb:A  SCOP d1kq2a_
   48      0.8454          -0       3.736     0.000   113    3    3           1    0    128     10    118     10    T1017s2TS196-D1.pdb:A  SCOP d2f8aa1
   49      0.8454          -0       3.736     0.000   113    4    3           1    0    128     10    118     10    T1017s2TS196-D1.pdb:A  SCOP d2f8aa1
   50      0.8355          -0       4.523     0.000   117    3    2           1    0    128     10    128     10    T1017s2TS196-D1.pdb:A  SCOP d1pzva_
   51      0.8355          -0       4.609     0.000   117    2    3           1    0    128     10    128      9    T1017s2TS196-D1.pdb:A  SCOP d1z3da1
   52      0.8355          -0       5.199     0.000   117    2    3           1    0    128     10    128     10    T1017s2TS196-D1.pdb:A  SCOP d1k5ba_
   53      0.8355          -0       2.272     0.000   117    3    5           1    0    128     10    128     14    T1017s2TS196-D1.pdb:A  SCOP d1rz0a_
   54      0.8355          -0       5.199     0.000   117    2    3           1    0    128     10    128     10    T1017s2TS196-D1.pdb:A  SCOP d1k5aa_
   55      0.8355          -0       5.199     0.000   117    2    3           1    0    128     10    128     10    T1017s2TS196-D1.pdb:A  SCOP d1agia_
   56      0.8355          -0       3.836     0.000   117    2    4           1    0    128     10    128      7    T1017s2TS196-D1.pdb:A  SCOP d1uwda_
   57      0.8355       1.632       4.783     0.000   117    3    3           1    0    128     10    128      3    T1017s2TS196-D1.pdb:A  SCOP d1sisa_
   58      0.8355      0.1665       3.341     0.000   117    2    3           1    0    128     10    128      5    T1017s2TS196-D1.pdb:A  SCOP d1l1pa_
   59      0.8355          -0       3.343     0.000   117    3    4           1    0    128     10    128     11    T1017s2TS196-D1.pdb:A  SCOP d1q5xa_
   60      0.8355          -0       3.343     0.000   117    3    4           1    0    128     10    128     11    T1017s2TS196-D1.pdb:A  SCOP d1q5xa_
   61      0.8355          -0       3.343     0.000   117    3    4           1    0    128     10    128     11    T1017s2TS196-D1.pdb:A  SCOP d1q5xa_
   62      0.8355   0.0004784       5.351     0.000   117    2    3           1    0    128     10    128      6    T1017s2TS196-D1.pdb:A  SCOP d1oq6a_
   63      0.8355   4.679e-08       5.482     0.000   117    2    3           1    0    128     10    128      9    T1017s2TS196-D1.pdb:A  SCOP d1z3da1
   64      0.8355          -0       3.513     0.000   117    2    3           1    0    128     10    128      5    T1017s2TS196-D1.pdb:A  SCOP d1p8ga_
   65      0.8353          -0       4.962     0.052   117    2    3           1    0    128     10    128     10    T1017s2TS196-D1.pdb:A  SCOP d1un3a_
   66       0.834          -0       2.419     0.572   119    2    3      0.9748    0    128     10    128      5    T1017s2TS196-D1.pdb:A  SCOP d1dola_
   67      0.8333     0.04333       3.994     0.579   119    2    4      0.9748    0    128     10    128      4    T1017s2TS196-D1.pdb:A  SCOP d1bhpa_
   68      0.8326          -0       2.632     0.586   119    3    3      0.9748    0    128     10    128     10    T1017s2TS196-D1.pdb:A  SCOP d1edya_
   69      0.8323          -0       2.237     0.588   119    2    3      0.9748    0    128     10    128      7    T1017s2TS196-D1.pdb:A  SCOP d1raxa_
   70      0.8322          -0       3.062     0.590   119    2    3      0.9748    0    128     10    128      6    T1017s2TS196-D1.pdb:A  SCOP d1ca6a_
   71      0.8322          -0       3.062     0.590   119    2    3      0.9748    0    128     10    128      6    T1017s2TS196-D1.pdb:A  SCOP d1ca5a_
   72      0.8319          -0       2.678     0.593   119    2    3      0.9748    0    128     10    128      7    T1017s2TS196-D1.pdb:A  SCOP d1fkja_
   73      0.8319          -0       2.872     0.593   119    2    3      0.9748    0    128     10    128      7    T1017s2TS196-D1.pdb:A  SCOP d2fapa_
   74      0.8319          -0         2.9     0.593   119    2    3      0.9748    0    128     10    128      7    T1017s2TS196-D1.pdb:A  SCOP d1fkia_
   75      0.8319          -0       2.678     0.593   119    2    3      0.9748    0    128     10    128      8    T1017s2TS196-D1.pdb:A  SCOP d1d7ja_
   76      0.8319          -0        2.68     0.593   119    2    3      0.9748    0    128     10    128      7    T1017s2TS196-D1.pdb:A  SCOP d1fkka_
   77      0.8319          -0         2.9     0.593   119    2    3      0.9748    0    128     10    128      7    T1017s2TS196-D1.pdb:A  SCOP d1fkba_
   78      0.8319          -0       2.678     0.593   119    2    3      0.9748    0    128     10    128      8    T1017s2TS196-D1.pdb:A  SCOP d2fkea_
   79      0.8319          -0       2.419     0.593   119    2    3      0.9748    0    128     10    128      7    T1017s2TS196-D1.pdb:A  SCOP d1j4ia_
   80      0.8319          -0       2.055     0.593   119    3    3      0.9748    0    128     10    128      8    T1017s2TS196-D1.pdb:A  SCOP d1yata_
   81      0.8319          -0       2.872     0.593   119    2    3      0.9748    0    128     10    128      7    T1017s2TS196-D1.pdb:A  SCOP d1nsga_
   82      0.8319          -0       2.937     0.593   119    2    3      0.9748    0    128     10    128      7    T1017s2TS196-D1.pdb:A  SCOP d1eyma_
   83      0.8319          -0       2.872     0.593   119    2    3      0.9748    0    128     10    128      8    T1017s2TS196-D1.pdb:A  SCOP d4fapa_
   84      0.8319          -0       2.678     0.593   119    2    3      0.9748    0    128     10    128      8    T1017s2TS196-D1.pdb:A  SCOP d1d6oa_
   85      0.8319          -0       2.937     0.593   119    2    3      0.9748    0    128     10    128      7    T1017s2TS196-D1.pdb:A  SCOP d1qpla_
   86      0.8319          -0       2.678     0.593   119    2    3      0.9748    0    128     10    128      7    T1017s2TS196-D1.pdb:A  SCOP d1bkfa_
   87      0.8319          -0       2.872     0.593   119    2    3      0.9748    0    128     10    128      7    T1017s2TS196-D1.pdb:A  SCOP d3fapa_
   88      0.8319          -0       2.937     0.593   119    2    3      0.9748    0    128     10    128      7    T1017s2TS196-D1.pdb:A  SCOP d1fkla_
   89      0.8319          -0       2.678     0.593   119    2    3      0.9748    0    128     10    128      8    T1017s2TS196-D1.pdb:A  SCOP d1fkha_
   90      0.8319          -0       2.516     0.593   119    3    3      0.9748    0    128     10    128      8    T1017s2TS196-D1.pdb:A  SCOP d1fkta_
   91      0.8319          -0       2.516     0.593   119    2    3      0.9748    0    128     10    128      8    T1017s2TS196-D1.pdb:A  SCOP d1fapa_
   92      0.8319          -0       2.678     0.593   119    2    3      0.9748    0    128     10    128      8    T1017s2TS196-D1.pdb:A  SCOP d1fkda_
   93      0.8319          -0       2.747     0.593   119    3    3      0.9748    0    128     10    128      8    T1017s2TS196-D1.pdb:A  SCOP d1fkra_
   94      0.8319          -0       2.937     0.593   119    2    3      0.9748    0    128     10    128      7    T1017s2TS196-D1.pdb:A  SCOP d1j4ha_
   95      0.8319          -0       2.516     0.593   119    2    3      0.9748    0    128     10    128      8    T1017s2TS196-D1.pdb:A  SCOP d1fapa_
   96      0.8319          -0       2.292     0.593   119    2    3      0.9748    0    128     10    128      7    T1017s2TS196-D1.pdb:A  SCOP d1a7xa_
   97      0.8319          -0       2.419     0.593   119    2    3      0.9748    0    128     10    128      8    T1017s2TS196-D1.pdb:A  SCOP d1d7ha_
   98      0.8319          -0       2.419     0.593   119    2    3      0.9748    0    128     10    128      8    T1017s2TS196-D1.pdb:A  SCOP d1b6ca_
   99      0.8319          -0       2.678     0.593   119    2    3      0.9748    0    128     10    128      7    T1017s2TS196-D1.pdb:A  SCOP d1a7xa_
  100      0.8319          -0       2.678     0.593   119    2    3      0.9748    0    128     10    128      8    T1017s2TS196-D1.pdb:A  SCOP d1f40a_
  101      0.8319          -0       2.419     0.593   119    2    3      0.9748    0    128     10    128      7    T1017s2TS196-D1.pdb:A  SCOP d1j4ra_
  102      0.8319          -0       2.937     0.593   119    2    3      0.9748    0    128     10    128      7    T1017s2TS196-D1.pdb:A  SCOP d1c9ha_
  103      0.8319          -0       2.419     0.593   119    2    3      0.9748    0    128     10    128      7    T1017s2TS196-D1.pdb:A  SCOP d1d7ia_
  104      0.8319          -0       2.937     0.593   119    2    3      0.9748    0    128     10    128      7    T1017s2TS196-D1.pdb:A  SCOP d1qpfa_
  105      0.8319          -0       2.678     0.593   119    2    3      0.9748    0    128     10    128      8    T1017s2TS196-D1.pdb:A  SCOP d1fkga_
  106      0.8319          -0       2.747     0.593   119    2    3      0.9748    0    128     10    128      7    T1017s2TS196-D1.pdb:A  SCOP d1fksa_
  107      0.8319          -0       2.678     0.593   119    2    3      0.9748    0    128     10    128      7    T1017s2TS196-D1.pdb:A  SCOP d1bl4a_
  108      0.8237          -0       2.837     0.599   118    4    3      0.9746    0    128     10    127     19    T1017s2TS196-D1.pdb:A  SCOP d1bgla3
  109      0.8213          -0       3.599     0.000   116    2    3           1    0    128     10    128      7    T1017s2TS196-D1.pdb:A  SCOP d1ozia_
  110      0.8213          -0       4.899     0.000   116    3    3           1    0    128     10    128      9    T1017s2TS196-D1.pdb:A  SCOP d1ckva_
  111      0.8213          -0       3.359     0.000   116    2    3           1    0    128     10    128      9    T1017s2TS196-D1.pdb:A  SCOP d1ofta_
  112      0.8213          -0       4.181     0.000   116    3    5           1    0    128     10    128     14    T1017s2TS196-D1.pdb:A  SCOP d1vkia_
  113      0.8213          -0       4.756     0.000   116    3    3           1    0    128     10    128     14    T1017s2TS196-D1.pdb:A  SCOP d1gy2a_
  114      0.8213    0.007042       1.826     0.000   116    2    3           1    0    128     10    128      2    T1017s2TS196-D1.pdb:A  SCOP d1ai0.1
  115      0.8213   3.313e-05       3.792     0.000   116    2    3           1    0    128     10    128      9    T1017s2TS196-D1.pdb:A  SCOP d1jc7a_
  116      0.8213          -0       4.306     0.000   116    2    2           1    0    128     10    128      9    T1017s2TS196-D1.pdb:A  SCOP d1jasa_
  117      0.8213   5.586e-13       4.756     0.000   116    2    2           1    0    128     10    128      9    T1017s2TS196-D1.pdb:A  SCOP d1jasa_
  118      0.8213          -0       4.278     0.000   116    3    3           1    0    128     10    128     15    T1017s2TS196-D1.pdb:A  SCOP d2c3la1
  119      0.8213    0.003676       5.592     0.000   116    2    3           1    0    128     10    128      6    T1017s2TS196-D1.pdb:A  SCOP d1opza_
  120      0.8213      0.4086       3.008     0.000   116    2    5           1    0    128     10    128      4    T1017s2TS196-D1.pdb:A  SCOP d1kq8a_
  121      0.8213     0.00069       1.826     0.000   116    2    3           1    0    128     10    128      3    T1017s2TS196-D1.pdb:A  SCOP d1sjt.1
  122      0.8213     0.00069       1.826     0.000   116    2    3           1    0    128     10    128      3    T1017s2TS196-D1.pdb:A  SCOP d1t1k.1
  123      0.8213          -0       4.073     0.000   116    2    3           1    0    128     10    128      7    T1017s2TS196-D1.pdb:A  SCOP d1jrma_
  124      0.8213    0.007042       1.826     0.000   116    2    3           1    0    128     10    128      2    T1017s2TS196-D1.pdb:A  SCOP d1lkq.1
  125      0.8213    0.007042       1.826     0.000   116    2    3           1    0    128     10    128      2    T1017s2TS196-D1.pdb:A  SCOP d1k3m.1
  126      0.8213    0.008639       4.106     0.000   116    2    2           1    0    128     10    128      8    T1017s2TS196-D1.pdb:A  SCOP d1oaza_
  127      0.8213          -0       3.513     0.000   116    2    3           1    0    128     10    128      6    T1017s2TS196-D1.pdb:A  SCOP d1cc7a_
  128      0.8213   1.615e-06       1.826     0.000   116    2    3           1    0    128     10    128      3    T1017s2TS196-D1.pdb:A  SCOP d1b9e.1
  129      0.8213          -0       2.272     0.000   116    3    4           1    0    128     10    128     14    T1017s2TS196-D1.pdb:A  SCOP d1rz1a_
  130      0.8213   1.615e-06       1.826     0.000   116    2    3           1    0    128     10    128      3    T1017s2TS196-D1.pdb:A  SCOP d1qj0.1
  131      0.8213   1.615e-06       1.826     0.000   116    2    3           1    0    128     10    128      3    T1017s2TS196-D1.pdb:A  SCOP d1pid.1
  132      0.8213          -0        3.82     0.000   116    2    3           1    0    128     10    128      8    T1017s2TS196-D1.pdb:A  SCOP d1rgwa_
  133      0.8213       3.611       6.328     0.000   116    3    3           1    0    128     10    128      4    T1017s2TS196-D1.pdb:A  SCOP d1ssla_
  134      0.8213    5.95e-08       5.123     0.000   116    2    5           1    0    128     10    128      7    T1017s2TS196-D1.pdb:A  SCOP d1spya_
  135      0.8213          -0       3.672     0.000   116    3    3           1    0    128     10    128     15    T1017s2TS196-D1.pdb:A  SCOP d1zlta1
  136      0.8213          -0       3.057     0.000   116    2    4           1    0    128     10    128      9    T1017s2TS196-D1.pdb:A  SCOP d1xnea_
  137      0.8213   1.615e-06       1.826     0.000   116    2    3           1    0    128     10    128      3    T1017s2TS196-D1.pdb:A  SCOP d1b2f.1
  138      0.8213   1.615e-06       1.826     0.000   116    2    3           1    0    128     10    128      3    T1017s2TS196-D1.pdb:A  SCOP d1mso.1
  139      0.8213          -0       3.343     0.000   116    3    4           1    0    128     10    128     11    T1017s2TS196-D1.pdb:A  SCOP d1nxja_
  140      0.8213          -0       3.343     0.000   116    3    4           1    0    128     10    128     11    T1017s2TS196-D1.pdb:A  SCOP d1nxja_
  141      0.8213   2.522e-14       2.509     0.000   116    2    4           1    0    128     10    128      8    T1017s2TS196-D1.pdb:A  SCOP d1q42a_
  142      0.8213          -0       3.894     0.000   116    2    3           1    0    128     10    128      8    T1017s2TS196-D1.pdb:A  SCOP d1wmya_
  143      0.8213          -0       4.306     0.000   116    2    2           1    0    128     10    128      9    T1017s2TS196-D1.pdb:A  SCOP d1q34a_
  144      0.8213   0.0009523       3.599     0.000   116    2    3           1    0    128     10    128      7    T1017s2TS196-D1.pdb:A  SCOP d1ihja_
  145      0.8213     0.00069       1.826     0.000   116    2    3           1    0    128     10    128      3    T1017s2TS196-D1.pdb:A  SCOP d5aiy.1
  146      0.8199          -0       3.642     1.103   123    3    3      0.9512    0    128     10    127     12    T1017s2TS196-D1.pdb:A  SCOP d2fhqa1
  147      0.8199          -0       3.807     1.103   123    3    3      0.9512    0    128     10    127     12    T1017s2TS196-D1.pdb:A  SCOP d2fhqa1
  148      0.8198     0.01035       3.653     0.575   118    2    4      0.9746    0    128     10    128      9    T1017s2TS196-D1.pdb:A  SCOP d2b6ea1
  149      0.8191          -0       3.099     0.581   118    2    4      0.9746    0    128     10    128      5    T1017s2TS196-D1.pdb:A  SCOP d1s6oa_
  150      0.8191     0.04333       3.994     0.582   118    2    4      0.9746    0    128     10    128      4    T1017s2TS196-D1.pdb:A  SCOP d2plha_
  151      0.8191      0.5819       3.709     0.582   118    3    4      0.9746    0    128     10    128      3    T1017s2TS196-D1.pdb:A  SCOP d1n8ma_
  152      0.8184   3.522e-13       3.307     0.588   118    2    4      0.9746    0    128     10    128      7    T1017s2TS196-D1.pdb:A  SCOP d1ugia_
  153      0.8135          -0        2.46     0.000   115    2    3           1    0    128     10    127     10    T1017s2TS196-D1.pdb:A  SCOP d2b20a1
  154      0.8072          -0       3.903     0.000   115    3    4           1    0    128     10    128     15    T1017s2TS196-D1.pdb:A  SCOP d2hy0a1
  155      0.8072    3.28e-05       4.944     0.000   115    2    3           1    0    128     10    128      9    T1017s2TS196-D1.pdb:A  SCOP d1onia_
  156      0.8072      0.9893       3.163     0.000   115    2    3           1    0    128     10    128      3    T1017s2TS196-D1.pdb:A  SCOP d1ghca_
  157      0.8072      0.8717       4.302     0.000   115    2    4           1    0    128     10    128      4    T1017s2TS196-D1.pdb:A  SCOP d1irja_
  158      0.8072   4.574e-05       4.941     0.000   115    2    3           1    0    128     10    128      7    T1017s2TS196-D1.pdb:A  SCOP d1ozoa_
  159      0.8072     0.00069       1.826     0.000   115    2    3           1    0    128     10    128      3    T1017s2TS196-D1.pdb:A  SCOP d4aiy.1
  160      0.8072          -0       4.431     0.000   115    2    2           1    0    128     10    128      9    T1017s2TS196-D1.pdb:A  SCOP d1u9aa_
  161      0.8072          -0       2.272     0.000   115    2    5           1    0    128     10    128      9    T1017s2TS196-D1.pdb:A  SCOP d1uv0a_
  162      0.8072    0.003769       2.977     0.000   115    2    3           1    0    128     10    128      6    T1017s2TS196-D1.pdb:A  SCOP d1loja_
  163      0.8072       0.733       4.502     0.000   115    2    4           1    0    128     10    128      5    T1017s2TS196-D1.pdb:A  SCOP d1f81a_
  164      0.8072          -0       1.644     0.000   115    2    2           1    0    128     10    128      7    T1017s2TS196-D1.pdb:A  SCOP d1wg1a_
  165      0.8072       1.886       5.807     0.000   115    3    2           1    0    128     10    128      7    T1017s2TS196-D1.pdb:A  SCOP d1d7qa_
  166      0.8072          -0       2.986     0.000   115    4    3           1    0    128     10    128     13    T1017s2TS196-D1.pdb:A  SCOP d1s21a_
  167      0.8072   1.142e-13           2     0.000   115    2    4           1    0    128     10    128     10    T1017s2TS196-D1.pdb:A  SCOP d1thqa_
  168      0.8072   7.959e-06       5.482     0.000   115    2    3           1    0    128     10    128      9    T1017s2TS196-D1.pdb:A  SCOP d1ayza_
  169      0.8072          -0       4.892     0.000   115    2    2           1    0    128     10    128      9    T1017s2TS196-D1.pdb:A  SCOP d1v76a_
  170      0.8072          -0       5.199     0.000   115    3    2           1    0    128     10    128     12    T1017s2TS196-D1.pdb:A  SCOP d1h6fa_
  171      0.8072      0.5927        3.75     0.000   115    2    3           1    0    128     10    128      6    T1017s2TS196-D1.pdb:A  SCOP d1sv0a_
  172      0.8072   7.314e-10       3.829     0.000   115    3    3           1    0    128     10    128      9    T1017s2TS196-D1.pdb:A  SCOP d1ayza_
  173      0.8072          -0       4.374     0.000   115    2    2           1    0    128     10    128      9    T1017s2TS196-D1.pdb:A  SCOP d1kpsa_
  174      0.8072          -0       5.482     0.000   115    2    2           1    0    128     10    128      9    T1017s2TS196-D1.pdb:A  SCOP d1a3sa_
  175      0.8072          -0       4.231     0.000   115    2    2           1    0    128     10    128      8    T1017s2TS196-D1.pdb:A  SCOP d1ha4a_
  176      0.8072          -0       4.338     0.000   115    3    2           1    0    128     10    128     13    T1017s2TS196-D1.pdb:A  SCOP d1nyka_
  177      0.8072      0.4224        4.97     0.000   115    3    3           1    0    128     10    128      9    T1017s2TS196-D1.pdb:A  SCOP d2aaka_
  178      0.8072   4.679e-08       5.482     0.000   115    2    3           1    0    128     10    128      9    T1017s2TS196-D1.pdb:A  SCOP d2aaka_
  179      0.8072          -0       5.024     0.000   115    3    2           1    0    128     10    128     13    T1017s2TS196-D1.pdb:A  SCOP d1nyka_
  180      0.8072          -0       3.456     0.000   115    2    3           1    0    128     10    128      8    T1017s2TS196-D1.pdb:A  SCOP d1ttea2
  181      0.8044          -0        2.26     0.590   117    2    4      0.9744    0    128     10    128      9    T1017s2TS196-D1.pdb:A  SCOP d1f7oa_
  182      0.8039          -0       2.027     0.595   117    2    4      0.9744    0    128     10    128      7    T1017s2TS196-D1.pdb:A  SCOP d1sapa_
  183      0.8037          -0        1.75     0.597   117    2    5      0.9744    0    128     10    128      9    T1017s2TS196-D1.pdb:A  SCOP d1njha_
  184      0.8036          -0       3.029     0.598   117    4    5      0.9744    0    128     10    128     17    T1017s2TS196-D1.pdb:A  SCOP d1v9ca_
  185      0.8035   2.027e-11       2.082     0.599   117    2    5      0.9744    0    128     10    128      3    T1017s2TS196-D1.pdb:A  SCOP d1lira_
  186      0.8035   1.559e-08       2.343     0.599   117    2    4      0.9744    0    128     10    128      3    T1017s2TS196-D1.pdb:A  SCOP d2crda_
  187       0.803          -0       1.742     0.604   117    2    4      0.9744    0    128     10    128      9    T1017s2TS196-D1.pdb:A  SCOP d1wf6a_
  188      0.7946          -0       3.043     0.977   120    2    4       0.975    0    128     10    128      9    T1017s2TS196-D1.pdb:A  SCOP d1cn7a_
  189      0.7932          -0  1.798e+308     0.000   114    3    3           1    0    128     10    128     10    T1017s2TS196-D1.pdb:A  SCOP d1gp3a_
  190      0.7932          -0  1.798e+308     0.000   114    4    3           1    0    128     10    128     19    T1017s2TS196-D1.pdb:A  SCOP d1fwsa_
  191      0.7932          -0  1.798e+308     0.000   114    4    3           1    0    128     10    128     10    T1017s2TS196-D1.pdb:A  SCOP d1gp3a_
  192      0.7932          -0  1.798e+308     0.000   114    4    3           1    0    128     10    128     18    T1017s2TS196-D1.pdb:A  SCOP d1fxpa_
  193      0.7932          -0  1.798e+308     0.000   114    4    3           1    0    128     10    128     18    T1017s2TS196-D1.pdb:A  SCOP d1jcxa_
  194      0.7932          -0  1.798e+308     0.000   114    4    3           1    0    128     10    128     18    T1017s2TS196-D1.pdb:A  SCOP d1lroa_
  195      0.7932          -0  1.798e+308     0.000   114    4    3           1    0    128     10    128     19    T1017s2TS196-D1.pdb:A  SCOP d1fwsa_
  196      0.7932          -0  1.798e+308     0.000   114    4    3           1    0    128     10    128     18    T1017s2TS196-D1.pdb:A  SCOP d1jcxa_
  197      0.7932          -0       3.851     0.000   114    3    3           1    0    128     10    128     11    T1017s2TS196-D1.pdb:A  SCOP d2nlra_
  198      0.7932          -0  1.798e+308     0.000   114    4    3           1    0    128     10    128     18    T1017s2TS196-D1.pdb:A  SCOP d1jcxa_
  199      0.7932          -0       3.073     0.000   114    3    3           1    0    128     10    128     15    T1017s2TS196-D1.pdb:A  SCOP d1o2oa_
  200      0.7932          -0  1.798e+308     0.000   114    3    3           1    0    128     10    128     15    T1017s2TS196-D1.pdb:A  SCOP d1mtn.1
  201      0.7932          -0  1.798e+308     0.000   114    4    3           1    0    128     10    128     19    T1017s2TS196-D1.pdb:A  SCOP d1fwsa_
  202      0.7932          -0  1.798e+308     0.000   114    3    3           1    0    128     10    128     15    T1017s2TS196-D1.pdb:A  SCOP d1mvxa_
  203      0.7932          -0  1.798e+308     0.000   114    4    3           1    0    128     10    128     19    T1017s2TS196-D1.pdb:A  SCOP d1pcwa_
  204      0.7932          -0  1.798e+308     0.000   114    3    3           1    0    128     10    128     15    T1017s2TS196-D1.pdb:A  SCOP d1mvxa_
  205      0.7932          -0  1.798e+308     0.000   114    2    3           1    0    128     10    128      9    T1017s2TS196-D1.pdb:A  SCOP d1bfta_
  206      0.7932          -0  1.798e+308     0.000   114    3    3           1    0    128     10    128     15    T1017s2TS196-D1.pdb:A  SCOP d1mvha_
  207      0.7932          -0       3.073     0.000   114    3    3           1    0    128     10    128     15    T1017s2TS196-D1.pdb:A  SCOP d1g3da_
  208      0.7932          -0       3.073     0.000   114    3    3           1    0    128     10    128     15    T1017s2TS196-D1.pdb:A  SCOP d1nc6a_
  209      0.7932          -0  1.798e+308     0.000   114    4    3           1    0    128     10    128     18    T1017s2TS196-D1.pdb:A  SCOP d1fxqa_
  210      0.7932          -0  1.798e+308     0.000   114    4    3           1    0    128     10    128     19    T1017s2TS196-D1.pdb:A  SCOP d1pcwa_
  211      0.7932          -0  1.798e+308     0.000   114    4    3           1    0    128     10    128     18    T1017s2TS196-D1.pdb:A  SCOP d1fxqa_
  212      0.7932          -0  1.798e+308     0.000   114    4    3           1    0    128     10    128     19    T1017s2TS196-D1.pdb:A  SCOP d1pcwa_
  213      0.7932          -0  1.798e+308     0.000   114    4    3           1    0    128     10    128     18    T1017s2TS196-D1.pdb:A  SCOP d1fxqa_
  214      0.7932          -0       2.272     0.000   114    2    3           1    0    128     10    128     10    T1017s2TS196-D1.pdb:A  SCOP d1xnaa_
  215      0.7932          -0       3.073     0.000   114    3    3           1    0    128     10    128     15    T1017s2TS196-D1.pdb:A  SCOP d1o2ja_
  216      0.7932          -0  1.798e+308     0.000   114    3    3           1    0    128     10    128      8    T1017s2TS196-D1.pdb:A  SCOP d1my5a_
  217      0.7932          -0       3.073     0.000   114    3    3           1    0    128     10    128     15    T1017s2TS196-D1.pdb:A  SCOP d1o2sa_
  218      0.7932          -0       1.957     0.000   114    2    4           1    0    128     10    128      7    T1017s2TS196-D1.pdb:A  SCOP d1v5qa_
  219      0.7932          -0       3.073     0.000   114    3    3           1    0    128     10    128     15    T1017s2TS196-D1.pdb:A  SCOP d1f0ta_
  220      0.7932    0.000174        5.05     0.000   114    2    4           1    0    128     10    128      8    T1017s2TS196-D1.pdb:A  SCOP d1pf5a_
  221      0.7932          -0  1.798e+308     0.000   114    4    3           1    0    128     10    128     18    T1017s2TS196-D1.pdb:A  SCOP d1fxpa_
  222      0.7932          -0  1.798e+308     0.000   114    4    3           1    0    128     10    128     10    T1017s2TS196-D1.pdb:A  SCOP d1gp3a_
  223      0.7932          -0  1.798e+308     0.000   114    4    3           1    0    128     10    128     18    T1017s2TS196-D1.pdb:A  SCOP d1fxpa_
  224      0.7932          -0  1.798e+308     0.000   114    4    3           1    0    128     10    128     18    T1017s2TS196-D1.pdb:A  SCOP d1fx6a_
  225      0.7932          -0       3.073     0.000   114    3    3           1    0    128     10    128     15    T1017s2TS196-D1.pdb:A  SCOP d1o2ta_
  226      0.7932          -0  1.798e+308     0.000   114    4    3           1    0    128     10    128     18    T1017s2TS196-D1.pdb:A  SCOP d1fx6a_
  227      0.7932          -0       3.073     0.000   114    3    3           1    0    128     10    128     15    T1017s2TS196-D1.pdb:A  SCOP d1ntpa_
  228      0.7932          -0  1.798e+308     0.000   114    4    3           1    0    128     10    128     18    T1017s2TS196-D1.pdb:A  SCOP d1fx6a_
  229      0.7932          -0  1.798e+308     0.000   114    4    3           1    0    128     10    128     18    T1017s2TS196-D1.pdb:A  SCOP d1lrna_
  230      0.7932          -0  1.798e+308     0.000   114    4    3           1    0    128     10    128     18    T1017s2TS196-D1.pdb:A  SCOP d1lrna_
  231      0.7932          -0       5.372     0.000   114    3    3           1    0    128     10    128     15    T1017s2TS196-D1.pdb:A  SCOP d1gcda_
  232      0.7932          -0       3.073     0.000   114    3    3           1    0    128     10    128     15    T1017s2TS196-D1.pdb:A  SCOP d2tgda_
  233      0.7932          -0       3.073     0.000   114    3    3           1    0    128     10    128     15    T1017s2TS196-D1.pdb:A  SCOP d1c2da_
  234      0.7932          -0       4.059     0.000   114    2    3           1    0    128     10    128      9    T1017s2TS196-D1.pdb:A  SCOP d1uena_
  235      0.7932          -0       3.073     0.000   114    3    3           1    0    128     10    128     15    T1017s2TS196-D1.pdb:A  SCOP d1o34a_
  236      0.7932          -0       3.073     0.000   114    3    3           1    0    128     10    128     15    T1017s2TS196-D1.pdb:A  SCOP d3ptna_
  237      0.7932          -0  1.798e+308     0.000   114    4    3           1    0    128     10    128     19    T1017s2TS196-D1.pdb:A  SCOP d1fwna_
  238      0.7932          -0       3.073     0.000   114    3    3           1    0    128     10    128     15    T1017s2TS196-D1.pdb:A  SCOP d1o2ka_
  239      0.7932          -0       3.073     0.000   114    3    3           1    0    128     10    128     11    T1017s2TS196-D1.pdb:A  SCOP d1kgya_
  240      0.7932          -0  1.798e+308     0.000   114    2    3           1    0    128     10    128     10    T1017s2TS196-D1.pdb:A  SCOP d1w6pa_
  241      0.7932          -0  1.798e+308     0.000   114    4    3           1    0    128     10    128     12    T1017s2TS196-D1.pdb:A  SCOP d1uvwa1
  242      0.7932          -0       3.073     0.000   114    3    3           1    0    128     10    128     15    T1017s2TS196-D1.pdb:A  SCOP d1avwa_
  243      0.7932          -0  1.798e+308     0.000   114    4    3           1    0    128     10    128     19    T1017s2TS196-D1.pdb:A  SCOP d1fwna_
  244      0.7932          -0       2.272     0.000   114    3    3           1    0    128     10    128     12    T1017s2TS196-D1.pdb:A  SCOP d1uvwa1
  245      0.7932          -0       2.623     0.000   114    3    3           1    0    128     10    128     15    T1017s2TS196-D1.pdb:A  SCOP d1au8a_
  246      0.7932          -0       3.073     0.000   114    3    3           1    0    128     10    128     15    T1017s2TS196-D1.pdb:A  SCOP d1az8a_
  247      0.7932          -0       3.073     0.000   114    3    3           1    0    128     10    128     15    T1017s2TS196-D1.pdb:A  SCOP d1zzza_
  248      0.7932          -0  1.798e+308     0.000   114    3    3           1    0    128     10    128     13    T1017s2TS196-D1.pdb:A  SCOP d1gmla_
  249      0.7932          -0       3.073     0.000   114    3    3           1    0    128     10    128     15    T1017s2TS196-D1.pdb:A  SCOP d2ptna_
  250      0.7932          -0       5.372     0.000   114    3    3           1    0    128     10    128     15    T1017s2TS196-D1.pdb:A  SCOP d1p2na_
  251      0.7932          -0       2.272     0.000   114    3    3           1    0    128     10    128     15    T1017s2TS196-D1.pdb:A  SCOP d1fi8a_
  252      0.7932          -0  1.798e+308     0.000   114    2    3           1    0    128     10    128     10    T1017s2TS196-D1.pdb:A  SCOP d1ae9a_
  253      0.7932          -0  1.798e+308     0.000   114    3    3           1    0    128     10    128     13    T1017s2TS196-D1.pdb:A  SCOP d1wc5a_
  254      0.7932          -0       3.073     0.000   114    3    3           1    0    128     10    128     15    T1017s2TS196-D1.pdb:A  SCOP d1tnla_
  255      0.7932          -0       2.623     0.000   114    3    3           1    0    128     10    128     15    T1017s2TS196-D1.pdb:A  SCOP d1faxa_
  256      0.7932          -0       5.372     0.000   114    3    3           1    0    128     10    128     15    T1017s2TS196-D1.pdb:A  SCOP d1p2qa_
  257      0.7932          -0  1.798e+308     0.000   114    3    3           1    0    128     10    128     13    T1017s2TS196-D1.pdb:A  SCOP d1wc5a_
  258      0.7932          -0  1.798e+308     0.000   114    3    3           1    0    128     10    128     10    T1017s2TS196-D1.pdb:A  SCOP d1ae9a_
  259      0.7932          -0       3.073     0.000   114    3    3           1    0    128     10    128     15    T1017s2TS196-D1.pdb:A  SCOP d1tnia_
  260      0.7932          -0  1.798e+308     0.000   114    3    3           1    0    128     10    128     15    T1017s2TS196-D1.pdb:A  SCOP d1au8a_
  261      0.7932          -0       3.073     0.000   114    3    3           1    0    128     10    128     11    T1017s2TS196-D1.pdb:A  SCOP d1kgya_
  262      0.7932          -0  1.798e+308     0.000   114    3    3           1    0    128     10    128     13    T1017s2TS196-D1.pdb:A  SCOP d1wc5a_
  263      0.7932          -0       3.073     0.000   114    3    3           1    0    128     10    128     15    T1017s2TS196-D1.pdb:A  SCOP d1c2ga_
  264      0.7932          -0  1.798e+308     0.000   114    3    3           1    0    128     10    128     13    T1017s2TS196-D1.pdb:A  SCOP d1wc5a_
  265      0.7932          -0       3.073     0.000   114    3    3           1    0    128     10    128     15    T1017s2TS196-D1.pdb:A  SCOP d1g3ea_
  266      0.7932          -0       2.272     0.000   114    3    3           1    0    128     10    128     12    T1017s2TS196-D1.pdb:A  SCOP d2bhfa1
  267      0.7932          -0       3.073     0.000   114    3    3           1    0    128     10    128     15    T1017s2TS196-D1.pdb:A  SCOP d1v6da_
  268      0.7932          -0  1.798e+308     0.000   114    4    3           1    0    128     10    128     19    T1017s2TS196-D1.pdb:A  SCOP d1fy6a_
  269      0.7932          -0       3.073     0.000   114    3    3           1    0    128     10    128     15    T1017s2TS196-D1.pdb:A  SCOP d1o3ca_
  270      0.7932          -0  1.798e+308     0.000   114    4    3           1    0    128     10    128     19    T1017s2TS196-D1.pdb:A  SCOP d1fy6a_
  271      0.7932          -0      0.9898     0.000   114    2    3           1    0    128     10    128     10    T1017s2TS196-D1.pdb:A  SCOP d1ajoa_
  272      0.7932          -0      0.9898     0.000   114    2    3           1    0    128     10    128     10    T1017s2TS196-D1.pdb:A  SCOP d1ajoa_
  273      0.7932          -0      0.9898     0.000   114    2    3           1    0    128     10    128     10    T1017s2TS196-D1.pdb:A  SCOP d1ajoa_
  274      0.7932          -0       3.073     0.000   114    3    3           1    0    128     10    128     11    T1017s2TS196-D1.pdb:A  SCOP d1kgya_
  275      0.7932          -0  1.798e+308     0.000   114    4    3           1    0    128     10    128     18    T1017s2TS196-D1.pdb:A  SCOP d1jcya_
  276      0.7932          -0  1.798e+308     0.000   114    4    3           1    0    128     10    128     18    T1017s2TS196-D1.pdb:A  SCOP d1jcya_
  277      0.7932          -0  1.798e+308     0.000   114    4    3           1    0    128     10    128     18    T1017s2TS196-D1.pdb:A  SCOP d1jcya_
  278      0.7932          -0  1.798e+308     0.000   114    4    3           1    0    128     10    128     18    T1017s2TS196-D1.pdb:A  SCOP d1jcya_
  279      0.7932          -0  1.798e+308     0.000   114    4    3           1    0    128     10    128     18    T1017s2TS196-D1.pdb:A  SCOP d1fwwa_
  280      0.7932          -0       3.073     0.000   114    3    3           1    0    128     10    128     15    T1017s2TS196-D1.pdb:A  SCOP d1gi5a_
  281      0.7932          -0  1.798e+308     0.000   114    4    3           1    0    128     10    128     18    T1017s2TS196-D1.pdb:A  SCOP d1fwwa_
  282      0.7932          -0  1.798e+308     0.000   114    4    3           1    0    128     10    128     18    T1017s2TS196-D1.pdb:A  SCOP d1fwwa_
  283      0.7932          -0  1.798e+308     0.000   114    4    3           1    0    128     10    128     18    T1017s2TS196-D1.pdb:A  SCOP d1fwta_
  284      0.7932          -0       3.073     0.000   114    3    3           1    0    128     10    128     15    T1017s2TS196-D1.pdb:A  SCOP d1o2ha_
  285      0.7932          -0  1.798e+308     0.000   114    4    3           1    0    128     10    128     18    T1017s2TS196-D1.pdb:A  SCOP d1fwta_
  286      0.7932          -0  1.798e+308     0.000   114    4    3           1    0    128     10    128     18    T1017s2TS196-D1.pdb:A  SCOP d1fwta_
  287      0.7932          -0  1.798e+308     0.000   114    3    3           1    0    128     10    128     10    T1017s2TS196-D1.pdb:A  SCOP d1w6na_
  288      0.7932          -0       2.272     0.000   114    3    3           1    0    128     10    128     12    T1017s2TS196-D1.pdb:A  SCOP d1uvwa1
  289      0.7932          -0  1.798e+308     0.000   114    4    3           1    0    128     10    128     19    T1017s2TS196-D1.pdb:A  SCOP d1fwna_
  290      0.7932          -0       5.372     0.000   114    3    3           1    0    128     10    128     15    T1017s2TS196-D1.pdb:A  SCOP d1p2oa_
  291      0.7932          -0       2.272     0.000   114    3    3           1    0    128     10    128     12    T1017s2TS196-D1.pdb:A  SCOP d1uvwa1
  292      0.7932          -0       2.272     0.000   114    3    3           1    0    128     10    128     13    T1017s2TS196-D1.pdb:A  SCOP d1w6wa1
  293      0.7932          -0       2.272     0.000   114    3    3           1    0    128     10    128     13    T1017s2TS196-D1.pdb:A  SCOP d1w6wa1
  294      0.7932          -0       2.272     0.000   114    3    3           1    0    128     10    128     13    T1017s2TS196-D1.pdb:A  SCOP d1w6wa1
  295      0.7932          -0       2.272     0.000   114    3    3           1    0    128     10    128     12    T1017s2TS196-D1.pdb:A  SCOP d1w8ea1
  296      0.7932          -0       2.272     0.000   114    3    3           1    0    128     10    128     12    T1017s2TS196-D1.pdb:A  SCOP d1w8ea1
  297      0.7932          -0       2.272     0.000   114    3    3           1    0    128     10    128     12    T1017s2TS196-D1.pdb:A  SCOP d1w8ea1
  298      0.7932          -0  1.798e+308     0.000   114    4    3           1    0    128     10    128     12    T1017s2TS196-D1.pdb:A  SCOP d1of0a1
  299      0.7932          -0       2.272     0.000   114    3    3           1    0    128     10    128     12    T1017s2TS196-D1.pdb:A  SCOP d1of0a1
  300      0.7932          -0       2.272     0.000   114    3    3           1    0    128     10    128     12    T1017s2TS196-D1.pdb:A  SCOP d1of0a1
  301      0.7932        3.17       5.894     0.000   114    2    3           1    0    128     10    128      2    T1017s2TS196-D1.pdb:A  SCOP d1gura_
  302      0.7932          -0       2.272     0.000   114    3    3           1    0    128     10    128     12    T1017s2TS196-D1.pdb:A  SCOP d1of0a1
  303      0.7932          -0  1.798e+308     0.000   114    4    3           1    0    128     10    128     12    T1017s2TS196-D1.pdb:A  SCOP d2bhfa1
  304      0.7932          -0       2.272     0.000   114    3    3           1    0    128     10    128     12    T1017s2TS196-D1.pdb:A  SCOP d2bhfa1
  305      0.7932          -0       2.272     0.000   114    3    3           1    0    128     10    128     12    T1017s2TS196-D1.pdb:A  SCOP d2bhfa1
  306      0.7932          -0  1.798e+308     0.000   114    4    3           1    0    128     10    128     19    T1017s2TS196-D1.pdb:A  SCOP d1fy6a_
  307      0.7932          -0  1.798e+308     0.000   114    3    3           1    0    128     10    128     12    T1017s2TS196-D1.pdb:A  SCOP d1kkla_
  308      0.7932          -0  1.798e+308     0.000   114    3    3           1    0    128     10    128     10    T1017s2TS196-D1.pdb:A  SCOP d1lsva_
  309      0.7932          -0       3.073     0.000   114    3    3           1    0    128     10    128     15    T1017s2TS196-D1.pdb:A  SCOP d1o2la_
  310      0.7932          -0  1.798e+308     0.000   114    3    3           1    0    128     10    128     12    T1017s2TS196-D1.pdb:A  SCOP d1q89a_
  311      0.7932          -0  1.798e+308     0.000   114    2    3           1    0    128     10    128     10    T1017s2TS196-D1.pdb:A  SCOP d1lsva_
  312      0.7932          -0  1.798e+308     0.000   114    2    3           1    0    128     10    128     10    T1017s2TS196-D1.pdb:A  SCOP d1lsva_
  313      0.7932          -0  1.798e+308     0.000   114    2    3           1    0    128     10    128     10    T1017s2TS196-D1.pdb:A  SCOP d1lsva_
  314      0.7932          -0  1.798e+308     0.000   114    2    3           1    0    128     10    128     10    T1017s2TS196-D1.pdb:A  SCOP d1bfea_
  315      0.7932          -0  1.798e+308     0.000   114    3    3           1    0    128     10    128     10    T1017s2TS196-D1.pdb:A  SCOP d1y28a_
  316      0.7932          -0  1.798e+308     0.000   114    2    3           1    0    128     10    128     10    T1017s2TS196-D1.pdb:A  SCOP d1y28a_
  317      0.7932          -0  1.798e+308     0.000   114    2    3           1    0    128     10    128     10    T1017s2TS196-D1.pdb:A  SCOP d1y28a_
  318      0.7932          -0  1.798e+308     0.000   114    2    3           1    0    128     10    128     10    T1017s2TS196-D1.pdb:A  SCOP d1y28a_
  319      0.7932          -0  1.798e+308     0.000   114    2    3           1    0    128     10    128     10    T1017s2TS196-D1.pdb:A  SCOP d1y28a_
  320      0.7932          -0  1.798e+308     0.000   114    3    3           1    0    128     10    128     10    T1017s2TS196-D1.pdb:A  SCOP d1bfea_
  321      0.7932          -0  1.798e+308     0.000   114    2    3           1    0    128     10    128     10    T1017s2TS196-D1.pdb:A  SCOP d1bfea_
  322      0.7932          -0  1.798e+308     0.000   114    3    3           1    0    128     10    128     10    T1017s2TS196-D1.pdb:A  SCOP d1bfea_
  323      0.7932          -0       3.073     0.000   114    3    3           1    0    128     10    128     15    T1017s2TS196-D1.pdb:A  SCOP d1o36a_
  324      0.7932          -0  1.798e+308     0.000   114    4    3           1    0    128     10    128     10    T1017s2TS196-D1.pdb:A  SCOP d1bfea_
  325      0.7932          -0       3.073     0.000   114    3    3           1    0    128     10    128     15    T1017s2TS196-D1.pdb:A  SCOP d1ql8a_
  326      0.7932          -0  1.798e+308     0.000   114    2    3           1    0    128     10    128     10    T1017s2TS196-D1.pdb:A  SCOP d1bfea_
  327      0.7932          -0       3.073     0.000   114    3    3           1    0    128     10    128     15    T1017s2TS196-D1.pdb:A  SCOP d1o3aa_
  328      0.7932          -0  1.798e+308     0.000   114    3    3           1    0    128     10    128     11    T1017s2TS196-D1.pdb:A  SCOP d1be9a_
  329      0.7932          -0        3.24     0.000   114    4    3           1    0    128     10    128     20    T1017s2TS196-D1.pdb:A  SCOP d2prna_
  330      0.7932          -0        3.24     0.000   114    4    3           1    0    128     10    128     20    T1017s2TS196-D1.pdb:A  SCOP d6prna_
  331      0.7932          -0  1.798e+308     0.000   114    2    3           1    0    128     10    128     10    T1017s2TS196-D1.pdb:A  SCOP d1dp8a_
  332      0.7932          -0        3.24     0.000   114    4    3           1    0    128     10    128     20    T1017s2TS196-D1.pdb:A  SCOP d3prna_
  333      0.7932          -0       5.025     0.000   114    3    3           1    0    128     10    128     15    T1017s2TS196-D1.pdb:A  SCOP d1lo6a_
  334      0.7932          -0       2.449     0.000   114    2    3           1    0    128     10    128     10    T1017s2TS196-D1.pdb:A  SCOP d1hqpa_
  335      0.7932          -0       2.729     0.000   114    2    3           1    0    128     10    128     10    T1017s2TS196-D1.pdb:A  SCOP d1f5wa_
  336      0.7932          -0  1.798e+308     0.000   114    2    3           1    0    128     10    128     10    T1017s2TS196-D1.pdb:A  SCOP d1dp9a_
  337      0.7932          -0       3.073     0.000   114    3    3           1    0    128     10    128     15    T1017s2TS196-D1.pdb:A  SCOP d1xuia_
  338      0.7932          -0  1.798e+308     0.000   114    2    3           1    0    128     10    128     10    T1017s2TS196-D1.pdb:A  SCOP d1dp9a_
  339      0.7932          -0  1.798e+308     0.000   114    2    3           1    0    128     10    128     10    T1017s2TS196-D1.pdb:A  SCOP d1dp9a_
  340      0.7932          -0  1.798e+308     0.000   114    2    3           1    0    128     10    128     10    T1017s2TS196-D1.pdb:A  SCOP d1dp9a_
  341      0.7932          -0  1.798e+308     0.000   114    2    3           1    0    128     10    128     10    T1017s2TS196-D1.pdb:A  SCOP d1dp9a_
  342      0.7932          -0       3.073     0.000   114    3    3           1    0    128     10    128     15    T1017s2TS196-D1.pdb:A  SCOP d1o3ba_
  343      0.7932          -0       3.073     0.000   114    3    3           1    0    128     10    128     15    T1017s2TS196-D1.pdb:A  SCOP d1c9ta_
  344      0.7932          -0  1.798e+308     0.000   114    3    3           1    0    128     10    128     12    T1017s2TS196-D1.pdb:A  SCOP d1q89a_
  345      0.7932          -0  1.798e+308     0.000   114    3    3           1    0    128     10    128     12    T1017s2TS196-D1.pdb:A  SCOP d1q89a_
  346      0.7932          -0       3.073     0.000   114    3    3           1    0    128     10    128     15    T1017s2TS196-D1.pdb:A  SCOP d1ox1a_
  347      0.7932          -0  1.798e+308     0.000   114    2    3           1    0    128     10    128     10    T1017s2TS196-D1.pdb:A  SCOP d1lsva_
  348      0.7932          -0       3.073     0.000   114    3    3           1    0    128     10    128     15    T1017s2TS196-D1.pdb:A  SCOP d1f0ua_
  349      0.7932          -0  1.798e+308     0.000   114    2    3           1    0    128     10    128     10    T1017s2TS196-D1.pdb:A  SCOP d1lsva_
  350      0.7932          -0       3.073     0.000   114    5    3           1    0    128     10    128     18    T1017s2TS196-D1.pdb:A  SCOP d1lem.1
  351      0.7932          -0  1.798e+308     0.000   114    2    3           1    0    128     10    128     10    T1017s2TS196-D1.pdb:A  SCOP d1lswa_
  352      0.7932          -0       3.073     0.000   114    3    3           1    0    128     10    128     15    T1017s2TS196-D1.pdb:A  SCOP d1eb2a_
  353      0.7932          -0  1.798e+308     0.000   114    2    3           1    0    128     10    128     10    T1017s2TS196-D1.pdb:A  SCOP d1lswa_
  354      0.7932          -0       5.268     0.000   114    4    3           1    0    128     10    128     18    T1017s2TS196-D1.pdb:A  SCOP d1qmo.1
  355      0.7932          -0       5.441     0.000   114    2    3           1    0    128     10    128     10    T1017s2TS196-D1.pdb:A  SCOP d1pzva_
  356      0.7932          -0       2.721     0.000   114    2    3           1    0    128     10    128      8    T1017s2TS196-D1.pdb:A  SCOP d1quqa_
  357      0.7932          -0  1.798e+308     0.000   114    2    3           1    0    128     10    128     10    T1017s2TS196-D1.pdb:A  SCOP d1lswa_
  358      0.7932          -0  1.798e+308     0.000   114    2    3           1    0    128     10    128     10    T1017s2TS196-D1.pdb:A  SCOP d1lswa_
  359      0.7932          -0       7.037     0.000   114    4    3           1    0    128     10    128     18    T1017s2TS196-D1.pdb:A  SCOP d1qmo.1
  360      0.7932          -0       3.073     0.000   114    3    3           1    0    128     10    128     15    T1017s2TS196-D1.pdb:A  SCOP d1tnga_
  361      0.7932          -0  1.798e+308     0.000   114    3    3           1    0    128     10    128     10    T1017s2TS196-D1.pdb:A  SCOP d1hcxa_
  362      0.7932          -0        4.36     0.000   114    3    3           1    0    128     10    128     11    T1017s2TS196-D1.pdb:A  SCOP d1dzca_
  363      0.7932     0.01935       6.001     0.000   114    2    3           1    0    128     10    128      9    T1017s2TS196-D1.pdb:A  SCOP d1q34a_
  364      0.7932          -0  1.798e+308     0.000   114    3    3           1    0    128     10    128      8    T1017s2TS196-D1.pdb:A  SCOP d1jd4a_
  365      0.7932          -0       4.962     0.000   114    2    3           1    0    128     10    128      9    T1017s2TS196-D1.pdb:A  SCOP d1q34a_
  366      0.7932          -0  1.798e+308     0.000   114    2    3           1    0    128     10    128      7    T1017s2TS196-D1.pdb:A  SCOP d1q4qa_
  367      0.7932          -0  1.798e+308     0.000   114    3    3           1    0    128     10    128     15    T1017s2TS196-D1.pdb:A  SCOP d1lh0a_
  368      0.7932          -0  1.798e+308     0.000   114    3    3           1    0    128     10    128     12    T1017s2TS196-D1.pdb:A  SCOP d1bsxa_
  369      0.7932          -0       3.073     0.000   114    3    3           1    0    128     10    128     15    T1017s2TS196-D1.pdb:A  SCOP d1btwa_
  370      0.7932          -0  1.798e+308     0.000   114    3    3           1    0    128     10    128     12    T1017s2TS196-D1.pdb:A  SCOP d1dy0a_
  371      0.7932          -0       3.073     0.000   114    3    3           1    0    128     10    128     15    T1017s2TS196-D1.pdb:A  SCOP d1tpsa_
  372      0.7932          -0  1.798e+308     0.000   114    5    3           1    0    128     10    128     11    T1017s2TS196-D1.pdb:A  SCOP d1be9a_
  373      0.7932          -0       3.073     0.000   114    5    3           1    0    128     10    128     17    T1017s2TS196-D1.pdb:A  SCOP d1hkd.1
  374      0.7932          -0       3.073     0.000   114    3    3           1    0    128     10    128     15    T1017s2TS196-D1.pdb:A  SCOP d1o32a_
  375      0.7932          -0       3.073     0.000   114    3    3           1    0    128     10    128     15    T1017s2TS196-D1.pdb:A  SCOP d1mtwa_
  376      0.7932          -0  1.798e+308     0.000   114    2    3           1    0    128     10    128     10    T1017s2TS196-D1.pdb:A  SCOP d1drma_
  377      0.7932          -0  1.798e+308     0.000   114    2    3           1    0    128     10    128     10    T1017s2TS196-D1.pdb:A  SCOP d1drma_
  378      0.7932          -0       3.073     0.000   114    3    3           1    0    128     10    128     15    T1017s2TS196-D1.pdb:A  SCOP d1c5ra_
  379      0.7932          -0       5.268     0.000   114    4    3           1    0    128     10    128     18    T1017s2TS196-D1.pdb:A  SCOP d1qmo.1
  380      0.7932          -0  1.798e+308     0.000   114    3    3           1    0    128     10    128     12    T1017s2TS196-D1.pdb:A  SCOP d1dy0a_
  381      0.7932          -0       3.073     0.000   114    3    3           1    0    128     10    128     15    T1017s2TS196-D1.pdb:A  SCOP d1o2xa_
  382      0.7932          -0       3.073     0.000   114    3    3           1    0    128     10    128     15    T1017s2TS196-D1.pdb:A  SCOP d1xuka_
  383      0.7932          -0  1.798e+308     0.000   114    2    3           1    0    128     10    128     10    T1017s2TS196-D1.pdb:A  SCOP d1dp6a_
  384      0.7932          -0       3.073     0.000   114    3    3           1    0    128     10    128     15    T1017s2TS196-D1.pdb:A  SCOP d1maya_
  385      0.7932          -0       3.073     0.000   114    3    3           1    0    128     10    128     15    T1017s2TS196-D1.pdb:A  SCOP d1btza_
  386      0.7932          -0  1.798e+308     0.000   114    2    3           1    0    128     10    128     10    T1017s2TS196-D1.pdb:A  SCOP d1lswa_
  387      0.7932          -0       2.272     0.000   114    3    3           1    0    128     10    128     11    T1017s2TS196-D1.pdb:A  SCOP d1nuna_
  388      0.7932          -0       3.073     0.000   114    3    3           1    0    128     10    128     15    T1017s2TS196-D1.pdb:A  SCOP d1d6ra_
  389      0.7932          -0       2.623     0.000   114    3    3           1    0    128     10    128     14    T1017s2TS196-D1.pdb:A  SCOP d1b0fa_
  390      0.7932          -0       5.372     0.000   114    5    3           1    0    128     10    128     17    T1017s2TS196-D1.pdb:A  SCOP d2lal.1
  391      0.7932      0.0352       4.059     0.000   114    2    3           1    0    128     10    128     10    T1017s2TS196-D1.pdb:A  SCOP d1guia_
  392      0.7932          -0  1.798e+308     0.000   114    2    3           1    0    128     10    128     10    T1017s2TS196-D1.pdb:A  SCOP d1lswa_
  393      0.7932          -0       2.272     0.000   114    3    3           1    0    128     10    128     15    T1017s2TS196-D1.pdb:A  SCOP d1nn6a_
  394      0.7932       1.531       6.846     0.000   114    3    3           1    0    128     10    128     15    T1017s2TS196-D1.pdb:A  SCOP d1q8va_
  395      0.7932       1.531       6.846     0.000   114    3    3           1    0    128     10    128     15    T1017s2TS196-D1.pdb:A  SCOP d1q8va_
  396      0.7932          -0  1.798e+308     0.000   114    2    3           1    0    128     10    128      7    T1017s2TS196-D1.pdb:A  SCOP d1p13a_
  397      0.7932          -0       4.772     0.000   114    2    3           1    0    128     10    128     10    T1017s2TS196-D1.pdb:A  SCOP d1eaja_
  398      0.7932          -0       3.073     0.000   114    3    3           1    0    128     10    128     15    T1017s2TS196-D1.pdb:A  SCOP d1rxpa_
  399      0.7932          -0       4.495     0.000   114    2    3           1    0    128     10    128      9    T1017s2TS196-D1.pdb:A  SCOP d1a1xa_
  400      0.7932          -0       3.073     0.000   114    3    3           1    0    128     10    128     15    T1017s2TS196-D1.pdb:A  SCOP d1tgca_
  401      0.7932          -0       3.073     0.000   114    3    3           1    0    128     10    128     15    T1017s2TS196-D1.pdb:A  SCOP d1o2za_
  402      0.7932          -0       2.947     0.000   114    3    3           1    0    128     10    128     11    T1017s2TS196-D1.pdb:A  SCOP d1js9a_
  403      0.7932          -0       2.729     0.000   114    2    3           1    0    128     10    128     10    T1017s2TS196-D1.pdb:A  SCOP d1eaja_
  404      0.7932          -0       3.239     0.000   114    2    3           1    0    128     10    128      7    T1017s2TS196-D1.pdb:A  SCOP d1czga_
  405      0.7932          -0       3.073     0.000   114    3    3           1    0    128     10    128     15    T1017s2TS196-D1.pdb:A  SCOP d1tawa_
  406      0.7932          -0       2.623     0.000   114    3    3           1    0    128     10    128     15    T1017s2TS196-D1.pdb:A  SCOP d1hfda_
  407      0.7932          -0       3.343     0.000   114    3    3           1    0    128     10    128     12    T1017s2TS196-D1.pdb:A  SCOP d1cwpa_
  408      0.7932          -0  1.798e+308     0.000   114    3    3           1    0    128     10    128      8    T1017s2TS196-D1.pdb:A  SCOP d1jd4a_
  409      0.7932          -0       3.239     0.000   114    2    3           1    0    128     10    128      7    T1017s2TS196-D1.pdb:A  SCOP d1qoha_
  410      0.7932          -0       3.073     0.000   114    3    3           1    0    128     10    128     15    T1017s2TS196-D1.pdb:A  SCOP d1k1ia_
  411      0.7932          -0       3.073     0.000   114    3    3           1    0    128     10    128     15    T1017s2TS196-D1.pdb:A  SCOP d1btxa_
  412      0.7932          -0       2.623     0.000   114    3    3           1    0    128     10    128     15    T1017s2TS196-D1.pdb:A  SCOP d1dfpa_
  413      0.7932          -0  1.798e+308     0.000   114    2    3           1    0    128     10    128      7    T1017s2TS196-D1.pdb:A  SCOP d1tena_
  414      0.7932          -0       3.073     0.000   114    3    3           1    0    128     10    128     15    T1017s2TS196-D1.pdb:A  SCOP d1o31a_
  415      0.7932          -0  1.798e+308     0.000   114    4    3           1    0    128     10    128     18    T1017s2TS196-D1.pdb:A  SCOP d1lroa_
  416      0.7932   4.363e-09       4.123     0.000   114    3    3           1    0    128     10    128      7    T1017s2TS196-D1.pdb:A  SCOP d1op4a_
  417      0.7932          -0       2.623     0.000   114    2    3           1    0    128     10    128     10    T1017s2TS196-D1.pdb:A  SCOP d1ijaa_
  418      0.7932       1.531       6.846     0.000   114    3    3           1    0    128     10    128     15    T1017s2TS196-D1.pdb:A  SCOP d1n3pa_
  419      0.7932          -0       2.623     0.000   114    2    3           1    0    128     10    128     10    T1017s2TS196-D1.pdb:A  SCOP d1ijaa_
  420      0.7932       1.531       6.846     0.000   114    3    3           1    0    128     10    128     15    T1017s2TS196-D1.pdb:A  SCOP d1n3pa_
  421      0.7932          -0  1.798e+308     0.000   114    4    3           1    0    128     10    128     18    T1017s2TS196-D1.pdb:A  SCOP d1lrqa_
  422      0.7932          -0       3.073     0.000   114    3    3           1    0    128     10    128     15    T1017s2TS196-D1.pdb:A  SCOP d1sbwa_
  423      0.7932          -0  1.798e+308     0.000   114    4    3           1    0    128     10    128     18    T1017s2TS196-D1.pdb:A  SCOP d1lrqa_
  424      0.7932          -0       2.947     0.000   114    3    3           1    0    128     10    128     11    T1017s2TS196-D1.pdb:A  SCOP d1nlra_
  425      0.7932          -0  1.798e+308     0.000   114    4    3           1    0    128     10    128     19    T1017s2TS196-D1.pdb:A  SCOP d1pcka_
  426      0.7932          -0  1.798e+308     0.000   114    4    3           1    0    128     10    128     19    T1017s2TS196-D1.pdb:A  SCOP d1pcka_
  427      0.7932          -0       3.073     0.000   114    3    3           1    0    128     10    128     15    T1017s2TS196-D1.pdb:A  SCOP d1c1sa_
  428      0.7932          -0       3.851     0.000   114    3    3           1    0    128     10    128     11    T1017s2TS196-D1.pdb:A  SCOP d1nlra_
  429      0.7932          -0       3.073     0.000   114    3    3           1    0    128     10    128     15    T1017s2TS196-D1.pdb:A  SCOP d1o2pa_
  430      0.7932          -0       3.958     0.000   114    2    3           1    0    128     10    128      7    T1017s2TS196-D1.pdb:A  SCOP d1op4a_
  431      0.7932          -0  1.798e+308     0.000   114    3    3           1    0    128     10    128     15    T1017s2TS196-D1.pdb:A  SCOP d1fi8a_
  432      0.7932          -0  1.798e+308     0.000   114    4    3           1    0    128     10    128     19    T1017s2TS196-D1.pdb:A  SCOP d1pcka_
  433      0.7932          -0  1.798e+308     0.000   114    4    3           1    0    128     10    128     18    T1017s2TS196-D1.pdb:A  SCOP d1pe1a_
  434      0.7932          -0       2.272     0.000   114    3    3           1    0    128     10    128     15    T1017s2TS196-D1.pdb:A  SCOP d1nn6a_
  435      0.7932          -0  1.798e+308     0.000   114    4    3           1    0    128     10    128     18    T1017s2TS196-D1.pdb:A  SCOP d1pe1a_
  436      0.7932          -0       2.623     0.000   114    2    3           1    0    128     10    128      9    T1017s2TS196-D1.pdb:A  SCOP d1fela_
  437      0.7932          -0  1.798e+308     0.000   114    2    3           1    0    128     10    128     10    T1017s2TS196-D1.pdb:A  SCOP d1lsxa_
  438      0.7932          -0       2.623     0.000   114    2    3           1    0    128     10    128     10    T1017s2TS196-D1.pdb:A  SCOP d1fema_
  439      0.7932          -0  1.798e+308     0.000   114    2    3           1    0    128     10    128     10    T1017s2TS196-D1.pdb:A  SCOP d1lsxa_
  440      0.7932          -0  1.798e+308     0.000   114    2    3           1    0    128     10    128     10    T1017s2TS196-D1.pdb:A  SCOP d1lsxa_
  441      0.7932    0.000117       2.623     0.000   114    2    3           1    0    128     10    128     10    T1017s2TS196-D1.pdb:A  SCOP d1rbpa_
  442      0.7932          -0  1.798e+308     0.000   114    3    3           1    0    128     10    128     12    T1017s2TS196-D1.pdb:A  SCOP d1dy0a_
  443      0.7932          -0       3.073     0.000   114    3    3           1    0    128     10    128     15    T1017s2TS196-D1.pdb:A  SCOP d1c2ea_
  444      0.7932          -0  1.798e+308     0.000   114    2    3           1    0    128     10    128     10    T1017s2TS196-D1.pdb:A  SCOP d1lt0a_
  445      0.7932          -0  1.798e+308     0.000   114    2    3           1    0    128     10    128     10    T1017s2TS196-D1.pdb:A  SCOP d1lt0a_
  446      0.7932          -0  1.798e+308     0.000   114    2    3           1    0    128     10    128     10    T1017s2TS196-D1.pdb:A  SCOP d1lt0a_
  447      0.7932          -0  1.798e+308     0.000   114    2    3           1    0    128     10    128     10    T1017s2TS196-D1.pdb:A  SCOP d1lt0a_
  448      0.7932          -0  1.798e+308     0.000   114    2    3           1    0    128     10    128     10    T1017s2TS196-D1.pdb:A  SCOP d1lt0a_
  449      0.7932          -0        2.93     0.000   114    2    5           1    0    128     10    128     10    T1017s2TS196-D1.pdb:A  SCOP d1agia_
  450      0.7932          -0       2.623     0.000   114    3    3           1    0    128     10    128     15    T1017s2TS196-D1.pdb:A  SCOP d1l2ea_
  451      0.7932          -0  1.798e+308     0.000   114    2    3           1    0    128     10    128     10    T1017s2TS196-D1.pdb:A  SCOP d1dp8a_
  452      0.7932          -0  1.798e+308     0.000   114    3    3           1    0    128     10    128     10    T1017s2TS196-D1.pdb:A  SCOP d1dp8a_
  453      0.7932          -0  1.798e+308     0.000   114    2    3           1    0    128     10    128     10    T1017s2TS196-D1.pdb:A  SCOP d1dp8a_
  454      0.7932          -0  1.798e+308     0.000   114    2    3           1    0    128     10    128     10    T1017s2TS196-D1.pdb:A  SCOP d1dp8a_
  455      0.7932          -0        3.24     0.000   114    4    3           1    0    128     10    128     20    T1017s2TS196-D1.pdb:A  SCOP d8prna_
  456      0.7932          -0        3.24     0.000   114    4    3           1    0    128     10    128     20    T1017s2TS196-D1.pdb:A  SCOP d1bh3a_
  457      0.7932          -0  1.798e+308     0.000   114    3    3           1    0    128     10    128      7    T1017s2TS196-D1.pdb:A  SCOP d1tena_
  458      0.7932          -0  1.798e+308     0.000   114    3    3           1    0    128     10    128      7    T1017s2TS196-D1.pdb:A  SCOP d1tena_
  459      0.7932          -0  1.798e+308     0.000   114    3    3           1    0    128     10    128      7    T1017s2TS196-D1.pdb:A  SCOP d1tena_
  460      0.7932     0.06421        3.24     0.000   114    2    3           1    0    128     10    128      4    T1017s2TS196-D1.pdb:A  SCOP d1pk2a_
  461      0.7932          -0        3.24     0.000   114    2    4           1    0    128     10    128      8    T1017s2TS196-D1.pdb:A  SCOP d1r94a_
  462      0.7932          -0        2.88     0.000   114    3    3           1    0    128     10    128     12    T1017s2TS196-D1.pdb:A  SCOP d1wbaa_
  463      0.7932          -0        3.24     0.000   114    2    4           1    0    128     10    128      8    T1017s2TS196-D1.pdb:A  SCOP d1r95a_
  464      0.7932          -0       2.464     0.000   114    2    3           1    0    128     10    128      9    T1017s2TS196-D1.pdb:A  SCOP d1jasa_
  465      0.7932          -0       3.669     0.000   114    3    3           1    0    128     10    128     12    T1017s2TS196-D1.pdb:A  SCOP d1wbaa_
  466      0.7932          -0       3.073     0.000   114    3    3           1    0    128     10    128     15    T1017s2TS196-D1.pdb:A  SCOP d1k1pa_
  467      0.7932   9.595e-15       2.623     0.000   114    2    3           1    0    128     10    128     10    T1017s2TS196-D1.pdb:A  SCOP d1kt7a_
  468      0.7932   9.595e-15       2.623     0.000   114    2    3           1    0    128     10    128     10    T1017s2TS196-D1.pdb:A  SCOP d1kt6a_
  469      0.7932          -0       3.073     0.000   114    3    3           1    0    128     10    128     15    T1017s2TS196-D1.pdb:A  SCOP d1tpoa_
  470      0.7932   9.595e-15       2.623     0.000   114    2    3           1    0    128     10    128     10    T1017s2TS196-D1.pdb:A  SCOP d1kt4a_
  471      0.7932   9.595e-15       2.623     0.000   114    2    3           1    0    128     10    128     10    T1017s2TS196-D1.pdb:A  SCOP d1kt5a_
  472      0.7932          -0       4.772     0.000   114    2    3           1    0    128     10    128     10    T1017s2TS196-D1.pdb:A  SCOP d1f5wa_
  473      0.7932          -0       3.073     0.000   114    3    3           1    0    128     10    128     15    T1017s2TS196-D1.pdb:A  SCOP d3ptba_
  474      0.7932   7.222e-05       2.623     0.000   114    2    3           1    0    128     10    128     10    T1017s2TS196-D1.pdb:A  SCOP d1hbqa_
  475      0.7932    7.29e-14       2.623     0.000   114    2    3           1    0    128     10    128     10    T1017s2TS196-D1.pdb:A  SCOP d1jyda_
  476      0.7932   9.595e-15       2.623     0.000   114    2    3           1    0    128     10    128     10    T1017s2TS196-D1.pdb:A  SCOP d1hbpa_
  477      0.7932   9.595e-15       2.623     0.000   114    2    3           1    0    128     10    128     10    T1017s2TS196-D1.pdb:A  SCOP d1erba_
  478      0.7932          -0  1.798e+308     0.000   114    3    3           1    0    128     10    128     15    T1017s2TS196-D1.pdb:A  SCOP d2tgda_
  479      0.7932          -0  1.798e+308     0.000   114    2    3           1    0    128     10    128      5    T1017s2TS196-D1.pdb:A  SCOP d1ldda_
  480      0.7932          -0       3.073     0.000   114    4    3           1    0    128     10    128     17    T1017s2TS196-D1.pdb:A  SCOP d1lof.1
  481      0.7932          -0       3.073     0.000   114    3    3           1    0    128     10    128     15    T1017s2TS196-D1.pdb:A  SCOP d1o3da_
  482      0.7932          -0       3.073     0.000   114    3    3           1    0    128     10    128     15    T1017s2TS196-D1.pdb:A  SCOP d1auja_
  483      0.7932          -0        4.81     0.000   114    3    3           1    0    128     10    128     13    T1017s2TS196-D1.pdb:A  SCOP d1lgna_
  484      0.7932          -0       3.073     0.000   114    5    3           1    0    128     10    128     18    T1017s2TS196-D1.pdb:A  SCOP d1lob.1
  485      0.7932          -0       3.073     0.000   114    3    3           1    0    128     10    128     15    T1017s2TS196-D1.pdb:A  SCOP d1jira_
  486      0.7932          -0       3.073     0.000   114    5    3           1    0    128     10    128     18    T1017s2TS196-D1.pdb:A  SCOP d1loc.1
  487      0.7932      0.9038       4.345     0.000   114    2    3           1    0    128     10    128      4    T1017s2TS196-D1.pdb:A  SCOP d1hy8a_
  488      0.7932   6.675e-05       5.025     0.000   114    2    3           1    0    128     10    128      5    T1017s2TS196-D1.pdb:A  SCOP d1e8ra_
  489      0.7932          -0        3.24     0.000   114    3    3           1    0    128     10    128     13    T1017s2TS196-D1.pdb:A  SCOP d1l8fa_
  490      0.7932          -0  1.798e+308     0.000   114    3    3           1    0    128     10    128     15    T1017s2TS196-D1.pdb:A  SCOP d1i3o.1
  491      0.7932          -0       3.073     0.000   114    5    3           1    0    128     10    128     17    T1017s2TS196-D1.pdb:A  SCOP d1loa.1
  492      0.7932          -0       3.073     0.000   114    3    3           1    0    128     10    128     15    T1017s2TS196-D1.pdb:A  SCOP d1c1ta_
  493      0.7932          -0       3.442     0.000   114    2    3           1    0    128     10    128      9    T1017s2TS196-D1.pdb:A  SCOP d1sfpa_
  494      0.7932          -0       2.623     0.000   114    3    3           1    0    128     10    128     14    T1017s2TS196-D1.pdb:A  SCOP d1fuja_
