<html><head></head><body><pre style="word-wrap: break-word; white-space: pre-wrap;"> PDBe Fold v2.59. (src3) 14 Apr 2014 result file.

                   RESULT SUMMARY

   ##      Q-score      P-score     Z-score   RMSD    Nalgn Nsse Ngaps Seq-%     Nmd Nres-Q Nsse-Q Nres-T Nsse-T Query Target
    1           1          -0       3.815     0.000    88    3    0           1    0     88      7     88     13    T1015s1TS224-D1.pdb:A  SCOP d1rx9a_
    2           1          -0       3.815     0.000    88    3    0           1    0     88      7     88     12    T1015s1TS224-D1.pdb:A  SCOP d1rx5a_
    3      0.9774       1.083       3.937     0.000    87    2    1           1    0     88      7     88      6    T1015s1TS224-D1.pdb:A  SCOP d1foca_
    4      0.9774          -0       3.815     0.000    87    3    1           1    0     88      7     88     13    T1015s1TS224-D1.pdb:A  SCOP d1rx3a_
    5      0.9774       2.236       4.502     0.000    87    2    1           1    0     88      7     88      3    T1015s1TS224-D1.pdb:A  SCOP d1bdca_
    6      0.9774          -0       3.815     0.000    87    3    1           1    0     88      7     88     12    T1015s1TS224-D1.pdb:A  SCOP d1rx4a_
    7      0.9774          -0       3.815     0.000    87    3    1           1    0     88      7     88     12    T1015s1TS224-D1.pdb:A  SCOP d1rx8a_
    8      0.9551          -0       3.275     0.000    86    2    1           1    0     88      7     88      9    T1015s1TS224-D1.pdb:A  SCOP d1aqza_
    9      0.9551       3.173       5.516     0.000    86    2    1           1    0     88      7     88      5    T1015s1TS224-D1.pdb:A  SCOP d1f6va_
   10      0.9551      0.2683       3.535     0.000    86    2    1           1    0     88      7     88      3    T1015s1TS224-D1.pdb:A  SCOP d1cisa_
   11      0.9551       1.006        4.97     0.000    86    2    1           1    0     88      7     88      6    T1015s1TS224-D1.pdb:A  SCOP d1defa_
   12      0.9551        3.76       6.197     0.000    86    2    1           1    0     88      7     88      6    T1015s1TS224-D1.pdb:A  SCOP d1defa_
   13      0.9551    2.18e-08       3.327     0.000    86    2    1           1    0     88      7     88      7    T1015s1TS224-D1.pdb:A  SCOP d1jbta_
   14      0.9551       1.368       6.328     0.000    86    3    1           1    0     88      7     88      9    T1015s1TS224-D1.pdb:A  SCOP d2defa_
   15      0.9551   9.479e-05       4.338     0.000    86    2    1           1    0     88      7     88      6    T1015s1TS224-D1.pdb:A  SCOP d1t0ya_
   16      0.9551   0.0002494       3.908     0.000    86    2    1           1    0     88      7     88     10    T1015s1TS224-D1.pdb:A  SCOP d1bs7a_
   17      0.9551          -0       5.713     0.000    86    3    1           1    0     88      7     88     15    T1015s1TS224-D1.pdb:A  SCOP d1kmsa_
   18      0.9551          -0       5.713     0.000    86    3    1           1    0     88      7     88     14    T1015s1TS224-D1.pdb:A  SCOP d1kmva_
   19      0.9551          -0       5.713     0.000    86    3    1           1    0     88      7     88     15    T1015s1TS224-D1.pdb:A  SCOP d1dr4a_
   20      0.9551      0.4508       6.301     0.000    86    2    1           1    0     88      7     88      6    T1015s1TS224-D1.pdb:A  SCOP d1t0ya_
   21      0.9551          -0       5.713     0.000    86    3    1           1    0     88      7     88     15    T1015s1TS224-D1.pdb:A  SCOP d1dr2a_
   22      0.9551          -0       5.713     0.000    86    3    1           1    0     88      7     88     15    T1015s1TS224-D1.pdb:A  SCOP d1dr3a_
   23      0.9551          -0       5.713     0.000    86    3    1           1    0     88      7     88     15    T1015s1TS224-D1.pdb:A  SCOP d1dr1a_
   24      0.9551          -0       3.693     0.000    86    3    1           1    0     88      7     88     12    T1015s1TS224-D1.pdb:A  SCOP d1pqfa_
   25      0.9551          -0       3.693     0.000    86    3    1           1    0     88      7     88     12    T1015s1TS224-D1.pdb:A  SCOP d1pt1a_
   26      0.9551          -0       3.693     0.000    86    2    1           1    0     88      7     88      9    T1015s1TS224-D1.pdb:A  SCOP d1pqha_
   27      0.9551          -0       2.947     0.000    86    2    1           1    0     88      7     88     10    T1015s1TS224-D1.pdb:A  SCOP d1ppya_
   28      0.9551      0.2147       3.413     0.000    86    2    1           1    0     88      7     88      3    T1015s1TS224-D1.pdb:A  SCOP d3ci2a_
   29      0.9551          -0       3.693     0.000    86    3    1           1    0     88      7     88     10    T1015s1TS224-D1.pdb:A  SCOP d1ppya_
   30      0.9551          -0       5.713     0.000    86    3    1           1    0     88      7     88     15    T1015s1TS224-D1.pdb:A  SCOP d1ohja_
   31      0.9551       1.148       4.843     0.000    86    2    1           1    0     88      7     88      3    T1015s1TS224-D1.pdb:A  SCOP d1jxca_
   32      0.9551       1.942       4.216     0.000    86    2    1           1    0     88      7     88      3    T1015s1TS224-D1.pdb:A  SCOP d1bdda_
   33      0.9551    0.004302       3.894     0.000    86    2    1           1    0     88      7     88      5    T1015s1TS224-D1.pdb:A  SCOP d2igga_
   34      0.9551   8.612e-08       3.894     0.000    86    2    1           1    0     88      7     88      5    T1015s1TS224-D1.pdb:A  SCOP d2igha_
   35      0.9551       2.794       6.046     0.000    86    3    1           1    0     88      7     88      5    T1015s1TS224-D1.pdb:A  SCOP d2pnaa_
   36      0.9551       2.225       5.542     0.000    86    3    1           1    0     88      7     88      5    T1015s1TS224-D1.pdb:A  SCOP d2pnba_
   37      0.9551   2.194e-06        4.08     0.000    86    2    1           1    0     88      7     88      5    T1015s1TS224-D1.pdb:A  SCOP d1igca_
   38      0.9551       1.561       4.315     0.000    86    2    1           1    0     88      7     88      5    T1015s1TS224-D1.pdb:A  SCOP d1mi0a_
   39      0.9551       0.398        4.08     0.000    86    2    1           1    0     88      7     88      5    T1015s1TS224-D1.pdb:A  SCOP d1qkza_
   40      0.9551       0.398        4.08     0.000    86    2    1           1    0     88      7     88      5    T1015s1TS224-D1.pdb:A  SCOP d1igda_
   41      0.9551       0.398        4.08     0.000    86    2    1           1    0     88      7     88      5    T1015s1TS224-D1.pdb:A  SCOP d2igda_
   42      0.9551          -0       3.958     0.000    86    2    2           1    0     88      7     88     10    T1015s1TS224-D1.pdb:A  SCOP d1mhda_
   43      0.9551       2.941       4.871     0.000    86    2    1           1    0     88      7     88      2    T1015s1TS224-D1.pdb:A  SCOP d1u96a_
   44      0.9551          -0       3.815     0.000    86    3    1           1    0     88      7     88     13    T1015s1TS224-D1.pdb:A  SCOP d1rf7a_
   45      0.9551          -0       3.815     0.000    86    3    1           1    0     88      7     88     13    T1015s1TS224-D1.pdb:A  SCOP d1rx2a_
   46      0.9551          -0       3.815     0.000    86    3    1           1    0     88      7     88     13    T1015s1TS224-D1.pdb:A  SCOP d1rx2a_
   47      0.9551      0.1332       3.247     0.000    86    2    1           1    0     88      7     88      6    T1015s1TS224-D1.pdb:A  SCOP d1sf6a_
   48      0.9551      0.1332       3.247     0.000    86    2    1           1    0     88      7     88      5    T1015s1TS224-D1.pdb:A  SCOP d1sf4a_
   49      0.9551          -0       3.492     0.000    86    2    1           1    0     88      7     88      7    T1015s1TS224-D1.pdb:A  SCOP d1p9ma1
   50      0.9551          -0       3.571     0.000    86    3    1           1    0     88      7     88     12    T1015s1TS224-D1.pdb:A  SCOP d1rx7a_
   51      0.9551          -0       3.815     0.000    86    3    1           1    0     88      7     88     12    T1015s1TS224-D1.pdb:A  SCOP d1rx6a_
   52      0.9551          -0       3.815     0.000    86    3    1           1    0     88      7     88     12    T1015s1TS224-D1.pdb:A  SCOP d1rx6a_
   53      0.9551          -0       3.815     0.000    86    3    1           1    0     88      7     88     13    T1015s1TS224-D1.pdb:A  SCOP d1rx1a_
   54      0.9551          -0       3.815     0.000    86    3    1           1    0     88      7     88     13    T1015s1TS224-D1.pdb:A  SCOP d1rx1a_
   55      0.9551          -0       5.713     0.000    86    3    1           1    0     88      7     88     15    T1015s1TS224-D1.pdb:A  SCOP d8dfra_
   56      0.9437          -0       3.608     0.000    85    3    1           1    0     88      7     87     14    T1015s1TS224-D1.pdb:A  SCOP d1seja1
   57      0.9437          -0       3.608     0.000    85    3    1           1    0     88      7     87     14    T1015s1TS224-D1.pdb:A  SCOP d1qzfa1
   58       0.933       1.219       5.025     0.000    85    2    2           1    0     88      7     88      5    T1015s1TS224-D1.pdb:A  SCOP d1hz6a_
   59       0.933          -0        3.47     0.000    85    2    2           1    0     88      7     88     10    T1015s1TS224-D1.pdb:A  SCOP d1ioda_
   60       0.933          -0        3.47     0.000    85    2    2           1    0     88      7     88     10    T1015s1TS224-D1.pdb:A  SCOP d1ioda_
   61       0.933       1.219       5.025     0.000    85    2    2           1    0     88      7     88      5    T1015s1TS224-D1.pdb:A  SCOP d1hz5a_
   62       0.933     0.07515       3.496     0.000    85    4    2           1    0     88      7     88      9    T1015s1TS224-D1.pdb:A  SCOP d1vr7a1
   63       0.933       1.219       5.025     0.000    85    2    2           1    0     88      7     88      5    T1015s1TS224-D1.pdb:A  SCOP d1k50a_
   64       0.933     0.02801        4.46     0.000    85    3    2           1    0     88      7     88     13    T1015s1TS224-D1.pdb:A  SCOP d1tu4a_
   65       0.933      0.7481       4.402     0.000    85    2    2           1    0     88      7     88      5    T1015s1TS224-D1.pdb:A  SCOP d1kh0a_
   66       0.933       1.219       5.025     0.000    85    2    2           1    0     88      7     88      5    T1015s1TS224-D1.pdb:A  SCOP d1k52a_
   67       0.933      0.1242        5.42     0.000    85    2    2           1    0     88      7     88     10    T1015s1TS224-D1.pdb:A  SCOP d1ctra_
   68       0.933     0.02875        4.05     0.000    85    3    2           1    0     88      7     88     13    T1015s1TS224-D1.pdb:A  SCOP d1n6oa_
   69       0.933     0.02875        4.05     0.000    85    3    2           1    0     88      7     88     13    T1015s1TS224-D1.pdb:A  SCOP d1n6ia_
   70       0.933     0.03008        4.05     0.000    85    3    2           1    0     88      7     88     13    T1015s1TS224-D1.pdb:A  SCOP d1n6la_
   71       0.933      0.2431       3.496     0.000    85    4    2           1    0     88      7     88      9    T1015s1TS224-D1.pdb:A  SCOP d1tlua_
   72       0.933     0.02875        4.05     0.000    85    3    2           1    0     88      7     88     13    T1015s1TS224-D1.pdb:A  SCOP d1n6na_
   73       0.933     0.03008        4.05     0.000    85    3    2           1    0     88      7     88     13    T1015s1TS224-D1.pdb:A  SCOP d1n6ra_
   74       0.933    0.000492       5.039     0.000    85    3    1           1    0     88      7     88     14    T1015s1TS224-D1.pdb:A  SCOP d1io2a_
   75       0.933       2.745       4.962     0.000    85    2    1           1    0     88      7     88      3    T1015s1TS224-D1.pdb:A  SCOP d1vg5a_
   76       0.933     0.02875        4.05     0.000    85    3    2           1    0     88      7     88     13    T1015s1TS224-D1.pdb:A  SCOP d1n6ka_
   77       0.933      0.3917       4.881     0.000    85    3    2           1    0     88      7     88     13    T1015s1TS224-D1.pdb:A  SCOP d1n6pa_
   78       0.933     0.02875        4.05     0.000    85    3    2           1    0     88      7     88     13    T1015s1TS224-D1.pdb:A  SCOP d1n6ha_
   79       0.933     0.03011        4.05     0.000    85    3    2           1    0     88      7     88     13    T1015s1TS224-D1.pdb:A  SCOP d1r2qa_
   80       0.933       2.117       4.388     0.000    85    2    1           1    0     88      7     88      3    T1015s1TS224-D1.pdb:A  SCOP d1wh7a_
   81       0.933   5.456e-05        4.55     0.000    85    3    2           1    0     88      7     88     11    T1015s1TS224-D1.pdb:A  SCOP d1g17a_
   82       0.933   4.822e-17       3.879     0.000    85    2    2           1    0     88      7     88      6    T1015s1TS224-D1.pdb:A  SCOP d1kbaa_
   83       0.933          -0       2.729     0.000    85    3    2           1    0     88      7     88      8    T1015s1TS224-D1.pdb:A  SCOP d1xn6a_
   84       0.933      0.1247       5.461     0.000    85    3    2           1    0     88      7     88     12    T1015s1TS224-D1.pdb:A  SCOP d1g16a_
   85       0.933       1.237       4.102     0.000    85    2    2           1    0     88      7     88      7    T1015s1TS224-D1.pdb:A  SCOP d1rzla_
   86       0.933          -0       3.222     0.000    85    2    2           1    0     88      7     88     10    T1015s1TS224-D1.pdb:A  SCOP d1s7ia_
   87       0.933      0.1537       3.304     0.000    85    4    2           1    0     88      7     88      9    T1015s1TS224-D1.pdb:A  SCOP d1tmia_
   88       0.933        0.18       3.811     0.000    85    3    2           1    0     88      7     88      6    T1015s1TS224-D1.pdb:A  SCOP d1uila_
   89       0.933      0.1331       4.423     0.000    85    3    2           1    0     88      7     88     13    T1015s1TS224-D1.pdb:A  SCOP d1tu3a_
   90       0.933       1.545         3.8     0.000    85    2    2           1    0     88      7     88      4    T1015s1TS224-D1.pdb:A  SCOP d1kq8a_
   91       0.933          -0       2.887     0.000    85    2    2           1    0     88      7     88      9    T1015s1TS224-D1.pdb:A  SCOP d1s1ja_
   92       0.933     0.02755       3.901     0.000    85    2    2           1    0     88      7     88      6    T1015s1TS224-D1.pdb:A  SCOP d1v31a_
   93      0.9112          -0       2.849     0.000    84    3    1           1    0     88      7     88     12    T1015s1TS224-D1.pdb:A  SCOP d1tdra_
   94      0.9112          -0        4.13     0.000    84    2    2           1    0     88      7     88      9    T1015s1TS224-D1.pdb:A  SCOP d1k8ha_
   95      0.9112   3.081e-07       3.664     0.000    84    3    2           1    0     88      7     88     12    T1015s1TS224-D1.pdb:A  SCOP d1xuva_
   96      0.9112          -0       2.849     0.000    84    3    2           1    0     88      7     88     13    T1015s1TS224-D1.pdb:A  SCOP d1rh3a_
   97      0.9112       1.532       3.786     0.000    84    2    3           1    0     88      7     88      4    T1015s1TS224-D1.pdb:A  SCOP d1l6ha_
   98      0.9112          -0       2.206     0.000    84    2    2           1    0     88      7     88      9    T1015s1TS224-D1.pdb:A  SCOP d1k8ha_
   99      0.9112          -0        3.93     0.000    84    2    2           1    0     88      7     88      7    T1015s1TS224-D1.pdb:A  SCOP d1jh3a_
  100      0.9112       2.462       4.431     0.000    84    2    1           1    0     88      7     88      2    T1015s1TS224-D1.pdb:A  SCOP d1u97a_
  101      0.9112    0.003427       3.737     0.000    84    3    2           1    0     88      7     88     13    T1015s1TS224-D1.pdb:A  SCOP d1huqa_
  102      0.9112          -0       3.134     0.000    84    2    3           1    0     88      7     88      6    T1015s1TS224-D1.pdb:A  SCOP d1weza_
  103      0.9112          -0       2.849     0.000    84    3    2           1    0     88      7     88     13    T1015s1TS224-D1.pdb:A  SCOP d1drha_
  104      0.9112   1.094e-10       3.872     0.000    84    2    2           1    0     88      7     88      6    T1015s1TS224-D1.pdb:A  SCOP d1wg5a_
  105      0.9112   3.932e-11       4.474     0.000    84    2    2           1    0     88      7     88      8    T1015s1TS224-D1.pdb:A  SCOP d1ifqa_
  106      0.9112    0.001078       2.545     0.000    84    2    2           1    0     88      7     88      5    T1015s1TS224-D1.pdb:A  SCOP d1mhxa_
  107      0.9112          -0       2.661     0.000    84    2    2           1    0     88      7     88      9    T1015s1TS224-D1.pdb:A  SCOP d1i7ka_
  108      0.9112          -0       2.849     0.000    84    3    2           1    0     88      7     88     13    T1015s1TS224-D1.pdb:A  SCOP d1drha_
  109      0.9112          -0       2.362     0.000    84    2    2           1    0     88      7     88      5    T1015s1TS224-D1.pdb:A  SCOP d1a67a_
  110      0.9112    0.003252        3.05     0.000    84    4    2           1    0     88      7     88      5    T1015s1TS224-D1.pdb:A  SCOP d1a67a_
  111      0.9112          -0       2.849     0.000    84    3    1           1    0     88      7     88     12    T1015s1TS224-D1.pdb:A  SCOP d1tdra_
  112      0.8896   1.235e-07       3.071     0.000    83    3    2           1    0     88      7     88     11    T1015s1TS224-D1.pdb:A  SCOP d1zbda_
  113      0.8896          -0       2.196     0.000    83    2    4           1    0     88      7     88      9    T1015s1TS224-D1.pdb:A  SCOP d1f6sa_
  114      0.8896          -0        3.87     0.000    83    2    3           1    0     88      7     88     10    T1015s1TS224-D1.pdb:A  SCOP d2fpia1
  115      0.8896    0.008116       4.252     0.000    83    2    2           1    0     88      7     88      6    T1015s1TS224-D1.pdb:A  SCOP d1d5va_
  116      0.8896          -0        3.75     0.000    83    2    2           1    0     88      7     88     10    T1015s1TS224-D1.pdb:A  SCOP d1xfsa_
  117      0.8896   4.822e-17       3.144     0.000    83    2    2           1    0     88      7     88      9    T1015s1TS224-D1.pdb:A  SCOP d5lyta_
  118      0.8896   0.0003207       2.272     0.000    83    2    2           1    0     88      7     88      8    T1015s1TS224-D1.pdb:A  SCOP d1ja7a_
  119      0.8896          -0       2.553     0.000    83    2    3           1    0     88      7     88      9    T1015s1TS224-D1.pdb:A  SCOP d1fvua_
  120      0.8896   0.0002997       3.029     0.000    83    3    3           1    0     88      7     88      9    T1015s1TS224-D1.pdb:A  SCOP d1a3aa_
  121      0.8896   0.0002997       3.029     0.000    83    3    3           1    0     88      7     88      9    T1015s1TS224-D1.pdb:A  SCOP d1a3aa_
  122      0.8896   1.013e-15       3.802     0.000    83    2    2           1    0     88      7     88      8    T1015s1TS224-D1.pdb:A  SCOP d1ll8a_
  123      0.8896          -0       3.599     0.000    83    3    1           1    0     88      7     88     15    T1015s1TS224-D1.pdb:A  SCOP d1aywa_
  124      0.8896     0.01765       4.233     0.000    83    3    2           1    0     88      7     88     14    T1015s1TS224-D1.pdb:A  SCOP d1uaxa_
  125      0.8896          -0       3.064     0.000    83    2    3           1    0     88      7     88      6    T1015s1TS224-D1.pdb:A  SCOP d1iyfa_
  126      0.8896       2.949       5.137     0.000    83    2    1           1    0     88      7     88      3    T1015s1TS224-D1.pdb:A  SCOP d1vega_
  127      0.8896          -0       5.337     0.000    83    3    2           1    0     88      7     88     15    T1015s1TS224-D1.pdb:A  SCOP d1iita_
  128      0.8896       2.451       4.702     0.000    83    2    1           1    0     88      7     88      3    T1015s1TS224-D1.pdb:A  SCOP d1wh5a_
  129      0.8896          -0       5.337     0.000    83    3    2           1    0     88      7     88     15    T1015s1TS224-D1.pdb:A  SCOP d1ii5a_
  130      0.8876   7.715e-16       2.887     0.000    81    2    2           1    0     88      7     84      8    T1015s1TS224-D1.pdb:A  SCOP d1y2ga1
  131      0.8876          -0        2.74     0.000    81    2    2           1    0     88      7     84      8    T1015s1TS224-D1.pdb:A  SCOP d1s1sa1
  132      0.8855     0.09818       3.326     0.695    85    2    2      0.9647    0     88      7     88      6    T1015s1TS224-D1.pdb:A  SCOP d1jxsa_
  133      0.8851          -0       3.015     0.698    85    2    2      0.9647    0     88      7     88      8    T1015s1TS224-D1.pdb:A  SCOP d2tcla_
  134      0.8845          -0       2.471     0.702    85    2    2      0.9765    0     88      7     88      9    T1015s1TS224-D1.pdb:A  SCOP d1n2ma_
  135      0.8845          -0       2.919     0.703    85    3    2      0.9647    0     88      7     88     12    T1015s1TS224-D1.pdb:A  SCOP d1dxma_
  136      0.8845          -0       2.919     0.703    85    3    2      0.9647    0     88      7     88     12    T1015s1TS224-D1.pdb:A  SCOP d1hpca_
  137      0.8845          -0       2.919     0.703    85    3    2      0.9647    0     88      7     88     11    T1015s1TS224-D1.pdb:A  SCOP d1onla_
  138      0.8845          -0       2.919     0.703    85    3    2      0.9647    0     88      7     88     12    T1015s1TS224-D1.pdb:A  SCOP d1htpa_
  139      0.8783          -0       3.435     0.000    82    2    2           1    0     88      7     87     10    T1015s1TS224-D1.pdb:A  SCOP d1ygya2
  140      0.8683   9.812e-06       3.802     0.000    82    2    3           1    0     88      7     88     10    T1015s1TS224-D1.pdb:A  SCOP d1e09a_
  141      0.8683   2.858e-07        4.73     0.000    82    2    2           1    0     88      7     88      8    T1015s1TS224-D1.pdb:A  SCOP d2nmla1
  142      0.8683   4.822e-17       3.144     0.000    82    2    2           1    0     88      7     88      9    T1015s1TS224-D1.pdb:A  SCOP d1loza_
  143      0.8683   4.822e-17       3.144     0.000    82    2    2           1    0     88      7     88      9    T1015s1TS224-D1.pdb:A  SCOP d2meaa_
  144      0.8683   4.822e-17       3.144     0.000    82    2    2           1    0     88      7     88      9    T1015s1TS224-D1.pdb:A  SCOP d208la_
  145      0.8683   4.822e-17       3.144     0.000    82    2    2           1    0     88      7     88      9    T1015s1TS224-D1.pdb:A  SCOP d2meca_
  146      0.8683   4.822e-17       3.144     0.000    82    2    2           1    0     88      7     88      9    T1015s1TS224-D1.pdb:A  SCOP d1gbya_
  147      0.8683   4.822e-17       3.144     0.000    82    2    2           1    0     88      7     88      9    T1015s1TS224-D1.pdb:A  SCOP d1b5za_
  148      0.8683   4.822e-17       3.144     0.000    82    2    2           1    0     88      7     88      8    T1015s1TS224-D1.pdb:A  SCOP d1bb4a_
  149      0.8683   4.822e-17       3.144     0.000    82    2    2           1    0     88      7     88      9    T1015s1TS224-D1.pdb:A  SCOP d132la_
  150      0.8683   2.154e-06       3.457     0.000    82    2    3           1    0     88      7     88     10    T1015s1TS224-D1.pdb:A  SCOP d1fm4a_
  151      0.8683   4.822e-17       3.144     0.000    82    2    2           1    0     88      7     88      9    T1015s1TS224-D1.pdb:A  SCOP d1ckha_
  152      0.8683          -0       3.442     0.000    82    2    3           1    0     88      7     88     10    T1015s1TS224-D1.pdb:A  SCOP d1llta_
  153      0.8683          -0       3.442     0.000    82    2    3           1    0     88      7     88     10    T1015s1TS224-D1.pdb:A  SCOP d1qmra_
  154      0.8683   4.822e-17       3.144     0.000    82    2    2           1    0     88      7     88      9    T1015s1TS224-D1.pdb:A  SCOP d1gaya_
  155      0.8683   4.822e-17       3.144     0.000    82    2    2           1    0     88      7     88      9    T1015s1TS224-D1.pdb:A  SCOP d1b5wa_
  156      0.8683      0.7118       3.305     0.000    82    2    3           1    0     88      7     88      5    T1015s1TS224-D1.pdb:A  SCOP d2hfha_
  157      0.8683   4.822e-17       3.144     0.000    82    2    2           1    0     88      7     88      9    T1015s1TS224-D1.pdb:A  SCOP d1bb5a_
  158      0.8683   4.822e-17       3.144     0.000    82    2    2           1    0     88      7     88      9    T1015s1TS224-D1.pdb:A  SCOP d1b7qa_
  159      0.8683   4.822e-17       3.144     0.000    82    2    2           1    0     88      7     88     10    T1015s1TS224-D1.pdb:A  SCOP d1qswa_
  160      0.8683    0.001024       3.973     0.000    82    2    2           1    0     88      7     88      7    T1015s1TS224-D1.pdb:A  SCOP d2hdca_
  161      0.8683   4.822e-17       3.144     0.000    82    2    2           1    0     88      7     88      9    T1015s1TS224-D1.pdb:A  SCOP d1ge2a_
  162      0.8683   4.822e-17       3.144     0.000    82    2    2           1    0     88      7     88      9    T1015s1TS224-D1.pdb:A  SCOP d1ip7a_
  163      0.8683   4.822e-17       3.144     0.000    82    2    2           1    0     88      7     88      9    T1015s1TS224-D1.pdb:A  SCOP d1lz4a_
  164      0.8683   4.822e-17       3.144     0.000    82    2    2           1    0     88      7     88     10    T1015s1TS224-D1.pdb:A  SCOP d1bb3a_
  165      0.8683   4.822e-17       3.144     0.000    82    2    2           1    0     88      7     88      9    T1015s1TS224-D1.pdb:A  SCOP d1cj9a_
  166      0.8683   4.822e-17       3.144     0.000    82    2    2           1    0     88      7     88      9    T1015s1TS224-D1.pdb:A  SCOP d1lz5a_
  167      0.8683   4.822e-17       3.144     0.000    82    2    2           1    0     88      7     88      9    T1015s1TS224-D1.pdb:A  SCOP d1lhia_
  168      0.8683   4.822e-17       3.144     0.000    82    2    2           1    0     88      7     88      9    T1015s1TS224-D1.pdb:A  SCOP d1gbxa_
  169      0.8683   1.295e-05       3.341     0.000    82    2    3           1    0     88      7     88      5    T1015s1TS224-D1.pdb:A  SCOP d1sxla_
  170      0.8683          -0       2.865     0.000    82    2    2           1    0     88      7     88      7    T1015s1TS224-D1.pdb:A  SCOP d1fjca_
  171      0.8683   4.822e-17       3.144     0.000    82    2    2           1    0     88      7     88      9    T1015s1TS224-D1.pdb:A  SCOP d1iwxa_
  172      0.8683   4.822e-17       3.144     0.000    82    2    2           1    0     88      7     88      9    T1015s1TS224-D1.pdb:A  SCOP d1iwva_
  173      0.8683   3.693e-06        4.46     0.000    82    2    2           1    0     88      7     88      8    T1015s1TS224-D1.pdb:A  SCOP d1p1ta_
  174      0.8683       1.269       3.485     0.000    82    2    2           1    0     88      7     88      3    T1015s1TS224-D1.pdb:A  SCOP d1du6a_
  175      0.8683   4.822e-17       3.144     0.000    82    2    2           1    0     88      7     88      9    T1015s1TS224-D1.pdb:A  SCOP d1cj8a_
  176      0.8683   4.822e-17       3.144     0.000    82    2    2           1    0     88      7     88      9    T1015s1TS224-D1.pdb:A  SCOP d1dkja_
  177      0.8683          -0       2.849     0.000    82    3    2           1    0     88      7     88     13    T1015s1TS224-D1.pdb:A  SCOP d2befa_
  178      0.8683   4.822e-17       3.144     0.000    82    2    2           1    0     88      7     88      9    T1015s1TS224-D1.pdb:A  SCOP d207la_
  179      0.8683   4.822e-17       3.144     0.000    82    2    2           1    0     88      7     88     10    T1015s1TS224-D1.pdb:A  SCOP d1tewa_
  180      0.8683   4.822e-17       3.144     0.000    82    2    2           1    0     88      7     88      9    T1015s1TS224-D1.pdb:A  SCOP d1ip3a_
  181      0.8683          -0       4.146     0.000    82    2    2           1    0     88      7     88      9    T1015s1TS224-D1.pdb:A  SCOP d1tq8a_
  182      0.8683          -0       4.146     0.000    82    2    2           1    0     88      7     88      9    T1015s1TS224-D1.pdb:A  SCOP d1tq8a_
  183      0.8683     0.02225       5.024     0.000    82    3    2           1    0     88      7     88     12    T1015s1TS224-D1.pdb:A  SCOP d1mn7a_
  184      0.8683   4.822e-17       3.144     0.000    82    2    2           1    0     88      7     88      9    T1015s1TS224-D1.pdb:A  SCOP d1jj1a_
  185      0.8683   4.822e-17       3.144     0.000    82    2    2           1    0     88      7     88      9    T1015s1TS224-D1.pdb:A  SCOP d1ckda_
  186      0.8683          -0       3.073     0.000    82    3    3           1    0     88      7     88     13    T1015s1TS224-D1.pdb:A  SCOP d1dmga_
  187      0.8683   4.822e-17       3.144     0.000    82    2    2           1    0     88      7     88      9    T1015s1TS224-D1.pdb:A  SCOP d1bgia_
  188      0.8683     0.02225       5.024     0.000    82    3    2           1    0     88      7     88     12    T1015s1TS224-D1.pdb:A  SCOP d1mn7a_
  189      0.8683       1.376        5.31     0.000    82    2    1           1    0     88      7     88      4    T1015s1TS224-D1.pdb:A  SCOP d1vpza_
  190      0.8683   4.822e-17       3.144     0.000    82    2    2           1    0     88      7     88      9    T1015s1TS224-D1.pdb:A  SCOP d1ckca_
  191      0.8683   2.289e-08       3.298     0.000    82    2    2           1    0     88      7     88     10    T1015s1TS224-D1.pdb:A  SCOP d1ieea_
  192      0.8683      0.6055       6.602     0.000    82    2    2           1    0     88      7     88     10    T1015s1TS224-D1.pdb:A  SCOP d2cvea1
  193      0.8683       2.223       5.965     0.000    82    2    2           1    0     88      7     88      5    T1015s1TS224-D1.pdb:A  SCOP d1p6ra_
  194      0.8683   4.822e-17       3.144     0.000    82    2    2           1    0     88      7     88      9    T1015s1TS224-D1.pdb:A  SCOP d6lyta_
  195      0.8683   4.822e-17       3.144     0.000    82    2    2           1    0     88      7     88      9    T1015s1TS224-D1.pdb:A  SCOP d2bqea_
  196      0.8683          -0       3.519     0.000    82    2    1           1    0     88      7     88      9    T1015s1TS224-D1.pdb:A  SCOP d1jb3a_
  197      0.8683       1.301       5.986     0.000    82    3    2           1    0     88      7     88     14    T1015s1TS224-D1.pdb:A  SCOP d1i3aa_
  198      0.8683          -0       3.519     0.000    82    2    1           1    0     88      7     88      9    T1015s1TS224-D1.pdb:A  SCOP d1jb3a_
  199      0.8683   4.822e-17       3.144     0.000    82    2    2           1    0     88      7     88      9    T1015s1TS224-D1.pdb:A  SCOP d1b7la_
  200      0.8683   4.822e-17       3.144     0.000    82    2    2           1    0     88      7     88      9    T1015s1TS224-D1.pdb:A  SCOP d1i1za_
  201      0.8683          -0       2.479     0.000    82    2    3           1    0     88      7     88      8    T1015s1TS224-D1.pdb:A  SCOP d1sh4a_
  202      0.8683       1.478       5.229     0.000    82    2    1           1    0     88      7     88      5    T1015s1TS224-D1.pdb:A  SCOP d1sfua_
  203      0.8683          -0       2.808     0.000    82    2    2           1    0     88      7     88      8    T1015s1TS224-D1.pdb:A  SCOP d1j0qa_
  204      0.8683       1.691       3.958     0.000    82    2    2           1    0     88      7     88      3    T1015s1TS224-D1.pdb:A  SCOP d1q2na_
  205      0.8683   4.822e-17       3.144     0.000    82    2    2           1    0     88      7     88      9    T1015s1TS224-D1.pdb:A  SCOP d1gb5a_
  206      0.8683          -0       2.464     0.000    82    2    4           1    0     88      7     88      9    T1015s1TS224-D1.pdb:A  SCOP d1nx7a_
  207      0.8683          -0       5.713     0.000    82    2    1           1    0     88      7     88      9    T1015s1TS224-D1.pdb:A  SCOP d1j3ga_
  208      0.8683   4.822e-17       3.144     0.000    82    2    2           1    0     88      7     88      9    T1015s1TS224-D1.pdb:A  SCOP d1gfva_
  209      0.8683   4.822e-17       3.144     0.000    82    2    2           1    0     88      7     88      9    T1015s1TS224-D1.pdb:A  SCOP d2bqia_
  210      0.8683    0.003776       5.721     0.000    82    3    1           1    0     88      7     88     14    T1015s1TS224-D1.pdb:A  SCOP d1dusa_
  211      0.8683   4.822e-17       3.144     0.000    82    2    2           1    0     88      7     88      9    T1015s1TS224-D1.pdb:A  SCOP d2bqja_
  212      0.8683          -0       4.829     0.000    82    3    1           1    0     88      7     88     14    T1015s1TS224-D1.pdb:A  SCOP d1dusa_
  213      0.8683   4.822e-17       3.144     0.000    82    2    2           1    0     88      7     88      9    T1015s1TS224-D1.pdb:A  SCOP d2bqha_
  214      0.8683   4.822e-17       3.144     0.000    82    2    2           1    0     88      7     88      9    T1015s1TS224-D1.pdb:A  SCOP d2bqoa_
  215      0.8683   4.822e-17       3.144     0.000    82    2    2           1    0     88      7     88      9    T1015s1TS224-D1.pdb:A  SCOP d1ix0a_
  216      0.8683   4.822e-17       3.144     0.000    82    2    2           1    0     88      7     88      9    T1015s1TS224-D1.pdb:A  SCOP d1gb0a_
  217      0.8683   4.822e-17       3.144     0.000    82    2    2           1    0     88      7     88      9    T1015s1TS224-D1.pdb:A  SCOP d2bqaa_
  218      0.8683   4.822e-17       3.144     0.000    82    2    2           1    0     88      7     88      9    T1015s1TS224-D1.pdb:A  SCOP d2bqka_
  219      0.8683   4.822e-17       3.144     0.000    82    2    2           1    0     88      7     88      9    T1015s1TS224-D1.pdb:A  SCOP d1ouja_
  220      0.8683          -0       3.213     0.000    82    2    1           1    0     88      7     88      9    T1015s1TS224-D1.pdb:A  SCOP d1stma_
  221      0.8683          -0       2.336     0.000    82    3    5           1    0     88      7     88     14    T1015s1TS224-D1.pdb:A  SCOP d1nyoa_
  222      0.8683   4.822e-17       3.144     0.000    82    2    2           1    0     88      7     88      9    T1015s1TS224-D1.pdb:A  SCOP d2bqba_
  223      0.8683          -0       2.336     0.000    82    3    5           1    0     88      7     88     14    T1015s1TS224-D1.pdb:A  SCOP d1nyoa_
  224      0.8683   7.646e-10       2.881     0.000    82    3    3           1    0     88      7     88     12    T1015s1TS224-D1.pdb:A  SCOP d3raba_
  225      0.8683   4.822e-17       3.144     0.000    82    2    2           1    0     88      7     88      9    T1015s1TS224-D1.pdb:A  SCOP d2lhma_
  226      0.8683          -0       3.062     0.000    82    2    2           1    0     88      7     88      9    T1015s1TS224-D1.pdb:A  SCOP d2fmba_
  227      0.8683   4.822e-17       3.144     0.000    82    2    2           1    0     88      7     88      9    T1015s1TS224-D1.pdb:A  SCOP d1ge3a_
  228      0.8683   4.822e-17       3.144     0.000    82    2    2           1    0     88      7     88      9    T1015s1TS224-D1.pdb:A  SCOP d1gfta_
  229      0.8683   4.822e-17       3.144     0.000    82    2    2           1    0     88      7     88      9    T1015s1TS224-D1.pdb:A  SCOP d2bqfa_
  230      0.8683          -0       2.109     0.000    82    2    2           1    0     88      7     88      6    T1015s1TS224-D1.pdb:A  SCOP d1pfpa_
  231      0.8683          -0       3.062     0.000    82    2    2           1    0     88      7     88      9    T1015s1TS224-D1.pdb:A  SCOP d1fmba_
  232      0.8683   4.822e-17       3.144     0.000    82    2    2           1    0     88      7     88      9    T1015s1TS224-D1.pdb:A  SCOP d2bqma_
  233      0.8683      0.3961       3.644     0.000    82    3    1           1    0     88      7     88      6    T1015s1TS224-D1.pdb:A  SCOP d1sdza_
  234      0.8683   4.822e-17       3.144     0.000    82    2    2           1    0     88      7     88      9    T1015s1TS224-D1.pdb:A  SCOP d1yapa_
  235      0.8683   1.117e-13       3.686     0.000    82    3    4           1    0     88      7     88     14    T1015s1TS224-D1.pdb:A  SCOP d1ekea_
  236      0.8683   4.822e-17       3.144     0.000    82    2    2           1    0     88      7     88      9    T1015s1TS224-D1.pdb:A  SCOP d1laaa_
  237      0.8683   4.822e-17       3.144     0.000    82    2    2           1    0     88      7     88      9    T1015s1TS224-D1.pdb:A  SCOP d3lhma_
  238      0.8683   4.822e-17       3.144     0.000    82    2    2           1    0     88      7     88      9    T1015s1TS224-D1.pdb:A  SCOP d2bqla_
  239      0.8669      0.0194       2.872     0.000    81    3    3           1    0     88      7     86      9    T1015s1TS224-D1.pdb:A  SCOP d1ykwa2
  240      0.8644          -0      0.9108     0.698    84    3    2      0.9643    0     88      7     88     14    T1015s1TS224-D1.pdb:A  SCOP d1s3ua_
  241      0.8644          -0      0.9108     0.698    84    3    2      0.9643    0     88      7     88     15    T1015s1TS224-D1.pdb:A  SCOP d1hfqa_
  242      0.8644          -0      0.9108     0.698    84    3    2      0.9643    0     88      7     88     15    T1015s1TS224-D1.pdb:A  SCOP d1hfqa_
  243      0.8644          -0      0.9108     0.698    84    3    2      0.9643    0     88      7     88     14    T1015s1TS224-D1.pdb:A  SCOP d1s3ua_
  244      0.8644          -0      0.9108     0.698    84    3    2      0.9643    0     88      7     88     15    T1015s1TS224-D1.pdb:A  SCOP d1hfpa_
  245      0.8644          -0      0.9108     0.698    84    3    2      0.9643    0     88      7     88     15    T1015s1TS224-D1.pdb:A  SCOP d1hfpa_
  246      0.8644          -0      0.9108     0.698    84    3    2      0.9643    0     88      7     88     14    T1015s1TS224-D1.pdb:A  SCOP d1pd8a_
  247      0.8644          -0      0.9108     0.698    84    3    2      0.9643    0     88      7     88     14    T1015s1TS224-D1.pdb:A  SCOP d1pd8a_
  248      0.8644          -0      0.9108     0.698    84    3    2      0.9643    0     88      7     88     15    T1015s1TS224-D1.pdb:A  SCOP d1dlsa_
  249      0.8644          -0      0.9108     0.698    84    3    2      0.9643    0     88      7     88     15    T1015s1TS224-D1.pdb:A  SCOP d1dlsa_
  250      0.8644          -0      0.9108     0.698    84    3    2      0.9643    0     88      7     88     14    T1015s1TS224-D1.pdb:A  SCOP d1dlra_
  251      0.8644          -0      0.9108     0.698    84    3    2      0.9643    0     88      7     88     14    T1015s1TS224-D1.pdb:A  SCOP d1s3wa_
  252      0.8644          -0      0.9108     0.698    84    3    2      0.9643    0     88      7     88     14    T1015s1TS224-D1.pdb:A  SCOP d1s3wa_
  253      0.8644          -0      0.9108     0.698    84    3    2      0.9643    0     88      7     88     15    T1015s1TS224-D1.pdb:A  SCOP d1pd9a_
  254      0.8644          -0      0.9108     0.698    84    3    2      0.9643    0     88      7     88     15    T1015s1TS224-D1.pdb:A  SCOP d1pd9a_
  255      0.8644          -0      0.9108     0.698    84    3    2      0.9643    0     88      7     88     15    T1015s1TS224-D1.pdb:A  SCOP d1drfa_
  256      0.8644          -0      0.9108     0.698    84    3    2      0.9643    0     88      7     88     15    T1015s1TS224-D1.pdb:A  SCOP d1drfa_
  257      0.8644          -0      0.9108     0.698    84    3    2      0.9643    0     88      7     88     14    T1015s1TS224-D1.pdb:A  SCOP d1mvsa_
  258      0.8644          -0      0.9108     0.698    84    3    2      0.9643    0     88      7     88     14    T1015s1TS224-D1.pdb:A  SCOP d1mvsa_
  259      0.8644          -0      0.9108     0.698    84    3    2      0.9643    0     88      7     88     15    T1015s1TS224-D1.pdb:A  SCOP d1kmsa_
  260      0.8644          -0      0.9108     0.698    84    3    2      0.9643    0     88      7     88     14    T1015s1TS224-D1.pdb:A  SCOP d1dlra_
  261      0.8644          -0      0.9108     0.698    84    3    2      0.9643    0     88      7     88     14    T1015s1TS224-D1.pdb:A  SCOP d1boza_
  262      0.8644          -0      0.9108     0.698    84    3    2      0.9643    0     88      7     88     14    T1015s1TS224-D1.pdb:A  SCOP d1boza_
  263       0.864   1.921e-07       2.843     0.701    84    2    3      0.9643    0     88      7     88      5    T1015s1TS224-D1.pdb:A  SCOP d1wgya_
  264      0.8633          -0        2.02     0.706    84    2    3      0.9643    0     88      7     88      8    T1015s1TS224-D1.pdb:A  SCOP d1xn6a_
  265      0.8633          -0       4.237     0.707    84    4    3      0.9643    0     88      7     88     20    T1015s1TS224-D1.pdb:A  SCOP d1u02a_
  266      0.8633          -0        2.67     0.707    84    3    2      0.9643    0     88      7     88     11    T1015s1TS224-D1.pdb:A  SCOP d1vhma_
  267      0.8613          -0       2.594     0.990    86    3    2      0.9302    0     88      7     88     14    T1015s1TS224-D1.pdb:A  SCOP d1df7a_
  268      0.8472       2.331       4.983     0.000    81    2    3           1    0     88      7     88      6    T1015s1TS224-D1.pdb:A  SCOP d1fk2a_
  269      0.8472          -0       3.476     0.000    81    3    3           1    0     88      7     88     12    T1015s1TS224-D1.pdb:A  SCOP d1pada_
  270      0.8472       1.705       3.973     0.000    81    2    2           1    0     88      7     88      3    T1015s1TS224-D1.pdb:A  SCOP d2spza_
  271      0.8472       2.331       4.983     0.000    81    2    3           1    0     88      7     88      6    T1015s1TS224-D1.pdb:A  SCOP d1fk3a_
  272      0.8472       2.331       4.983     0.000    81    2    3           1    0     88      7     88      6    T1015s1TS224-D1.pdb:A  SCOP d1fk0a_
  273      0.8472          -0       2.623     0.000    81    3    4           1    0     88      7     88     12    T1015s1TS224-D1.pdb:A  SCOP d1v37a_
  274      0.8472       2.331       4.983     0.000    81    2    3           1    0     88      7     88      6    T1015s1TS224-D1.pdb:A  SCOP d1fk4a_
  275      0.8472    0.009024       3.269     0.000    81    2    4           1    0     88      7     88      7    T1015s1TS224-D1.pdb:A  SCOP d1n5va_
  276      0.8472       2.331       4.983     0.000    81    2    3           1    0     88      7     88      6    T1015s1TS224-D1.pdb:A  SCOP d1fk1a_
  277      0.8472       2.331       4.983     0.000    81    2    3           1    0     88      7     88      6    T1015s1TS224-D1.pdb:A  SCOP d1mzma_
  278      0.8472          -0       2.623     0.000    81    3    4           1    0     88      7     88     12    T1015s1TS224-D1.pdb:A  SCOP d1v37a_
  279      0.8472          -0       2.317     0.000    81    3    4           1    0     88      7     88     13    T1015s1TS224-D1.pdb:A  SCOP d1jd3a_
  280      0.8472   0.0001831       3.937     0.000    81    2    2           1    0     88      7     88     10    T1015s1TS224-D1.pdb:A  SCOP d1c52a_
  281      0.8472          -0       2.441     0.000    81    3    3           1    0     88      7     88     10    T1015s1TS224-D1.pdb:A  SCOP d1xiza_
  282      0.8472          -0       2.441     0.000    81    3    3           1    0     88      7     88     10    T1015s1TS224-D1.pdb:A  SCOP d1xiza_
  283      0.8472       2.331       4.983     0.000    81    2    3           1    0     88      7     88      6    T1015s1TS224-D1.pdb:A  SCOP d1fk5a_
  284      0.8472          -0       2.501     0.000    81    3    3           1    0     88      7     88     10    T1015s1TS224-D1.pdb:A  SCOP d1xn5a_
  285      0.8472          -0       3.476     0.000    81    3    3           1    0     88      7     88     12    T1015s1TS224-D1.pdb:A  SCOP d5pada_
  286      0.8472          -0       3.383     0.000    81    3    4           1    0     88      7     88     12    T1015s1TS224-D1.pdb:A  SCOP d1mk4a_
  287      0.8472          -0       3.476     0.000    81    3    3           1    0     88      7     88     12    T1015s1TS224-D1.pdb:A  SCOP d1pppa_
  288      0.8472          -0       2.853     0.000    81    2    2           1    0     88      7     88     10    T1015s1TS224-D1.pdb:A  SCOP d1ub4a_
  289      0.8472       2.331       4.983     0.000    81    2    3           1    0     88      7     88      6    T1015s1TS224-D1.pdb:A  SCOP d1mzla_
  290      0.8472       2.331       4.983     0.000    81    2    3           1    0     88      7     88      6    T1015s1TS224-D1.pdb:A  SCOP d1fk7a_
  291      0.8472       2.331       4.983     0.000    81    2    3           1    0     88      7     88      5    T1015s1TS224-D1.pdb:A  SCOP d1fk6a_
  292      0.8472       2.619       5.227     0.000    81    2    2           1    0     88      7     88      5    T1015s1TS224-D1.pdb:A  SCOP d1afha_
  293      0.8472       3.209       5.351     0.000    81    2    1           1    0     88      7     88      3    T1015s1TS224-D1.pdb:A  SCOP d1poga_
  294      0.8472          -0       2.623     0.000    81    3    4           1    0     88      7     88     13    T1015s1TS224-D1.pdb:A  SCOP d1g81a_
  295      0.8472       1.395       4.102     0.000    81    2    3           1    0     88      7     88      5    T1015s1TS224-D1.pdb:A  SCOP d1uvca_
  296      0.8472       1.644       4.352     0.000    81    2    3           1    0     88      7     88      6    T1015s1TS224-D1.pdb:A  SCOP d1uvba_
  297      0.8472    0.001334       3.354     0.000    81    2    3           1    0     88      7     88     10    T1015s1TS224-D1.pdb:A  SCOP d1ifva_
  298      0.8472      0.2324       4.997     0.000    81    2    2           1    0     88      7     88      5    T1015s1TS224-D1.pdb:A  SCOP d1wm2a_
  299      0.8472          -0       2.612     0.000    81    2    3           1    0     88      7     88      6    T1015s1TS224-D1.pdb:A  SCOP d1v6ea_
  300      0.8472   9.503e-14       4.979     0.000    81    4    2           1    0     88      7     88     16    T1015s1TS224-D1.pdb:A  SCOP d1qina_
  301      0.8472          -0       4.037     0.000    81    4    2           1    0     88      7     88     18    T1015s1TS224-D1.pdb:A  SCOP d1rnia_
  302      0.8472      0.2321       3.354     0.000    81    3    2           1    0     88      7     88      6    T1015s1TS224-D1.pdb:A  SCOP d1se0a_
  303      0.8472          -0       3.476     0.000    81    3    3           1    0     88      7     88     12    T1015s1TS224-D1.pdb:A  SCOP d6pada_
  304      0.8472          -0       1.869     0.000    81    2    3           1    0     88      7     88     10    T1015s1TS224-D1.pdb:A  SCOP d2afca1
  305      0.8472          -0       4.037     0.000    81    4    2           1    0     88      7     88     16    T1015s1TS224-D1.pdb:A  SCOP d1ro2a_
  306      0.8472          -0       3.015     0.000    81    2    2           1    0     88      7     88      9    T1015s1TS224-D1.pdb:A  SCOP d1npsa_
  307      0.8472   9.503e-14       4.979     0.000    81    4    2           1    0     88      7     88     16    T1015s1TS224-D1.pdb:A  SCOP d1bh5a_
  308      0.8472          -0       4.652     0.000    81    3    2           1    0     88      7     88     11    T1015s1TS224-D1.pdb:A  SCOP d1fmfa_
  309      0.8472   8.959e-14       4.979     0.000    81    4    2           1    0     88      7     88     15    T1015s1TS224-D1.pdb:A  SCOP d1froa_
  310      0.8472    0.003305       2.604     0.000    81    2    2           1    0     88      7     88      3    T1015s1TS224-D1.pdb:A  SCOP d1sf0a_
  311      0.8472          -0       2.171     0.000    81    3    2           1    0     88      7     88     15    T1015s1TS224-D1.pdb:A  SCOP d1froa_
  312      0.8472          -0       4.188     0.000    81    3    2           1    0     88      7     88     12    T1015s1TS224-D1.pdb:A  SCOP d1g5ra_
  313      0.8472          -0       2.434     0.000    81    3    2           1    0     88      7     88     11    T1015s1TS224-D1.pdb:A  SCOP d1eaoa_
  314      0.8472          -0       2.434     0.000    81    3    2           1    0     88      7     88     11    T1015s1TS224-D1.pdb:A  SCOP d1eaqa_
  315      0.8472          -0       4.338     0.000    81    3    2           1    0     88      7     88     13    T1015s1TS224-D1.pdb:A  SCOP d1g64a_
  316      0.8472          -0       2.623     0.000    81    3    4           1    0     88      7     88     13    T1015s1TS224-D1.pdb:A  SCOP d1xlra_
  317      0.8472          -0       2.553     0.000    81    2    3           1    0     88      7     88      6    T1015s1TS224-D1.pdb:A  SCOP d1fj7a_
  318      0.8472          -0        3.24     0.000    81    2    4           1    0     88      7     88     10    T1015s1TS224-D1.pdb:A  SCOP d1vyna_
  319      0.8472    0.009351       4.709     0.000    81    2    2           1    0     88      7     88      9    T1015s1TS224-D1.pdb:A  SCOP d1q18a1
  320      0.8472      0.9721       4.622     0.000    81    2    2           1    0     88      7     88      7    T1015s1TS224-D1.pdb:A  SCOP d1boca_
  321      0.8472   9.503e-14       4.979     0.000    81    4    2           1    0     88      7     88     16    T1015s1TS224-D1.pdb:A  SCOP d1qipa_
  322      0.8472       0.392       3.944     0.000    81    2    2           1    0     88      7     88      4    T1015s1TS224-D1.pdb:A  SCOP d1oyia_
  323      0.8472          -0       3.855     0.000    81    2    2           1    0     88      7     88      7    T1015s1TS224-D1.pdb:A  SCOP d1krsa_
  324      0.8472          -0       4.188     0.000    81    3    2           1    0     88      7     88     12    T1015s1TS224-D1.pdb:A  SCOP d1g5ta_
  325      0.8472   0.0003124       3.678     0.000    81    2    2           1    0     88      7     88      9    T1015s1TS224-D1.pdb:A  SCOP d1qyza_
  326      0.8472          -0       3.476     0.000    81    3    3           1    0     88      7     88     12    T1015s1TS224-D1.pdb:A  SCOP d1pppa_
  327      0.8457          -0        1.71     0.000    80    2    3           1    0     88      7     86      9    T1015s1TS224-D1.pdb:A  SCOP d2chna3
  328      0.8457          -0       2.622     0.000    80    2    3           1    0     88      7     86      9    T1015s1TS224-D1.pdb:A  SCOP d2j47a3
  329      0.8434       1.634        4.26     0.702    83    2    3      0.9639    0     88      7     88      5    T1015s1TS224-D1.pdb:A  SCOP d1k53a_
  330      0.8433          -0       1.766     0.703    83    3    3      0.9639    0     88      7     88     14    T1015s1TS224-D1.pdb:A  SCOP d1md6a_
  331      0.8431          -0       2.634     0.000    78    2    3           1    0     88      7     82      9    T1015s1TS224-D1.pdb:A  SCOP d1x53a1
  332      0.8422   9.114e-07       1.822     0.712    83    2    3      0.9639    0     88      7     88      3    T1015s1TS224-D1.pdb:A  SCOP d1hkya_
  333      0.8359          -0       3.341     0.000    80    3    2           1    0     88      7     87     14    T1015s1TS224-D1.pdb:A  SCOP d1ha3a3
  334      0.8359          -0       2.272     0.000    80    3    3           1    0     88      7     87     15    T1015s1TS224-D1.pdb:A  SCOP d1exma3
  335      0.8359          -0       2.272     0.000    80    3    3           1    0     88      7     87     15    T1015s1TS224-D1.pdb:A  SCOP d1exma3
  336      0.8359          -0       3.341     0.000    80    3    2           1    0     88      7     87     14    T1015s1TS224-D1.pdb:A  SCOP d1ha3a3
  337      0.8344          -0        1.71     0.000    79    2    3           1    0     88      7     85      9    T1015s1TS224-D1.pdb:A  SCOP d2choa3
  338      0.8264          -0  1.798e+308     0.000    80    2    2           1    0     88      7     88     10    T1015s1TS224-D1.pdb:A  SCOP d1sbxa_
  339      0.8264      0.4922       2.456     0.000    80    2    3           1    0     88      7     88      3    T1015s1TS224-D1.pdb:A  SCOP d1otra_
  340      0.8264   1.165e-05        3.93     0.000    80    2    2           1    0     88      7     88      8    T1015s1TS224-D1.pdb:A  SCOP d1ibya_
  341      0.8264   3.867e-05       4.016     0.000    80    2    2           1    0     88      7     88      8    T1015s1TS224-D1.pdb:A  SCOP d1ibya_
  342      0.8264   1.165e-05        3.93     0.000    80    2    2           1    0     88      7     88      8    T1015s1TS224-D1.pdb:A  SCOP d1ibza_
  343      0.8264     0.01091       3.399     0.000    80    2    2           1    0     88      7     88      5    T1015s1TS224-D1.pdb:A  SCOP d1qpma_
  344      0.8264       1.691       3.958     0.000    80    2    2           1    0     88      7     88      3    T1015s1TS224-D1.pdb:A  SCOP d1lp1a_
  345      0.8264          -0       1.549     0.000    80    2    2           1    0     88      7     88      6    T1015s1TS224-D1.pdb:A  SCOP d2pnia_
  346      0.8264       2.379       5.025     0.000    80    2    2           1    0     88      7     88      2    T1015s1TS224-D1.pdb:A  SCOP d1kvfa_
  347      0.8264          -0       1.549     0.000    80    2    2           1    0     88      7     88      6    T1015s1TS224-D1.pdb:A  SCOP d1pnja_
  348      0.8264      0.1856       5.713     0.000    80    2    2           1    0     88      7     88      6    T1015s1TS224-D1.pdb:A  SCOP d1pdga_
  349      0.8264          -0  1.798e+308     0.000    80    2    2           1    0     88      7     88     10    T1015s1TS224-D1.pdb:A  SCOP d1lsxa_
  350      0.8264          -0       3.399     0.000    80    2    2           1    0     88      7     88     10    T1015s1TS224-D1.pdb:A  SCOP d1brqa_
  351      0.8264          -0       3.399     0.000    80    2    2           1    0     88      7     88     10    T1015s1TS224-D1.pdb:A  SCOP d1brpa_
  352      0.8264   3.567e-11       3.399     0.000    80    2    2           1    0     88      7     88     10    T1015s1TS224-D1.pdb:A  SCOP d1fema_
  353      0.8264          -0       3.399     0.000    80    2    2           1    0     88      7     88     10    T1015s1TS224-D1.pdb:A  SCOP d1erba_
  354      0.8264          -0       3.399     0.000    80    2    2           1    0     88      7     88     10    T1015s1TS224-D1.pdb:A  SCOP d1jyda_
  355      0.8264          -0       3.478     0.000    80    2    2           1    0     88      7     88      8    T1015s1TS224-D1.pdb:A  SCOP d1dzda_
  356      0.8264          -0  1.798e+308     0.000    80    3    2           1    0     88      7     88     14    T1015s1TS224-D1.pdb:A  SCOP d1laya_
  357      0.8264          -0       3.043     0.000    80    2    2           1    0     88      7     88      8    T1015s1TS224-D1.pdb:A  SCOP d1t1da_
  358      0.8264          -0       4.233     0.000    80    3    2           1    0     88      7     88     11    T1015s1TS224-D1.pdb:A  SCOP d1dzca_
  359      0.8264          -0       3.043     0.000    80    2    2           1    0     88      7     88      8    T1015s1TS224-D1.pdb:A  SCOP d1eoea_
  360      0.8264   2.053e-10       3.043     0.000    80    2    2           1    0     88      7     88      7    T1015s1TS224-D1.pdb:A  SCOP d1a68a_
  361      0.8264          -0       3.043     0.000    80    2    2           1    0     88      7     88      8    T1015s1TS224-D1.pdb:A  SCOP d1eofa_
  362      0.8264          -0       3.043     0.000    80    2    2           1    0     88      7     88      8    T1015s1TS224-D1.pdb:A  SCOP d1eoda_
  363      0.8264   9.217e-10       2.958     0.000    80    3    2           1    0     88      7     88     10    T1015s1TS224-D1.pdb:A  SCOP d1tfea_
  364      0.8264     0.02163        4.64     0.000    80    3    2           1    0     88      7     88      8    T1015s1TS224-D1.pdb:A  SCOP d1j0wa_
  365      0.8264      0.7204       4.519     0.000    80    3    2           1    0     88      7     88      8    T1015s1TS224-D1.pdb:A  SCOP d1wgqa_
  366      0.8264          -0       2.786     0.000    80    2    2           1    0     88      7     88      8    T1015s1TS224-D1.pdb:A  SCOP d1wgqa_
  367      0.8264          -0       2.272     0.000    80    2    2           1    0     88      7     88      7    T1015s1TS224-D1.pdb:A  SCOP d1v88a_
  368      0.8264          -0  1.798e+308     0.000    80    2    2           1    0     88      7     88     10    T1015s1TS224-D1.pdb:A  SCOP d1fgya_
  369      0.8264      0.7382       5.696     0.000    80    2    2           1    0     88      7     88      7    T1015s1TS224-D1.pdb:A  SCOP d1plsa_
  370      0.8264        1.87       5.894     0.000    80    2    2           1    0     88      7     88      4    T1015s1TS224-D1.pdb:A  SCOP d1cada_
  371      0.8264          -0  1.798e+308     0.000    80    3    2           1    0     88      7     88     15    T1015s1TS224-D1.pdb:A  SCOP d1fgxa_
  372      0.8264      0.1784       3.599     0.000    80    2    2           1    0     88      7     88      4    T1015s1TS224-D1.pdb:A  SCOP d1l1ca_
  373      0.8264          -0  1.798e+308     0.000    80    3    2           1    0     88      7     88     15    T1015s1TS224-D1.pdb:A  SCOP d1fr8a_
  374      0.8264      0.2078       3.269     0.000    80    2    2           1    0     88      7     88     10    T1015s1TS224-D1.pdb:A  SCOP d1svxa_
  375      0.8264   3.867e-05       4.016     0.000    80    2    2           1    0     88      7     88      8    T1015s1TS224-D1.pdb:A  SCOP d1ibza_
  376      0.8264          -0  1.798e+308     0.000    80    2    2           1    0     88      7     88      5    T1015s1TS224-D1.pdb:A  SCOP d1shfa_
  377      0.8264   4.613e-11       3.625     0.000    80    2    2           1    0     88      7     88     10    T1015s1TS224-D1.pdb:A  SCOP d1ic0a_
  378      0.8264   4.822e-16       3.364     0.000    80    2    2           1    0     88      7     88     10    T1015s1TS224-D1.pdb:A  SCOP d1ic0a_
  379      0.8264          -0        1.79     0.000    80    2    2           1    0     88      7     88     10    T1015s1TS224-D1.pdb:A  SCOP d1ic0a_
  380      0.8264       1.035       3.212     0.000    80    2    2           1    0     88      7     88      3    T1015s1TS224-D1.pdb:A  SCOP d1ef4a_
  381      0.8264    0.009585       4.295     0.000    80    2    2           1    0     88      7     88      6    T1015s1TS224-D1.pdb:A  SCOP d1hcna_
  382      0.8264          -0       4.087     0.000    80    2    2           1    0     88      7     88      8    T1015s1TS224-D1.pdb:A  SCOP d1fl7a_
  383      0.8264          -0       3.949     0.000    80    2    2           1    0     88      7     88      8    T1015s1TS224-D1.pdb:A  SCOP d1fl7a_
  384      0.8264          -0       2.428     0.000    80    3    3           1    0     88      7     88     14    T1015s1TS224-D1.pdb:A  SCOP d1gwna_
  385      0.8264          -0       2.428     0.000    80    3    3           1    0     88      7     88     14    T1015s1TS224-D1.pdb:A  SCOP d1m7ba_
  386      0.8264          -0  1.798e+308     0.000    80    3    2           1    0     88      7     88     12    T1015s1TS224-D1.pdb:A  SCOP d1uvwa1
  387      0.8264          -0  1.798e+308     0.000    80    3    2           1    0     88      7     88     12    T1015s1TS224-D1.pdb:A  SCOP d1of0a1
  388      0.8264     0.03085       2.743     0.000    80    2    2           1    0     88      7     88      7    T1015s1TS224-D1.pdb:A  SCOP d1jpya_
  389      0.8264          -0  1.798e+308     0.000    80    3    2           1    0     88      7     88      9    T1015s1TS224-D1.pdb:A  SCOP d1odda_
  390      0.8264          -0  1.798e+308     0.000    80    3    2           1    0     88      7     88     12    T1015s1TS224-D1.pdb:A  SCOP d1qqsa_
  391      0.8264          -0        2.34     0.000    80    3    2           1    0     88      7     88     12    T1015s1TS224-D1.pdb:A  SCOP d1i06a_
  392      0.8264          -0        2.34     0.000    80    3    2           1    0     88      7     88     12    T1015s1TS224-D1.pdb:A  SCOP d1i05a_
  393      0.8264          -0       2.441     0.000    80    2    2           1    0     88      7     88      9    T1015s1TS224-D1.pdb:A  SCOP d1sp0a_
  394      0.8264   9.222e-10       4.216     0.000    80    2    2           1    0     88      7     88     10    T1015s1TS224-D1.pdb:A  SCOP d1bdya_
  395      0.8264          -0  1.798e+308     0.000    80    4    2           1    0     88      7     88     16    T1015s1TS224-D1.pdb:A  SCOP d1i4oa_
  396      0.8264          -0       2.272     0.000    80    3    2           1    0     88      7     88     12    T1015s1TS224-D1.pdb:A  SCOP d1e5pa_
  397      0.8264          -0       3.979     0.000    80    2    2           1    0     88      7     88      8    T1015s1TS224-D1.pdb:A  SCOP d1wfma_
  398      0.8264          -0       3.399     0.000    80    2    2           1    0     88      7     88     10    T1015s1TS224-D1.pdb:A  SCOP d1iiua_
  399      0.8264          -0       5.713     0.000    80    3    2           1    0     88      7     88     11    T1015s1TS224-D1.pdb:A  SCOP d1b2pa_
  400      0.8264          -0       5.713     0.000    80    3    2           1    0     88      7     88     11    T1015s1TS224-D1.pdb:A  SCOP d1b2pa_
  401      0.8264          -0       3.669     0.000    80    3    2           1    0     88      7     88     12    T1015s1TS224-D1.pdb:A  SCOP d1jot.2
  402      0.8264          -0       2.831     0.000    80    3    2           1    0     88      7     88     12    T1015s1TS224-D1.pdb:A  SCOP d1uh1.1
  403      0.8264    0.000374       4.209     0.000    80    2    2           1    0     88      7     88      8    T1015s1TS224-D1.pdb:A  SCOP d1l1oa_
  404      0.8264          -0       3.669     0.000    80    3    2           1    0     88      7     88     12    T1015s1TS224-D1.pdb:A  SCOP d1uh1.1
  405      0.8264          -0       2.831     0.000    80    3    2           1    0     88      7     88     12    T1015s1TS224-D1.pdb:A  SCOP d1uh0.1
  406      0.8264          -0       3.669     0.000    80    3    2           1    0     88      7     88     12    T1015s1TS224-D1.pdb:A  SCOP d1uh0.1
  407      0.8264          -0       1.186     0.000    80    2    2           1    0     88      7     88     10    T1015s1TS224-D1.pdb:A  SCOP d1vsha_
  408      0.8264          -0       3.669     0.000    80    3    2           1    0     88      7     88     12    T1015s1TS224-D1.pdb:A  SCOP d1kuj.1
  409      0.8264          -0       3.564     0.000    80    3    2           1    0     88      7     88     12    T1015s1TS224-D1.pdb:A  SCOP d1pxd.1
  410      0.8264          -0       3.669     0.000    80    2    2           1    0     88      7     88      7    T1015s1TS224-D1.pdb:A  SCOP d1hjda_
  411      0.8264          -0  1.798e+308     0.000    80    3    2           1    0     88      7     88     12    T1015s1TS224-D1.pdb:A  SCOP d1pxd.1
  412      0.8264          -0       3.564     0.000    80    3    2           1    0     88      7     88     12    T1015s1TS224-D1.pdb:A  SCOP d1ku8.1
  413      0.8264          -0       3.669     0.000    80    3    2           1    0     88      7     88     12    T1015s1TS224-D1.pdb:A  SCOP d1ku8.1
  414      0.8264          -0       2.831     0.000    80    3    2           1    0     88      7     88     12    T1015s1TS224-D1.pdb:A  SCOP d1m26.1
  415      0.8264          -0       3.669     0.000    80    3    2           1    0     88      7     88     12    T1015s1TS224-D1.pdb:A  SCOP d1m26.1
  416      0.8264       0.782       5.131     0.000    80    2    1           1    0     88      7     88      6    T1015s1TS224-D1.pdb:A  SCOP d1mk0a_
  417      0.8264          -0       1.927     0.000    80    4    4           1    0     88      7     88      8    T1015s1TS224-D1.pdb:A  SCOP d1q5fa_
  418      0.8264   5.983e-07        4.73     0.000    80    2    2           1    0     88      7     88      7    T1015s1TS224-D1.pdb:A  SCOP d1k0xa_
  419      0.8264   5.983e-07        4.73     0.000    80    2    2           1    0     88      7     88      7    T1015s1TS224-D1.pdb:A  SCOP d1k0xa_
  420      0.8264          -0       1.927     0.000    80    2    4           1    0     88      7     88      8    T1015s1TS224-D1.pdb:A  SCOP d1q5fa_
  421      0.8264          -0       1.186     0.000    80    2    2           1    0     88      7     88     10    T1015s1TS224-D1.pdb:A  SCOP d1vsfa_
  422      0.8264   0.0002208       5.894     0.000    80    2    2           1    0     88      7     88      7    T1015s1TS224-D1.pdb:A  SCOP d1plca_
  423      0.8264      0.1226       5.894     0.000    80    2    2           1    0     88      7     88      7    T1015s1TS224-D1.pdb:A  SCOP d1pnca_
  424      0.8264          -0       2.623     0.000    80    2    2           1    0     88      7     88      8    T1015s1TS224-D1.pdb:A  SCOP d1cmoa_
  425      0.8264          -0       2.623     0.000    80    2    2           1    0     88      7     88     10    T1015s1TS224-D1.pdb:A  SCOP d1eana_
  426      0.8264          -0       2.441     0.000    80    2    2           1    0     88      7     88      7    T1015s1TS224-D1.pdb:A  SCOP d1x9la_
  427      0.8264      0.9922       3.657     0.000    80    2    2           1    0     88      7     88      2    T1015s1TS224-D1.pdb:A  SCOP d1ff7a_
  428      0.8264     0.03682       4.871     0.000    80    2    2           1    0     88      7     88      5    T1015s1TS224-D1.pdb:A  SCOP d1v8qa_
  429      0.8264          -0  1.798e+308     0.000    80    3    2           1    0     88      7     88      7    T1015s1TS224-D1.pdb:A  SCOP d1czga_
  430      0.8264    0.005516       6.392     0.000    80    3    2           1    0     88      7     88     14    T1015s1TS224-D1.pdb:A  SCOP d1gpra_
  431      0.8264    0.008724       4.581     0.000    80    2    2           1    0     88      7     88      5    T1015s1TS224-D1.pdb:A  SCOP d1ghka_
  432      0.8264      0.9922       3.657     0.000    80    2    2           1    0     88      7     88      2    T1015s1TS224-D1.pdb:A  SCOP d1f7ma_
  433      0.8264      0.9922       3.657     0.000    80    2    2           1    0     88      7     88      2    T1015s1TS224-D1.pdb:A  SCOP d1ffma_
  434      0.8264          -0  1.798e+308     0.000    80    2    2           1    0     88      7     88     10    T1015s1TS224-D1.pdb:A  SCOP d1hcxa_
  435      0.8264          -0  1.798e+308     0.000    80    3    2           1    0     88      7     88     10    T1015s1TS224-D1.pdb:A  SCOP d1hcxa_
  436      0.8264     0.03353       4.711     0.000    80    3    2           1    0     88      7     88      7    T1015s1TS224-D1.pdb:A  SCOP d1utva_
  437      0.8264   3.815e-12        1.75     0.000    80    2    2           1    0     88      7     88      5    T1015s1TS224-D1.pdb:A  SCOP d1pcfa_
  438      0.8264          -0  1.798e+308     0.000    80    3    2           1    0     88      7     88     15    T1015s1TS224-D1.pdb:A  SCOP d1lh0a_
  439      0.8264      0.9922       3.657     0.000    80    2    2           1    0     88      7     88      2    T1015s1TS224-D1.pdb:A  SCOP d1f7ea_
  440      0.8264          -0       2.623     0.000    80    3    2           1    0     88      7     88     15    T1015s1TS224-D1.pdb:A  SCOP d1xsra_
  441      0.8264          -0       3.291     0.000    80    2    2           1    0     88      7     88     10    T1015s1TS224-D1.pdb:A  SCOP d1vj2a_
  442      0.8264          -0       4.452     0.000    80    2    2           1    0     88      7     88     10    T1015s1TS224-D1.pdb:A  SCOP d1v4la_
  443      0.8264          -0  1.798e+308     0.000    80    3    2           1    0     88      7     88     14    T1015s1TS224-D1.pdb:A  SCOP d1wc4a_
  444      0.8264          -0  1.798e+308     0.000    80    3    2           1    0     88      7     88     13    T1015s1TS224-D1.pdb:A  SCOP d1wc0a_
  445      0.8264          -0  1.798e+308     0.000    80    2    2           1    0     88      7     88      9    T1015s1TS224-D1.pdb:A  SCOP d1kq5a_
  446      0.8264          -0  1.798e+308     0.000    80    2    2           1    0     88      7     88      8    T1015s1TS224-D1.pdb:A  SCOP d1k4za_
  447      0.8264          -0       1.186     0.000    80    2    2           1    0     88      7     88     10    T1015s1TS224-D1.pdb:A  SCOP d1vsja_
  448      0.8264      0.9729       4.631     0.000    80    2    2           1    0     88      7     88      4    T1015s1TS224-D1.pdb:A  SCOP d1pk2a_
  449      0.8264     0.06344       6.191     0.000    80    2    2           1    0     88      7     88     10    T1015s1TS224-D1.pdb:A  SCOP d1iuza_
  450      0.8264          -0       1.186     0.000    80    2    2           1    0     88      7     88     10    T1015s1TS224-D1.pdb:A  SCOP d1cxua_
  451      0.8264          -0       1.186     0.000    80    2    2           1    0     88      7     88     10    T1015s1TS224-D1.pdb:A  SCOP d1cxua_
  452      0.8264          -0       4.899     0.000    80    2    2           1    0     88      7     88     10    T1015s1TS224-D1.pdb:A  SCOP d2plta_
  453      0.8264       2.504       7.735     0.000    80    2    2           1    0     88      7     88     10    T1015s1TS224-D1.pdb:A  SCOP d7pcya_
  454      0.8264          -0       3.073     0.000    80    2    2           1    0     88      7     88      8    T1015s1TS224-D1.pdb:A  SCOP d1nina_
  455      0.8264          -0       1.186     0.000    80    2    2           1    0     88      7     88     10    T1015s1TS224-D1.pdb:A  SCOP d1cz9a_
  456      0.8264          -0       1.186     0.000    80    2    2           1    0     88      7     88     10    T1015s1TS224-D1.pdb:A  SCOP d1cz9a_
  457      0.8264   5.788e-12       5.713     0.000    80    2    2           1    0     88      7     88      5    T1015s1TS224-D1.pdb:A  SCOP d1fa4a_
  458      0.8264          -0       2.059     0.000    80    2    2           1    0     88      7     88      7    T1015s1TS224-D1.pdb:A  SCOP d1j4ia_
  459      0.8264          -0       2.272     0.000    80    2    2           1    0     88      7     88      7    T1015s1TS224-D1.pdb:A  SCOP d1j4ia_
  460      0.8264          -0  1.798e+308     0.000    80    3    2           1    0     88      7     88     10    T1015s1TS224-D1.pdb:A  SCOP d1e6fa_
  461      0.8264          -0       1.186     0.000    80    2    2           1    0     88      7     88      9    T1015s1TS224-D1.pdb:A  SCOP d1czba_
  462      0.8264          -0  1.798e+308     0.000    80    3    2           1    0     88      7     88     10    T1015s1TS224-D1.pdb:A  SCOP d1e6fa_
  463      0.8264          -0       2.059     0.000    80    2    2           1    0     88      7     88      8    T1015s1TS224-D1.pdb:A  SCOP d1b6ca_
  464      0.8264      0.9439       3.599     0.000    80    2    2           1    0     88      7     88      2    T1015s1TS224-D1.pdb:A  SCOP d1i71a_
  465      0.8264          -0       1.186     0.000    80    2    2           1    0     88      7     88     10    T1015s1TS224-D1.pdb:A  SCOP d1cxqa_
  466      0.8264          -0       4.102     0.000    80    2    2           1    0     88      7     88      9    T1015s1TS224-D1.pdb:A  SCOP d2b3ia_
  467      0.8264          -0       3.051     0.000    80    2    2           1    0     88      7     88     10    T1015s1TS224-D1.pdb:A  SCOP d1cxqa_
  468      0.8264          -0  1.798e+308     0.000    80    2    2           1    0     88      7     88      7    T1015s1TS224-D1.pdb:A  SCOP d1msba_
  469      0.8264          -0  1.798e+308     0.000    80    2    2           1    0     88      7     88      7    T1015s1TS224-D1.pdb:A  SCOP d1pbka_
  470      0.8264          -0      0.9334     0.000    80    2    2           1    0     88      7     88      7    T1015s1TS224-D1.pdb:A  SCOP d1roua_
  471      0.8264          -0      0.9334     0.000    80    2    2           1    0     88      7     88      8    T1015s1TS224-D1.pdb:A  SCOP d1rota_
  472      0.8264          -0       0.845     0.000    80    2    2           1    0     88      7     88      9    T1015s1TS224-D1.pdb:A  SCOP d1swga_
  473      0.8264          -0       2.059     0.000    80    2    2           1    0     88      7     88      7    T1015s1TS224-D1.pdb:A  SCOP d1j4ra_
  474      0.8264          -0       2.272     0.000    80    2    2           1    0     88      7     88      7    T1015s1TS224-D1.pdb:A  SCOP d1j4ra_
  475      0.8264      0.1226       5.894     0.000    80    2    2           1    0     88      7     88      7    T1015s1TS224-D1.pdb:A  SCOP d1pnda_
  476      0.8264      0.0979       4.281     0.000    80    2    2           1    0     88      7     88      5    T1015s1TS224-D1.pdb:A  SCOP d1h95a_
  477      0.8264     0.03508       4.281     0.000    80    2    2           1    0     88      7     88      5    T1015s1TS224-D1.pdb:A  SCOP d1sroa_
  478      0.8264      0.1226       5.894     0.000    80    2    2           1    0     88      7     88      7    T1015s1TS224-D1.pdb:A  SCOP d5pcya_
  479      0.8264   0.0002208       5.894     0.000    80    2    2           1    0     88      7     88      7    T1015s1TS224-D1.pdb:A  SCOP d2pcya_
  480      0.8264   0.0002208       5.894     0.000    80    2    2           1    0     88      7     88      7    T1015s1TS224-D1.pdb:A  SCOP d3pcya_
  481      0.8264          -0       1.186     0.000    80    2    2           1    0     88      7     88     10    T1015s1TS224-D1.pdb:A  SCOP d1aswa_
  482      0.8264      0.1226       5.894     0.000    80    2    2           1    0     88      7     88      7    T1015s1TS224-D1.pdb:A  SCOP d6pcya_
  483      0.8264      0.1226       5.894     0.000    80    2    2           1    0     88      7     88      8    T1015s1TS224-D1.pdb:A  SCOP d4pcya_
  484      0.8264      0.1226       5.894     0.000    80    2    2           1    0     88      7     88      7    T1015s1TS224-D1.pdb:A  SCOP d9pcya_
  485      0.8264          -0       2.059     0.000    80    2    2           1    0     88      7     88      7    T1015s1TS224-D1.pdb:A  SCOP d1d7ia_
  486      0.8264      0.3787       5.137     0.000    80    2    2           1    0     88      7     88      7    T1015s1TS224-D1.pdb:A  SCOP d1d7qa_
  487      0.8264   1.878e-09       4.014     0.000    80    2    2           1    0     88      7     88      9    T1015s1TS224-D1.pdb:A  SCOP d1plba_
  488      0.8264       0.398       4.842     0.000    80    2    2           1    0     88      7     88      9    T1015s1TS224-D1.pdb:A  SCOP d1plba_
  489      0.8264       0.398       4.842     0.000    80    2    2           1    0     88      7     88      9    T1015s1TS224-D1.pdb:A  SCOP d1plaa_
  490      0.8264          -0       2.059     0.000    80    2    2           1    0     88      7     88      8    T1015s1TS224-D1.pdb:A  SCOP d1d7ha_
  491      0.8264   0.0002208       5.894     0.000    80    2    2           1    0     88      7     88      7    T1015s1TS224-D1.pdb:A  SCOP d1ag6a_
  492      0.8264   0.0002208       5.894     0.000    80    2    2           1    0     88      7     88      7    T1015s1TS224-D1.pdb:A  SCOP d1oowa_
  493      0.8264          -0       1.186     0.000    80    2    2           1    0     88      7     88     10    T1015s1TS224-D1.pdb:A  SCOP d1vsda_
  494      0.8264      0.0713       5.354     0.000    80    2    2           1    0     88      7     88      7    T1015s1TS224-D1.pdb:A  SCOP d1bypa_
