<html><head></head><body><pre style="word-wrap: break-word; white-space: pre-wrap;"> PDBe Fold v2.59. (src3) 14 Apr 2014 result file.

                   RESULT SUMMARY

   ##      Q-score      P-score     Z-score   RMSD    Nalgn Nsse Ngaps Seq-%     Nmd Nres-Q Nsse-Q Nres-T Nsse-T Query Target
    1      0.9224          -0      0.6411     0.000    97    2    4           1    0    101      7    101     10    T1021s3TS043-D2.pdb:A  SCOP d1y28a_
    2      0.9224          -0      0.6411     0.000    97    2    4           1    0    101      7    101     10    T1021s3TS043-D2.pdb:A  SCOP d1dp8a_
    3      0.9224          -0      0.6411     0.000    97    2    4           1    0    101      7    101     10    T1021s3TS043-D2.pdb:A  SCOP d1lt0a_
    4      0.9224          -0      0.6411     0.000    97    2    4           1    0    101      7    101     10    T1021s3TS043-D2.pdb:A  SCOP d1lswa_
    5      0.9224          -0      0.6411     0.000    97    2    4           1    0    101      7    101     10    T1021s3TS043-D2.pdb:A  SCOP d1drma_
    6      0.9224          -0      0.6411     0.000    97    2    4           1    0    101      7    101     10    T1021s3TS043-D2.pdb:A  SCOP d1dp9a_
    7      0.9224          -0      0.6411     0.000    97    2    4           1    0    101      7    101     10    T1021s3TS043-D2.pdb:A  SCOP d1lsva_
    8      0.9224          -0      0.6411     0.000    97    2    4           1    0    101      7    101     10    T1021s3TS043-D2.pdb:A  SCOP d1lsxa_
    9      0.9224          -0      0.6411     0.000    97    2    4           1    0    101      7    101     10    T1021s3TS043-D2.pdb:A  SCOP d1dp6a_
   10      0.8847      0.6273       3.628     0.000    95    2    1           1    0    101      7    101      4    T1021s3TS043-D2.pdb:A  SCOP d1eoqa_
   11      0.8662          -0  1.798e+308     0.000    94    3    2           1    0    101      7    101     14    T1021s3TS043-D2.pdb:A  SCOP d2euga_
   12      0.8297          -0  1.798e+308     0.000    92    2    3           1    0    101      7    101      9    T1021s3TS043-D2.pdb:A  SCOP d1kafa_
   13      0.8118          -0  1.798e+308     0.000    91    2    3           1    0    101      7    101     10    T1021s3TS043-D2.pdb:A  SCOP d1b9fa_
   14      0.8118          -0  1.798e+308     0.000    91    2    3           1    0    101      7    101     10    T1021s3TS043-D2.pdb:A  SCOP d1b92a_
   15      0.8118          -0  1.798e+308     0.000    91    2    3           1    0    101      7    101     10    T1021s3TS043-D2.pdb:A  SCOP d1hyva_
   16      0.8118          -0  1.798e+308     0.000    91    2    3           1    0    101      7    101     10    T1021s3TS043-D2.pdb:A  SCOP d1b9da_
   17      0.8118          -0  1.798e+308     0.000    91    2    3           1    0    101      7    101     10    T1021s3TS043-D2.pdb:A  SCOP d1exqa_
   18      0.8118          -0  1.798e+308     0.000    91    2    3           1    0    101      7    101     10    T1021s3TS043-D2.pdb:A  SCOP d1hyza_
   19       0.794          -0  1.798e+308     0.000    90    2    3           1    0    101      7    101     10    T1021s3TS043-D2.pdb:A  SCOP d1bl3a_
   20       0.794          -0       3.262     0.000    90    2    2           1    0    101      7    101      9    T1021s3TS043-D2.pdb:A  SCOP d1wida_
   21      0.7843          -0       2.396     0.000    89    2    2           1    0    101      7    100      9    T1021s3TS043-D2.pdb:A  SCOP d2fo1a2
   22      0.7824    0.002913       4.709     0.000    88    2    2           1    0    101      7     98      9    T1021s3TS043-D2.pdb:A  SCOP d7mdha2
   23      0.7526    0.003083       3.931     0.000    77    3    1           1    0    101      7     78      7    T1021s3TS043-D2.pdb:A  SCOP d1l2fa2
   24       0.742          -0       1.298     0.000    87    3    2           1    0    101      7    101     14    T1021s3TS043-D2.pdb:A  SCOP d1cawa_
   25      0.7354          -0       1.958     0.000    84    2    3           1    0    101      7     95      6    T1021s3TS043-D2.pdb:A  SCOP d1gr0a2
   26       0.725          -0  1.798e+308     0.000    86    2    2           1    0    101      7    101      8    T1021s3TS043-D2.pdb:A  SCOP d1bb9a_
   27       0.725          -0  1.798e+308     0.000    86    2    2           1    0    101      7    101      9    T1021s3TS043-D2.pdb:A  SCOP d1pc4a_
   28       0.725          -0  1.798e+308     0.000    86    2    2           1    0    101      7    101      5    T1021s3TS043-D2.pdb:A  SCOP d1huma_
   29       0.725          -0  1.798e+308     0.000    86    2    2           1    0    101      7    101      5    T1021s3TS043-D2.pdb:A  SCOP d1huma_
   30       0.725          -0  1.798e+308     0.000    86    2    2           1    0    101      7    101      5    T1021s3TS043-D2.pdb:A  SCOP d1huna_
   31       0.725          -0  1.798e+308     0.000    86    2    2           1    0    101      7    101      9    T1021s3TS043-D2.pdb:A  SCOP d1n2ma_
   32       0.725          -0  1.798e+308     0.000    86    2    2           1    0    101      7    101      5    T1021s3TS043-D2.pdb:A  SCOP d1huna_
   33       0.725          -0  1.798e+308     0.000    86    2    2           1    0    101      7    101     10    T1021s3TS043-D2.pdb:A  SCOP d1ge6a_
   34       0.725          -0  1.798e+308     0.000    86    2    2           1    0    101      7    101      3    T1021s3TS043-D2.pdb:A  SCOP d1gzia_
   35       0.725          -0  1.798e+308     0.000    86    2    2           1    0    101      7    101      9    T1021s3TS043-D2.pdb:A  SCOP d1mt1.1
   36       0.725          -0  1.798e+308     0.000    86    2    2           1    0    101      7    101      4    T1021s3TS043-D2.pdb:A  SCOP d1rtoa_
   37       0.725          -0  1.798e+308     0.000    86    2    2           1    0    101      7    101      4    T1021s3TS043-D2.pdb:A  SCOP d1ig4a_
   38       0.725          -0  1.798e+308     0.000    86    2    2           1    0    101      7    101      5    T1021s3TS043-D2.pdb:A  SCOP d1csxa_
   39       0.725          -0  1.798e+308     0.000    86    2    2           1    0    101      7    101      6    T1021s3TS043-D2.pdb:A  SCOP d2pnia_
   40       0.725          -0  1.798e+308     0.000    86    2    2           1    0    101      7    101      6    T1021s3TS043-D2.pdb:A  SCOP d1mwqa_
   41       0.725          -0  1.798e+308     0.000    86    2    2           1    0    101      7    101      7    T1021s3TS043-D2.pdb:A  SCOP d1xbwa_
   42       0.725          -0  1.798e+308     0.000    86    2    2           1    0    101      7    101     10    T1021s3TS043-D2.pdb:A  SCOP d1un3a_
   43       0.725          -0  1.798e+308     0.000    86    2    2           1    0    101      7    101      7    T1021s3TS043-D2.pdb:A  SCOP d1xbwa_
   44       0.725          -0  1.798e+308     0.000    86    2    2           1    0    101      7    101      8    T1021s3TS043-D2.pdb:A  SCOP d1alla_
   45       0.725          -0  1.798e+308     0.000    86    2    2           1    0    101      7    101      6    T1021s3TS043-D2.pdb:A  SCOP d1iuja_
   46       0.725          -0  1.798e+308     0.000    86    2    2           1    0    101      7    101      5    T1021s3TS043-D2.pdb:A  SCOP d1o6xa_
   47       0.725          -0  1.798e+308     0.000    86    2    2           1    0    101      7    101      6    T1021s3TS043-D2.pdb:A  SCOP d1ir0a_
   48       0.725          -0  1.798e+308     0.000    86    2    2           1    0    101      7    101     10    T1021s3TS043-D2.pdb:A  SCOP d1k5ba_
   49       0.725          -0  1.798e+308     0.000    86    2    2           1    0    101      7    101     10    T1021s3TS043-D2.pdb:A  SCOP d1n02a_
   50       0.725          -0  1.798e+308     0.000    86    2    2           1    0    101      7    101     10    T1021s3TS043-D2.pdb:A  SCOP d1n02a_
   51       0.725          -0  1.798e+308     0.000    86    2    2           1    0    101      7    101      4    T1021s3TS043-D2.pdb:A  SCOP d1dfea_
   52       0.725          -0  1.798e+308     0.000    86    2    2           1    0    101      7    101     10    T1021s3TS043-D2.pdb:A  SCOP d1k5aa_
   53       0.725          -0  1.798e+308     0.000    86    2    2           1    0    101      7    101      9    T1021s3TS043-D2.pdb:A  SCOP d1b0va_
   54       0.725          -0  1.798e+308     0.000    86    3    2           1    0    101      7    101     13    T1021s3TS043-D2.pdb:A  SCOP d1l1da_
   55       0.725          -0  1.798e+308     0.000    86    2    2           1    0    101      7    101     10    T1021s3TS043-D2.pdb:A  SCOP d1agia_
   56       0.725          -0  1.798e+308     0.000    86    2    2           1    0    101      7    101     10    T1021s3TS043-D2.pdb:A  SCOP d1agia_
   57       0.725          -0  1.798e+308     0.000    86    3    2           1    0    101      7    101      9    T1021s3TS043-D2.pdb:A  SCOP d1frja_
   58       0.725          -0  1.798e+308     0.000    86    2    2           1    0    101      7    101     10    T1021s3TS043-D2.pdb:A  SCOP d1gioa_
   59       0.725          -0  1.798e+308     0.000    86    2    2           1    0    101      7    101      8    T1021s3TS043-D2.pdb:A  SCOP d1td4a_
   60       0.725          -0  1.798e+308     0.000    86    2    2           1    0    101      7    101      3    T1021s3TS043-D2.pdb:A  SCOP d1dgza_
   61       0.725          -0  1.798e+308     0.000    86    3    2           1    0    101      7    101     13    T1021s3TS043-D2.pdb:A  SCOP d1qy4a_
   62       0.725          -0  1.798e+308     0.000    86    3    2           1    0    101      7    101     13    T1021s3TS043-D2.pdb:A  SCOP d1qxja_
   63       0.725          -0  1.798e+308     0.000    86    3    2           1    0    101      7    101     13    T1021s3TS043-D2.pdb:A  SCOP d1qxra_
   64       0.725          -0  1.798e+308     0.000    86    2    2           1    0    101      7    101      8    T1021s3TS043-D2.pdb:A  SCOP d1m1qa_
   65       0.725          -0  1.798e+308     0.000    86    2    2           1    0    101      7    101      7    T1021s3TS043-D2.pdb:A  SCOP d1m1pa_
   66       0.725          -0  1.798e+308     0.000    86    2    2           1    0    101      7    101      3    T1021s3TS043-D2.pdb:A  SCOP d1guwa_
   67       0.725          -0  1.798e+308     0.000    86    2    2           1    0    101      7    101      9    T1021s3TS043-D2.pdb:A  SCOP d4lvea_
   68       0.725          -0  1.798e+308     0.000    86    2    2           1    0    101      7    101      9    T1021s3TS043-D2.pdb:A  SCOP d1veta_
   69       0.725          -0  1.798e+308     0.000    86    3    2           1    0    101      7    101     14    T1021s3TS043-D2.pdb:A  SCOP d1rf8a_
   70       0.725          -0  1.798e+308     0.000    86    3    2           1    0    101      7    101      6    T1021s3TS043-D2.pdb:A  SCOP d1dtja_
   71       0.725          -0  1.798e+308     0.000    86    2    2           1    0    101      7    101      8    T1021s3TS043-D2.pdb:A  SCOP d1nhca_
   72       0.725          -0  1.798e+308     0.000    86    2    2           1    0    101      7    101      8    T1021s3TS043-D2.pdb:A  SCOP d1nr3a_
   73       0.725          -0  1.798e+308     0.000    86    2    2           1    0    101      7    101      3    T1021s3TS043-D2.pdb:A  SCOP d1mbea_
   74       0.725          -0  1.798e+308     0.000    86    2    2           1    0    101      7    101      3    T1021s3TS043-D2.pdb:A  SCOP d1k9ra_
   75       0.725          -0  1.798e+308     0.000    86    2    2           1    0    101      7    101      7    T1021s3TS043-D2.pdb:A  SCOP d1tnma_
   76       0.725          -0  1.798e+308     0.000    86    3    2           1    0    101      7    101     10    T1021s3TS043-D2.pdb:A  SCOP d1u55a_
   77       0.725          -0  1.798e+308     0.000    86    3    2           1    0    101      7    101     10    T1021s3TS043-D2.pdb:A  SCOP d1u56a_
   78       0.725          -0  1.798e+308     0.000    86    2    2           1    0    101      7    101      8    T1021s3TS043-D2.pdb:A  SCOP d2bbna_
   79       0.725          -0  1.798e+308     0.000    86    2    2           1    0    101      7    101     10    T1021s3TS043-D2.pdb:A  SCOP d1u56a_
   80       0.725          -0  1.798e+308     0.000    86    3    2           1    0    101      7    101      5    T1021s3TS043-D2.pdb:A  SCOP d1qp3a_
   81       0.725          -0  1.798e+308     0.000    86    3    2           1    0    101      7    101      8    T1021s3TS043-D2.pdb:A  SCOP d3vuba_
   82       0.725          -0  1.798e+308     0.000    86    3    2           1    0    101      7    101      8    T1021s3TS043-D2.pdb:A  SCOP d4vuba_
   83       0.725          -0  1.798e+308     0.000    86    2    2           1    0    101      7    101      3    T1021s3TS043-D2.pdb:A  SCOP d1gjxa_
   84       0.725          -0  1.798e+308     0.000    86    3    2           1    0    101      7    101      6    T1021s3TS043-D2.pdb:A  SCOP d1iyva_
   85       0.725          -0  1.798e+308     0.000    86    2    2           1    0    101      7    101      9    T1021s3TS043-D2.pdb:A  SCOP d1n13.1
   86       0.725          -0  1.798e+308     0.000    86    2    2           1    0    101      7    101      6    T1021s3TS043-D2.pdb:A  SCOP d1iyva_
   87       0.725          -0  1.798e+308     0.000    86    3    2           1    0    101      7    101      6    T1021s3TS043-D2.pdb:A  SCOP d1bdoa_
   88       0.725          -0  1.798e+308     0.000    86    2    2           1    0    101      7    101     10    T1021s3TS043-D2.pdb:A  SCOP d1ge6a_
   89       0.725          -0  1.798e+308     0.000    86    3    2           1    0    101      7    101      5    T1021s3TS043-D2.pdb:A  SCOP d3p2pa_
   90       0.725          -0  1.798e+308     0.000    86    2    2           1    0    101      7    101      5    T1021s3TS043-D2.pdb:A  SCOP d2ycca_
   91       0.725          -0  1.798e+308     0.000    86    3    2           1    0    101      7    101      8    T1021s3TS043-D2.pdb:A  SCOP d1n5ba_
   92       0.725          -0  1.798e+308     0.000    86    2    2           1    0    101      7    101      7    T1021s3TS043-D2.pdb:A  SCOP d1gtfa_
   93       0.725          -0  1.798e+308     0.000    86    2    2           1    0    101      7    101      4    T1021s3TS043-D2.pdb:A  SCOP d1yfca_
   94       0.725          -0       2.947     0.000    86    3    2           1    0    101      7    101     12    T1021s3TS043-D2.pdb:A  SCOP d1dy2a_
   95       0.725          -0  1.798e+308     0.000    86    2    2           1    0    101      7    101      5    T1021s3TS043-D2.pdb:A  SCOP d1i5ta_
   96       0.725          -0  1.798e+308     0.000    86    2    2           1    0    101      7    101      4    T1021s3TS043-D2.pdb:A  SCOP d1ryqa_
   97       0.725          -0  1.798e+308     0.000    86    2    2           1    0    101      7    101      5    T1021s3TS043-D2.pdb:A  SCOP d1oota_
   98       0.725          -0  1.798e+308     0.000    86    2    2           1    0    101      7    101      8    T1021s3TS043-D2.pdb:A  SCOP d1vrka_
   99       0.725          -0  1.798e+308     0.000    86    2    2           1    0    101      7    101      4    T1021s3TS043-D2.pdb:A  SCOP d1ryqa_
  100       0.725          -0  1.798e+308     0.000    86    2    2           1    0    101      7    101     10    T1021s3TS043-D2.pdb:A  SCOP d1vj2a_
  101       0.725          -0  1.798e+308     0.000    86    2    2           1    0    101      7    101     10    T1021s3TS043-D2.pdb:A  SCOP d1vj2a_
  102       0.725          -0  1.798e+308     0.000    86    3    2           1    0    101      7    101     10    T1021s3TS043-D2.pdb:A  SCOP d1vj2a_
  103       0.725          -0  1.798e+308     0.000    86    2    2           1    0    101      7    101     10    T1021s3TS043-D2.pdb:A  SCOP d1vj2a_
  104       0.725          -0  1.798e+308     0.000    86    2    2           1    0    101      7    101      2    T1021s3TS043-D2.pdb:A  SCOP d1tbna_
  105       0.725          -0  1.798e+308     0.000    86    2    2           1    0    101      7    101     10    T1021s3TS043-D2.pdb:A  SCOP d1dcka_
  106       0.725          -0  1.798e+308     0.000    86    2    2           1    0    101      7    101     10    T1021s3TS043-D2.pdb:A  SCOP d1dcka_
  107       0.725          -0  1.798e+308     0.000    86    2    2           1    0    101      7    101      8    T1021s3TS043-D2.pdb:A  SCOP d1fjja_
  108       0.725          -0  1.798e+308     0.000    86    2    2           1    0    101      7    101     10    T1021s3TS043-D2.pdb:A  SCOP d2tmya_
  109       0.725          -0  1.798e+308     0.000    86    3    2           1    0    101      7    101     10    T1021s3TS043-D2.pdb:A  SCOP d1kf3a_
  110       0.725          -0  1.798e+308     0.000    86    2    2           1    0    101      7    101      8    T1021s3TS043-D2.pdb:A  SCOP d3hhba_
  111       0.725          -0  1.798e+308     0.000    86    3    2           1    0    101      7    101     10    T1021s3TS043-D2.pdb:A  SCOP d1kf2a_
  112       0.725          -0  1.798e+308     0.000    86    2    2           1    0    101      7    101     10    T1021s3TS043-D2.pdb:A  SCOP d1kf2a_
  113       0.725          -0  1.798e+308     0.000    86    2    2           1    0    101      7    101      8    T1021s3TS043-D2.pdb:A  SCOP d1vwta_
  114       0.725          -0  1.798e+308     0.000    86    2    2           1    0    101      7    101      7    T1021s3TS043-D2.pdb:A  SCOP d1vi3a_
  115       0.725          -0  1.798e+308     0.000    86    2    2           1    0    101      7    101     10    T1021s3TS043-D2.pdb:A  SCOP d1ehca_
  116       0.725          -0  1.798e+308     0.000    86    3    2           1    0    101      7    101     10    T1021s3TS043-D2.pdb:A  SCOP d1kf4a_
  117       0.725          -0  1.798e+308     0.000    86    2    2           1    0    101      7    101     10    T1021s3TS043-D2.pdb:A  SCOP d1kf4a_
  118       0.725          -0  1.798e+308     0.000    86    3    2           1    0    101      7    101     10    T1021s3TS043-D2.pdb:A  SCOP d1kf5a_
  119       0.725          -0  1.798e+308     0.000    86    2    2           1    0    101      7    101      7    T1021s3TS043-D2.pdb:A  SCOP d1fuxa_
  120       0.725          -0  1.798e+308     0.000    86    2    2           1    0    101      7    101      7    T1021s3TS043-D2.pdb:A  SCOP d1fuxa_
  121       0.725          -0  1.798e+308     0.000    86    3    2           1    0    101      7    101     10    T1021s3TS043-D2.pdb:A  SCOP d1kf8a_
  122       0.725          -0  1.798e+308     0.000    86    2    2           1    0    101      7    101     10    T1021s3TS043-D2.pdb:A  SCOP d5chya_
  123       0.725          -0  1.798e+308     0.000    86    2    2           1    0    101      7    101     10    T1021s3TS043-D2.pdb:A  SCOP d1kf8a_
  124       0.725          -0  1.798e+308     0.000    86    2    2           1    0    101      7    101      2    T1021s3TS043-D2.pdb:A  SCOP d1tboa_
  125       0.725          -0  1.798e+308     0.000    86    2    2           1    0    101      7    101      9    T1021s3TS043-D2.pdb:A  SCOP d1xoya_
  126       0.725          -0  1.798e+308     0.000    86    3    2           1    0    101      7    101     10    T1021s3TS043-D2.pdb:A  SCOP d1kf7a_
  127       0.725          -0  1.798e+308     0.000    86    2    2           1    0    101      7    101     10    T1021s3TS043-D2.pdb:A  SCOP d1d4za_
  128       0.725          -0  1.798e+308     0.000    86    2    2           1    0    101      7    101      8    T1021s3TS043-D2.pdb:A  SCOP d1pm4a_
  129       0.725          -0  1.798e+308     0.000    86    2    2           1    0    101      7    101      9    T1021s3TS043-D2.pdb:A  SCOP d1c7ea_
  130       0.725          -0  1.798e+308     0.000    86    2    2           1    0    101      7    101      9    T1021s3TS043-D2.pdb:A  SCOP d1c7ea_
  131       0.725          -0  1.798e+308     0.000    86    2    2           1    0    101      7    101      9    T1021s3TS043-D2.pdb:A  SCOP d1c7ea_
  132       0.725          -0  1.798e+308     0.000    86    2    2           1    0    101      7    101      9    T1021s3TS043-D2.pdb:A  SCOP d1c7fa_
  133       0.725          -0  1.798e+308     0.000    86    2    2           1    0    101      7    101      9    T1021s3TS043-D2.pdb:A  SCOP d1c7fa_
  134       0.725          -0  1.798e+308     0.000    86    2    2           1    0    101      7    101      9    T1021s3TS043-D2.pdb:A  SCOP d1c7fa_
  135       0.725          -0  1.798e+308     0.000    86    2    2           1    0    101      7    101      7    T1021s3TS043-D2.pdb:A  SCOP d1mh8a_
  136       0.725          -0  1.798e+308     0.000    86    2    2           1    0    101      7    101      9    T1021s3TS043-D2.pdb:A  SCOP d1eiwa_
  137       0.725          -0  1.798e+308     0.000    86    2    2           1    0    101      7    101      9    T1021s3TS043-D2.pdb:A  SCOP d1eiwa_
  138       0.725          -0  1.798e+308     0.000    86    2    2           1    0    101      7    101      5    T1021s3TS043-D2.pdb:A  SCOP d1afja_
  139       0.725          -0  1.798e+308     0.000    86    2    2           1    0    101      7    101      5    T1021s3TS043-D2.pdb:A  SCOP d1tuza_
  140       0.725          -0  1.798e+308     0.000    86    2    2           1    0    101      7    101      7    T1021s3TS043-D2.pdb:A  SCOP d1wgva_
  141       0.725          -0       1.125     0.000    86    3    2           1    0    101      7    101     14    T1021s3TS043-D2.pdb:A  SCOP d1thea_
  142       0.725          -0  1.798e+308     0.000    86    2    2           1    0    101      7    101      5    T1021s3TS043-D2.pdb:A  SCOP d1c1ja_
  143       0.725          -0       1.125     0.000    86    3    2           1    0    101      7    101     14    T1021s3TS043-D2.pdb:A  SCOP d1ctea_
  144       0.725          -0       1.125     0.000    86    3    2           1    0    101      7    101     15    T1021s3TS043-D2.pdb:A  SCOP d1cpja_
  145       0.725          -0  1.798e+308     0.000    86    2    2           1    0    101      7    101      8    T1021s3TS043-D2.pdb:A  SCOP d4hhba_
  146       0.725          -0       1.125     0.000    86    3    2           1    0    101      7    101     15    T1021s3TS043-D2.pdb:A  SCOP d1cpja_
  147       0.725          -0       1.125     0.000    86    3    2           1    0    101      7    101     15    T1021s3TS043-D2.pdb:A  SCOP d1qdqa_
  148       0.725          -0  1.798e+308     0.000    86    2    2           1    0    101      7    101      7    T1021s3TS043-D2.pdb:A  SCOP d1bbba_
  149       0.725          -0       1.125     0.000    86    3    2           1    0    101      7    101     15    T1021s3TS043-D2.pdb:A  SCOP d1qdqa_
  150       0.725          -0  1.798e+308     0.000    86    2    2           1    0    101      7    101      8    T1021s3TS043-D2.pdb:A  SCOP d4ayka_
  151       0.725          -0  1.798e+308     0.000    86    3    2           1    0    101      7    101     12    T1021s3TS043-D2.pdb:A  SCOP d1gsxa_
  152       0.725          -0  1.798e+308     0.000    86    2    2           1    0    101      7    101      8    T1021s3TS043-D2.pdb:A  SCOP d1dxva_
  153       0.725          -0  1.798e+308     0.000    86    2    2           1    0    101      7    101     10    T1021s3TS043-D2.pdb:A  SCOP d1dcka_
  154       0.725          -0  1.798e+308     0.000    86    2    2           1    0    101      7    101      7    T1021s3TS043-D2.pdb:A  SCOP d2dhba_
  155       0.725          -0  1.798e+308     0.000    86    2    2           1    0    101      7    101     10    T1021s3TS043-D2.pdb:A  SCOP d1mvea_
  156       0.725          -0  1.798e+308     0.000    86    2    2           1    0    101      7    101     10    T1021s3TS043-D2.pdb:A  SCOP d1mvea_
  157       0.725          -0  1.798e+308     0.000    86    2    2           1    0    101      7    101      9    T1021s3TS043-D2.pdb:A  SCOP d1pu3a_
  158       0.725          -0  1.798e+308     0.000    86    2    2           1    0    101      7    101     10    T1021s3TS043-D2.pdb:A  SCOP d1mvea_
  159       0.725          -0  1.798e+308     0.000    86    2    2           1    0    101      7    101      8    T1021s3TS043-D2.pdb:A  SCOP d1g90a_
  160       0.725          -0  1.798e+308     0.000    86    2    2           1    0    101      7    101      9    T1021s3TS043-D2.pdb:A  SCOP d1bc4a_
  161       0.725          -0  1.798e+308     0.000    86    3    2           1    0    101      7    101      7    T1021s3TS043-D2.pdb:A  SCOP d1rpya_
  162       0.725          -0  1.798e+308     0.000    86    2    2           1    0    101      7    101      8    T1021s3TS043-D2.pdb:A  SCOP d2pgha_
  163       0.725          -0  1.798e+308     0.000    86    3    2           1    0    101      7    101      9    T1021s3TS043-D2.pdb:A  SCOP d1m58a_
  164       0.725          -0  1.798e+308     0.000    86    3    2           1    0    101      7    101      9    T1021s3TS043-D2.pdb:A  SCOP d1rfsa_
  165       0.725          -0  1.798e+308     0.000    86    3    2           1    0    101      7    101      7    T1021s3TS043-D2.pdb:A  SCOP d1auda_
  166       0.725          -0  1.798e+308     0.000    86    2    2           1    0    101      7    101      8    T1021s3TS043-D2.pdb:A  SCOP d1pbxa_
  167       0.725          -0  1.798e+308     0.000    86    3    2           1    0    101      7    101      5    T1021s3TS043-D2.pdb:A  SCOP d1m30a_
  168       0.725          -0  1.798e+308     0.000    86    2    2           1    0    101      7    101      4    T1021s3TS043-D2.pdb:A  SCOP d1neba_
  169       0.725          -0  1.798e+308     0.000    86    2    2           1    0    101      7    101     10    T1021s3TS043-D2.pdb:A  SCOP d1hi3a_
  170       0.725          -0  1.798e+308     0.000    86    2    2           1    0    101      7    101      5    T1021s3TS043-D2.pdb:A  SCOP d1awoa_
  171       0.725          -0  1.798e+308     0.000    86    3    2           1    0    101      7    101     15    T1021s3TS043-D2.pdb:A  SCOP d1r4ba_
  172       0.725          -0  1.798e+308     0.000    86    2    2           1    0    101      7    101     10    T1021s3TS043-D2.pdb:A  SCOP d1hi5a_
  173       0.725          -0  1.798e+308     0.000    86    2    2           1    0    101      7    101     10    T1021s3TS043-D2.pdb:A  SCOP d1hi5a_
  174       0.725          -0  1.798e+308     0.000    86    2    2           1    0    101      7    101      8    T1021s3TS043-D2.pdb:A  SCOP d1uc3a_
  175       0.725          -0  1.798e+308     0.000    86    2    2           1    0    101      7    101     10    T1021s3TS043-D2.pdb:A  SCOP d1hi4a_
  176       0.725          -0  1.798e+308     0.000    86    2    2           1    0    101      7    101      8    T1021s3TS043-D2.pdb:A  SCOP d1mc2a_
  177       0.725          -0  1.798e+308     0.000    86    2    2           1    0    101      7    101      6    T1021s3TS043-D2.pdb:A  SCOP d2pnia_
  178       0.725          -0  1.798e+308     0.000    86    2    2           1    0    101      7    101     10    T1021s3TS043-D2.pdb:A  SCOP d1ge6a_
  179       0.725          -0  1.798e+308     0.000    86    2    2           1    0    101      7    101     10    T1021s3TS043-D2.pdb:A  SCOP d5tswa_
  180       0.725          -0  1.798e+308     0.000    86    2    2           1    0    101      7    101      9    T1021s3TS043-D2.pdb:A  SCOP d1o0ha_
  181       0.725          -0  1.798e+308     0.000    86    2    2           1    0    101      7    101      9    T1021s3TS043-D2.pdb:A  SCOP d1o0ha_
  182       0.725          -0  1.798e+308     0.000    86    2    2           1    0    101      7    101     10    T1021s3TS043-D2.pdb:A  SCOP d3chya_
  183       0.725          -0  1.798e+308     0.000    86    2    2           1    0    101      7    101      3    T1021s3TS043-D2.pdb:A  SCOP d1ev6.1
  184       0.725          -0  1.798e+308     0.000    86    2    2           1    0    101      7    101      8    T1021s3TS043-D2.pdb:A  SCOP d1glia_
  185       0.725   3.895e-06        3.17     0.000    86    2    2           1    0    101      7    101     10    T1021s3TS043-D2.pdb:A  SCOP d1kd7a_
  186       0.725          -0  1.798e+308     0.000    86    2    2           1    0    101      7    101      8    T1021s3TS043-D2.pdb:A  SCOP d1lfla_
  187       0.725          -0  1.798e+308     0.000    86    2    2           1    0    101      7    101      6    T1021s3TS043-D2.pdb:A  SCOP d1wi8a_
  188       0.725          -0  1.798e+308     0.000    86    2    2           1    0    101      7    101      9    T1021s3TS043-D2.pdb:A  SCOP d1o0fa_
  189       0.725          -0  1.798e+308     0.000    86    2    2           1    0    101      7    101      8    T1021s3TS043-D2.pdb:A  SCOP d1hgba_
  190       0.725          -0  1.798e+308     0.000    86    2    2           1    0    101      7    101      9    T1021s3TS043-D2.pdb:A  SCOP d1o0fa_
  191       0.725          -0  1.798e+308     0.000    86    2    2           1    0    101      7    101      9    T1021s3TS043-D2.pdb:A  SCOP d1wf6a_
  192       0.725          -0  1.798e+308     0.000    86    3    2           1    0    101      7    101     10    T1021s3TS043-D2.pdb:A  SCOP d1g6ga_
  193       0.725          -0  1.798e+308     0.000    86    2    2           1    0    101      7    101      8    T1021s3TS043-D2.pdb:A  SCOP d1fdha_
  194       0.725          -0  1.798e+308     0.000    86    3    2           1    0    101      7    101      9    T1021s3TS043-D2.pdb:A  SCOP d1auza_
  195       0.725          -0  1.798e+308     0.000    86    2    2           1    0    101      7    101      8    T1021s3TS043-D2.pdb:A  SCOP d3phya_
  196       0.725          -0  1.798e+308     0.000    86    3    2           1    0    101      7    101      9    T1021s3TS043-D2.pdb:A  SCOP d1auza_
  197       0.725          -0  1.798e+308     0.000    86    2    2           1    0    101      7    101     10    T1021s3TS043-D2.pdb:A  SCOP d1g6ga_
  198       0.725          -0  1.798e+308     0.000    86    2    2           1    0    101      7    101      7    T1021s3TS043-D2.pdb:A  SCOP d1btba_
  199       0.725          -0  1.798e+308     0.000    86    2    2           1    0    101      7    101      7    T1021s3TS043-D2.pdb:A  SCOP d1bfia_
  200       0.725   9.763e-09       2.012     0.000    86    2    2           1    0    101      7    101      7    T1021s3TS043-D2.pdb:A  SCOP d1mzka_
  201       0.725          -0  1.798e+308     0.000    86    2    2           1    0    101      7    101      8    T1021s3TS043-D2.pdb:A  SCOP d3ayka_
  202       0.725          -0  1.798e+308     0.000    86    2    2           1    0    101      7    101      9    T1021s3TS043-D2.pdb:A  SCOP d1afua_
  203       0.725          -0  1.798e+308     0.000    86    2    2           1    0    101      7    101      4    T1021s3TS043-D2.pdb:A  SCOP d1l1ma_
  204       0.725          -0  1.798e+308     0.000    86    2    2           1    0    101      7    101      8    T1021s3TS043-D2.pdb:A  SCOP d1sh4a_
  205       0.725          -0  1.798e+308     0.000    86    2    2           1    0    101      7    101      8    T1021s3TS043-D2.pdb:A  SCOP d1fhoa_
  206       0.725          -0  1.798e+308     0.000    86    2    2           1    0    101      7    101      5    T1021s3TS043-D2.pdb:A  SCOP d1neqa_
  207       0.725          -0  1.798e+308     0.000    86    2    2           1    0    101      7    101      5    T1021s3TS043-D2.pdb:A  SCOP d1nera_
  208       0.725          -0  1.798e+308     0.000    86    2    2           1    0    101      7    101     10    T1021s3TS043-D2.pdb:A  SCOP d1btka_
  209       0.725          -0  1.798e+308     0.000    86    2    2           1    0    101      7    101      8    T1021s3TS043-D2.pdb:A  SCOP d1wjma_
  210       0.725          -0  1.798e+308     0.000    86    2    2           1    0    101      7    101      9    T1021s3TS043-D2.pdb:A  SCOP d1gvpa_
  211       0.725          -0  1.798e+308     0.000    86    2    2           1    0    101      7    101      9    T1021s3TS043-D2.pdb:A  SCOP d1gkha_
  212       0.725          -0  1.798e+308     0.000    86    2    2           1    0    101      7    101      9    T1021s3TS043-D2.pdb:A  SCOP d1vqga_
  213       0.725          -0  1.798e+308     0.000    86    2    2           1    0    101      7    101      6    T1021s3TS043-D2.pdb:A  SCOP d1mnla_
  214       0.725          -0  1.798e+308     0.000    86    2    2           1    0    101      7    101      8    T1021s3TS043-D2.pdb:A  SCOP d2bida_
  215       0.725          -0  1.798e+308     0.000    86    2    2           1    0    101      7    101      9    T1021s3TS043-D2.pdb:A  SCOP d1vqga_
  216       0.725          -0  1.798e+308     0.000    86    2    2           1    0    101      7    101      9    T1021s3TS043-D2.pdb:A  SCOP d1vqia_
  217       0.725          -0  1.798e+308     0.000    86    3    2           1    0    101      7    101      9    T1021s3TS043-D2.pdb:A  SCOP d1gy6a_
  218       0.725          -0  1.798e+308     0.000    86    2    2           1    0    101      7    101      9    T1021s3TS043-D2.pdb:A  SCOP d1vqha_
  219       0.725          -0  1.798e+308     0.000    86    2    2           1    0    101      7    101      5    T1021s3TS043-D2.pdb:A  SCOP d1gdca_
  220       0.725          -0  1.798e+308     0.000    86    2    2           1    0    101      7    101      9    T1021s3TS043-D2.pdb:A  SCOP d1vqha_
  221       0.725          -0  1.798e+308     0.000    86    2    2           1    0    101      7    101      9    T1021s3TS043-D2.pdb:A  SCOP d1vqja_
  222       0.725          -0  1.798e+308     0.000    86    2    2           1    0    101      7    101      9    T1021s3TS043-D2.pdb:A  SCOP d1vqda_
  223       0.725          -0  1.798e+308     0.000    86    2    2           1    0    101      7    101      8    T1021s3TS043-D2.pdb:A  SCOP d1icca_
  224       0.725          -0  1.798e+308     0.000    86    2    2           1    0    101      7    101      5    T1021s3TS043-D2.pdb:A  SCOP d1kzka_
  225       0.725          -0  1.798e+308     0.000    86    2    2           1    0    101      7    101      9    T1021s3TS043-D2.pdb:A  SCOP d1wjxa_
  226       0.725          -0  1.798e+308     0.000    86    2    2           1    0    101      7    101      9    T1021s3TS043-D2.pdb:A  SCOP d1vqca_
  227       0.725          -0  1.798e+308     0.000    86    2    2           1    0    101      7    101      9    T1021s3TS043-D2.pdb:A  SCOP d1syga_
  228       0.725          -0  1.798e+308     0.000    86    2    2           1    0    101      7    101      9    T1021s3TS043-D2.pdb:A  SCOP d1ey7a_
  229       0.725          -0  1.798e+308     0.000    86    2    2           1    0    101      7    101      9    T1021s3TS043-D2.pdb:A  SCOP d1tqoa_
  230       0.725          -0  1.798e+308     0.000    86    2    2           1    0    101      7    101      7    T1021s3TS043-D2.pdb:A  SCOP d1jora_
  231       0.725          -0  1.798e+308     0.000    86    2    2           1    0    101      7    101      9    T1021s3TS043-D2.pdb:A  SCOP d1uefa_
  232       0.725          -0  1.798e+308     0.000    86    2    2           1    0    101      7    101      9    T1021s3TS043-D2.pdb:A  SCOP d1k7aa_
  233       0.725          -0  1.798e+308     0.000    86    2    2           1    0    101      7    101      6    T1021s3TS043-D2.pdb:A  SCOP d1k9pa_
  234       0.725          -0  1.798e+308     0.000    86    2    2           1    0    101      7    101      9    T1021s3TS043-D2.pdb:A  SCOP d1k7aa_
  235       0.725          -0  1.798e+308     0.000    86    2    2           1    0    101      7    101      4    T1021s3TS043-D2.pdb:A  SCOP d1hkta_
  236       0.725          -0  1.798e+308     0.000    86    3    2           1    0    101      7    101     11    T1021s3TS043-D2.pdb:A  SCOP d1nu2a_
  237       0.725          -0  1.798e+308     0.000    86    3    2           1    0    101      7    101     11    T1021s3TS043-D2.pdb:A  SCOP d1ntva_
  238       0.725          -0  1.798e+308     0.000    86    2    2           1    0    101      7    101      7    T1021s3TS043-D2.pdb:A  SCOP d1jwda_
  239       0.725          -0  1.798e+308     0.000    86    2    2           1    0    101      7    101      5    T1021s3TS043-D2.pdb:A  SCOP d1ksma_
  240       0.725          -0  1.798e+308     0.000    86    2    2           1    0    101      7    101      9    T1021s3TS043-D2.pdb:A  SCOP d1ieha_
  241       0.725          -0  1.798e+308     0.000    86    2    2           1    0    101      7    101     10    T1021s3TS043-D2.pdb:A  SCOP d1n3ha_
  242       0.725          -0  1.798e+308     0.000    86    2    2           1    0    101      7    101      8    T1021s3TS043-D2.pdb:A  SCOP d1krta_
  243       0.725          -0  1.798e+308     0.000    86    2    2           1    0    101      7    101      7    T1021s3TS043-D2.pdb:A  SCOP d1m59a_
  244       0.725          -0  1.798e+308     0.000    86    2    2           1    0    101      7    101      7    T1021s3TS043-D2.pdb:A  SCOP d1ehba_
  245       0.725          -0  1.798e+308     0.000    86    2    2           1    0    101      7    101      4    T1021s3TS043-D2.pdb:A  SCOP d2hipa_
  246       0.725          -0  1.798e+308     0.000    86    2    2           1    0    101      7    101      5    T1021s3TS043-D2.pdb:A  SCOP d1hq1a_
  247       0.725          -0  1.798e+308     0.000    86    2    2           1    0    101      7    101      6    T1021s3TS043-D2.pdb:A  SCOP d1wjja_
  248       0.725          -0  1.798e+308     0.000    86    2    2           1    0    101      7    101      8    T1021s3TS043-D2.pdb:A  SCOP d1unpa_
  249       0.725          -0  1.798e+308     0.000    86    2    2           1    0    101      7    101      4    T1021s3TS043-D2.pdb:A  SCOP d1otfa_
  250       0.725          -0  1.798e+308     0.000    86    2    2           1    0    101      7    101      8    T1021s3TS043-D2.pdb:A  SCOP d1unra_
  251       0.725          -0  1.798e+308     0.000    86    2    2           1    0    101      7    101      7    T1021s3TS043-D2.pdb:A  SCOP d2gmfa_
  252       0.725          -0  1.798e+308     0.000    86    2    2           1    0    101      7    101      9    T1021s3TS043-D2.pdb:A  SCOP d1tp6a_
  253       0.725          -0  1.798e+308     0.000    86    2    2           1    0    101      7    101      8    T1021s3TS043-D2.pdb:A  SCOP d1ur6a_
  254       0.725          -0  1.798e+308     0.000    86    2    2           1    0    101      7    101      3    T1021s3TS043-D2.pdb:A  SCOP d1i11a_
  255       0.725          -0      0.7193     0.000    86    2    2           1    0    101      7    101     10    T1021s3TS043-D2.pdb:A  SCOP d1qxya_
  256       0.725          -0      0.7193     0.000    86    2    2           1    0    101      7    101     10    T1021s3TS043-D2.pdb:A  SCOP d1qxwa_
  257       0.725          -0  1.798e+308     0.000    86    3    2           1    0    101      7    101      8    T1021s3TS043-D2.pdb:A  SCOP d1oqja_
  258       0.725          -0  1.798e+308     0.000    86    2    2           1    0    101      7    101      9    T1021s3TS043-D2.pdb:A  SCOP d1cn7a_
  259       0.725          -0  1.798e+308     0.000    86    2    2           1    0    101      7    101     10    T1021s3TS043-D2.pdb:A  SCOP d1xs0a_
  260       0.725          -0  1.798e+308     0.000    86    3    2           1    0    101      7    101      7    T1021s3TS043-D2.pdb:A  SCOP d1qysa_
  261       0.725          -0  1.798e+308     0.000    86    2    2           1    0    101      7    101     10    T1021s3TS043-D2.pdb:A  SCOP d1xs0a_
  262       0.725          -0  1.798e+308     0.000    86    2    2           1    0    101      7    101     10    T1021s3TS043-D2.pdb:A  SCOP d1xs0a_
  263       0.725          -0  1.798e+308     0.000    86    2    2           1    0    101      7    101      8    T1021s3TS043-D2.pdb:A  SCOP d1f40a_
  264       0.725          -0  1.798e+308     0.000    86    2    2           1    0    101      7    101      8    T1021s3TS043-D2.pdb:A  SCOP d1jnsa_
  265       0.725          -0  1.798e+308     0.000    86    2    2           1    0    101      7    101      7    T1021s3TS043-D2.pdb:A  SCOP d1jnta_
  266       0.725          -0  1.798e+308     0.000    86    2    2           1    0    101      7    101      7    T1021s3TS043-D2.pdb:A  SCOP d1jnta_
  267       0.725          -0  1.798e+308     0.000    86    2    2           1    0    101      7    101     10    T1021s3TS043-D2.pdb:A  SCOP d1ix5a_
  268       0.725          -0  1.798e+308     0.000    86    2    2           1    0    101      7    101      6    T1021s3TS043-D2.pdb:A  SCOP d1icha_
  269       0.725          -0  1.798e+308     0.000    86    2    2           1    0    101      7    101      9    T1021s3TS043-D2.pdb:A  SCOP d1axja_
  270       0.725          -0  1.798e+308     0.000    86    2    2           1    0    101      7    101      4    T1021s3TS043-D2.pdb:A  SCOP d1vdla_
  271       0.725          -0  1.798e+308     0.000    86    2    2           1    0    101      7    101      6    T1021s3TS043-D2.pdb:A  SCOP d1a1wa_
  272       0.725          -0  1.798e+308     0.000    86    2    2           1    0    101      7    101      4    T1021s3TS043-D2.pdb:A  SCOP d1q1va_
  273       0.725          -0  1.798e+308     0.000    86    2    2           1    0    101      7    101      5    T1021s3TS043-D2.pdb:A  SCOP d1s7za_
  274       0.725          -0  1.798e+308     0.000    86    2    2           1    0    101      7    101      9    T1021s3TS043-D2.pdb:A  SCOP d1s1ja_
  275       0.725          -0  1.798e+308     0.000    86    2    2           1    0    101      7    101      9    T1021s3TS043-D2.pdb:A  SCOP d1wjxa_
  276       0.725          -0  1.798e+308     0.000    86    2    2           1    0    101      7    101      9    T1021s3TS043-D2.pdb:A  SCOP d1vqca_
  277       0.725          -0  1.798e+308     0.000    86    2    2           1    0    101      7    101      9    T1021s3TS043-D2.pdb:A  SCOP d1wjxa_
  278       0.725          -0  1.798e+308     0.000    86    2    2           1    0    101      7    101      4    T1021s3TS043-D2.pdb:A  SCOP d1poua_
  279       0.725          -0  1.798e+308     0.000    86    2    2           1    0    101      7    101      9    T1021s3TS043-D2.pdb:A  SCOP d1k8ha_
  280       0.725          -0  1.798e+308     0.000    86    2    2           1    0    101      7    101      2    T1021s3TS043-D2.pdb:A  SCOP d1g2ya_
  281       0.725          -0  1.798e+308     0.000    86    2    2           1    0    101      7    101      2    T1021s3TS043-D2.pdb:A  SCOP d1l6ea_
  282       0.725          -0  1.798e+308     0.000    86    3    2           1    0    101      7    101     11    T1021s3TS043-D2.pdb:A  SCOP d1bfga_
  283       0.725          -0  1.798e+308     0.000    86    3    2           1    0    101      7    101     11    T1021s3TS043-D2.pdb:A  SCOP d1bfga_
  284       0.725          -0  1.798e+308     0.000    86    2    2           1    0    101      7    101      6    T1021s3TS043-D2.pdb:A  SCOP d1ib7a_
  285       0.725          -0  1.798e+308     0.000    86    2    2           1    0    101      7    101      6    T1021s3TS043-D2.pdb:A  SCOP d1c15a_
  286       0.725          -0  1.798e+308     0.000    86    3    2           1    0    101      7    101     11    T1021s3TS043-D2.pdb:A  SCOP d2bfha_
  287       0.725          -0  1.798e+308     0.000    86    3    2           1    0    101      7    101     11    T1021s3TS043-D2.pdb:A  SCOP d2bfha_
  288       0.725          -0  1.798e+308     0.000    86    2    2           1    0    101      7    101      2    T1021s3TS043-D2.pdb:A  SCOP d1smza_
  289       0.725          -0  1.798e+308     0.000    86    2    2           1    0    101      7    101      9    T1021s3TS043-D2.pdb:A  SCOP d1bfxa_
  290       0.725          -0  1.798e+308     0.000    86    2    2           1    0    101      7    101      8    T1021s3TS043-D2.pdb:A  SCOP d1cxya_
  291       0.725          -0  1.798e+308     0.000    86    2    2           1    0    101      7    101      5    T1021s3TS043-D2.pdb:A  SCOP d1puza_
  292       0.725          -0  1.798e+308     0.000    86    3    2           1    0    101      7    101      9    T1021s3TS043-D2.pdb:A  SCOP d1hzea_
  293       0.725          -0  1.798e+308     0.000    86    2    2           1    0    101      7    101      5    T1021s3TS043-D2.pdb:A  SCOP d1py2a_
  294       0.725          -0  1.798e+308     0.000    86    2    2           1    0    101      7    101      6    T1021s3TS043-D2.pdb:A  SCOP d1scfa_
  295       0.725          -0  1.798e+308     0.000    86    2    2           1    0    101      7    101     10    T1021s3TS043-D2.pdb:A  SCOP d1nb0a_
  296       0.725          -0  1.798e+308     0.000    86    2    2           1    0    101      7    101     10    T1021s3TS043-D2.pdb:A  SCOP d1nb0a_
  297       0.725          -0  1.798e+308     0.000    86    2    2           1    0    101      7    101     10    T1021s3TS043-D2.pdb:A  SCOP d1nb0a_
  298       0.725          -0  1.798e+308     0.000    86    2    2           1    0    101      7    101      8    T1021s3TS043-D2.pdb:A  SCOP d1iara_
  299       0.725          -0  1.798e+308     0.000    86    2    2           1    0    101      7    101      6    T1021s3TS043-D2.pdb:A  SCOP d1g6ja_
  300       0.725          -0  1.798e+308     0.000    86    2    2           1    0    101      7    101      4    T1021s3TS043-D2.pdb:A  SCOP d1fw4a_
  301       0.725          -0  1.798e+308     0.000    86    2    2           1    0    101      7    101     10    T1021s3TS043-D2.pdb:A  SCOP d2izia_
  302       0.725          -0  1.798e+308     0.000    86    2    2           1    0    101      7    101      9    T1021s3TS043-D2.pdb:A  SCOP d1srja_
  303       0.725          -0  1.798e+308     0.000    86    2    2           1    0    101      7    101      6    T1021s3TS043-D2.pdb:A  SCOP d1bt0a_
  304       0.725          -0  1.798e+308     0.000    86    2    2           1    0    101      7    101      6    T1021s3TS043-D2.pdb:A  SCOP d1bt0a_
  305       0.725          -0  1.798e+308     0.000    86    2    2           1    0    101      7    101      6    T1021s3TS043-D2.pdb:A  SCOP d1iyfa_
  306       0.725          -0  1.798e+308     0.000    86    2    2           1    0    101      7    101     10    T1021s3TS043-D2.pdb:A  SCOP d2izja_
  307       0.725          -0  1.798e+308     0.000    86    2    2           1    0    101      7    101     10    T1021s3TS043-D2.pdb:A  SCOP d2moba_
  308       0.725          -0  1.798e+308     0.000    86    3    2           1    0    101      7    101      9    T1021s3TS043-D2.pdb:A  SCOP d1ckva_
  309       0.725          -0  1.798e+308     0.000    86    3    2           1    0    101      7    101     13    T1021s3TS043-D2.pdb:A  SCOP d1o8va_
  310       0.725          -0  1.798e+308     0.000    86    2    2           1    0    101      7    101      6    T1021s3TS043-D2.pdb:A  SCOP d1wgha_
  311       0.725          -0  1.798e+308     0.000    86    2    2           1    0    101      7    101      6    T1021s3TS043-D2.pdb:A  SCOP d1trfa_
  312       0.725          -0  1.798e+308     0.000    86    2    2           1    0    101      7    101      5    T1021s3TS043-D2.pdb:A  SCOP d1tnqa_
  313       0.725          -0  1.798e+308     0.000    86    2    2           1    0    101      7    101      5    T1021s3TS043-D2.pdb:A  SCOP d1tnqa_
  314       0.725          -0  1.798e+308     0.000    86    2    2           1    0    101      7    101      7    T1021s3TS043-D2.pdb:A  SCOP d1aela_
  315       0.725          -0  1.798e+308     0.000    86    2    2           1    0    101      7    101      4    T1021s3TS043-D2.pdb:A  SCOP d1a57a_
  316       0.725          -0  1.798e+308     0.000    86    2    2           1    0    101      7    101      7    T1021s3TS043-D2.pdb:A  SCOP d1ihja_
  317       0.725          -0  1.798e+308     0.000    86    2    2           1    0    101      7    101      4    T1021s3TS043-D2.pdb:A  SCOP d1a57a_
  318       0.725          -0  1.798e+308     0.000    86    2    2           1    0    101      7    101      5    T1021s3TS043-D2.pdb:A  SCOP d1avsa_
  319       0.725          -0  1.798e+308     0.000    86    3    2           1    0    101      7    101      8    T1021s3TS043-D2.pdb:A  SCOP d1gnua_
  320       0.725          -0  1.798e+308     0.000    86    3    2           1    0    101      7    101      8    T1021s3TS043-D2.pdb:A  SCOP d1gnua_
  321       0.725          -0  1.798e+308     0.000    86    2    2           1    0    101      7    101     10    T1021s3TS043-D2.pdb:A  SCOP d1iiua_
  322       0.725          -0  1.798e+308     0.000    86    2    2           1    0    101      7    101     10    T1021s3TS043-D2.pdb:A  SCOP d1jyda_
  323       0.725          -0  1.798e+308     0.000    86    3    2           1    0    101      7    101      5    T1021s3TS043-D2.pdb:A  SCOP d1kn5a_
  324       0.725          -0  1.798e+308     0.000    86    2    2           1    0    101      7    101      9    T1021s3TS043-D2.pdb:A  SCOP d1puqa_
  325       0.725          -0  1.798e+308     0.000    86    2    2           1    0    101      7    101      8    T1021s3TS043-D2.pdb:A  SCOP d1soya_
  326       0.725          -0  1.798e+308     0.000    86    2    2           1    0    101      7    101     10    T1021s3TS043-D2.pdb:A  SCOP d1ub4a_
  327       0.725          -0  1.798e+308     0.000    86    2    2           1    0    101      7    101      8    T1021s3TS043-D2.pdb:A  SCOP d1pusa_
  328       0.725          -0  1.798e+308     0.000    86    2    2           1    0    101      7    101     10    T1021s3TS043-D2.pdb:A  SCOP d1ub4a_
  329       0.725          -0  1.798e+308     0.000    86    2    2           1    0    101      7    101      8    T1021s3TS043-D2.pdb:A  SCOP d1dmoa_
  330       0.725          -0  1.798e+308     0.000    86    2    2           1    0    101      7    101      8    T1021s3TS043-D2.pdb:A  SCOP d1dmoa_
  331       0.725          -0  1.798e+308     0.000    86    2    2           1    0    101      7    101      9    T1021s3TS043-D2.pdb:A  SCOP d1clha_
  332       0.725          -0  1.798e+308     0.000    86    2    2           1    0    101      7    101      9    T1021s3TS043-D2.pdb:A  SCOP d1xsca_
  333       0.725          -0  1.798e+308     0.000    86    2    2           1    0    101      7    101      5    T1021s3TS043-D2.pdb:A  SCOP d1stua_
  334       0.725          -0  1.798e+308     0.000    86    2    2           1    0    101      7    101     10    T1021s3TS043-D2.pdb:A  SCOP d1awta_
  335       0.725          -0  1.798e+308     0.000    86    2    2           1    0    101      7    101     10    T1021s3TS043-D2.pdb:A  SCOP d1awva_
  336       0.725          -0  1.798e+308     0.000    86    3    2           1    0    101      7    101     11    T1021s3TS043-D2.pdb:A  SCOP d5cyha_
  337       0.725          -0  1.798e+308     0.000    86    3    2           1    0    101      7    101     11    T1021s3TS043-D2.pdb:A  SCOP d4cyha_
  338       0.725          -0  1.798e+308     0.000    86    3    2           1    0    101      7    101     11    T1021s3TS043-D2.pdb:A  SCOP d3cyha_
  339       0.725          -0  1.798e+308     0.000    86    3    2           1    0    101      7    101     11    T1021s3TS043-D2.pdb:A  SCOP d3cyha_
  340       0.725          -0  1.798e+308     0.000    86    3    2           1    0    101      7    101     11    T1021s3TS043-D2.pdb:A  SCOP d2cyha_
  341       0.725          -0  1.798e+308     0.000    86    3    2           1    0    101      7    101     11    T1021s3TS043-D2.pdb:A  SCOP d2cyha_
  342       0.725          -0  1.798e+308     0.000    86    3    2           1    0    101      7    101     11    T1021s3TS043-D2.pdb:A  SCOP d2cpla_
  343       0.725          -0  1.798e+308     0.000    86    2    2           1    0    101      7    101      8    T1021s3TS043-D2.pdb:A  SCOP d1qiwa_
  344       0.725          -0  1.798e+308     0.000    86    3    2           1    0    101      7    101      6    T1021s3TS043-D2.pdb:A  SCOP d1f9ja_
  345       0.725          -0  1.798e+308     0.000    86    2    2           1    0    101      7    101     10    T1021s3TS043-D2.pdb:A  SCOP d1stpa_
  346       0.725          -0  1.798e+308     0.000    86    2    2           1    0    101      7    101     10    T1021s3TS043-D2.pdb:A  SCOP d1stpa_
  347       0.725          -0  1.798e+308     0.000    86    2    2           1    0    101      7    101      4    T1021s3TS043-D2.pdb:A  SCOP d1bq8a_
  348       0.725          -0  1.798e+308     0.000    86    2    2           1    0    101      7    101      7    T1021s3TS043-D2.pdb:A  SCOP d2cjoa_
  349       0.725          -0  1.798e+308     0.000    86    2    2           1    0    101      7    101      5    T1021s3TS043-D2.pdb:A  SCOP d1j2xa_
  350       0.725          -0  1.798e+308     0.000    86    3    2           1    0    101      7    101      7    T1021s3TS043-D2.pdb:A  SCOP d2cjoa_
  351       0.725          -0  1.798e+308     0.000    86    2    2           1    0    101      7    101     10    T1021s3TS043-D2.pdb:A  SCOP d1ap7a_
  352       0.725          -0  1.798e+308     0.000    86    2    2           1    0    101      7    101      5    T1021s3TS043-D2.pdb:A  SCOP d1luka_
  353       0.725          -0  1.798e+308     0.000    86    2    2           1    0    101      7    101      8    T1021s3TS043-D2.pdb:A  SCOP d1pfda_
  354       0.725          -0  1.798e+308     0.000    86    3    2           1    0    101      7    101      8    T1021s3TS043-D2.pdb:A  SCOP d1a70a_
  355       0.725          -0  1.798e+308     0.000    86    3    2           1    0    101      7    101      8    T1021s3TS043-D2.pdb:A  SCOP d1iuea_
  356       0.725          -0  1.798e+308     0.000    86    2    2           1    0    101      7    101      8    T1021s3TS043-D2.pdb:A  SCOP d1t23a_
  357       0.725          -0  1.798e+308     0.000    86    2    2           1    0    101      7    101      8    T1021s3TS043-D2.pdb:A  SCOP d1gpxa_
  358       0.725          -0  1.798e+308     0.000    86    2    2           1    0    101      7    101      9    T1021s3TS043-D2.pdb:A  SCOP d1ey4a_
  359       0.725          -0  1.798e+308     0.000    86    2    2           1    0    101      7    101      9    T1021s3TS043-D2.pdb:A  SCOP d1snoa_
  360       0.725          -0  1.798e+308     0.000    86    2    2           1    0    101      7    101      9    T1021s3TS043-D2.pdb:A  SCOP d1tt2a_
  361       0.725          -0  1.798e+308     0.000    86    2    2           1    0    101      7    101      9    T1021s3TS043-D2.pdb:A  SCOP d1eyda_
  362       0.725          -0  1.798e+308     0.000    86    2    2           1    0    101      7    101     10    T1021s3TS043-D2.pdb:A  SCOP d1ewja_
  363       0.725          -0  1.798e+308     0.000    86    2    2           1    0    101      7    101     10    T1021s3TS043-D2.pdb:A  SCOP d1ewja_
  364       0.725          -0  1.798e+308     0.000    86    2    2           1    0    101      7    101      7    T1021s3TS043-D2.pdb:A  SCOP d1mg4a_
  365       0.725          -0  1.798e+308     0.000    86    2    2           1    0    101      7    101      8    T1021s3TS043-D2.pdb:A  SCOP d1ddva_
  366       0.725          -0  1.798e+308     0.000    86    2    2           1    0    101      7    101      8    T1021s3TS043-D2.pdb:A  SCOP d1i2ha_
  367       0.725          -0  1.798e+308     0.000    86    2    2           1    0    101      7    101      8    T1021s3TS043-D2.pdb:A  SCOP d1i2ha_
  368       0.725          -0  1.798e+308     0.000    86    2    2           1    0    101      7    101      5    T1021s3TS043-D2.pdb:A  SCOP d3gb1a_
  369       0.725          -0  1.798e+308     0.000    86    2    2           1    0    101      7    101      9    T1021s3TS043-D2.pdb:A  SCOP d1syea_
  370       0.725          -0  1.798e+308     0.000    86    2    2           1    0    101      7    101      8    T1021s3TS043-D2.pdb:A  SCOP d1evha_
  371       0.725          -0  1.798e+308     0.000    86    2    2           1    0    101      7    101      6    T1021s3TS043-D2.pdb:A  SCOP d1nwba_
  372       0.725          -0  1.798e+308     0.000    86    2    2           1    0    101      7    101      7    T1021s3TS043-D2.pdb:A  SCOP d1uewa_
  373       0.725          -0  1.798e+308     0.000    86    2    2           1    0    101      7    101      9    T1021s3TS043-D2.pdb:A  SCOP d1s3pa_
  374       0.725          -0  1.798e+308     0.000    86    2    2           1    0    101      7    101      5    T1021s3TS043-D2.pdb:A  SCOP d1wgya_
  375       0.725          -0  1.798e+308     0.000    86    2    2           1    0    101      7    101      6    T1021s3TS043-D2.pdb:A  SCOP d1nwba_
  376       0.725          -0  1.798e+308     0.000    86    2    2           1    0    101      7    101      7    T1021s3TS043-D2.pdb:A  SCOP d1uhpa_
  377       0.725          -0  1.798e+308     0.000    86    2    2           1    0    101      7    101      7    T1021s3TS043-D2.pdb:A  SCOP d1v5la_
  378       0.725          -0  1.798e+308     0.000    86    2    2           1    0    101      7    101      6    T1021s3TS043-D2.pdb:A  SCOP d1e17a_
  379       0.725          -0  1.798e+308     0.000    86    2    2           1    0    101      7    101      6    T1021s3TS043-D2.pdb:A  SCOP d1pwja_
  380       0.725          -0  1.798e+308     0.000    86    2    2           1    0    101      7    101      7    T1021s3TS043-D2.pdb:A  SCOP d1oeya_
  381       0.725          -0  1.798e+308     0.000    86    2    2           1    0    101      7    101      7    T1021s3TS043-D2.pdb:A  SCOP d1oeya_
  382       0.725          -0  1.798e+308     0.000    86    2    2           1    0    101      7    101      6    T1021s3TS043-D2.pdb:A  SCOP d1pqsa_
  383       0.725          -0  1.798e+308     0.000    86    3    2           1    0    101      7    101     11    T1021s3TS043-D2.pdb:A  SCOP d1cd0a_
  384       0.725          -0  1.798e+308     0.000    86    3    2           1    0    101      7    101      8    T1021s3TS043-D2.pdb:A  SCOP d1njka_
  385       0.725          -0  1.798e+308     0.000    86    2    2           1    0    101      7    101      6    T1021s3TS043-D2.pdb:A  SCOP d1vd2a_
  386       0.725          -0  1.798e+308     0.000    86    2    2           1    0    101      7    101      7    T1021s3TS043-D2.pdb:A  SCOP d1bu3a_
  387       0.725          -0  1.798e+308     0.000    86    3    2           1    0    101      7    101      8    T1021s3TS043-D2.pdb:A  SCOP d1offa_
  388       0.725          -0  1.798e+308     0.000    86    2    2           1    0    101      7    101     10    T1021s3TS043-D2.pdb:A  SCOP d2cd0a_
  389       0.725          -0  1.798e+308     0.000    86    2    2           1    0    101      7    101      6    T1021s3TS043-D2.pdb:A  SCOP d2pasa_
  390       0.725          -0  1.798e+308     0.000    86    2    2           1    0    101      7    101      7    T1021s3TS043-D2.pdb:A  SCOP d2hdca_
  391       0.725          -0  1.798e+308     0.000    86    2    2           1    0    101      7    101      8    T1021s3TS043-D2.pdb:A  SCOP d1offa_
  392       0.725          -0  1.798e+308     0.000    86    2    2           1    0    101      7    101      6    T1021s3TS043-D2.pdb:A  SCOP d1fgpa_
  393       0.725          -0  1.798e+308     0.000    86    3    2           1    0    101      7    101     11    T1021s3TS043-D2.pdb:A  SCOP d1mvfa_
  394       0.725          -0  1.798e+308     0.000    86    2    2           1    0    101      7    101     10    T1021s3TS043-D2.pdb:A  SCOP d1g9ea_
  395       0.725          -0  1.798e+308     0.000    86    2    2           1    0    101      7    101      9    T1021s3TS043-D2.pdb:A  SCOP d1mloa_
  396       0.725          -0  1.798e+308     0.000    86    2    2           1    0    101      7    101      8    T1021s3TS043-D2.pdb:A  SCOP d1mlma_
  397       0.725          -0  1.798e+308     0.000    86    2    2           1    0    101      7    101      6    T1021s3TS043-D2.pdb:A  SCOP d1ok0a_
  398       0.725          -0  1.798e+308     0.000    86    2    2           1    0    101      7    101      6    T1021s3TS043-D2.pdb:A  SCOP d3aita_
  399       0.725          -0  1.798e+308     0.000    86    2    2           1    0    101      7    101      8    T1021s3TS043-D2.pdb:A  SCOP d1o1wa_
  400       0.725          -0  1.798e+308     0.000    86    2    2           1    0    101      7    101      8    T1021s3TS043-D2.pdb:A  SCOP d1do7a_
  401       0.725          -0  1.798e+308     0.000    86    2    2           1    0    101      7    101      9    T1021s3TS043-D2.pdb:A  SCOP d1rcha_
  402       0.725          -0  1.798e+308     0.000    86    2    2           1    0    101      7    101      9    T1021s3TS043-D2.pdb:A  SCOP d1rcha_
  403       0.725          -0  1.798e+308     0.000    86    2    2           1    0    101      7    101      9    T1021s3TS043-D2.pdb:A  SCOP d1rcha_
  404       0.725          -0  1.798e+308     0.000    86    2    2           1    0    101      7    101      6    T1021s3TS043-D2.pdb:A  SCOP d2aita_
  405       0.725          -0  1.798e+308     0.000    86    2    2           1    0    101      7    101      8    T1021s3TS043-D2.pdb:A  SCOP d1obma_
  406       0.725          -0  1.798e+308     0.000    86    2    2           1    0    101      7    101      6    T1021s3TS043-D2.pdb:A  SCOP d1sfha_
  407       0.725          -0  1.798e+308     0.000    86    2    2           1    0    101      7    101      8    T1021s3TS043-D2.pdb:A  SCOP d1mlua_
  408       0.725          -0  1.798e+308     0.000    86    2    2           1    0    101      7    101      7    T1021s3TS043-D2.pdb:A  SCOP d1sf3a_
  409       0.725          -0  1.798e+308     0.000    86    2    2           1    0    101      7    101      4    T1021s3TS043-D2.pdb:A  SCOP d1cdqa_
  410       0.725          -0  1.798e+308     0.000    86    2    2           1    0    101      7    101      8    T1021s3TS043-D2.pdb:A  SCOP d1o16a_
  411       0.725          -0  1.798e+308     0.000    86    2    2           1    0    101      7    101      8    T1021s3TS043-D2.pdb:A  SCOP d1o16a_
  412       0.725          -0  1.798e+308     0.000    86    2    2           1    0    101      7    101      7    T1021s3TS043-D2.pdb:A  SCOP d1sf3a_
  413       0.725          -0  1.798e+308     0.000    86    2    2           1    0    101      7    101      8    T1021s3TS043-D2.pdb:A  SCOP d1j52a_
  414       0.725          -0  1.798e+308     0.000    86    2    2           1    0    101      7    101      8    T1021s3TS043-D2.pdb:A  SCOP d1mgna_
  415       0.725          -0  1.798e+308     0.000    86    2    2           1    0    101      7    101      6    T1021s3TS043-D2.pdb:A  SCOP d1sf5a_
  416       0.725          -0  1.798e+308     0.000    86    2    2           1    0    101      7    101     10    T1021s3TS043-D2.pdb:A  SCOP d1wfra_
  417       0.725          -0  1.798e+308     0.000    86    2    2           1    0    101      7    101      7    T1021s3TS043-D2.pdb:A  SCOP d1r57a_
  418       0.725          -0  1.798e+308     0.000    86    2    2           1    0    101      7    101      8    T1021s3TS043-D2.pdb:A  SCOP d1ch9a_
  419       0.725          -0  1.798e+308     0.000    86    2    2           1    0    101      7    101      8    T1021s3TS043-D2.pdb:A  SCOP d1ch9a_
  420       0.725          -0  1.798e+308     0.000    86    2    2           1    0    101      7    101      8    T1021s3TS043-D2.pdb:A  SCOP d2spna_
  421       0.725          -0  1.798e+308     0.000    86    2    2           1    0    101      7    101      7    T1021s3TS043-D2.pdb:A  SCOP d1r57a_
  422       0.725          -0  1.798e+308     0.000    86    2    2           1    0    101      7    101      8    T1021s3TS043-D2.pdb:A  SCOP d1f63a_
  423       0.725          -0  1.798e+308     0.000    86    2    2           1    0    101      7    101      7    T1021s3TS043-D2.pdb:A  SCOP d1ptfa_
  424       0.725          -0  1.798e+308     0.000    86    2    2           1    0    101      7    101     10    T1021s3TS043-D2.pdb:A  SCOP d1xpna_
  425       0.725          -0  1.798e+308     0.000    86    2    2           1    0    101      7    101     10    T1021s3TS043-D2.pdb:A  SCOP d1xpna_
  426       0.725          -0  1.798e+308     0.000    86    2    2           1    0    101      7    101      8    T1021s3TS043-D2.pdb:A  SCOP d1co8a_
  427       0.725          -0  1.798e+308     0.000    86    2    2           1    0    101      7    101      8    T1021s3TS043-D2.pdb:A  SCOP d1co8a_
  428       0.725          -0  1.798e+308     0.000    86    2    2           1    0    101      7    101      8    T1021s3TS043-D2.pdb:A  SCOP d1n9fa_
  429       0.725          -0  1.798e+308     0.000    86    2    2           1    0    101      7    101      6    T1021s3TS043-D2.pdb:A  SCOP d1rwua_
  430       0.725          -0  1.798e+308     0.000    86    2    2           1    0    101      7    101      5    T1021s3TS043-D2.pdb:A  SCOP d2crta_
  431       0.725          -0  1.798e+308     0.000    86    2    2           1    0    101      7    101      8    T1021s3TS043-D2.pdb:A  SCOP d2mgda_
  432       0.725          -0  1.798e+308     0.000    86    2    2           1    0    101      7    101      8    T1021s3TS043-D2.pdb:A  SCOP d1eo1a_
  433       0.725          -0  1.798e+308     0.000    86    2    2           1    0    101      7    101      8    T1021s3TS043-D2.pdb:A  SCOP d2mgda_
  434       0.725          -0  1.798e+308     0.000    86    2    2           1    0    101      7    101      5    T1021s3TS043-D2.pdb:A  SCOP d1ovya_
  435       0.725          -0  1.798e+308     0.000    86    2    2           1    0    101      7    101     10    T1021s3TS043-D2.pdb:A  SCOP d1hjra_
  436       0.725          -0  1.798e+308     0.000    86    3    2           1    0    101      7    101     10    T1021s3TS043-D2.pdb:A  SCOP d1hjra_
  437       0.725          -0  1.798e+308     0.000    86    2    2           1    0    101      7    101      6    T1021s3TS043-D2.pdb:A  SCOP d2raca_
  438       0.725          -0  1.798e+308     0.000    86    2    2           1    0    101      7    101      8    T1021s3TS043-D2.pdb:A  SCOP d1mlna_
  439       0.725          -0  1.798e+308     0.000    86    2    2           1    0    101      7    101      6    T1021s3TS043-D2.pdb:A  SCOP d1aaja_
  440       0.725          -0  1.798e+308     0.000    86    2    2           1    0    101      7    101      5    T1021s3TS043-D2.pdb:A  SCOP d1wjta_
  441       0.725          -0  1.798e+308     0.000    86    2    2           1    0    101      7    101      6    T1021s3TS043-D2.pdb:A  SCOP d1aaja_
  442       0.725          -0  1.798e+308     0.000    86    4    2           1    0    101      7    101     12    T1021s3TS043-D2.pdb:A  SCOP d1rw1a_
  443       0.725          -0  1.798e+308     0.000    86    2    2           1    0    101      7    101     10    T1021s3TS043-D2.pdb:A  SCOP d1knga_
  444       0.725          -0  1.798e+308     0.000    86    2    2           1    0    101      7    101     10    T1021s3TS043-D2.pdb:A  SCOP d1knga_
  445       0.725          -0  1.798e+308     0.000    86    2    2           1    0    101      7    101      8    T1021s3TS043-D2.pdb:A  SCOP d1mlga_
  446       0.725          -0  1.798e+308     0.000    86    3    2           1    0    101      7    101     13    T1021s3TS043-D2.pdb:A  SCOP d1oc3a_
  447       0.725          -0  1.798e+308     0.000    86    2    2           1    0    101      7    101      8    T1021s3TS043-D2.pdb:A  SCOP d1mlga_
  448       0.725          -0  1.798e+308     0.000    86    2    2           1    0    101      7    101      8    T1021s3TS043-D2.pdb:A  SCOP d1jwia_
  449       0.725          -0  1.798e+308     0.000    86    2    2           1    0    101      7    101      8    T1021s3TS043-D2.pdb:A  SCOP d1cp0a_
  450       0.725          -0  1.798e+308     0.000    86    2    2           1    0    101      7    101     10    T1021s3TS043-D2.pdb:A  SCOP d1o85a_
  451       0.725          -0  1.798e+308     0.000    86    2    2           1    0    101      7    101      5    T1021s3TS043-D2.pdb:A  SCOP d1ayda_
  452       0.725          -0  1.798e+308     0.000    86    2    2           1    0    101      7    101      6    T1021s3TS043-D2.pdb:A  SCOP d1aana_
  453       0.725          -0  1.798e+308     0.000    86    2    2           1    0    101      7    101      6    T1021s3TS043-D2.pdb:A  SCOP d1aana_
  454       0.725          -0  1.798e+308     0.000    86    2    2           1    0    101      7    101      8    T1021s3TS043-D2.pdb:A  SCOP d1moda_
  455       0.725          -0  1.798e+308     0.000    86    2    2           1    0    101      7    101     10    T1021s3TS043-D2.pdb:A  SCOP d1j35a_
  456       0.725          -0  1.798e+308     0.000    86    2    2           1    0    101      7    101      8    T1021s3TS043-D2.pdb:A  SCOP d1nina_
  457       0.725          -0  1.798e+308     0.000    86    2    2           1    0    101      7    101      9    T1021s3TS043-D2.pdb:A  SCOP d2b3ia_
  458       0.725          -0  1.798e+308     0.000    86    2    2           1    0    101      7    101      6    T1021s3TS043-D2.pdb:A  SCOP d1sf5a_
  459       0.725          -0  1.798e+308     0.000    86    2    2           1    0    101      7    101      8    T1021s3TS043-D2.pdb:A  SCOP d111ma_
  460       0.725          -0  1.798e+308     0.000    86    2    2           1    0    101      7    101     10    T1021s3TS043-D2.pdb:A  SCOP d1ob9a_
  461       0.725          -0  1.798e+308     0.000    86    2    2           1    0    101      7    101      8    T1021s3TS043-D2.pdb:A  SCOP d2mgma_
  462       0.725          -0  1.798e+308     0.000    86    2    2           1    0    101      7    101     10    T1021s3TS043-D2.pdb:A  SCOP d1ob9a_
  463       0.725          -0  1.798e+308     0.000    86    2    2           1    0    101      7    101      6    T1021s3TS043-D2.pdb:A  SCOP d1bxaa_
  464       0.725          -0  1.798e+308     0.000    86    2    2           1    0    101      7    101      8    T1021s3TS043-D2.pdb:A  SCOP d1moaa_
  465       0.725          -0  1.798e+308     0.000    86    2    2           1    0    101      7    101      9    T1021s3TS043-D2.pdb:A  SCOP d1odga_
  466       0.725          -0  1.798e+308     0.000    86    2    2           1    0    101      7    101     10    T1021s3TS043-D2.pdb:A  SCOP d1cw0a_
  467       0.725          -0  1.798e+308     0.000    86    2    2           1    0    101      7    101      8    T1021s3TS043-D2.pdb:A  SCOP d1mlra_
  468       0.725          -0  1.798e+308     0.000    86    2    2           1    0    101      7    101     10    T1021s3TS043-D2.pdb:A  SCOP d1cw0a_
  469       0.725          -0  1.798e+308     0.000    86    2    2           1    0    101      7    101      9    T1021s3TS043-D2.pdb:A  SCOP d1vsra_
  470       0.725          -0  1.798e+308     0.000    86    2    2           1    0    101      7    101      9    T1021s3TS043-D2.pdb:A  SCOP d1vsra_
  471       0.725          -0  1.798e+308     0.000    86    2    2           1    0    101      7    101      9    T1021s3TS043-D2.pdb:A  SCOP d1v95a_
  472       0.725          -0  1.798e+308     0.000    86    2    2           1    0    101      7    101      6    T1021s3TS043-D2.pdb:A  SCOP d1bxaa_
  473       0.725          -0  1.798e+308     0.000    86    2    2           1    0    101      7    101      6    T1021s3TS043-D2.pdb:A  SCOP d1aaca_
  474       0.725          -0  1.798e+308     0.000    86    2    2           1    0    101      7    101      6    T1021s3TS043-D2.pdb:A  SCOP d1aaca_
  475       0.725          -0  1.798e+308     0.000    86    2    2           1    0    101      7    101      6    T1021s3TS043-D2.pdb:A  SCOP d2raca_
  476       0.725          -0  1.798e+308     0.000    86    2    2           1    0    101      7    101      9    T1021s3TS043-D2.pdb:A  SCOP d1f3ha_
  477       0.725          -0  1.798e+308     0.000    86    2    2           1    0    101      7    101      8    T1021s3TS043-D2.pdb:A  SCOP d1mlka_
  478       0.725          -0  1.798e+308     0.000    86    2    2           1    0    101      7    101      9    T1021s3TS043-D2.pdb:A  SCOP d1vdqa_
  479       0.725          -0  1.798e+308     0.000    86    2    2           1    0    101      7    101      7    T1021s3TS043-D2.pdb:A  SCOP d1uc6a_
  480       0.725          -0  1.798e+308     0.000    86    2    2           1    0    101      7    101      8    T1021s3TS043-D2.pdb:A  SCOP d1naza_
  481       0.725          -0  1.798e+308     0.000    86    2    2           1    0    101      7    101      8    T1021s3TS043-D2.pdb:A  SCOP d1jw8a_
  482       0.725          -0  1.798e+308     0.000    86    2    2           1    0    101      7    101      9    T1021s3TS043-D2.pdb:A  SCOP d1lcna_
  483       0.725          -0  1.798e+308     0.000    86    2    2           1    0    101      7    101      8    T1021s3TS043-D2.pdb:A  SCOP d1f10a_
  484       0.725          -0  1.798e+308     0.000    86    2    2           1    0    101      7    101      8    T1021s3TS043-D2.pdb:A  SCOP d1cioa_
  485       0.725          -0  1.798e+308     0.000    86    2    2           1    0    101      7    101      9    T1021s3TS043-D2.pdb:A  SCOP d1veda_
  486       0.725          -0  1.798e+308     0.000    86    2    2           1    0    101      7    101      9    T1021s3TS043-D2.pdb:A  SCOP d1f0wa_
  487       0.725          -0  1.798e+308     0.000    86    2    2           1    0    101      7    101      8    T1021s3TS043-D2.pdb:A  SCOP d1do1a_
  488       0.725          -0  1.798e+308     0.000    86    2    2           1    0    101      7    101      8    T1021s3TS043-D2.pdb:A  SCOP d2mbwa_
  489       0.725          -0  1.798e+308     0.000    86    2    2           1    0    101      7    101      7    T1021s3TS043-D2.pdb:A  SCOP d1ksra_
  490       0.725          -0  1.798e+308     0.000    86    2    2           1    0    101      7    101      8    T1021s3TS043-D2.pdb:A  SCOP d1n9xa_
  491       0.725          -0  1.798e+308     0.000    86    2    2           1    0    101      7    101      8    T1021s3TS043-D2.pdb:A  SCOP d1edua_
  492       0.725          -0  1.798e+308     0.000    86    2    2           1    0    101      7    101      8    T1021s3TS043-D2.pdb:A  SCOP d1n9ia_
  493       0.725          -0  1.798e+308     0.000    86    2    2           1    0    101      7    101      8    T1021s3TS043-D2.pdb:A  SCOP d1cika_
  494       0.725          -0  1.798e+308     0.000    86    2    2           1    0    101      7    101      8    T1021s3TS043-D2.pdb:A  SCOP d1edua_
