<html><head></head><body><pre style="word-wrap: break-word; white-space: pre-wrap;"> PDBe Fold v2.59. (src3) 14 Apr 2014 result file.

                   RESULT SUMMARY

   ##      Q-score      P-score     Z-score   RMSD    Nalgn Nsse Ngaps Seq-%     Nmd Nres-Q Nsse-Q Nres-T Nsse-T Query Target
    1           1          -0  1.798e+308     0.000    82    1    0           1    0     82      2     82      4    T0963TS224-D2.pdb:A  SCOP d1omta_
    2           1          -0  1.798e+308     0.000    82    1    0           1    0     82      2     82      4    T0963TS224-D2.pdb:A  SCOP d1pk2a_
    3           1          -0  1.798e+308     0.000    82    1    0           1    0     82      2     82      4    T0963TS224-D2.pdb:A  SCOP d1tpka_
    4           1          -0  1.798e+308     0.000    82    1    0           1    0     82      2     82      4    T0963TS224-D2.pdb:A  SCOP d1pmla_
    5           1          -0  1.798e+308     0.000    82    1    0           1    0     82      2     82      1    T0963TS224-D2.pdb:A  SCOP d1cxra_
    6           1          -0  1.798e+308     0.000    82    1    0           1    0     82      2     82      3    T0963TS224-D2.pdb:A  SCOP d1d2ja_
    7           1          -0  1.798e+308     0.000    82    1    0           1    0     82      2     82      1    T0963TS224-D2.pdb:A  SCOP d1cr8a_
    8           1          -0  1.798e+308     0.000    82    1    0           1    0     82      2     82      3    T0963TS224-D2.pdb:A  SCOP d1d2la_
    9           1          -0  1.798e+308     0.000    82    1    0           1    0     82      2     82      3    T0963TS224-D2.pdb:A  SCOP d1f8za_
   10           1          -0  1.798e+308     0.000    82    1    0           1    0     82      2     82      2    T0963TS224-D2.pdb:A  SCOP d1ajja_
   11           1          -0  1.798e+308     0.000    82    1    0           1    0     82      2     82      3    T0963TS224-D2.pdb:A  SCOP d1b8wa_
   12           1          -0  1.798e+308     0.000    82    1    0           1    0     82      2     82      4    T0963TS224-D2.pdb:A  SCOP d1e4ra_
   13           1          -0  1.798e+308     0.000    82    1    0           1    0     82      2     82      4    T0963TS224-D2.pdb:A  SCOP d1bf0a_
   14           1          -0  1.798e+308     0.000    82    1    0           1    0     82      2     82      3    T0963TS224-D2.pdb:A  SCOP d1abta_
   15           1          -0  1.798e+308     0.000    82    1    0           1    0     82      2     82      3    T0963TS224-D2.pdb:A  SCOP d1udka_
   16           1          -0  1.798e+308     0.000    82    1    0           1    0     82      2     82      1    T0963TS224-D2.pdb:A  SCOP d1hrea_
   17           1          -0  1.798e+308     0.000    82    1    0           1    0     82      2     82      3    T0963TS224-D2.pdb:A  SCOP d1ip0a_
   18           1          -0  1.798e+308     0.000    82    1    0           1    0     82      2     82      3    T0963TS224-D2.pdb:A  SCOP d1ioxa_
   19           1          -0  1.798e+308     0.000    82    1    0           1    0     82      2     82      3    T0963TS224-D2.pdb:A  SCOP d1k37a_
   20           1          -0  1.798e+308     0.000    82    1    0           1    0     82      2     82      3    T0963TS224-D2.pdb:A  SCOP d1yufa_
   21           1          -0  1.798e+308     0.000    82    1    0           1    0     82      2     82      3    T0963TS224-D2.pdb:A  SCOP d1yuga_
   22           1          -0  1.798e+308     0.000    82    1    0           1    0     82      2     82      5    T0963TS224-D2.pdb:A  SCOP d1lqda_
   23           1          -0  1.798e+308     0.000    82    1    0           1    0     82      2     82      5    T0963TS224-D2.pdb:A  SCOP d1lpza_
   24           1          -0  1.798e+308     0.000    82    1    0           1    0     82      2     82      5    T0963TS224-D2.pdb:A  SCOP d1lpka_
   25           1          -0  1.798e+308     0.000    82    1    0           1    0     82      2     82      5    T0963TS224-D2.pdb:A  SCOP d1lpga_
   26           1          -0  1.798e+308     0.000    82    1    0           1    0     82      2     82      1    T0963TS224-D2.pdb:A  SCOP d1wm8a_
   27           1          -0  1.798e+308     0.000    82    1    0           1    0     82      2     82      3    T0963TS224-D2.pdb:A  SCOP d1wm7a_
   28           1          -0  1.798e+308     0.000    82    1    0           1    0     82      2     82      4    T0963TS224-D2.pdb:A  SCOP d1ne5a_
   29           1        1.19       3.239     0.000    82    1    0           1    0     82      2     82      4    T0963TS224-D2.pdb:A  SCOP d1gata_
   30           1        1.19       3.239     0.000    82    1    0           1    0     82      2     82      4    T0963TS224-D2.pdb:A  SCOP d2gata_
   31           1        1.19       3.239     0.000    82    1    0           1    0     82      2     82      4    T0963TS224-D2.pdb:A  SCOP d3gata_
   32           1          -0  1.798e+308     0.000    82    1    0           1    0     82      2     82      3    T0963TS224-D2.pdb:A  SCOP d1hlqa_
   33           1          -0  1.798e+308     0.000    82    1    0           1    0     82      2     82      5    T0963TS224-D2.pdb:A  SCOP d1eyta_
   34           1          -0  1.798e+308     0.000    82    1    0           1    0     82      2     82      5    T0963TS224-D2.pdb:A  SCOP d1iuaa_
   35           1          -0  1.798e+308     0.000    82    1    0           1    0     82      2     82      4    T0963TS224-D2.pdb:A  SCOP d1hpia_
   36           1          -0  1.798e+308     0.000    82    1    0           1    0     82      2     82      4    T0963TS224-D2.pdb:A  SCOP d1piha_
   37           1          -0  1.798e+308     0.000    82    1    0           1    0     82      2     82      4    T0963TS224-D2.pdb:A  SCOP d1pija_
   38           1          -0  1.798e+308     0.000    82    1    0           1    0     82      2     82      4    T0963TS224-D2.pdb:A  SCOP d2hipa_
   39           1          -0  1.798e+308     0.000    82    1    0           1    0     82      2     82      3    T0963TS224-D2.pdb:A  SCOP d1neha_
   40           1          -0  1.798e+308     0.000    82    1    0           1    0     82      2     82      3    T0963TS224-D2.pdb:A  SCOP d1hrra_
   41           1          -0  1.798e+308     0.000    82    1    0           1    0     82      2     82      5    T0963TS224-D2.pdb:A  SCOP d1hipa_
   42           1          -0  1.798e+308     0.000    82    1    0           1    0     82      2     82      4    T0963TS224-D2.pdb:A  SCOP d1js2a_
   43           1          -0  1.798e+308     0.000    82    1    0           1    0     82      2     82      4    T0963TS224-D2.pdb:A  SCOP d1ckua_
   44           1          -0  1.798e+308     0.000    82    1    0           1    0     82      2     82      5    T0963TS224-D2.pdb:A  SCOP d1b0ya_
   45           1          -0  1.798e+308     0.000    82    1    0           1    0     82      2     82      5    T0963TS224-D2.pdb:A  SCOP d1sse.1
   46           1          -0  1.798e+308     0.000    82    1    0           1    0     82      2     82      2    T0963TS224-D2.pdb:A  SCOP d1pb5a_
   47           1          -0  1.798e+308     0.000    82    1    0           1    0     82      2     82      2    T0963TS224-D2.pdb:A  SCOP d1ssua_
   48           1          -0  1.798e+308     0.000    82    1    0           1    0     82      2     82      3    T0963TS224-D2.pdb:A  SCOP d1iyca_
   49           1          -0  1.798e+308     0.000    82    1    0           1    0     82      2     82      4    T0963TS224-D2.pdb:A  SCOP d1dqca_
   50           1          -0  1.798e+308     0.000    82    1    0           1    0     82      2     82      5    T0963TS224-D2.pdb:A  SCOP d1e8pa_
   51           1          -0  1.798e+308     0.000    82    1    0           1    0     82      2     82      4    T0963TS224-D2.pdb:A  SCOP d1e8qa_
   52           1          -0  1.798e+308     0.000    82    1    0           1    0     82      2     82      3    T0963TS224-D2.pdb:A  SCOP d1rooa_
   53           1          -0  1.798e+308     0.000    82    1    0           1    0     82      2     82      4    T0963TS224-D2.pdb:A  SCOP d1ssla_
   54           1          -0  1.798e+308     0.000    82    1    0           1    0     82      2     82      1    T0963TS224-D2.pdb:A  SCOP d1e9ta_
   55           1          -0  1.798e+308     0.000    82    1    0           1    0     82      2     82      5    T0963TS224-D2.pdb:A  SCOP d2busa_
   56           1          -0  1.798e+308     0.000    82    1    0           1    0     82      2     82      3    T0963TS224-D2.pdb:A  SCOP d1xgl.1
   57           1          -0  1.798e+308     0.000    82    1    0           1    0     82      2     82      3    T0963TS224-D2.pdb:A  SCOP d2hiu.1
   58           1          -0  1.798e+308     0.000    82    1    0           1    0     82      2     82      3    T0963TS224-D2.pdb:A  SCOP d1hls.1
   59           1          -0  1.798e+308     0.000    82    1    0           1    0     82      2     82      3    T0963TS224-D2.pdb:A  SCOP d1fu2.1
   60           1          -0  1.798e+308     0.000    82    1    0           1    0     82      2     82      3    T0963TS224-D2.pdb:A  SCOP d1fub.1
   61           1          -0  1.798e+308     0.000    82    1    0           1    0     82      2     82      3    T0963TS224-D2.pdb:A  SCOP d1ijda_
   62           1          -0  1.798e+308     0.000    82    1    0           1    0     82      2     82      3    T0963TS224-D2.pdb:A  SCOP d1kzua_
   63           1          -0  1.798e+308     0.000    82    1    0           1    0     82      2     82      3    T0963TS224-D2.pdb:A  SCOP d1nkza_
   64           1          -0  1.798e+308     0.000    82    1    0           1    0     82      2     82      4    T0963TS224-D2.pdb:A  SCOP d1ieta_
   65           1          -0  1.798e+308     0.000    82    1    0           1    0     82      2     82      5    T0963TS224-D2.pdb:A  SCOP d1dksa_
   66           1          -0  1.798e+308     0.000    82    1    0           1    0     82      2     82      5    T0963TS224-D2.pdb:A  SCOP d1dkta_
   67           1          -0  1.798e+308     0.000    82    1    0           1    0     82      2     82      4    T0963TS224-D2.pdb:A  SCOP d1puca_
   68           1          -0  1.798e+308     0.000    82    1    0           1    0     82      2     82      5    T0963TS224-D2.pdb:A  SCOP d1hbxa_
   69           1          -0  1.798e+308     0.000    82    1    0           1    0     82      2     82      4    T0963TS224-D2.pdb:A  SCOP d1s0ya_
   70           1          -0  1.798e+308     0.000    82    1    0           1    0     82      2     82      4    T0963TS224-D2.pdb:A  SCOP d4otaa_
   71           1          -0  1.798e+308     0.000    82    1    0           1    0     82      2     82      4    T0963TS224-D2.pdb:A  SCOP d4otba_
   72           1          -0  1.798e+308     0.000    82    1    0           1    0     82      2     82      4    T0963TS224-D2.pdb:A  SCOP d4otca_
   73           1          -0  1.798e+308     0.000    82    1    0           1    0     82      2     82      5    T0963TS224-D2.pdb:A  SCOP d1bjpa_
   74           1          -0  1.798e+308     0.000    82    1    0           1    0     82      2     82      4    T0963TS224-D2.pdb:A  SCOP d1otfa_
   75           1          -0  1.798e+308     0.000    82    1    0           1    0     82      2     82      4    T0963TS224-D2.pdb:A  SCOP d1fcaa_
   76           1          -0  1.798e+308     0.000    82    1    0           1    0     82      2     82      4    T0963TS224-D2.pdb:A  SCOP d2fdna_
   77           1          -0  1.798e+308     0.000    82    1    0           1    0     82      2     82      4    T0963TS224-D2.pdb:A  SCOP d1dura_
   78           1          -0  1.798e+308     0.000    82    1    0           1    0     82      2     82      4    T0963TS224-D2.pdb:A  SCOP d1dwma_
   79           1          -0  1.798e+308     0.000    82    1    0           1    0     82      2     82      4    T0963TS224-D2.pdb:A  SCOP d1cq4.1
   80           1          -0  1.798e+308     0.000    82    1    0           1    0     82      2     82      4    T0963TS224-D2.pdb:A  SCOP d1cir.1
   81           1          -0  1.798e+308     0.000    82    1    0           1    0     82      2     82      4    T0963TS224-D2.pdb:A  SCOP d1ciq.1
   82           1          -0  1.798e+308     0.000    82    1    0           1    0     82      2     82      4    T0963TS224-D2.pdb:A  SCOP d1egp.1
   83           1          -0  1.798e+308     0.000    82    1    0           1    0     82      2     82      5    T0963TS224-D2.pdb:A  SCOP d1ub1a_
   84           1          -0  1.798e+308     0.000    82    1    0           1    0     82      2     82      4    T0963TS224-D2.pdb:A  SCOP d1px9a_
   85           1          -0  1.798e+308     0.000    82    1    0           1    0     82      2     82      1    T0963TS224-D2.pdb:A  SCOP d1cmra_
   86           1          -0  1.798e+308     0.000    82    1    0           1    0     82      2     82      1    T0963TS224-D2.pdb:A  SCOP d1rjia_
   87           1          -0  1.798e+308     0.000    82    1    0           1    0     82      2     82      4    T0963TS224-D2.pdb:A  SCOP d1p8ba_
   88           1          -0  1.798e+308     0.000    82    1    0           1    0     82      2     82      3    T0963TS224-D2.pdb:A  SCOP d1c6wa_
   89           1          -0  1.798e+308     0.000    82    1    0           1    0     82      2     82      3    T0963TS224-D2.pdb:A  SCOP d1hp3a_
   90           1          -0  1.798e+308     0.000    82    1    0           1    0     82      2     82      3    T0963TS224-D2.pdb:A  SCOP d1g9pa_
   91           1          -0  1.798e+308     0.000    82    1    0           1    0     82      2     82      1    T0963TS224-D2.pdb:A  SCOP d1av3a_
   92           1          -0  1.798e+308     0.000    82    1    0           1    0     82      2     82      1    T0963TS224-D2.pdb:A  SCOP d1omna_
   93           1          -0  1.798e+308     0.000    82    1    0           1    0     82      2     82      1    T0963TS224-D2.pdb:A  SCOP d1r1fa_
   94           1          -0  1.798e+308     0.000    82    1    0           1    0     82      2     82      1    T0963TS224-D2.pdb:A  SCOP d1vb8a_
   95           1          -0  1.798e+308     0.000    82    1    0           1    0     82      2     82      3    T0963TS224-D2.pdb:A  SCOP d1df6a_
   96           1          -0  1.798e+308     0.000    82    1    0           1    0     82      2     82      1    T0963TS224-D2.pdb:A  SCOP d2leta_
   97           1          -0  1.798e+308     0.000    82    1    0           1    0     82      2     82      1    T0963TS224-D2.pdb:A  SCOP d1ha9a_
   98           1          -0  1.798e+308     0.000    82    1    0           1    0     82      2     82      1    T0963TS224-D2.pdb:A  SCOP d1ib9a_
   99           1          -0  1.798e+308     0.000    82    1    0           1    0     82      2     82      1    T0963TS224-D2.pdb:A  SCOP d1ctia_
  100           1          -0  1.798e+308     0.000    82    1    0           1    0     82      2     82      1    T0963TS224-D2.pdb:A  SCOP d3ctia_
  101           1          -0  1.798e+308     0.000    82    1    0           1    0     82      2     82      1    T0963TS224-D2.pdb:A  SCOP d2ctia_
  102           1          -0  1.798e+308     0.000    82    1    0           1    0     82      2     82      1    T0963TS224-D2.pdb:A  SCOP d1lu0a_
  103           1          -0  1.798e+308     0.000    82    1    0           1    0     82      2     82      4    T0963TS224-D2.pdb:A  SCOP d1p9za_
  104           1          -0  1.798e+308     0.000    82    1    0           1    0     82      2     82      4    T0963TS224-D2.pdb:A  SCOP d1p9ga_
  105           1          -0  1.798e+308     0.000    82    1    0           1    0     82      2     82      3    T0963TS224-D2.pdb:A  SCOP d1heva_
  106           1          -0  1.798e+308     0.000    82    1    0           1    0     82      2     82      2    T0963TS224-D2.pdb:A  SCOP d1t0wa_
  107           1          -0  1.798e+308     0.000    82    1    0           1    0     82      2     82      3    T0963TS224-D2.pdb:A  SCOP d1q9ba_
  108           1        1.19       3.239     0.000    82    1    0           1    0     82      2     82      3    T0963TS224-D2.pdb:A  SCOP d1b9ga_
  109           1          -0  1.798e+308     0.000    82    1    0           1    0     82      2     82      3    T0963TS224-D2.pdb:A  SCOP d1iza.1
  110           1          -0  1.798e+308     0.000    82    1    0           1    0     82      2     82      3    T0963TS224-D2.pdb:A  SCOP d1hit.1
  111           1          -0  1.798e+308     0.000    82    1    0           1    0     82      2     82      1    T0963TS224-D2.pdb:A  SCOP d1n6ta_
  112           1          -0  1.798e+308     0.000    82    1    0           1    0     82      2     82      2    T0963TS224-D2.pdb:A  SCOP d1d9ma_
  113           1          -0  1.798e+308     0.000    82    1    0           1    0     82      2     82      2    T0963TS224-D2.pdb:A  SCOP d1d9ja_
  114           1          -0  1.798e+308     0.000    82    1    0           1    0     82      2     82      1    T0963TS224-D2.pdb:A  SCOP d1f0ga_
  115           1          -0  1.798e+308     0.000    82    1    0           1    0     82      2     82      4    T0963TS224-D2.pdb:A  SCOP d2beq.1
  116           1          -0  1.798e+308     0.000    82    1    0           1    0     82      2     82      2    T0963TS224-D2.pdb:A  SCOP d1dipa_
  117           1          -0  1.798e+308     0.000    82    1    0           1    0     82      2     82      1    T0963TS224-D2.pdb:A  SCOP d1wbra_
  118           1          -0  1.798e+308     0.000    82    1    0           1    0     82      2     82      3    T0963TS224-D2.pdb:A  SCOP d1lpva_
  119           1          -0  1.798e+308     0.000    82    1    0           1    0     82      2     82      2    T0963TS224-D2.pdb:A  SCOP d1m9oa_
  120           1          -0  1.798e+308     0.000    82    1    0           1    0     82      2     82      5    T0963TS224-D2.pdb:A  SCOP d1f9xa_
  121           1       1.835       3.979     0.000    82    1    0           1    0     82      2     82      4    T0963TS224-D2.pdb:A  SCOP d1we9a_
  122           1          -0  1.798e+308     0.000    82    1    0           1    0     82      2     82      4    T0963TS224-D2.pdb:A  SCOP d1vfya_
  123           1          -0  1.798e+308     0.000    82    1    0           1    0     82      2     82      2    T0963TS224-D2.pdb:A  SCOP d1wfla_
  124           1       1.655       5.713     0.000    82    1    0           1    0     82      2     82      2    T0963TS224-D2.pdb:A  SCOP d1wfea_
  125           1          -0  1.798e+308     0.000    82    1    0           1    0     82      2     82      3    T0963TS224-D2.pdb:A  SCOP d1fara_
  126           1          -0  1.798e+308     0.000    82    1    0           1    0     82      2     82      3    T0963TS224-D2.pdb:A  SCOP d1ptra_
  127           1          -0  1.798e+308     0.000    82    1    0           1    0     82      2     82      3    T0963TS224-D2.pdb:A  SCOP d1ptqa_
  128           1          -0  1.798e+308     0.000    82    1    0           1    0     82      2     82      4    T0963TS224-D2.pdb:A  SCOP d1co4a_
  129           1          -0  1.798e+308     0.000    82    1    0           1    0     82      2     82      1    T0963TS224-D2.pdb:A  SCOP d1aqra_
  130           1          -0  1.798e+308     0.000    82    1    0           1    0     82      2     82      2    T0963TS224-D2.pdb:A  SCOP d1j5la_
  131           1          -0  1.798e+308     0.000    82    1    0           1    0     82      2     82      1    T0963TS224-D2.pdb:A  SCOP d2mhua_
  132           1          -0  1.798e+308     0.000    82    1    0           1    0     82      2     82      2    T0963TS224-D2.pdb:A  SCOP d1vyxa_
  133           1          -0  1.798e+308     0.000    82    1    0           1    0     82      2     82      4    T0963TS224-D2.pdb:A  SCOP d1dfea_
  134           1          -0  1.798e+308     0.000    82    1    0           1    0     82      2     82      3    T0963TS224-D2.pdb:A  SCOP d1dgza_
  135           1          -0  1.798e+308     0.000    82    1    0           1    0     82      2     82      4    T0963TS224-D2.pdb:A  SCOP d1s24a_
  136           1          -0  1.798e+308     0.000    82    1    0           1    0     82      2     82      3    T0963TS224-D2.pdb:A  SCOP d1dx8a_
  137           1          -0  1.798e+308     0.000    82    1    0           1    0     82      2     82      3    T0963TS224-D2.pdb:A  SCOP d1h7va_
  138           1          -0  1.798e+308     0.000    82    1    0           1    0     82      2     82      1    T0963TS224-D2.pdb:A  SCOP d1rwda_
  139           1          -0  1.798e+308     0.000    82    1    0           1    0     82      2     82      1    T0963TS224-D2.pdb:A  SCOP d1tosa_
  140           1       3.794       5.713     0.000    82    1    0           1    0     82      2     82      1    T0963TS224-D2.pdb:A  SCOP d1taca_
  141           1       3.794       5.713     0.000    82    1    0           1    0     82      2     82      1    T0963TS224-D2.pdb:A  SCOP d1tbca_
  142           1          -0  1.798e+308     0.000    82    1    0           1    0     82      2     82      2    T0963TS224-D2.pdb:A  SCOP d1fcta_
  143           1          -0  1.798e+308     0.000    82    1    0           1    0     82      2     82      1    T0963TS224-D2.pdb:A  SCOP d1edwa_
  144           1          -0  1.798e+308     0.000    82    1    0           1    0     82      2     82      2    T0963TS224-D2.pdb:A  SCOP d1edsa_
  145           1          -0  1.798e+308     0.000    82    1    0           1    0     82      2     82      3    T0963TS224-D2.pdb:A  SCOP d1iena_
  146           1          -0  1.798e+308     0.000    82    1    0           1    0     82      2     82      1    T0963TS224-D2.pdb:A  SCOP d1jloa_
  147           1          -0  1.798e+308     0.000    82    1    0           1    0     82      2     82      1    T0963TS224-D2.pdb:A  SCOP d1p1pa_
  148           1          -0  1.798e+308     0.000    82    1    0           1    0     82      2     82      3    T0963TS224-D2.pdb:A  SCOP d1k64a_
  149           1          -0  1.798e+308     0.000    82    1    0           1    0     82      2     82      1    T0963TS224-D2.pdb:A  SCOP d1qmwa_
  150           1          -0  1.798e+308     0.000    82    1    0           1    0     82      2     82      1    T0963TS224-D2.pdb:A  SCOP d1hjea_
  151           1          -0  1.798e+308     0.000    82    1    0           1    0     82      2     82      1    T0963TS224-D2.pdb:A  SCOP d1b45a_
  152           1          -0  1.798e+308     0.000    82    1    0           1    0     82      2     82      1    T0963TS224-D2.pdb:A  SCOP d1xgaa_
  153           1          -0  1.798e+308     0.000    82    1    0           1    0     82      2     82      1    T0963TS224-D2.pdb:A  SCOP d1nota_
  154           1          -0  1.798e+308     0.000    82    1    0           1    0     82      2     82      1    T0963TS224-D2.pdb:A  SCOP d1e75a_
  155           1          -0  1.798e+308     0.000    82    1    0           1    0     82      2     82      2    T0963TS224-D2.pdb:A  SCOP d1e74a_
  156           1          -0  1.798e+308     0.000    82    1    0           1    0     82      2     82      1    T0963TS224-D2.pdb:A  SCOP d1r9ia_
  157           1          -0  1.798e+308     0.000    82    1    0           1    0     82      2     82      1    T0963TS224-D2.pdb:A  SCOP d1giba_
  158           1          -0  1.798e+308     0.000    82    1    0           1    0     82      2     82      1    T0963TS224-D2.pdb:A  SCOP d1tcga_
  159           1          -0  1.798e+308     0.000    82    1    0           1    0     82      2     82      1    T0963TS224-D2.pdb:A  SCOP d1tcja_
  160           1          -0  1.798e+308     0.000    82    1    0           1    0     82      2     82      1    T0963TS224-D2.pdb:A  SCOP d1edna_
  161           1          -0  1.798e+308     0.000    82    1    0           1    0     82      2     82      1    T0963TS224-D2.pdb:A  SCOP d1d6xa_
  162           1          -0  1.798e+308     0.000    82    1    0           1    0     82      2     82      2    T0963TS224-D2.pdb:A  SCOP d1hpha_
  163           1          -0  1.798e+308     0.000    82    1    0           1    0     82      2     82      3    T0963TS224-D2.pdb:A  SCOP d1zwfa_
  164           1          -0  1.798e+308     0.000    82    1    0           1    0     82      2     82      1    T0963TS224-D2.pdb:A  SCOP d1p9fa_
  165           1          -0  1.798e+308     0.000    82    1    0           1    0     82      2     82      2    T0963TS224-D2.pdb:A  SCOP d1jrja_
  166           1          -0  1.798e+308     0.000    82    1    0           1    0     82      2     82      3    T0963TS224-D2.pdb:A  SCOP d4rxna_
  167           1          -0  1.798e+308     0.000    82    1    0           1    0     82      2     82      3    T0963TS224-D2.pdb:A  SCOP d5rxna_
  168           1          -0  1.798e+308     0.000    82    1    0           1    0     82      2     82      3    T0963TS224-D2.pdb:A  SCOP d1irna_
  169           1          -0  1.798e+308     0.000    82    1    0           1    0     82      2     82      3    T0963TS224-D2.pdb:A  SCOP d1iroa_
  170           1          -0  1.798e+308     0.000    82    1    0           1    0     82      2     82      4    T0963TS224-D2.pdb:A  SCOP d6rxna_
  171           1          -0  1.798e+308     0.000    82    1    0           1    0     82      2     82      3    T0963TS224-D2.pdb:A  SCOP d1rdga_
  172           1          -0  1.798e+308     0.000    82    1    0           1    0     82      2     82      3    T0963TS224-D2.pdb:A  SCOP d2rdva_
  173           1          -0  1.798e+308     0.000    82    1    0           1    0     82      2     82      3    T0963TS224-D2.pdb:A  SCOP d7rxna_
  174           1          -0  1.798e+308     0.000    82    1    0           1    0     82      2     82      3    T0963TS224-D2.pdb:A  SCOP d8rxna_
  175           1          -0  1.798e+308     0.000    82    1    0           1    0     82      2     82      3    T0963TS224-D2.pdb:A  SCOP d1rb9a_
  176           1          -0  1.798e+308     0.000    82    1    0           1    0     82      2     82      1    T0963TS224-D2.pdb:A  SCOP d1u6pa_
  177           1          -0  1.798e+308     0.000    82    1    0           1    0     82      2     82      1    T0963TS224-D2.pdb:A  SCOP d1nc8a_
  178           1          -0  1.798e+308     0.000    82    1    0           1    0     82      2     82      2    T0963TS224-D2.pdb:A  SCOP d1aafa_
  179           1          -0  1.798e+308     0.000    82    1    0           1    0     82      2     82      3    T0963TS224-D2.pdb:A  SCOP d1f6ua_
  180           1          -0  1.798e+308     0.000    82    1    0           1    0     82      2     82      2    T0963TS224-D2.pdb:A  SCOP d1mfsa_
  181           1          -0  1.798e+308     0.000    82    1    0           1    0     82      2     82      3    T0963TS224-D2.pdb:A  SCOP d1a1ta_
  182           1          -0  1.798e+308     0.000    82    1    0           1    0     82      2     82      5    T0963TS224-D2.pdb:A  SCOP d1ul5a_
  183           1          -0  1.798e+308     0.000    82    1    0           1    0     82      2     82      2    T0963TS224-D2.pdb:A  SCOP d1zfoa_
  184           1          -0  1.798e+308     0.000    82    1    0           1    0     82      2     82      3    T0963TS224-D2.pdb:A  SCOP d1ce4a_
  185           1          -0  1.798e+308     0.000    82    1    0           1    0     82      2     82      1    T0963TS224-D2.pdb:A  SCOP d1lcxa_
  186           1          -0  1.798e+308     0.000    82    1    0           1    0     82      2     82      3    T0963TS224-D2.pdb:A  SCOP d1dsza_
  187           1          -0  1.798e+308     0.000    82    1    0           1    0     82      2     82      3    T0963TS224-D2.pdb:A  SCOP d1glua_
  188           1          -0  1.798e+308     0.000    82    1    0           1    0     82      2     82      5    T0963TS224-D2.pdb:A  SCOP d1r4oa_
  189           1          -0  1.798e+308     0.000    82    1    0           1    0     82      2     82      4    T0963TS224-D2.pdb:A  SCOP d1lo1a_
  190           1          -0  1.798e+308     0.000    82    1    0           1    0     82      2     82      5    T0963TS224-D2.pdb:A  SCOP d1cita_
  191           1          -0  1.798e+308     0.000    82    1    0           1    0     82      2     82      5    T0963TS224-D2.pdb:A  SCOP d1rxra_
  192           1          -0  1.798e+308     0.000    82    1    0           1    0     82      2     82      3    T0963TS224-D2.pdb:A  SCOP d1by4a_
  193           1          -0  1.798e+308     0.000    82    1    0           1    0     82      2     82      4    T0963TS224-D2.pdb:A  SCOP d1zrpa_
  194           1          -0  1.798e+308     0.000    82    1    0           1    0     82      2     82      4    T0963TS224-D2.pdb:A  SCOP d1cada_
  195           1          -0  1.798e+308     0.000    82    1    0           1    0     82      2     82      4    T0963TS224-D2.pdb:A  SCOP d1caaa_
  196           1          -0  1.798e+308     0.000    82    1    0           1    0     82      2     82      4    T0963TS224-D2.pdb:A  SCOP d1iu6a_
  197           1          -0  1.798e+308     0.000    82    1    0           1    0     82      2     82      4    T0963TS224-D2.pdb:A  SCOP d1vcxa_
  198           1          -0  1.798e+308     0.000    82    1    0           1    0     82      2     82      4    T0963TS224-D2.pdb:A  SCOP d1iu5a_
  199           1          -0  1.798e+308     0.000    82    1    0           1    0     82      2     82      4    T0963TS224-D2.pdb:A  SCOP d1bq9a_
  200           1          -0  1.798e+308     0.000    82    1    0           1    0     82      2     82      4    T0963TS224-D2.pdb:A  SCOP d1bq8a_
  201           1          -0  1.798e+308     0.000    82    1    0           1    0     82      2     82      4    T0963TS224-D2.pdb:A  SCOP d1brfa_
  202           1          -0  1.798e+308     0.000    82    1    0           1    0     82      2     82      3    T0963TS224-D2.pdb:A  SCOP d1r0ja_
  203           1          -0  1.798e+308     0.000    82    1    0           1    0     82      2     82      3    T0963TS224-D2.pdb:A  SCOP d1t9qa_
  204           1          -0  1.798e+308     0.000    82    1    0           1    0     82      2     82      3    T0963TS224-D2.pdb:A  SCOP d1t9oa_
  205           1          -0  1.798e+308     0.000    82    1    0           1    0     82      2     82      3    T0963TS224-D2.pdb:A  SCOP d1b2oa_
  206           1          -0  1.798e+308     0.000    82    1    0           1    0     82      2     82      3    T0963TS224-D2.pdb:A  SCOP d1fhma_
  207           1          -0  1.798e+308     0.000    82    1    0           1    0     82      2     82      3    T0963TS224-D2.pdb:A  SCOP d1be7a_
  208           1          -0  1.798e+308     0.000    82    1    0           1    0     82      2     82      3    T0963TS224-D2.pdb:A  SCOP d1b2ja_
  209           1          -0  1.798e+308     0.000    82    1    0           1    0     82      2     82      3    T0963TS224-D2.pdb:A  SCOP d1r0ha_
  210           1          -0  1.798e+308     0.000    82    1    0           1    0     82      2     82      3    T0963TS224-D2.pdb:A  SCOP d1t9pa_
  211           1          -0  1.798e+308     0.000    82    1    0           1    0     82      2     82      3    T0963TS224-D2.pdb:A  SCOP d1fhha_
  212           1          -0  1.798e+308     0.000    82    1    0           1    0     82      2     82      3    T0963TS224-D2.pdb:A  SCOP d1c09a_
  213           1          -0  1.798e+308     0.000    82    1    0           1    0     82      2     82      3    T0963TS224-D2.pdb:A  SCOP d1r0ga_
  214           1          -0  1.798e+308     0.000    82    1    0           1    0     82      2     82      3    T0963TS224-D2.pdb:A  SCOP d1r0fa_
  215           1          -0  1.798e+308     0.000    82    1    0           1    0     82      2     82      3    T0963TS224-D2.pdb:A  SCOP d1smua_
  216           1          -0  1.798e+308     0.000    82    1    0           1    0     82      2     82      3    T0963TS224-D2.pdb:A  SCOP d1b13a_
  217           1          -0  1.798e+308     0.000    82    1    0           1    0     82      2     82      3    T0963TS224-D2.pdb:A  SCOP d1r0ia_
  218           1          -0  1.798e+308     0.000    82    1    0           1    0     82      2     82      3    T0963TS224-D2.pdb:A  SCOP d1smwa_
  219           1          -0  1.798e+308     0.000    82    1    0           1    0     82      2     82      3    T0963TS224-D2.pdb:A  SCOP d1smma_
  220           1          -0  1.798e+308     0.000    82    1    0           1    0     82      2     82      2    T0963TS224-D2.pdb:A  SCOP d1hu6a_
  221           1          -0  1.798e+308     0.000    82    1    0           1    0     82      2     82      1    T0963TS224-D2.pdb:A  SCOP d1s4ta_
  222           1          -0  1.798e+308     0.000    82    1    0           1    0     82      2     82      2    T0963TS224-D2.pdb:A  SCOP d1jzpa_
  223           1          -0  1.798e+308     0.000    82    1    0           1    0     82      2     82      5    T0963TS224-D2.pdb:A  SCOP d1e0ga_
  224           1          -0  1.798e+308     0.000    82    1    0           1    0     82      2     82      4    T0963TS224-D2.pdb:A  SCOP d1xyka_
  225           1          -0  1.798e+308     0.000    82    1    0           1    0     82      2     82      4    T0963TS224-D2.pdb:A  SCOP d1xyja_
  226           1          -0  1.798e+308     0.000    82    1    0           1    0     82      2     82      4    T0963TS224-D2.pdb:A  SCOP d1xywa_
  227           1          -0  1.798e+308     0.000    82    1    0           1    0     82      2     82      4    T0963TS224-D2.pdb:A  SCOP d1tqca_
  228           1          -0  1.798e+308     0.000    82    1    0           1    0     82      2     82      4    T0963TS224-D2.pdb:A  SCOP d1tpxa_
  229           1          -0  1.798e+308     0.000    82    1    0           1    0     82      2     82      4    T0963TS224-D2.pdb:A  SCOP d1tqba_
  230           1          -0  1.798e+308     0.000    82    1    0           1    0     82      2     82      4    T0963TS224-D2.pdb:A  SCOP d1xyua_
  231           1          -0  1.798e+308     0.000    82    1    0           1    0     82      2     82      4    T0963TS224-D2.pdb:A  SCOP d1y2sa_
  232           1          -0  1.798e+308     0.000    82    1    0           1    0     82      2     82      4    T0963TS224-D2.pdb:A  SCOP d1uw3a_
  233           1          -0  1.798e+308     0.000    82    1    0           1    0     82      2     82      4    T0963TS224-D2.pdb:A  SCOP d1dwya_
  234           1          -0  1.798e+308     0.000    82    1    0           1    0     82      2     82      4    T0963TS224-D2.pdb:A  SCOP d1dwza_
  235           1          -0  1.798e+308     0.000    82    1    0           1    0     82      2     82      4    T0963TS224-D2.pdb:A  SCOP d1h0la_
  236           1          -0  1.798e+308     0.000    82    1    0           1    0     82      2     82      5    T0963TS224-D2.pdb:A  SCOP d1i4ma_
  237           1          -0  1.798e+308     0.000    82    1    0           1    0     82      2     82      4    T0963TS224-D2.pdb:A  SCOP d1xyxa_
  238           1          -0  1.798e+308     0.000    82    1    0           1    0     82      2     82      4    T0963TS224-D2.pdb:A  SCOP d1ja4a_
  239           1          -0  1.798e+308     0.000    82    1    0           1    0     82      2     82      5    T0963TS224-D2.pdb:A  SCOP d1l3oa_
  240           1          -0  1.798e+308     0.000    82    1    0           1    0     82      2     82      4    T0963TS224-D2.pdb:A  SCOP d1ac0a_
  241           1          -0  1.798e+308     0.000    82    1    0           1    0     82      2     82      3    T0963TS224-D2.pdb:A  SCOP d1czsa_
  242           1          -0  1.798e+308     0.000    82    1    0           1    0     82      2     82      3    T0963TS224-D2.pdb:A  SCOP d1czta_
  243           1          -0  1.798e+308     0.000    82    1    0           1    0     82      2     82      3    T0963TS224-D2.pdb:A  SCOP d1czva_
  244           1          -0  1.798e+308     0.000    82    1    0           1    0     82      2     82      4    T0963TS224-D2.pdb:A  SCOP d1xpwa_
  245           1          -0  1.798e+308     0.000    82    1    0           1    0     82      2     82      5    T0963TS224-D2.pdb:A  SCOP d1i07a_
  246           1          -0  1.798e+308     0.000    82    1    0           1    0     82      2     82      4    T0963TS224-D2.pdb:A  SCOP d1wiea_
  247           1          -0  1.798e+308     0.000    82    1    0           1    0     82      2     82      3    T0963TS224-D2.pdb:A  SCOP d1r8ua_
  248           1       3.794       5.713     0.000    82    1    0           1    0     82      2     82      5    T0963TS224-D2.pdb:A  SCOP d1pdqa_
  249           1          -0  1.798e+308     0.000    82    1    0           1    0     82      2     82      3    T0963TS224-D2.pdb:A  SCOP d1kdfa_
  250           1          -0  1.798e+308     0.000    82    1    0           1    0     82      2     82      1    T0963TS224-D2.pdb:A  SCOP d1lb0a_
  251           1          -0  1.798e+308     0.000    82    1    0           1    0     82      2     82      3    T0963TS224-D2.pdb:A  SCOP d1in1a_
  252           1          -0  1.798e+308     0.000    82    1    0           1    0     82      2     82      2    T0963TS224-D2.pdb:A  SCOP d1b53a_
  253           1          -0  1.798e+308     0.000    82    1    0           1    0     82      2     82      4    T0963TS224-D2.pdb:A  SCOP d1boda_
  254           1          -0  1.798e+308     0.000    82    1    0           1    0     82      2     82      3    T0963TS224-D2.pdb:A  SCOP d1nkpa_
  255           1          -0  1.798e+308     0.000    82    1    0           1    0     82      2     82      4    T0963TS224-D2.pdb:A  SCOP d1uxda_
  256           1          -0  1.798e+308     0.000    82    1    0           1    0     82      2     82      5    T0963TS224-D2.pdb:A  SCOP d1a43a_
  257           1          -0  1.798e+308     0.000    82    1    0           1    0     82      2     82      5    T0963TS224-D2.pdb:A  SCOP d1baja_
  258           1          -0  1.798e+308     0.000    82    1    0           1    0     82      2     82      5    T0963TS224-D2.pdb:A  SCOP d1orya_
  259           1          -0  1.798e+308     0.000    82    1    0           1    0     82      2     82      5    T0963TS224-D2.pdb:A  SCOP d1orja_
  260           1          -0  1.798e+308     0.000    82    1    0           1    0     82      2     82      5    T0963TS224-D2.pdb:A  SCOP d1kdxa_
  261           1          -0  1.798e+308     0.000    82    1    0           1    0     82      2     82      3    T0963TS224-D2.pdb:A  SCOP d1erda_
  262           1          -0  1.798e+308     0.000    82    1    0           1    0     82      2     82      3    T0963TS224-D2.pdb:A  SCOP d1w3da_
  263           1          -0  1.798e+308     0.000    82    1    0           1    0     82      2     82      3    T0963TS224-D2.pdb:A  SCOP d1bala_
  264           1          -0  1.798e+308     0.000    82    1    0           1    0     82      2     82      2    T0963TS224-D2.pdb:A  SCOP d1kcna_
  265           1          -0  1.798e+308     0.000    82    1    0           1    0     82      2     82      4    T0963TS224-D2.pdb:A  SCOP d1oaia_
  266           1          -0  1.798e+308     0.000    82    1    0           1    0     82      2     82      4    T0963TS224-D2.pdb:A  SCOP d1q1va_
  267           1          -0  1.798e+308     0.000    82    1    0           1    0     82      2     82      2    T0963TS224-D2.pdb:A  SCOP d1kcoa_
  268           1          -0  1.798e+308     0.000    82    1    0           1    0     82      2     82      5    T0963TS224-D2.pdb:A  SCOP d1je8a_
  269           1          -0  1.798e+308     0.000    82    1    0           1    0     82      2     82      5    T0963TS224-D2.pdb:A  SCOP d1ldda_
  270           1          -0  1.798e+308     0.000    82    1    0           1    0     82      2     82      4    T0963TS224-D2.pdb:A  SCOP d1b72a_
  271           1          -0  1.798e+308     0.000    82    1    0           1    0     82      2     82      2    T0963TS224-D2.pdb:A  SCOP d1liqa_
  272           1          -0  1.798e+308     0.000    82    1    0           1    0     82      2     82      2    T0963TS224-D2.pdb:A  SCOP d1hnra_
  273           1          -0  1.798e+308     0.000    82    1    0           1    0     82      2     82      2    T0963TS224-D2.pdb:A  SCOP d1hnsa_
  274           1          -0  1.798e+308     0.000    82    1    0           1    0     82      2     82      2    T0963TS224-D2.pdb:A  SCOP d1rija_
  275           1          -0  1.798e+308     0.000    82    1    0           1    0     82      2     82      2    T0963TS224-D2.pdb:A  SCOP d1l2ya_
  276           1          -0  1.798e+308     0.000    82    1    0           1    0     82      2     82      1    T0963TS224-D2.pdb:A  SCOP d2soca_
  277      0.9758          -0  1.798e+308     0.000    81    1    1           1    0     82      2     82      4    T0963TS224-D2.pdb:A  SCOP d1jc6a_
  278      0.9758          -0  1.798e+308     0.000    81    1    1           1    0     82      2     82      4    T0963TS224-D2.pdb:A  SCOP d1hyja_
  279      0.9758          -0  1.798e+308     0.000    81    1    1           1    0     82      2     82      5    T0963TS224-D2.pdb:A  SCOP d1tcpa_
  280      0.9758       3.794       5.713     0.000    81    1    1           1    0     82      2     82      5    T0963TS224-D2.pdb:A  SCOP d1pfba_
  281      0.9758          -0  1.798e+308     0.000    81    1    1           1    0     82      2     82      3    T0963TS224-D2.pdb:A  SCOP d1bbla_
  282      0.9758          -0  1.798e+308     0.000    81    1    1           1    0     82      2     82      4    T0963TS224-D2.pdb:A  SCOP d1adza_
  283      0.9758          -0  1.798e+308     0.000    81    1    1           1    0     82      2     82      2    T0963TS224-D2.pdb:A  SCOP d1ld6a_
  284      0.9758          -0  1.798e+308     0.000    81    1    1           1    0     82      2     82      4    T0963TS224-D2.pdb:A  SCOP d1kuna_
  285      0.9758          -0  1.798e+308     0.000    81    1    1           1    0     82      2     82      4    T0963TS224-D2.pdb:A  SCOP d1b0ca_
  286      0.9758          -0  1.798e+308     0.000    81    1    1           1    0     82      2     82      5    T0963TS224-D2.pdb:A  SCOP d1gyya_
  287      0.9758          -0  1.798e+308     0.000    81    1    1           1    0     82      2     82      5    T0963TS224-D2.pdb:A  SCOP d1gyxa_
  288      0.9518          -0  1.798e+308     0.000    80    1    1           1    0     82      2     82      4    T0963TS224-D2.pdb:A  SCOP d1bpia_
  289      0.9518          -0  1.798e+308     0.000    80    1    1           1    0     82      2     82      4    T0963TS224-D2.pdb:A  SCOP d5ptia_
  290      0.9518          -0  1.798e+308     0.000    80    1    1           1    0     82      2     82      4    T0963TS224-D2.pdb:A  SCOP d1k6ua_
  291      0.9518          -0  1.798e+308     0.000    80    1    1           1    0     82      2     82      4    T0963TS224-D2.pdb:A  SCOP d9ptia_
  292      0.9518          -0  1.798e+308     0.000    80    1    1           1    0     82      2     82      4    T0963TS224-D2.pdb:A  SCOP d1g6xa_
  293      0.9518          -0  1.798e+308     0.000    80    1    1           1    0     82      2     82      4    T0963TS224-D2.pdb:A  SCOP d1aapa_
  294      0.9518          -0  1.798e+308     0.000    80    1    1           1    0     82      2     82      4    T0963TS224-D2.pdb:A  SCOP d1dtxa_
  295      0.9518          -0  1.798e+308     0.000    80    1    1           1    0     82      2     82      3    T0963TS224-D2.pdb:A  SCOP d1qtga_
  296      0.9518          -0  1.798e+308     0.000    80    1    1           1    0     82      2     82      4    T0963TS224-D2.pdb:A  SCOP d1shpa_
  297      0.9518          -0  1.798e+308     0.000    80    1    1           1    0     82      2     82      4    T0963TS224-D2.pdb:A  SCOP d1ktha_
  298      0.9518          -0  1.798e+308     0.000    80    1    1           1    0     82      2     82      4    T0963TS224-D2.pdb:A  SCOP d1dtka_
  299      0.9518          -0  1.798e+308     0.000    80    1    1           1    0     82      2     82      4    T0963TS224-D2.pdb:A  SCOP d1dema_
  300      0.9518          -0  1.798e+308     0.000    80    1    1           1    0     82      2     82      4    T0963TS224-D2.pdb:A  SCOP d1dena_
  301      0.9518          -0  1.798e+308     0.000    80    1    1           1    0     82      2     82      5    T0963TS224-D2.pdb:A  SCOP d1d0da_
  302      0.9518          -0  1.798e+308     0.000    80    1    1           1    0     82      2     82      3    T0963TS224-D2.pdb:A  SCOP d1nlaa_
  303      0.9518          -0  1.798e+308     0.000    80    1    1           1    0     82      2     82      4    T0963TS224-D2.pdb:A  SCOP d2knta_
  304      0.9518          -0  1.798e+308     0.000    80    1    1           1    0     82      2     82      4    T0963TS224-D2.pdb:A  SCOP d1ncsa_
  305      0.9518          -0  1.798e+308     0.000    80    1    1           1    0     82      2     82      4    T0963TS224-D2.pdb:A  SCOP d2hexa_
  306      0.9518          -0  1.798e+308     0.000    80    1    1           1    0     82      2     82      4    T0963TS224-D2.pdb:A  SCOP d1btia_
  307      0.9518          -0  1.798e+308     0.000    80    1    1           1    0     82      2     82      4    T0963TS224-D2.pdb:A  SCOP d1knta_
  308      0.9518          -0  1.798e+308     0.000    80    1    1           1    0     82      2     82      4    T0963TS224-D2.pdb:A  SCOP d1ld5a_
  309      0.9518          -0  1.798e+308     0.000    80    1    1           1    0     82      2     82      4    T0963TS224-D2.pdb:A  SCOP d1bpta_
  310      0.9518          -0  1.798e+308     0.000    80    1    1           1    0     82      2     82      4    T0963TS224-D2.pdb:A  SCOP d1bz5a_
  311      0.9518          -0  1.798e+308     0.000    80    1    1           1    0     82      2     82      4    T0963TS224-D2.pdb:A  SCOP d1bhca_
  312      0.9518          -0  1.798e+308     0.000    80    1    1           1    0     82      2     82      3    T0963TS224-D2.pdb:A  SCOP d1viba_
  313      0.9518          -0  1.798e+308     0.000    80    1    1           1    0     82      2     82      4    T0963TS224-D2.pdb:A  SCOP d1pita_
  314      0.9518          -0  1.798e+308     0.000    80    1    1           1    0     82      2     82      4    T0963TS224-D2.pdb:A  SCOP d1fana_
  315      0.9518          -0  1.798e+308     0.000    80    1    1           1    0     82      2     82      5    T0963TS224-D2.pdb:A  SCOP d1ab3a_
  316      0.9518          -0  1.798e+308     0.000    80    1    1           1    0     82      2     82      4    T0963TS224-D2.pdb:A  SCOP d8ptia_
  317      0.9518          -0  1.798e+308     0.000    80    1    1           1    0     82      2     82      4    T0963TS224-D2.pdb:A  SCOP d1naga_
  318      0.9518          -0  1.798e+308     0.000    80    1    1           1    0     82      2     82      4    T0963TS224-D2.pdb:A  SCOP d7ptia_
  319      0.9518          -0  1.798e+308     0.000    80    1    1           1    0     82      2     82      4    T0963TS224-D2.pdb:A  SCOP d1aala_
  320      0.9518          -0  1.798e+308     0.000    80    1    1           1    0     82      2     82      4    T0963TS224-D2.pdb:A  SCOP d6ptia_
  321      0.9518          -0  1.798e+308     0.000    80    1    1           1    0     82      2     82      4    T0963TS224-D2.pdb:A  SCOP d4ptia_
  322      0.9518          -0  1.798e+308     0.000    80    1    1           1    0     82      2     82      4    T0963TS224-D2.pdb:A  SCOP d1qlqa_
  323      0.9518          -0  1.798e+308     0.000    80    1    1           1    0     82      2     82      4    T0963TS224-D2.pdb:A  SCOP d1mi2a_
  324      0.9518          -0  1.798e+308     0.000    80    1    1           1    0     82      2     82      5    T0963TS224-D2.pdb:A  SCOP d1el0a_
  325      0.9518          -0  1.798e+308     0.000    80    1    1           1    0     82      2     82      5    T0963TS224-D2.pdb:A  SCOP d1rtna_
  326      0.9518          -0  1.798e+308     0.000    80    1    1           1    0     82      2     82      5    T0963TS224-D2.pdb:A  SCOP d1hfga_
  327      0.9518          -0  1.798e+308     0.000    80    1    1           1    0     82      2     82      4    T0963TS224-D2.pdb:A  SCOP d1neia_
  328      0.9518          -0  1.798e+308     0.000    80    1    1           1    0     82      2     82      4    T0963TS224-D2.pdb:A  SCOP d1rhxa_
  329      0.9282          -0  1.798e+308     0.000    79    1    1           1    0     82      2     82      3    T0963TS224-D2.pdb:A  SCOP d1dava_
  330      0.9282          -0  1.798e+308     0.000    79    1    1           1    0     82      2     82      3    T0963TS224-D2.pdb:A  SCOP d1daqa_
  331      0.9282       3.794       5.713     0.000    79    1    1           1    0     82      2     82      5    T0963TS224-D2.pdb:A  SCOP d1pbaa_
  332      0.9048          -0  1.798e+308     0.000    78    1    1           1    0     82      2     82      5    T0963TS224-D2.pdb:A  SCOP d2paca_
  333      0.9048          -0  1.798e+308     0.000    78    1    1           1    0     82      2     82      5    T0963TS224-D2.pdb:A  SCOP d1g91a_
  334      0.9048          -0  1.798e+308     0.000    78    1    1           1    0     82      2     82      5    T0963TS224-D2.pdb:A  SCOP d1dola_
  335      0.9048          -0  1.798e+308     0.000    78    1    2           1    0     82      2     82      5    T0963TS224-D2.pdb:A  SCOP d1f6va_
  336      0.9048          -0  1.798e+308     0.000    78    1    1           1    0     82      2     82      5    T0963TS224-D2.pdb:A  SCOP d1kfta_
  337      0.9048          -0  1.798e+308     0.000    78    1    1           1    0     82      2     82      5    T0963TS224-D2.pdb:A  SCOP d1p65a_
  338      0.9035      0.1374       1.314     0.848    81    1    1      0.9506    0     82      2     82      4    T0963TS224-D2.pdb:A  SCOP d1l6ha_
  339      0.9035      0.1374       1.314     0.848    81    1    1      0.9506    0     82      2     82      2    T0963TS224-D2.pdb:A  SCOP d1m0ga_
  340      0.9033      0.5296       2.829     0.850    81    2    1      0.9506    0     82      2     82      7    T0963TS224-D2.pdb:A  SCOP d1m1pa_
  341      0.9033      0.3783       2.829     0.850    81    2    1      0.9506    0     82      2     82      8    T0963TS224-D2.pdb:A  SCOP d1m1qa_
  342      0.9033      0.3783       2.829     0.850    81    2    1      0.9506    0     82      2     82      8    T0963TS224-D2.pdb:A  SCOP d1m1ra_
  343      0.8818          -0  1.798e+308     0.000    77    1    1           1    0     82      2     82      5    T0963TS224-D2.pdb:A  SCOP d1huna_
  344      0.8818          -0  1.798e+308     0.000    77    1    1           1    0     82      2     82      3    T0963TS224-D2.pdb:A  SCOP d1lgha_
  345      0.8818          -0  1.798e+308     0.000    77    1    2           1    0     82      2     82      5    T0963TS224-D2.pdb:A  SCOP d1c7va_
  346      0.8818          -0  1.798e+308     0.000    77    1    1           1    0     82      2     82      5    T0963TS224-D2.pdb:A  SCOP d1u4ra_
  347      0.8818          -0  1.798e+308     0.000    77    1    1           1    0     82      2     82      5    T0963TS224-D2.pdb:A  SCOP d1f2la_
  348      0.8818          -0  1.798e+308     0.000    77    1    1           1    0     82      2     82      5    T0963TS224-D2.pdb:A  SCOP d1f9pa_
  349      0.8818          -0  1.798e+308     0.000    77    1    1           1    0     82      2     82      3    T0963TS224-D2.pdb:A  SCOP d1pyva_
  350      0.8803      0.1359       1.309     0.855    80    1    2        0.95    0     82      2     82      5    T0963TS224-D2.pdb:A  SCOP d1knea_
  351       0.859          -0  1.798e+308     0.000    76    1    1           1    0     82      2     82      5    T0963TS224-D2.pdb:A  SCOP d1gyja_
  352       0.859          -0  1.798e+308     0.000    76    1    1           1    0     82      2     82      5    T0963TS224-D2.pdb:A  SCOP d1huma_
  353       0.859          -0  1.798e+308     0.000    76    1    2           1    0     82      2     82      4    T0963TS224-D2.pdb:A  SCOP d1qzpa_
  354       0.859          -0  1.798e+308     0.000    76    1    1           1    0     82      2     82      5    T0963TS224-D2.pdb:A  SCOP d1doka_
  355       0.859          -0  1.798e+308     0.000    76    1    1           1    0     82      2     82      4    T0963TS224-D2.pdb:A  SCOP d1l9aa_
  356       0.859          -0  1.798e+308     0.000    76    1    1           1    0     82      2     82      5    T0963TS224-D2.pdb:A  SCOP d1e0ha_
  357      0.8366          -0  1.798e+308     0.000    75    1    1           1    0     82      2     82      4    T0963TS224-D2.pdb:A  SCOP d1ev0a_
  358      0.8366          -0  1.798e+308     0.000    75    1    2           1    0     82      2     82      5    T0963TS224-D2.pdb:A  SCOP d1l0ha_
  359      0.8366          -0  1.798e+308     0.000    75    1    1           1    0     82      2     82      4    T0963TS224-D2.pdb:A  SCOP d1kwja_
  360      0.8366          -0  1.798e+308     0.000    75    1    2           1    0     82      2     82      5    T0963TS224-D2.pdb:A  SCOP d1a8ca_
  361      0.8366          -0  1.798e+308     0.000    75    1    1           1    0     82      2     82      5    T0963TS224-D2.pdb:A  SCOP d1impa_
  362      0.8366          -0  1.798e+308     0.000    75    1    1           1    0     82      2     82      5    T0963TS224-D2.pdb:A  SCOP d1coka_
  363      0.8353      0.1374       1.314     0.865    78    1    2      0.9487    0     82      2     82      3    T0963TS224-D2.pdb:A  SCOP d2gdaa_
  364      0.8353      0.1374       1.314     0.865    78    1    2      0.9487    0     82      2     82      5    T0963TS224-D2.pdb:A  SCOP d1gdca_
  365      0.8144          -0  1.798e+308     0.000    74    1    1           1    0     82      2     82      5    T0963TS224-D2.pdb:A  SCOP d1ceia_
  366      0.8144          -0  1.798e+308     0.000    74    1    1           1    0     82      2     82      5    T0963TS224-D2.pdb:A  SCOP d1unka_
  367      0.8144          -0  1.798e+308     0.000    74    1    1           1    0     82      2     82      5    T0963TS224-D2.pdb:A  SCOP d1bxia_
  368      0.8144          -0  1.798e+308     0.000    74    1    1           1    0     82      2     82      5    T0963TS224-D2.pdb:A  SCOP d1emva_
  369      0.8144          -0  1.798e+308     0.000    74    1    2           1    0     82      2     82      5    T0963TS224-D2.pdb:A  SCOP d1l0ia_
  370      0.8144          -0  1.798e+308     0.000    74    1    1           1    0     82      2     82      5    T0963TS224-D2.pdb:A  SCOP d1fr2a_
  371      0.8144          -0  1.798e+308     0.000    74    1    2           1    0     82      2     82      5    T0963TS224-D2.pdb:A  SCOP d1t8ka_
  372      0.8144          -0  1.798e+308     0.000    74    1    1           1    0     82      2     82      3    T0963TS224-D2.pdb:A  SCOP d1hdla_
  373      0.8144          -0  1.798e+308     0.000    74    1    1           1    0     82      2     82      5    T0963TS224-D2.pdb:A  SCOP d1mz8a_
  374      0.8144          -0  1.798e+308     0.000    74    1    1           1    0     82      2     82      5    T0963TS224-D2.pdb:A  SCOP d1ayia_
  375      0.8144          -0  1.798e+308     0.000    74    1    1           1    0     82      2     82      5    T0963TS224-D2.pdb:A  SCOP d1ujza_
  376      0.8144          -0  1.798e+308     0.000    74    1    1           1    0     82      2     82      3    T0963TS224-D2.pdb:A  SCOP d1ghca_
  377      0.8144          -0  1.798e+308     0.000    74    1    1           1    0     82      2     82      5    T0963TS224-D2.pdb:A  SCOP d1bqza_
  378      0.8144          -0  1.798e+308     0.000    74    1    2           1    0     82      2     82      4    T0963TS224-D2.pdb:A  SCOP d1ayga_
  379      0.8132      0.1359       1.309     0.871    77    1    2      0.9481    0     82      2     82      5    T0963TS224-D2.pdb:A  SCOP d1knaa_
  380      0.8132      0.1359       1.309     0.871    77    1    2      0.9481    0     82      2     82      5    T0963TS224-D2.pdb:A  SCOP d1q3la_
  381      0.7925          -0  1.798e+308     0.000    73    1    2           1    0     82      2     82      4    T0963TS224-D2.pdb:A  SCOP d1hypa_
  382      0.7925          -0  1.798e+308     0.000    73    1    1           1    0     82      2     82      5    T0963TS224-D2.pdb:A  SCOP d1bwea_
  383       0.771          -0  1.798e+308     0.000    72    1    2           1    0     82      2     82      5    T0963TS224-D2.pdb:A  SCOP d451ca_
  384       0.771          -0  1.798e+308     0.000    72    1    2           1    0     82      2     82      5    T0963TS224-D2.pdb:A  SCOP d2if1a_
  385       0.771          -0  1.798e+308     0.000    72    1    1           1    0     82      2     82      5    T0963TS224-D2.pdb:A  SCOP d1rg6a_
  386       0.771          -0  1.798e+308     0.000    72    1    2           1    0     82      2     82      5    T0963TS224-D2.pdb:A  SCOP d351ca_
  387      0.7287        1.43       3.531     0.000    70    1    2           1    0     82      2     82      5    T0963TS224-D2.pdb:A  SCOP d1a6sa_
  388      0.7287          -0  1.798e+308     0.000    70    1    2           1    0     82      2     82      4    T0963TS224-D2.pdb:A  SCOP d1jm7a_
  389      0.7081          -0  1.798e+308     0.000    69    1    1           1    0     82      2     82      5    T0963TS224-D2.pdb:A  SCOP d1m12a_
  390      0.6877          -0  1.798e+308     0.000    68    1    2           1    0     82      2     82      5    T0963TS224-D2.pdb:A  SCOP d1bg8a_
  391      0.6676          -0  1.798e+308     0.000    67    1    3           1    0     82      2     82      5    T0963TS224-D2.pdb:A  SCOP d1ijxa_
  392      0.6092          -0  1.798e+308     0.000    64    1    2           1    0     82      2     82      5    T0963TS224-D2.pdb:A  SCOP d1v5ka_
  393      0.5003          -0  1.798e+308     0.000    58    1    2           1    0     82      2     82      5    T0963TS224-D2.pdb:A  SCOP d1sb0a_
  394       0.415          -0  1.798e+308     0.000    35    1    1           1    0     82      2     36      5    T0963TS224-D2.pdb:A  SCOP d1jmxa2
  395       0.415          -0  1.798e+308     0.000    35    1    1           1    0     82      2     36      5    T0963TS224-D2.pdb:A  SCOP d1jjua2
  396       0.415          -0  1.798e+308     0.000    35    1    1           1    0     82      2     36      5    T0963TS224-D2.pdb:A  SCOP d1pbya2
  397       0.415          -0  1.798e+308     0.000    35    1    1           1    0     82      2     36      5    T0963TS224-D2.pdb:A  SCOP d1jmza2
  398      0.3308          -0  1.798e+308     0.000    29    1    2           1    0     82      2     31      5    T0963TS224-D2.pdb:A  SCOP d1bpba1
  399      0.3286          -0  1.798e+308     0.000    32    1    1           1    0     82      2     38      3    T0963TS224-D2.pdb:A  SCOP d3sdpa2
  400      0.3285          -0  1.798e+308     0.000    47    1    1           1    0     82      2     82      3    T0963TS224-D2.pdb:A  SCOP d1r05a_
  401      0.3278      0.1359       1.309     2.176    58    1    7     0.08621    0     82      2     82      2    T0963TS224-D2.pdb:A  SCOP d6gata_
  402      0.3278      0.1359       1.309     2.176    58    1    7     0.08621    0     82      2     82      4    T0963TS224-D2.pdb:A  SCOP d4gata_
  403      0.3278     0.03392      0.7867     2.176    58    1    7     0.08621    0     82      2     82      3    T0963TS224-D2.pdb:A  SCOP d1arra_
  404      0.3278     0.05106      0.9108     2.176    58    1    7     0.08621    0     82      2     82      3    T0963TS224-D2.pdb:A  SCOP d1arqa_
  405      0.3278      0.1359       1.309     2.176    58    1    7     0.08621    0     82      2     82      1    T0963TS224-D2.pdb:A  SCOP d1bf9a_
  406      0.3278      0.1359       1.309     2.176    58    1    7     0.08621    0     82      2     82      4    T0963TS224-D2.pdb:A  SCOP d5gata_
  407      0.3278      0.1359       1.309     2.176    58    1    7     0.08621    0     82      2     82      2    T0963TS224-D2.pdb:A  SCOP d7gata_
  408      0.3147          -0  1.798e+308     0.000    46    1    3           1    0     82      2     82      5    T0963TS224-D2.pdb:A  SCOP d1itla_
  409      0.3147          -0  1.798e+308     0.000    46    1    3           1    0     82      2     82      5    T0963TS224-D2.pdb:A  SCOP d1itma_
  410      0.2963          -0  1.798e+308     0.000    27    1    2           1    0     82      2     30      5    T0963TS224-D2.pdb:A  SCOP d1mq3a2
  411      0.2868          -0  1.798e+308     0.000    27    1    2           1    0     82      2     31      5    T0963TS224-D2.pdb:A  SCOP d1noma1
  412      0.2868          -0  1.798e+308     0.000    27    1    2           1    0     82      2     31      5    T0963TS224-D2.pdb:A  SCOP d1zqwa1
  413      0.2748          -0  1.798e+308     0.000    26    1    2           1    0     82      2     30      5    T0963TS224-D2.pdb:A  SCOP d9icxa3
  414      0.2748          -0  1.798e+308     0.000    26    1    2           1    0     82      2     30      5    T0963TS224-D2.pdb:A  SCOP d7icoa3
  415      0.2748          -0  1.798e+308     0.000    26    1    2           1    0     82      2     30      5    T0963TS224-D2.pdb:A  SCOP d7icma3
  416      0.2541          -0  1.798e+308     0.000    25    1    2           1    0     82      2     30      5    T0963TS224-D2.pdb:A  SCOP d2fmsa2
  417      0.2541          -0  1.798e+308     0.000    25    1    2           1    0     82      2     30      5    T0963TS224-D2.pdb:A  SCOP d2bpga3
  418      0.2541          -0  1.798e+308     0.000    25    1    2           1    0     82      2     30      5    T0963TS224-D2.pdb:A  SCOP d8icya3
  419      0.2541          -0  1.798e+308     0.000    25    1    2           1    0     82      2     30      5    T0963TS224-D2.pdb:A  SCOP d1bpea2
  420      0.2541          -0  1.798e+308     0.000    25    1    2           1    0     82      2     30      5    T0963TS224-D2.pdb:A  SCOP d2fmqa2
  421      0.2541          -0  1.798e+308     0.000    25    1    2           1    0     82      2     30      5    T0963TS224-D2.pdb:A  SCOP d9icwa3
  422      0.2541          -0  1.798e+308     0.000    25    1    2           1    0     82      2     30      5    T0963TS224-D2.pdb:A  SCOP d1bpya3
  423        0.25          -0  1.798e+308     0.000    41    1    3           1    0     82      2     82      5    T0963TS224-D2.pdb:A  SCOP d2hmqa_
  424        0.25          -0  1.798e+308     0.000    41    1    3           1    0     82      2     82      5    T0963TS224-D2.pdb:A  SCOP d1hmda_
  425        0.25          -0  1.798e+308     0.000    41    1    3           1    0     82      2     82      5    T0963TS224-D2.pdb:A  SCOP d1hmoa_
  426        0.25          -0  1.798e+308     0.000    41    1    3           1    0     82      2     82      5    T0963TS224-D2.pdb:A  SCOP d2hmza_
  427        0.25          -0  1.798e+308     0.000    41    1    3           1    0     82      2     82      5    T0963TS224-D2.pdb:A  SCOP d1i4ya_
  428        0.25          -0  1.798e+308     0.000    41    1    3           1    0     82      2     82      5    T0963TS224-D2.pdb:A  SCOP d1i4za_
  429      0.2473          -0  1.798e+308     0.000    34    1    3           1    0     82      2     57      4    T0963TS224-D2.pdb:A  SCOP d1g3sa2
  430      0.2473          -0  1.798e+308     0.000    34    1    3           1    0     82      2     57      4    T0963TS224-D2.pdb:A  SCOP d1g3wa2
  431      0.2341          -0  1.798e+308     0.000    24    1    2           1    0     82      2     30      5    T0963TS224-D2.pdb:A  SCOP d1bpda2
  432       0.215          -0  1.798e+308     0.000    23    1    2           1    0     82      2     30      5    T0963TS224-D2.pdb:A  SCOP d7icja3
  433       0.215          -0  1.798e+308     0.000    23    1    2           1    0     82      2     30      5    T0963TS224-D2.pdb:A  SCOP d1bpxa3
  434      0.2148          -0  1.798e+308     0.000    38    1    3           1    0     82      2     82      5    T0963TS224-D2.pdb:A  SCOP d2mhra_
  435      0.2056          -0  1.798e+308     0.000    31    1    3           1    0     82      2     57      4    T0963TS224-D2.pdb:A  SCOP d1fx7a2
  436      0.2056          -0  1.798e+308     0.000    31    1    3           1    0     82      2     57      4    T0963TS224-D2.pdb:A  SCOP d2dtra2
  437      0.2056          -0  1.798e+308     0.000    31    1    3           1    0     82      2     57      4    T0963TS224-D2.pdb:A  SCOP d1g3ta2
  438      0.2036          -0  1.798e+308     0.000    37    1    2           1    0     82      2     82      5    T0963TS224-D2.pdb:A  SCOP d2lyna_
  439      0.2036          -0  1.798e+308     0.000    37    1    2           1    0     82      2     82      5    T0963TS224-D2.pdb:A  SCOP d2lisa_
  440      0.2036          -0  1.798e+308     0.000    37    1    2           1    0     82      2     82      5    T0963TS224-D2.pdb:A  SCOP d1lyna_
  441      0.2036          -0  1.798e+308     0.000    37    1    2           1    0     82      2     82      5    T0963TS224-D2.pdb:A  SCOP d3lyna_
  442      0.2036          -0  1.798e+308     0.000    37    1    2           1    0     82      2     82      5    T0963TS224-D2.pdb:A  SCOP d1lisa_
  443      0.2036          -0  1.798e+308     0.000    37    1    3           1    0     82      2     82      5    T0963TS224-D2.pdb:A  SCOP d1a7ea_
  444      0.1927          -0  1.798e+308     0.000    36    1    3           1    0     82      2     82      5    T0963TS224-D2.pdb:A  SCOP d1a7da_
  445      0.1859     0.02576      0.7136     2.497    46    1    4           0    0     82      2     82      3    T0963TS224-D2.pdb:A  SCOP d1opsa_
  446      0.1761     0.06123      0.9729     3.514    53    1    7     0.07547    0     82      2     82      5    T0963TS224-D2.pdb:A  SCOP d1ah9a_
  447      0.1728    0.009782      0.5095     2.973    48    1    6      0.0625    0     82      2     82      5    T0963TS224-D2.pdb:A  SCOP d1daxa_
  448      0.1718     0.01137      0.5366     3.237    50    1    7        0.06    0     82      2     82      3    T0963TS224-D2.pdb:A  SCOP d1msja_
  449      0.1718     0.01137      0.5366     3.237    50    1    7        0.06    0     82      2     82      3    T0963TS224-D2.pdb:A  SCOP d1vtxa_
  450      0.1718     0.01137      0.5366     3.237    50    1    7        0.06    0     82      2     82      5    T0963TS224-D2.pdb:A  SCOP d1noea_
  451      0.1718     0.01137      0.5366     3.237    50    1    7        0.06    0     82      2     82      3    T0963TS224-D2.pdb:A  SCOP d1b2ia_
  452      0.1718     0.01137      0.5366     3.237    50    1    7        0.06    0     82      2     82      5    T0963TS224-D2.pdb:A  SCOP d1hrqa_
  453        0.17     0.02299      0.6857     3.268    50    1    5        0.06    0     82      2     82      5    T0963TS224-D2.pdb:A  SCOP d1ig5a_
  454        0.17     0.02299      0.6857     3.268    50    1    5        0.06    0     82      2     82      5    T0963TS224-D2.pdb:A  SCOP d1igva_
  455      0.1693     0.01387      0.5748     3.282    50    1    7        0.06    0     82      2     82      5    T0963TS224-D2.pdb:A  SCOP d1cdna_
  456      0.1581     0.02752      0.7305     3.728    52    1    6     0.09615    0     82      2     82      3    T0963TS224-D2.pdb:A  SCOP d1gk5a_
  457      0.1581     0.02752      0.7305     3.728    52    1    6     0.09615    0     82      2     82      4    T0963TS224-D2.pdb:A  SCOP d1kq8a_
  458      0.1481     0.03531       0.798     3.809    51    1    8     0.05882    0     82      2     82      5    T0963TS224-D2.pdb:A  SCOP d1g6za_
  459      0.1302     0.01945      0.6466     3.702    47    1    7     0.04255    0     82      2     82      4    T0963TS224-D2.pdb:A  SCOP d1ujsa_
  460      0.1109     0.02353      0.6913     2.578    36    1    6           0    0     82      2     82      4    T0963TS224-D2.pdb:A  SCOP d2cy3a_
  461      0.1109     0.02353      0.6913     2.578    36    1    6           0    0     82      2     82      4    T0963TS224-D2.pdb:A  SCOP d1w7oa_
  462         0.1      0.1483       1.353     3.822    42    1    5     0.02381    0     82      2     82      5    T0963TS224-D2.pdb:A  SCOP d1b4ca_
  463     0.09542      0.2302       1.606     4.238    31    1    2           0    0     82      2     41      4    T0963TS224-D2.pdb:A  SCOP d1enma2
  464     0.09542      0.2302       1.606     4.238    31    1    2           0    0     82      2     41      4    T0963TS224-D2.pdb:A  SCOP d1eisa2
  465     0.09542      0.2302       1.606     4.238    31    1    2           0    0     82      2     41      4    T0963TS224-D2.pdb:A  SCOP d1en2a2
  466     0.08537          -0  1.798e+308     0.000     7    1    0           1    0     82      2      7      5    T0963TS224-D2.pdb:A  SCOP d1t60a2
  467     0.08537          -0  1.798e+308     0.000     7    1    0           1    0     82      2      7      5    T0963TS224-D2.pdb:A  SCOP d1m3da2
  468     0.08042      0.2585       1.681     4.349    30    1    4     0.03333    0     82      2     44      5    T0963TS224-D2.pdb:A  SCOP d1iqba2
  469     0.08042      0.2585       1.681     4.349    30    1    4     0.03333    0     82      2     44      4    T0963TS224-D2.pdb:A  SCOP d1ehda2
  470     0.08042      0.2585       1.681     4.349    30    1    4     0.03333    0     82      2     44      4    T0963TS224-D2.pdb:A  SCOP d1ehha2
  471     0.07805          -0  1.798e+308     0.000     8    1    1           1    0     82      2     10      5    T0963TS224-D2.pdb:A  SCOP d2phga1
  472     0.07701     0.05835       0.956     4.176    39    1    6     0.05128    0     82      2     82      5    T0963TS224-D2.pdb:A  SCOP d1c75a_
  473     0.07502      0.4686       2.145     3.586    35    1    4     0.02857    0     82      2     82      5    T0963TS224-D2.pdb:A  SCOP d1k9ka_
  474     0.07473     0.09205        1.13     3.770    36    1    4     0.05556    0     82      2     82      5    T0963TS224-D2.pdb:A  SCOP d1nz6a_
  475      0.0721     0.09082       1.125     4.550    40    1    5       0.025    0     82      2     82      5    T0963TS224-D2.pdb:A  SCOP d2cnpa_
  476     0.06098          -0  1.798e+308     0.000     5    1    0           1    0     82      2      5      1    T0963TS224-D2.pdb:A  SCOP d2c4ba2
  477      0.0566     0.04433      0.8657     3.300    29    1    4     0.03448    0     82      2     82      3    T0963TS224-D2.pdb:A  SCOP d1jfna_
  478     0.05322          -0  1.798e+308     0.000    12    1    1           1    0     82      2     33      5    T0963TS224-D2.pdb:A  SCOP d1q46a1
  479     0.05322          -0  1.798e+308     0.000    12    1    1           1    0     82      2     33      5    T0963TS224-D2.pdb:A  SCOP d1kl9a1
  480     0.05322          -0  1.798e+308     0.000    12    1    1           1    0     82      2     33      5    T0963TS224-D2.pdb:A  SCOP d1q8ka3
  481     0.05202     0.04433      0.8657     3.124    27    1    3      0.1481    0     82      2     82      1    T0963TS224-D2.pdb:A  SCOP d1dz7a_
  482     0.05202     0.04433      0.8657     3.124    27    1    3      0.1481    0     82      2     82      1    T0963TS224-D2.pdb:A  SCOP d1e9ja_
  483     0.05081     0.00345      0.3569     2.732    25    1    3        0.12    0     82      2     82      4    T0963TS224-D2.pdb:A  SCOP d1vpua_
  484     0.05081     0.00476      0.3982     2.732    25    1    3        0.12    0     82      2     82      1    T0963TS224-D2.pdb:A  SCOP d1by6a_
  485     0.04701      0.1344       1.303     3.866    29    1    3     0.06897    0     82      2     82      4    T0963TS224-D2.pdb:A  SCOP d1mjka_
  486     0.04701      0.1344       1.303     3.866    29    1    3     0.06897    0     82      2     82      4    T0963TS224-D2.pdb:A  SCOP d1cmca_
  487     0.04701      0.1344       1.303     3.866    29    1    3     0.06897    0     82      2     82      4    T0963TS224-D2.pdb:A  SCOP d1cmba_
  488     0.04067      0.8055       2.712     3.365    16    1    2           0    0     82      2     34      1    T0963TS224-D2.pdb:A  SCOP d1k7ta2
  489     0.04067      0.8055       2.712     3.365    16    1    2           0    0     82      2     34      2    T0963TS224-D2.pdb:A  SCOP d2wgca2
  490     0.04067      0.8055       2.712     3.365    16    1    2           0    0     82      2     34      2    T0963TS224-D2.pdb:A  SCOP d2cwga2
  491     0.04067      0.8055       2.712     3.365    16    1    2           0    0     82      2     34      2    T0963TS224-D2.pdb:A  SCOP d1wgta2
  492     0.04067      0.8055       2.712     3.365    16    1    2           0    0     82      2     34      2    T0963TS224-D2.pdb:A  SCOP d9wgaa2
  493     0.04067      0.8055       2.712     3.365    16    1    2           0    0     82      2     34      2    T0963TS224-D2.pdb:A  SCOP d1k7va2
  494     0.04057     0.06861       1.778     4.348    19    1    2     0.05263    0     82      2     35      3    T0963TS224-D2.pdb:A  SCOP d2cwga3
  495     0.04057      0.2972       1.778     4.348    19    1    2     0.05263    0     82      2     35      2    T0963TS224-D2.pdb:A  SCOP d1wgca3
  496     0.04057      0.1437        2.13     4.348    19    1    2     0.05263    0     82      2     35      3    T0963TS224-D2.pdb:A  SCOP d1k7va3
  497     0.04002     0.09703       1.153     4.150    28    1    4           0    0     82      2     82      5    T0963TS224-D2.pdb:A  SCOP d1n9ja_
  498     0.04002    0.008862       1.153     4.150    28    1    4           0    0     82      2     82      4    T0963TS224-D2.pdb:A  SCOP d1jnia_
  499     0.03952       1.216       3.099     2.888    16    1    1           0    0     82      2     41      3    T0963TS224-D2.pdb:A  SCOP d1ulka2
  500     0.03901      0.9056       2.858     2.537    15    1    3           0    0     82      2     41      1    T0963TS224-D2.pdb:A  SCOP d1f5ya2
  501      0.0388      0.6426       2.455     3.017    16    1    1      0.0625    0     82      2     40      2    T0963TS224-D2.pdb:A  SCOP d1ulma2
  502      0.0388      0.6426       2.455     3.017    16    1    1      0.0625    0     82      2     40      2    T0963TS224-D2.pdb:A  SCOP d1uhaa2
  503     0.03863      0.2819       1.741     3.611    16    1    1           0    0     82      2     33      4    T0963TS224-D2.pdb:A  SCOP d1lr7a2
  504     0.03863      0.2819       1.741     3.611    16    1    1           0    0     82      2     33      4    T0963TS224-D2.pdb:A  SCOP d1lr8a2
  505     0.03679      0.1799       1.458     3.580    16    1    2           0    0     82      2     35      3    T0963TS224-D2.pdb:A  SCOP d2gd4a1
  506     0.03679      0.1799       1.458     3.580    16    1    2           0    0     82      2     35      5    T0963TS224-D2.pdb:A  SCOP d1xkba2
  507     0.03659          -0  1.798e+308     0.000     3    1    0           1    0     82      2      3      3    T0963TS224-D2.pdb:A  SCOP d1g1ra2
  508     0.03659          -0  1.798e+308     0.000     3    1    0           1    0     82      2      3      3    T0963TS224-D2.pdb:A  SCOP d1g1ta2
  509     0.03659          -0  1.798e+308     0.000     3    1    0           1    0     82      2      3      3    T0963TS224-D2.pdb:A  SCOP d1g1sa2
  510     0.03659          -0  1.798e+308     0.000     3    1    0           1    0     82      2      3      3    T0963TS224-D2.pdb:A  SCOP d1g1qa2
  511     0.03526      0.6721       2.504     2.630    15    1    2           0    0     82      2     44      5    T0963TS224-D2.pdb:A  SCOP d1bmoa3
  512     0.03496      0.5283       2.257     2.725    15    1    1     0.06667    0     82      2     43      4    T0963TS224-D2.pdb:A  SCOP d1bika2
  513     0.03474      0.3359       1.869     3.349    16    1    1      0.0625    0     82      2     40      3    T0963TS224-D2.pdb:A  SCOP d4aopa1
  514     0.03474      0.3359       1.869     3.349    16    1    1      0.0625    0     82      2     40      3    T0963TS224-D2.pdb:A  SCOP d3aopa1
  515     0.03453      0.6338       2.441     4.147    26    1    3           0    0     82      2     82      3    T0963TS224-D2.pdb:A  SCOP d1vzsa_
  516     0.03445      0.0797       1.842     3.909    25    1    3        0.08    0     82      2     82      5    T0963TS224-D2.pdb:A  SCOP d1m9wa_
  517     0.03389      0.3359       1.869     3.349    16    1    1      0.0625    0     82      2     41      4    T0963TS224-D2.pdb:A  SCOP d2gepa1
  518     0.03389      0.3359       1.869     3.349    16    1    1      0.0625    0     82      2     41      5    T0963TS224-D2.pdb:A  SCOP d2aopa1
  519     0.03389      0.3359       1.869     3.349    16    1    1      0.0625    0     82      2     41      5    T0963TS224-D2.pdb:A  SCOP d6gepa1
  520     0.03389      0.3359       1.869     3.349    16    1    1      0.0625    0     82      2     41      4    T0963TS224-D2.pdb:A  SCOP d4gepa1
  521     0.03389      0.3359       1.869     3.349    16    1    1      0.0625    0     82      2     41      5    T0963TS224-D2.pdb:A  SCOP d5gepa1
  522     0.03389      0.3359       1.869     3.349    16    1    1      0.0625    0     82      2     41      5    T0963TS224-D2.pdb:A  SCOP d5aopa1
  523     0.03389      0.3359       1.869     3.349    16    1    1      0.0625    0     82      2     41      5    T0963TS224-D2.pdb:A  SCOP d3geoa1
  524     0.03389      0.3359       1.869     3.349    16    1    1      0.0625    0     82      2     41      4    T0963TS224-D2.pdb:A  SCOP d8gepa1
  525     0.03389      0.3359       1.869     3.349    16    1    1      0.0625    0     82      2     41      4    T0963TS224-D2.pdb:A  SCOP d7gepa1
  526     0.03389      0.3359       1.869     3.349    16    1    1      0.0625    0     82      2     41      4    T0963TS224-D2.pdb:A  SCOP d1aopa1
  527     0.03363      0.5422       2.282     2.748    17    1    1     0.05882    0     82      2     57      4    T0963TS224-D2.pdb:A  SCOP d1ok9a2
  528     0.03363      0.5422       2.282     2.748    17    1    1     0.05882    0     82      2     57      4    T0963TS224-D2.pdb:A  SCOP d1ojwa2
  529     0.03363      0.5422       2.282     2.748    17    1    1     0.05882    0     82      2     57      4    T0963TS224-D2.pdb:A  SCOP d1ojva2
  530     0.03363      0.5422       2.282     2.748    17    1    1     0.05882    0     82      2     57      4    T0963TS224-D2.pdb:A  SCOP d1ojya2
  531     0.03363      0.5422       2.282     2.748    17    1    1     0.05882    0     82      2     57      4    T0963TS224-D2.pdb:A  SCOP d1ok2a2
  532     0.03363      0.5422       2.282     2.748    17    1    1     0.05882    0     82      2     57      4    T0963TS224-D2.pdb:A  SCOP d1ok3a2
  533     0.03363      0.5422       2.282     2.748    17    1    1     0.05882    0     82      2     57      4    T0963TS224-D2.pdb:A  SCOP d1ok1a2
  534     0.03151      0.3568       1.782     4.059    16    1    1       0.125    0     82      2     35      3    T0963TS224-D2.pdb:A  SCOP d2wgca3
  535     0.03151      0.3568       1.782     4.059    16    1    1       0.125    0     82      2     35      3    T0963TS224-D2.pdb:A  SCOP d9wgaa3
  536     0.03151      0.3568       1.782     4.059    16    1    1       0.125    0     82      2     35      3    T0963TS224-D2.pdb:A  SCOP d7wgaa3
  537     0.03003      0.8397       2.763     2.610    15    1    2           0    0     82      2     52      3    T0963TS224-D2.pdb:A  SCOP d1skza2
  538     0.02965      0.5311       2.262     3.858    23    1    2     0.08696    0     82      2     82      3    T0963TS224-D2.pdb:A  SCOP d1crna_
  539     0.02965      0.5311       2.262     3.858    23    1    2     0.08696    0     82      2     82      3    T0963TS224-D2.pdb:A  SCOP d1pkra_
  540     0.02965      0.5311       2.262     3.858    23    1    2     0.08696    0     82      2     82      4    T0963TS224-D2.pdb:A  SCOP d1qkha_
  541     0.02965      0.5311       2.262     3.858    23    1    2     0.08696    0     82      2     82      3    T0963TS224-D2.pdb:A  SCOP d1cnra_
  542     0.02965      0.5311       2.262     3.858    23    1    2     0.08696    0     82      2     82      1    T0963TS224-D2.pdb:A  SCOP d1mhua_
  543     0.02965      0.5311       2.262     3.858    23    1    2     0.08696    0     82      2     82      5    T0963TS224-D2.pdb:A  SCOP d1qkfa_
  544     0.02965      0.5311       2.262     3.858    23    1    2     0.08696    0     82      2     82      4    T0963TS224-D2.pdb:A  SCOP d1erga_
  545     0.02831       0.545       2.287     4.002    23    1    2     0.08696    0     82      2     82      1    T0963TS224-D2.pdb:A  SCOP d1cfha_
  546     0.02772      0.4527       2.114     4.595    17    1    1      0.1176    0     82      2     38      2    T0963TS224-D2.pdb:A  SCOP d1ulka3
  547     0.02761      0.9246       2.885     2.951    14    1    2           0    0     82      2     44      5    T0963TS224-D2.pdb:A  SCOP d1b9wa2
  548     0.02642      0.2322       1.611     3.939    22    1    3     0.09091    0     82      2     82      3    T0963TS224-D2.pdb:A  SCOP d1tgra_
  549     0.02501      0.6076       2.396     2.533    12    1    1           0    0     82      2     41      5    T0963TS224-D2.pdb:A  SCOP d1szpa1
  550     0.02498      0.4766        2.16     2.892    18    1    3           0    0     82      2     82      4    T0963TS224-D2.pdb:A  SCOP d1k99a_
  551     0.02488      0.7625       2.647     2.758     8    1    0       0.125    0     82      2     17      4    T0963TS224-D2.pdb:A  SCOP d1fs2a1
  552     0.02481      0.4371       2.083     3.546    20    1    2         0.1    0     82      2     82      3    T0963TS224-D2.pdb:A  SCOP d1scea_
  553      0.0246      0.8898       2.836     3.263    19    1    3           0    0     82      2     82      2    T0963TS224-D2.pdb:A  SCOP d1p4qa_
  554      0.0246      0.8898       2.836     3.263    19    1    3           0    0     82      2     82      3    T0963TS224-D2.pdb:A  SCOP d1n87a_
  555     0.02439      0.2523       1.665     4.693    18    1    1     0.05556    0     82      2     47      3    T0963TS224-D2.pdb:A  SCOP d1n1ia2
  556       0.024      0.5009       2.206     4.196    16    1    2      0.0625    0     82      2     44      5    T0963TS224-D2.pdb:A  SCOP d1ncfa2
  557       0.024      0.5009       2.206     4.196    16    1    2      0.0625    0     82      2     44      5    T0963TS224-D2.pdb:A  SCOP d1exta2
  558     0.02372     0.09954       2.656     3.654    16    1    1      0.0625    0     82      2     53      4    T0963TS224-D2.pdb:A  SCOP d2pspa2
  559     0.02372      0.3192       2.656     3.654    16    1    1      0.0625    0     82      2     53      3    T0963TS224-D2.pdb:A  SCOP d1pspa2
  560     0.02337      0.5422       2.282     2.748    17    1    1     0.05882    0     82      2     82      2    T0963TS224-D2.pdb:A  SCOP d1dska_
  561     0.02283       0.714       2.571     4.106    21    1    4     0.09524    0     82      2     82      4    T0963TS224-D2.pdb:A  SCOP d1l1ca_
  562     0.02283      0.2854       2.571     4.106    21    1    4     0.09524    0     82      2     82      2    T0963TS224-D2.pdb:A  SCOP d1wd2a_
  563     0.02283       0.714       2.571     4.106    21    1    4     0.09524    0     82      2     82      3    T0963TS224-D2.pdb:A  SCOP d1i5ka_
  564     0.02283       0.714       2.571     4.106    21    1    4     0.09524    0     82      2     82      3    T0963TS224-D2.pdb:A  SCOP d1ceba_
  565     0.02283       0.714       2.571     4.106    21    1    4     0.09524    0     82      2     82      3    T0963TS224-D2.pdb:A  SCOP d1ceaa_
  566     0.02283       0.714       2.571     4.106    21    1    4     0.09524    0     82      2     82      5    T0963TS224-D2.pdb:A  SCOP d1nfaa_
  567     0.02176      0.4039       2.016     3.634    19    1    1     0.05263    0     82      2     82      5    T0963TS224-D2.pdb:A  SCOP d1g96a_
  568     0.02176      0.4039       2.016     3.634    19    1    1     0.05263    0     82      2     82      5    T0963TS224-D2.pdb:A  SCOP d1r4ca_
  569     0.02148      0.6221       2.421     3.528    16    1    2           0    0     82      2     61      5    T0963TS224-D2.pdb:A  SCOP d1vr9a2
  570     0.01906      0.0225      0.6717     4.043    19    2    3           0    0     82      2     82      6    T0963TS224-D2.pdb:A  SCOP d1mqva_
  571     0.01818       0.127       1.276     3.504    17    1    3     0.05882    0     82      2     82      5    T0963TS224-D2.pdb:A  SCOP d1cpra_
  572     0.01812      0.3336       1.863     4.203    19    1    3      0.1579    0     82      2     82      1    T0963TS224-D2.pdb:A  SCOP d1weqa_
  573     0.01812      0.2109       1.551     4.203    19    1    3      0.1579    0     82      2     82      4    T0963TS224-D2.pdb:A  SCOP d1o7ya_
  574     0.01695      0.3359       1.869     3.349    16    1    1      0.0625    0     82      2     82      5    T0963TS224-D2.pdb:A  SCOP d1jtba_
  575     0.01676      0.9881       2.973     2.995    15    1    2           0    0     82      2     82      5    T0963TS224-D2.pdb:A  SCOP d1l8ca_
  576     0.01628      0.4114       2.031     4.887    20    1    2           0    0     82      2     82      4    T0963TS224-D2.pdb:A  SCOP d1no1a_
  577     0.01593      0.4293       2.068     4.961    20    1    4           0    0     82      2     82      5    T0963TS224-D2.pdb:A  SCOP d1ff1a_
  578     0.01593      0.4293       2.068     4.961    20    1    4           0    0     82      2     82      5    T0963TS224-D2.pdb:A  SCOP d1f8ha_
  579     0.01593      0.2776        1.73     4.961    20    1    4           0    0     82      2     82      4    T0963TS224-D2.pdb:A  SCOP d1qn0a_
  580     0.01588      0.1182       2.026     4.198    17    1    3     0.05882    0     82      2     75      2    T0963TS224-D2.pdb:A  SCOP d1m2oa5
  581     0.01588      0.1182       2.026     4.198    17    1    3     0.05882    0     82      2     75      5    T0963TS224-D2.pdb:A  SCOP d1m2va5
  582     0.01569       0.708       2.562     2.691    12    1    1        0.25    0     82      2     62      3    T0963TS224-D2.pdb:A  SCOP d2g7oa1
  583     0.01569       0.708       2.562     2.691    12    1    1        0.25    0     82      2     62      3    T0963TS224-D2.pdb:A  SCOP d2g9ea1
  584     0.01542      0.5009       2.206     4.011    17    1    2      0.1765    0     82      2     82      5    T0963TS224-D2.pdb:A  SCOP d1nbba_
  585     0.01542      0.5009       2.206     4.011    17    1    2      0.1765    0     82      2     82      5    T0963TS224-D2.pdb:A  SCOP d1rcpa_
  586     0.01528       0.561       2.167     4.401    18    2    1     0.05556    0     82      2     82      3    T0963TS224-D2.pdb:A  SCOP d1roea_
  587     0.01528      0.3269       2.675     2.408    13    1    2           0    0     82      2     82      5    T0963TS224-D2.pdb:A  SCOP d1iioa_
  588     0.01481        1.28       3.351     2.951    14    1    2           0    0     82      2     82      5    T0963TS224-D2.pdb:A  SCOP d1ccva_
  589     0.01467      0.7839       2.679     2.981    14    1    1           0    0     82      2     82      3    T0963TS224-D2.pdb:A  SCOP d3nlaa_
  590     0.01467      0.7839       2.679     2.981    14    1    1           0    0     82      2     82      1    T0963TS224-D2.pdb:A  SCOP d1wffa_
  591     0.01467      0.7839       2.679     2.981    14    1    1           0    0     82      2     82      2    T0963TS224-D2.pdb:A  SCOP d1bqta_
  592      0.0144      0.7595       2.642     3.035    14    1    2           0    0     82      2     82      5    T0963TS224-D2.pdb:A  SCOP d1iiza_
  593     0.01415      0.9024       2.854     3.900    16    1    1      0.1875    0     82      2     82      3    T0963TS224-D2.pdb:A  SCOP d1rgva_
  594     0.01402      0.9246       2.885     3.533    15    1    1     0.06667    0     82      2     82      4    T0963TS224-D2.pdb:A  SCOP d1oo3a_
  595     0.01402      0.9246       2.885     3.533    15    1    1     0.06667    0     82      2     82      5    T0963TS224-D2.pdb:A  SCOP d1lxea_
  596     0.01391      0.3596       1.922     3.532    14    1    4     0.07143    0     82      2     72      4    T0963TS224-D2.pdb:A  SCOP d2i9aa2
  597     0.01391      0.3596       1.922     3.532    14    1    4     0.07143    0     82      2     72      4    T0963TS224-D2.pdb:A  SCOP d2fd6a2
  598     0.01391      0.3596       1.922     3.532    14    1    4     0.07143    0     82      2     72      4    T0963TS224-D2.pdb:A  SCOP d2i9ba2
  599     0.01314      0.3313       1.858     4.133    16    1    1      0.1875    0     82      2     82      3    T0963TS224-D2.pdb:A  SCOP d1pyca_
  600     0.01303      0.3548       1.911     3.757    15    1    1         0.2    0     82      2     82      3    T0963TS224-D2.pdb:A  SCOP d1xuta_
  601     0.01201      0.9277        2.89     2.655    12    1    1     0.08333    0     82      2     82      1    T0963TS224-D2.pdb:A  SCOP d1k7ba_
  602     0.01201       0.458       2.125     2.655    12    1    1     0.08333    0     82      2     82      4    T0963TS224-D2.pdb:A  SCOP d1uzca_
  603      0.0117      0.3313       1.858     4.091    15    1    1           0    0     82      2     82      5    T0963TS224-D2.pdb:A  SCOP d1qk9a_
  604     0.01153      0.4766        2.16     4.551    16    1    2      0.0625    0     82      2     82      4    T0963TS224-D2.pdb:A  SCOP d1lfba_
  605     0.01153      0.3084       1.805     4.551    16    1    2      0.0625    0     82      2     82      5    T0963TS224-D2.pdb:A  SCOP d1u2fa_
  606     0.01153       1.245       3.307     2.248    11    1    2      0.1818    0     82      2     82      5    T0963TS224-D2.pdb:A  SCOP d1sgga_
  607     0.01112       0.714       2.571     3.367    13    1    2      0.1538    0     82      2     82      5    T0963TS224-D2.pdb:A  SCOP d1sf4a_
  608     0.01112      0.5394       2.277     2.315     8    1    2           0    0     82      2     44      5    T0963TS224-D2.pdb:A  SCOP d1nuba3
  609     0.01076      0.4527       2.114     3.823     9    1    1      0.1111    0     82      2     35      2    T0963TS224-D2.pdb:A  SCOP d1wgta3
  610     0.01063      0.6514        2.47     3.958    14    1    1           0    0     82      2     82      5    T0963TS224-D2.pdb:A  SCOP d1mjqa_
  611     0.01049       1.457       3.562     1.155     9    1    2      0.2222    0     82      2     82      5    T0963TS224-D2.pdb:A  SCOP d1irla_
  612     0.01047       0.458       2.125     3.069    12    1    2     0.08333    0     82      2     82      4    T0963TS224-D2.pdb:A  SCOP d1l2za_
  613     0.01047       0.458       2.125     3.069    12    1    2     0.08333    0     82      2     82      3    T0963TS224-D2.pdb:A  SCOP d3gf1a_
  614     0.01034      0.1026       1.105     4.045    14    2    1      0.2143    0     82      2     82      8    T0963TS224-D2.pdb:A  SCOP d1nina_
  615    0.009678      0.3152       1.821     3.516     9    1    0           0    0     82      2     43      4    T0963TS224-D2.pdb:A  SCOP d2bw3a1
  616    0.009541   7.803e-07       1.264     4.750    15    2    1      0.1333    0     82      2     82      9    T0963TS224-D2.pdb:A  SCOP d1qvea_
  617    0.008728      0.3152       1.821     4.499    10    1    0         0.2    0     82      2     43      3    T0963TS224-D2.pdb:A  SCOP d1qp9a1
  618    0.007843    0.000846       1.985     3.946    12    2    1        0.25    0     82      2     82      9    T0963TS224-D2.pdb:A  SCOP d1rg0a_
  619    0.007402       1.055       3.064     3.405    10    1    0         0.1    0     82      2     72      5    T0963TS224-D2.pdb:A  SCOP d1i6va2
  620    0.007402       1.055       3.064     3.405    10    1    0         0.1    0     82      2     72      5    T0963TS224-D2.pdb:A  SCOP d2ghoa2
  621    0.006652      0.2754       1.724     4.240    11    1    1      0.1818    0     82      2     74      5    T0963TS224-D2.pdb:A  SCOP d2akla1
  622    0.006188       1.199       3.251     2.201     8    1    0       0.125    0     82      2     82      5    T0963TS224-D2.pdb:A  SCOP d1exka_
  623    0.006188       1.199       3.251     2.201     8    1    0       0.125    0     82      2     82      5    T0963TS224-D2.pdb:A  SCOP d1hlza_
  624    0.006188       1.199       3.251     2.201     8    1    0       0.125    0     82      2     82      5    T0963TS224-D2.pdb:A  SCOP d1ga5a_
  625    0.006188       1.199       3.251     2.201     8    1    0       0.125    0     82      2     82      5    T0963TS224-D2.pdb:A  SCOP d1s7za_
  626    0.006188       1.199       3.251     2.201     8    1    0       0.125    0     82      2     82      5    T0963TS224-D2.pdb:A  SCOP d1hdja_
  627    0.005679      0.2166       1.567     4.418    11    1    1     0.09091    0     82      2     82      4    T0963TS224-D2.pdb:A  SCOP d1mjma_
  628    0.005679     0.03955       1.567     4.418    11    1    1     0.09091    0     82      2     82      5    T0963TS224-D2.pdb:A  SCOP d1mjla_
  629    0.005075      0.4873       2.181     3.516     9    1    0           0    0     82      2     82      1    T0963TS224-D2.pdb:A  SCOP d1tjba_
  630    0.004993       0.545       2.287     3.565     9    1    1      0.2222    0     82      2     82      4    T0963TS224-D2.pdb:A  SCOP d1gvna_
  631    0.004584       1.303       3.379     2.304     7    1    0           0    0     82      2     82      5    T0963TS224-D2.pdb:A  SCOP d1ozya_
  632    0.004584      0.1582       2.186     2.304     7    2    0           0    0     82      2     82      6    T0963TS224-D2.pdb:A  SCOP d1gmza_
  633    0.004584      0.9436       2.912     2.304     7    1    0           0    0     82      2     82      4    T0963TS224-D2.pdb:A  SCOP d1dz1a_
  634    0.004136      0.6367       2.446     4.149     9    1    0           0    0     82      2     82      5    T0963TS224-D2.pdb:A  SCOP d1ppaa_
  635    0.003815      0.5845       2.357     2.862     7    1    0      0.1429    0     82      2     82      4    T0963TS224-D2.pdb:A  SCOP d1lvfa_
  636    0.002097     0.04196      0.8487     1.102     4    1    0           0    0     82      2     82      5    T0963TS224-D2.pdb:A  SCOP d1c1ja_
</pre></body></html>