<html><head></head><body><pre style="word-wrap: break-word; white-space: pre-wrap;"> PDBe Fold v2.59. (src3) 14 Apr 2014 result file.

                   RESULT SUMMARY

   ##      Q-score      P-score     Z-score   RMSD    Nalgn Nsse Ngaps Seq-%     Nmd Nres-Q Nsse-Q Nres-T Nsse-T Query Target
    1           1          -0       3.343     0.000    67    2    0           1    0     67      6     67      8    T0953s1TS322-D1.pdb:A  SCOP d1b6ca_
    2           1          -0        2.59     0.000    67    3    0           1    0     67      6     67     10    T0953s1TS322-D1.pdb:A  SCOP d1gd7a_
    3           1   8.921e-09        3.24     0.000    67    2    0           1    0     67      6     67      4    T0953s1TS322-D1.pdb:A  SCOP d1k0ha_
    4           1          -0       2.907     0.000    67    2    0           1    0     67      6     67      7    T0953s1TS322-D1.pdb:A  SCOP d1x9la_
    5           1          -0       4.073     0.000    67    3    0           1    0     67      6     67      8    T0953s1TS322-D1.pdb:A  SCOP d1ah1a_
    6           1          -0       3.764     0.000    67    4    0           1    0     67      6     67     11    T0953s1TS322-D1.pdb:A  SCOP d1b2pa_
    7           1   4.511e-11       3.958     0.000    67    2    0           1    0     67      6     67      5    T0953s1TS322-D1.pdb:A  SCOP d1mjca_
    8           1   0.0001008       3.147     0.000    67    3    0           1    0     67      6     67      5    T0953s1TS322-D1.pdb:A  SCOP d1nega_
    9           1          -0       2.362     0.000    67    2    0           1    0     67      6     67     10    T0953s1TS322-D1.pdb:A  SCOP d1ee6a_
   10           1          -0       2.623     0.000    67    3    0           1    0     67      6     67     10    T0953s1TS322-D1.pdb:A  SCOP d1od3a_
   11           1          -0       2.623     0.000    67    3    0           1    0     67      6     67     10    T0953s1TS322-D1.pdb:A  SCOP d1o8sa_
   12           1      0.3156        5.47     0.000    67    2    0           1    0     67      6     67      7    T0953s1TS322-D1.pdb:A  SCOP d1n1aa_
   13           1          -0       1.714     0.000    67    3    0           1    0     67      6     67     15    T0953s1TS322-D1.pdb:A  SCOP d1sgta_
   14           1          -0       2.623     0.000    67    3    0           1    0     67      6     67     10    T0953s1TS322-D1.pdb:A  SCOP d1naea_
   15           1          -0       2.623     0.000    67    3    0           1    0     67      6     67     10    T0953s1TS322-D1.pdb:A  SCOP d1o8pa_
   16           1          -0       2.272     0.000    67    2    0           1    0     67      6     67      9    T0953s1TS322-D1.pdb:A  SCOP d1frxa_
   17           1          -0       2.272     0.000    67    2    0           1    0     67      6     67      9    T0953s1TS322-D1.pdb:A  SCOP d1frla_
   18           1          -0       2.947     0.000    67    2    0           1    0     67      6     67      9    T0953s1TS322-D1.pdb:A  SCOP d1oj1a_
   19           1          -0       3.979     0.000    67    2    0           1    0     67      6     67     10    T0953s1TS322-D1.pdb:A  SCOP d2cd0a_
   20           1          -0       1.364     0.000    67    2    0           1    0     67      6     67      5    T0953s1TS322-D1.pdb:A  SCOP d3ebxa_
   21           1          -0       1.364     0.000    67    2    0           1    0     67      6     67      5    T0953s1TS322-D1.pdb:A  SCOP d1qkea_
   22           1          -0       1.364     0.000    67    2    0           1    0     67      6     67      5    T0953s1TS322-D1.pdb:A  SCOP d1qkda_
   23           1          -0       1.364     0.000    67    2    0           1    0     67      6     67      5    T0953s1TS322-D1.pdb:A  SCOP d6ebxa_
   24           1          -0       2.947     0.000    67    2    0           1    0     67      6     67      9    T0953s1TS322-D1.pdb:A  SCOP d1oj8a_
   25           1          -0       2.272     0.000    67    2    0           1    0     67      6     67      9    T0953s1TS322-D1.pdb:A  SCOP d1gaoa_
   26           1   4.057e-08       3.147     0.000    67    3    0           1    0     67      6     67      5    T0953s1TS322-D1.pdb:A  SCOP d1e6ga_
   27           1   1.237e-06       5.268     0.000    67    2    0           1    0     67      6     67      9    T0953s1TS322-D1.pdb:A  SCOP d1onca_
   28           1      0.1977        4.03     0.000    67    2    0           1    0     67      6     67      6    T0953s1TS322-D1.pdb:A  SCOP d1guoa_
   29           1          -0       3.326     0.000    67    3    0           1    0     67      6     67     15    T0953s1TS322-D1.pdb:A  SCOP d1qb1a_
   30           1          -0       3.327     0.000    67    3    0           1    0     67      6     67     15    T0953s1TS322-D1.pdb:A  SCOP d1qb9a_
   31           1          -0       2.623     0.000    67    4    0           1    0     67      6     67      8    T0953s1TS322-D1.pdb:A  SCOP d1fjja_
   32           1          -0       2.623     0.000    67    4    0           1    0     67      6     67      7    T0953s1TS322-D1.pdb:A  SCOP d1vi3a_
   33           1      0.1977        4.03     0.000    67    2    0           1    0     67      6     67      6    T0953s1TS322-D1.pdb:A  SCOP d1guna_
   34           1          -0       3.343     0.000    67    3    0           1    0     67      6     67      7    T0953s1TS322-D1.pdb:A  SCOP d1fuxa_
   35           1          -0  1.798e+308     0.000    67    5    0           1    0     67      6     67     25    T0953s1TS322-D1.pdb:A  SCOP d1ofza_
   36           1          -0         1.6     0.000    67    5    0           1    0     67      6     67     22    T0953s1TS322-D1.pdb:A  SCOP d1rwia_
   37           1      0.1977        4.03     0.000    67    2    0           1    0     67      6     67      6    T0953s1TS322-D1.pdb:A  SCOP d1gusa_
   38           1      0.0415        4.03     0.000    67    2    0           1    0     67      6     67      6    T0953s1TS322-D1.pdb:A  SCOP d1guta_
   39           1          -0       3.327     0.000    67    3    0           1    0     67      6     67     15    T0953s1TS322-D1.pdb:A  SCOP d1qboa_
   40           1          -0        3.77     0.000    67    2    0           1    0     67      6     67     10    T0953s1TS322-D1.pdb:A  SCOP d1nb9a_
   41           1    0.001046       2.523     0.000    67    2    0           1    0     67      6     67      3    T0953s1TS322-D1.pdb:A  SCOP d1k9ra_
   42           1          -0       3.327     0.000    67    3    0           1    0     67      6     67     15    T0953s1TS322-D1.pdb:A  SCOP d1qa0a_
   43           1          -0           2     0.000    67    2    0           1    0     67      6     67      8    T0953s1TS322-D1.pdb:A  SCOP d1uloa_
   44           1   5.647e-05       3.092     0.000    67    2    0           1    0     67      6     67      5    T0953s1TS322-D1.pdb:A  SCOP d1pfsa_
   45           1          -0       3.343     0.000    67    2    0           1    0     67      6     67      7    T0953s1TS322-D1.pdb:A  SCOP d1j4ia_
   46           1          -0       2.822     0.000    67    3    0           1    0     67      6     67     12    T0953s1TS322-D1.pdb:A  SCOP d1ugw.1
   47           1          -0       2.822     0.000    67    3    0           1    0     67      6     67     12    T0953s1TS322-D1.pdb:A  SCOP d1ugy.1
   48           1          -0       3.979     0.000    67    3    0           1    0     67      6     67     11    T0953s1TS322-D1.pdb:A  SCOP d1o7sa_
   49           1          -0       3.855     0.000    67    3    0           1    0     67      6     67     10    T0953s1TS322-D1.pdb:A  SCOP d1guia_
   50           1          -0       2.822     0.000    67    3    0           1    0     67      6     67     12    T0953s1TS322-D1.pdb:A  SCOP d1toq.1
   51           1          -0       2.382     0.000    67    3    0           1    0     67      6     67     11    T0953s1TS322-D1.pdb:A  SCOP d1odaa_
   52           1          -0       2.382     0.000    67    3    0           1    0     67      6     67     13    T0953s1TS322-D1.pdb:A  SCOP d1od7a_
   53           1   4.057e-08       3.147     0.000    67    3    0           1    0     67      6     67      5    T0953s1TS322-D1.pdb:A  SCOP d1bk2a_
   54           1          -0       2.382     0.000    67    3    0           1    0     67      6     67     14    T0953s1TS322-D1.pdb:A  SCOP d1od9a_
   55           1   4.061e-11       2.777     0.000    67    2    0           1    0     67      6     67      3    T0953s1TS322-D1.pdb:A  SCOP d1udla_
   56           1     0.02027        3.69     0.000    67    2    0           1    0     67      6     67      7    T0953s1TS322-D1.pdb:A  SCOP d1smxa_
   57           1          -0       2.272     0.000    67    2    0           1    0     67      6     67      9    T0953s1TS322-D1.pdb:A  SCOP d1frma_
   58           1          -0       2.272     0.000    67    2    0           1    0     67      6     67      9    T0953s1TS322-D1.pdb:A  SCOP d1axqa_
   59           1          -0       2.272     0.000    67    2    0           1    0     67      6     67      9    T0953s1TS322-D1.pdb:A  SCOP d1fdba_
   60           1          -0       2.272     0.000    67    2    0           1    0     67      6     67      5    T0953s1TS322-D1.pdb:A  SCOP d1jo8a_
   61           1    0.000844       2.858     0.000    67    2    0           1    0     67      6     67      3    T0953s1TS322-D1.pdb:A  SCOP d1jbda_
   62           1          -0       2.272     0.000    67    2    0           1    0     67      6     67      9    T0953s1TS322-D1.pdb:A  SCOP d1ff2a_
   63           1          -0       2.272     0.000    67    2    0           1    0     67      6     67      9    T0953s1TS322-D1.pdb:A  SCOP d1frja_
   64           1          -0       2.272     0.000    67    2    0           1    0     67      6     67      8    T0953s1TS322-D1.pdb:A  SCOP d1frka_
   65           1          -0       2.272     0.000    67    2    0           1    0     67      6     67      8    T0953s1TS322-D1.pdb:A  SCOP d1a6la_
   66           1          -0       3.563     0.000    67    4    0           1    0     67      6     67     16    T0953s1TS322-D1.pdb:A  SCOP d1mvqa_
   67           1   0.0005889       2.794     0.000    67    2    0           1    0     67      6     67      3    T0953s1TS322-D1.pdb:A  SCOP d2ccxa_
   68           1    0.001367       2.915     0.000    67    2    0           1    0     67      6     67      3    T0953s1TS322-D1.pdb:A  SCOP d1crfa_
   69           1       1.818       5.289     0.000    67    2    0           1    0     67      6     67      7    T0953s1TS322-D1.pdb:A  SCOP d1fx3a_
   70           1   2.206e-10       4.073     0.000    67    3    0           1    0     67      6     67      5    T0953s1TS322-D1.pdb:A  SCOP d1cb9a_
   71           1          -0       2.915     0.000    67    3    0           1    0     67      6     67      5    T0953s1TS322-D1.pdb:A  SCOP d1ccqa_
   72           1   2.206e-10       4.073     0.000    67    3    0           1    0     67      6     67      5    T0953s1TS322-D1.pdb:A  SCOP d1ffja_
   73           1          -0       2.915     0.000    67    3    0           1    0     67      6     67      5    T0953s1TS322-D1.pdb:A  SCOP d1h0ja_
   74           1          -0       3.384     0.000    67    3    0           1    0     67      6     67      5    T0953s1TS322-D1.pdb:A  SCOP d1xt3a_
   75           1          -0       3.563     0.000    67    4    0           1    0     67      6     67     16    T0953s1TS322-D1.pdb:A  SCOP d1h9pa_
   76           1   2.411e-16       3.686     0.000    67    3    0           1    0     67      6     67      5    T0953s1TS322-D1.pdb:A  SCOP d2crta_
   77           1          -0       2.272     0.000    67    2    0           1    0     67      6     67      8    T0953s1TS322-D1.pdb:A  SCOP d1b0ta_
   78           1    0.001367       2.915     0.000    67    2    0           1    0     67      6     67      3    T0953s1TS322-D1.pdb:A  SCOP d1kbta_
   79           1          -0       1.364     0.000    67    2    0           1    0     67      6     67      5    T0953s1TS322-D1.pdb:A  SCOP d1v6pa_
   80           1          -0       1.325     0.000    67    3    0           1    0     67      6     67     11    T0953s1TS322-D1.pdb:A  SCOP d1tnra_
   81           1          -0           2     0.000    67    2    0           1    0     67      6     67      8    T0953s1TS322-D1.pdb:A  SCOP d1tcza_
   82           1          -0       2.272     0.000    67    2    0           1    0     67      6     67      7    T0953s1TS322-D1.pdb:A  SCOP d1h98a_
   83           1          -0       3.327     0.000    67    3    0           1    0     67      6     67     15    T0953s1TS322-D1.pdb:A  SCOP d1qbna_
   84           1          -0       2.623     0.000    67    2    0           1    0     67      6     67     10    T0953s1TS322-D1.pdb:A  SCOP d1vj2a_
   85           1          -0       2.915     0.000    67    3    0           1    0     67      6     67      5    T0953s1TS322-D1.pdb:A  SCOP d1tgxa_
   86           1   2.411e-16       3.686     0.000    67    3    0           1    0     67      6     67      5    T0953s1TS322-D1.pdb:A  SCOP d1cxna_
   87           1   2.411e-16       3.686     0.000    67    3    0           1    0     67      6     67      5    T0953s1TS322-D1.pdb:A  SCOP d1cxoa_
   88           1   1.231e-10       4.052     0.000    67    2    0           1    0     67      6     67      5    T0953s1TS322-D1.pdb:A  SCOP d1fasa_
   89           1          -0       2.382     0.000    67    2    0           1    0     67      6     67      5    T0953s1TS322-D1.pdb:A  SCOP d1ixda_
   90           1   4.809e-06       4.531     0.000    67    3    0           1    0     67      6     67      5    T0953s1TS322-D1.pdb:A  SCOP d1fsca_
   91           1          -0        2.59     0.000    67    3    0           1    0     67      6     67      5    T0953s1TS322-D1.pdb:A  SCOP d1qm7a_
   92           1          -0       3.384     0.000    67    2    0           1    0     67      6     67      5    T0953s1TS322-D1.pdb:A  SCOP d1h8ka_
   93           1          -0  1.798e+308     0.000    67    3    0           1    0     67      6     67     12    T0953s1TS322-D1.pdb:A  SCOP d1umia_
   94           1          -0       1.364     0.000    67    2    0           1    0     67      6     67      5    T0953s1TS322-D1.pdb:A  SCOP d3eraa_
   95           1          -0       3.453     0.000    67    3    0           1    0     67      6     67     11    T0953s1TS322-D1.pdb:A  SCOP d5gala_
   96           1          -0       3.453     0.000    67    3    0           1    0     67      6     67     11    T0953s1TS322-D1.pdb:A  SCOP d4gala_
   97           1          -0       1.364     0.000    67    2    0           1    0     67      6     67      5    T0953s1TS322-D1.pdb:A  SCOP d5ebxa_
   98           1          -0       3.453     0.000    67    3    0           1    0     67      6     67     11    T0953s1TS322-D1.pdb:A  SCOP d1bkza_
   99           1          -0       3.343     0.000    67    3    0           1    0     67      6     67     11    T0953s1TS322-D1.pdb:A  SCOP d1gana_
  100           1   2.768e-08       4.259     0.000    67    3    0           1    0     67      6     67      6    T0953s1TS322-D1.pdb:A  SCOP d1w6ba_
  101           1   2.411e-16       3.686     0.000    67    3    0           1    0     67      6     67      5    T0953s1TS322-D1.pdb:A  SCOP d1cdta_
  102           1          -0       1.825     0.000    67    2    0           1    0     67      6     67     10    T0953s1TS322-D1.pdb:A  SCOP d1mvea_
  103           1   6.198e-07       3.442     0.000    67    2    0           1    0     67      6     67      4    T0953s1TS322-D1.pdb:A  SCOP d1cska_
  104           1    0.009642       3.607     0.000    67    2    0           1    0     67      6     67      5    T0953s1TS322-D1.pdb:A  SCOP d1k9aa1
  105           1          -0       2.272     0.000    67    2    0           1    0     67      6     67      9    T0953s1TS322-D1.pdb:A  SCOP d1ftca_
  106           1      0.0492       2.496     0.000    67    2    0           1    0     67      6     67      3    T0953s1TS322-D1.pdb:A  SCOP d1cvoa_
  107           1          -0       2.272     0.000    67    2    0           1    0     67      6     67      8    T0953s1TS322-D1.pdb:A  SCOP d1frha_
  108           1          -0        2.32     0.000    67    2    0           1    0     67      6     67      6    T0953s1TS322-D1.pdb:A  SCOP d1jjga_
  109           1          -0  1.798e+308     0.000    67    2    0           1    0     67      6     67     10    T0953s1TS322-D1.pdb:A  SCOP d1dp9a_
  110           1          -0       1.496     0.000    67    3    0           1    0     67      6     67     10    T0953s1TS322-D1.pdb:A  SCOP d1nzka_
  111           1          -0           2     0.000    67    3    0           1    0     67      6     67     14    T0953s1TS322-D1.pdb:A  SCOP d1mp2a_
  112           1          -0  1.798e+308     0.000    67    2    0           1    0     67      6     67     10    T0953s1TS322-D1.pdb:A  SCOP d1lsva_
  113           1          -0           2     0.000    67    3    0           1    0     67      6     67     15    T0953s1TS322-D1.pdb:A  SCOP d1mqwa_
  114           1          -0  1.798e+308     0.000    67    3    0           1    0     67      6     67      9    T0953s1TS322-D1.pdb:A  SCOP d1utza_
  115           1          -0  1.798e+308     0.000    67    2    0           1    0     67      6     67     10    T0953s1TS322-D1.pdb:A  SCOP d1drma_
  116           1          -0           2     0.000    67    3    0           1    0     67      6     67     14    T0953s1TS322-D1.pdb:A  SCOP d1mr2a_
  117           1          -0           2     0.000    67    3    0           1    0     67      6     67     14    T0953s1TS322-D1.pdb:A  SCOP d1mqea_
  118           1          -0           2     0.000    67    3    0           1    0     67      6     67     14    T0953s1TS322-D1.pdb:A  SCOP d1mk1a_
  119           1   6.653e-11       4.765     0.000    67    2    0           1    0     67      6     67     10    T0953s1TS322-D1.pdb:A  SCOP d1hqpa_
  120           1          -0       3.736     0.000    67    2    0           1    0     67      6     67     10    T0953s1TS322-D1.pdb:A  SCOP d2axma_
  121           1          -0       2.275     0.000    67    3    0           1    0     67      6     67      7    T0953s1TS322-D1.pdb:A  SCOP d1g6ea_
  122           1          -0        3.05     0.000    67    3    0           1    0     67      6     67     12    T0953s1TS322-D1.pdb:A  SCOP d1v8wa_
  123           1          -0       2.619     0.000    67    3    0           1    0     67      6     67      8    T0953s1TS322-D1.pdb:A  SCOP d1nlqa_
  124           1          -0  1.798e+308     0.000    67    2    0           1    0     67      6     67     10    T0953s1TS322-D1.pdb:A  SCOP d1dp6a_
  125           1          -0       1.364     0.000    67    3    0           1    0     67      6     67     14    T0953s1TS322-D1.pdb:A  SCOP d1beba_
  126           1          -0  1.798e+308     0.000    67    2    0           1    0     67      6     67     10    T0953s1TS322-D1.pdb:A  SCOP d1lswa_
  127           1          -0       1.364     0.000    67    3    0           1    0     67      6     67     13    T0953s1TS322-D1.pdb:A  SCOP d1b8ea_
  128           1          -0       2.358     0.000    67    3    0           1    0     67      6     67     13    T0953s1TS322-D1.pdb:A  SCOP d1bsoa_
  129           1          -0       1.662     0.000    67    3    0           1    0     67      6     67     14    T0953s1TS322-D1.pdb:A  SCOP d1bsqa_
  130           1    0.008657       5.137     0.000    67    3    0           1    0     67      6     67      6    T0953s1TS322-D1.pdb:A  SCOP d1wj3a_
  131           1          -0       2.358     0.000    67    3    0           1    0     67      6     67     14    T0953s1TS322-D1.pdb:A  SCOP d1bsya_
  132           1          -0       1.662     0.000    67    3    0           1    0     67      6     67     12    T0953s1TS322-D1.pdb:A  SCOP d2blga_
  133           1          -0       1.662     0.000    67    3    0           1    0     67      6     67     13    T0953s1TS322-D1.pdb:A  SCOP d3blga_
  134           1          -0        3.05     0.000    67    3    0           1    0     67      6     67     12    T0953s1TS322-D1.pdb:A  SCOP d1v8ua_
  135           1          -0        3.75     0.000    67    3    0           1    0     67      6     67      6    T0953s1TS322-D1.pdb:A  SCOP d1ueya_
  136           1          -0         1.6     0.000    67    4    0           1    0     67      6     67     14    T0953s1TS322-D1.pdb:A  SCOP d1at3a_
  137           1          -0      0.6411     0.000    67    2    0           1    0     67      6     67      9    T0953s1TS322-D1.pdb:A  SCOP d1uu4a_
  138           1          -0      0.6411     0.000    67    2    0           1    0     67      6     67      9    T0953s1TS322-D1.pdb:A  SCOP d1w2ua_
  139           1   8.004e-15       4.152     0.000    67    2    0           1    0     67      6     67     10    T0953s1TS322-D1.pdb:A  SCOP d1kt7a_
  140           1   8.004e-15       4.152     0.000    67    2    0           1    0     67      6     67     10    T0953s1TS322-D1.pdb:A  SCOP d1kt6a_
  141           1          -0       1.734     0.000    67    3    0           1    0     67      6     67      9    T0953s1TS322-D1.pdb:A  SCOP d1stma_
  142           1   8.004e-15       4.152     0.000    67    2    0           1    0     67      6     67     10    T0953s1TS322-D1.pdb:A  SCOP d1kt4a_
  143           1   8.004e-15       4.152     0.000    67    2    0           1    0     67      6     67     10    T0953s1TS322-D1.pdb:A  SCOP d1kt5a_
  144           1   8.004e-15       4.152     0.000    67    2    0           1    0     67      6     67     10    T0953s1TS322-D1.pdb:A  SCOP d1hbqa_
  145           1          -0       2.972     0.000    67    2    0           1    0     67      6     67     10    T0953s1TS322-D1.pdb:A  SCOP d1jyda_
  146           1   8.004e-15       4.152     0.000    67    2    0           1    0     67      6     67     10    T0953s1TS322-D1.pdb:A  SCOP d1hbpa_
  147           1          -0       2.272     0.000    67    2    0           1    0     67      6     67      9    T0953s1TS322-D1.pdb:A  SCOP d1b0va_
  148           1          -0       4.152     0.000    67    2    0           1    0     67      6     67     10    T0953s1TS322-D1.pdb:A  SCOP d1erba_
  149           1          -0       1.046     0.000    67    4    0           1    0     67      6     67     10    T0953s1TS322-D1.pdb:A  SCOP d1q0ea_
  150           1          -0      0.6411     0.000    67    2    0           1    0     67      6     67      9    T0953s1TS322-D1.pdb:A  SCOP d1uu6a_
  151           1          -0       3.693     0.000    67    2    0           1    0     67      6     67      9    T0953s1TS322-D1.pdb:A  SCOP d1fela_
  152           1          -0       4.152     0.000    67    2    0           1    0     67      6     67     10    T0953s1TS322-D1.pdb:A  SCOP d1fema_
  153           1          -0      0.6411     0.000    67    2    0           1    0     67      6     67     10    T0953s1TS322-D1.pdb:A  SCOP d1olra_
  154           1          -0  1.798e+308     0.000    67    2    0           1    0     67      6     67     10    T0953s1TS322-D1.pdb:A  SCOP d1lsxa_
  155           1          -0      0.6411     0.000    67    2    0           1    0     67      6     67     10    T0953s1TS322-D1.pdb:A  SCOP d1uu5a_
  156           1          -0       2.972     0.000    67    2    0           1    0     67      6     67     10    T0953s1TS322-D1.pdb:A  SCOP d1aqba_
  157           1          -0  1.798e+308     0.000    67    2    0           1    0     67      6     67     10    T0953s1TS322-D1.pdb:A  SCOP d1lt0a_
  158           1   1.446e-16       3.923     0.000    67    2    0           1    0     67      6     67     10    T0953s1TS322-D1.pdb:A  SCOP d1rbpa_
  159           1          -0  1.798e+308     0.000    67    2    0           1    0     67      6     67     10    T0953s1TS322-D1.pdb:A  SCOP d1dp8a_
  160           1          -0       2.972     0.000    67    2    0           1    0     67      6     67     10    T0953s1TS322-D1.pdb:A  SCOP d1brpa_
  161           1          -0       2.972     0.000    67    2    0           1    0     67      6     67     10    T0953s1TS322-D1.pdb:A  SCOP d1brqa_
  162           1          -0       2.972     0.000    67    2    0           1    0     67      6     67     10    T0953s1TS322-D1.pdb:A  SCOP d1iiua_
  163           1          -0         1.5     0.000    67    2    0           1    0     67      6     67      6    T0953s1TS322-D1.pdb:A  SCOP d1rrba_
  164           1          -0       3.429     0.000    67    3    0           1    0     67      6     67      9    T0953s1TS322-D1.pdb:A  SCOP d1exha_
  165           1          -0       3.429     0.000    67    3    0           1    0     67      6     67      9    T0953s1TS322-D1.pdb:A  SCOP d1exga_
  166           1          -0       4.224     0.000    67    5    0           1    0     67      6     67     21    T0953s1TS322-D1.pdb:A  SCOP d1jova_
  167           1          -0       2.714     0.000    67    3    0           1    0     67      6     67     10    T0953s1TS322-D1.pdb:A  SCOP d1g43a_
  168           1          -0       2.623     0.000    67    3    0           1    0     67      6     67      9    T0953s1TS322-D1.pdb:A  SCOP d1anua_
  169           1          -0       2.876     0.000    67    3    0           1    0     67      6     67     10    T0953s1TS322-D1.pdb:A  SCOP d1ohza_
  170           1          -0       2.352     0.000    67    3    0           1    0     67      6     67      9    T0953s1TS322-D1.pdb:A  SCOP d1fqta_
  171           1          -0       3.327     0.000    67    3    0           1    0     67      6     67     15    T0953s1TS322-D1.pdb:A  SCOP d1qb6a_
  172           1          -0       3.855     0.000    67    3    0           1    0     67      6     67      7    T0953s1TS322-D1.pdb:A  SCOP d1wgva_
  173           1      0.9439       3.599     0.000    67    2    0           1    0     67      6     67      2    T0953s1TS322-D1.pdb:A  SCOP d1agga_
  174           1          -0       2.336     0.000    67    3    0           1    0     67      6     67     11    T0953s1TS322-D1.pdb:A  SCOP d1bfba_
  175           1          -0       3.343     0.000    67    2    0           1    0     67      6     67      7    T0953s1TS322-D1.pdb:A  SCOP d1j4ra_
  176           1      0.1372       3.858     0.000    67    2    0           1    0     67      6     67      3    T0953s1TS322-D1.pdb:A  SCOP d1dkca_
  177           1          -0       3.177     0.000    67    3    0           1    0     67      6     67     12    T0953s1TS322-D1.pdb:A  SCOP d1hcda_
  178           1          -0       3.757     0.000    67    3    0           1    0     67      6     67     13    T0953s1TS322-D1.pdb:A  SCOP d1hcea_
  179           1          -0       2.336     0.000    67    3    0           1    0     67      6     67     11    T0953s1TS322-D1.pdb:A  SCOP d1basa_
  180           1   0.0005285       5.802     0.000    67    2    0           1    0     67      6     67     10    T0953s1TS322-D1.pdb:A  SCOP d1xaua_
  181           1          -0       5.713     0.000    67    2    0           1    0     67      6     67      8    T0953s1TS322-D1.pdb:A  SCOP d1i18a_
  182           1          -0       3.855     0.000    67    2    0           1    0     67      6     67     10    T0953s1TS322-D1.pdb:A  SCOP d1jsga_
  183           1          -0       3.073     0.000    67    3    0           1    0     67      6     67      8    T0953s1TS322-D1.pdb:A  SCOP d1jnpa_
  184           1          -0       3.343     0.000    67    2    0           1    0     67      6     67      9    T0953s1TS322-D1.pdb:A  SCOP d1a1xa_
  185           1          -0        1.63     0.000    67    3    0           1    0     67      6     67      8    T0953s1TS322-D1.pdb:A  SCOP d1qtta_
  186           1      0.1518       4.588     0.000    67    2    0           1    0     67      6     67      7    T0953s1TS322-D1.pdb:A  SCOP d1nnxa_
  187           1          -0       2.382     0.000    67    2    0           1    0     67      6     67     10    T0953s1TS322-D1.pdb:A  SCOP d1ecza_
  188           1          -0       1.496     0.000    67    2    0           1    0     67      6     67      8    T0953s1TS322-D1.pdb:A  SCOP d1o7ia_
  189           1          -0       3.343     0.000    67    3    0           1    0     67      6     67     11    T0953s1TS322-D1.pdb:A  SCOP d1rxla_
  190           1          -0  1.798e+308     0.000    67    3    0           1    0     67      6     67     15    T0953s1TS322-D1.pdb:A  SCOP d1ezma_
  191           1          -0       1.484     0.000    67    3    0           1    0     67      6     67      7    T0953s1TS322-D1.pdb:A  SCOP d1uema_
  192           1          -0       2.352     0.000    67    3    0           1    0     67      6     67     11    T0953s1TS322-D1.pdb:A  SCOP d1dzca_
  193           1          -0       1.662     0.000    67    3    0           1    0     67      6     67     13    T0953s1TS322-D1.pdb:A  SCOP d1b0oa_
  194           1          -0           2     0.000    67    2    0           1    0     67      6     67      7    T0953s1TS322-D1.pdb:A  SCOP d1rmla_
  195           1          -0        3.05     0.000    67    3    0           1    0     67      6     67     12    T0953s1TS322-D1.pdb:A  SCOP d1v8ma_
  196           1          -0       4.224     0.000    67    2    0           1    0     67      6     67     10    T0953s1TS322-D1.pdb:A  SCOP d1jt7a_
  197           1          -0        3.05     0.000    67    3    0           1    0     67      6     67     12    T0953s1TS322-D1.pdb:A  SCOP d1v8ta_
  198           1       0.432       3.872     0.000    67    2    0           1    0     67      6     67      5    T0953s1TS322-D1.pdb:A  SCOP d3mon.5
  199           1          -0       1.778     0.000    67    2    0           1    0     67      6     67      9    T0953s1TS322-D1.pdb:A  SCOP d1uefa_
  200           1          -0       1.364     0.000    67    3    0           1    0     67      6     67     12    T0953s1TS322-D1.pdb:A  SCOP d1jv4a_
  201           1          -0       1.364     0.000    67    4    0           1    0     67      6     67     11    T0953s1TS322-D1.pdb:A  SCOP d1df3a_
  202           1   3.746e-10       5.448     0.000    67    2    0           1    0     67      6     67     10    T0953s1TS322-D1.pdb:A  SCOP d1dfva_
  203           1   9.643e-11       4.944     0.000    67    3    0           1    0     67      6     67      9    T0953s1TS322-D1.pdb:A  SCOP d1sa8a_
  204           1          -0       2.382     0.000    67    2    0           1    0     67      6     67     10    T0953s1TS322-D1.pdb:A  SCOP d1gmia_
  205           1          -0       4.245     0.000    67    2    0           1    0     67      6     67      9    T0953s1TS322-D1.pdb:A  SCOP d1sp0a_
  206           1          -0       3.343     0.000    67    3    0           1    0     67      6     67      8    T0953s1TS322-D1.pdb:A  SCOP d1so9a_
  207           1          -0       2.876     0.000    67    2    0           1    0     67      6     67      5    T0953s1TS322-D1.pdb:A  SCOP d1v5ma_
  208           1   3.857e-16       4.073     0.000    67    2    0           1    0     67      6     67      6    T0953s1TS322-D1.pdb:A  SCOP d1droa_
  209           1    2.26e-10       4.878     0.000    67    3    0           1    0     67      6     67      8    T0953s1TS322-D1.pdb:A  SCOP d1btna_
  210           1          -0       1.714     0.000    67    3    0           1    0     67      6     67     12    T0953s1TS322-D1.pdb:A  SCOP d1rg8a_
  211           1          -0       2.947     0.000    67    2    0           1    0     67      6     67      9    T0953s1TS322-D1.pdb:A  SCOP d1swga_
  212           1          -0       2.822     0.000    67    2    0           1    0     67      6     67      8    T0953s1TS322-D1.pdb:A  SCOP d1nsoa_
  213           1          -0       2.907     0.000    67    2    0           1    0     67      6     67     10    T0953s1TS322-D1.pdb:A  SCOP d1blaa_
  214           1          -0       1.778     0.000    67    2    0           1    0     67      6     67     10    T0953s1TS322-D1.pdb:A  SCOP d1mvpa_
  215           1      0.2809       2.858     0.000    67    2    0           1    0     67      6     67      2    T0953s1TS322-D1.pdb:A  SCOP d1axha_
  216           1          -0       1.957     0.000    67    3    0           1    0     67      6     67      7    T0953s1TS322-D1.pdb:A  SCOP d1tzaa_
  217           1          -0       3.271     0.000    67    4    0           1    0     67      6     67     16    T0953s1TS322-D1.pdb:A  SCOP d1qdca_
  218           1          -0       2.721     0.000    67    4    0           1    0     67      6     67     16    T0953s1TS322-D1.pdb:A  SCOP d1thwa_
  219           1          -0       2.721     0.000    67    4    0           1    0     67      6     67     15    T0953s1TS322-D1.pdb:A  SCOP d1thva_
  220           1   7.631e-13       3.722     0.000    67    2    0           1    0     67      6     67      9    T0953s1TS322-D1.pdb:A  SCOP d1bnda_
  221           1   4.822e-17       3.578     0.000    67    2    0           1    0     67      6     67      7    T0953s1TS322-D1.pdb:A  SCOP d1b8ma_
  222           1     0.00436       4.195     0.000    67    2    0           1    0     67      6     67      6    T0953s1TS322-D1.pdb:A  SCOP d1b8ka_
  223           1          -0       3.271     0.000    67    4    0           1    0     67      6     67     16    T0953s1TS322-D1.pdb:A  SCOP d1scra_
  224           1          -0       3.271     0.000    67    4    0           1    0     67      6     67     16    T0953s1TS322-D1.pdb:A  SCOP d1scsa_
  225           1          -0       1.209     0.000    67    2    0           1    0     67      6     67      7    T0953s1TS322-D1.pdb:A  SCOP d1n9ra_
  226           1          -0       2.721     0.000    67    4    0           1    0     67      6     67     16    T0953s1TS322-D1.pdb:A  SCOP d1lr2a_
  227           1          -0       3.271     0.000    67    4    0           1    0     67      6     67     16    T0953s1TS322-D1.pdb:A  SCOP d2ctva_
  228           1          -0       2.721     0.000    67    4    0           1    0     67      6     67     16    T0953s1TS322-D1.pdb:A  SCOP d1lr3a_
  229           1   4.822e-17       3.578     0.000    67    2    0           1    0     67      6     67      7    T0953s1TS322-D1.pdb:A  SCOP d1beta_
  230           1          -0       2.272     0.000    67    2    0           1    0     67      6     67      9    T0953s1TS322-D1.pdb:A  SCOP d1pc5a_
  231           1          -0       2.272     0.000    67    2    0           1    0     67      6     67      8    T0953s1TS322-D1.pdb:A  SCOP d1f5ca_
  232           1          -0       3.271     0.000    67    4    0           1    0     67      6     67     18    T0953s1TS322-D1.pdb:A  SCOP d1dq6a_
  233           1          -0       2.043     0.000    67    5    0           1    0     67      6     67      6    T0953s1TS322-D1.pdb:A  SCOP d2mtaa_
  234           1          -0       3.271     0.000    67    4    0           1    0     67      6     67     16    T0953s1TS322-D1.pdb:A  SCOP d1enra_
  235           1          -0       3.271     0.000    67    4    0           1    0     67      6     67     16    T0953s1TS322-D1.pdb:A  SCOP d1azda_
  236           1          -0       3.343     0.000    67    3    0           1    0     67      6     67     13    T0953s1TS322-D1.pdb:A  SCOP d1eo2a_
  237           1          -0       3.271     0.000    67    4    0           1    0     67      6     67     16    T0953s1TS322-D1.pdb:A  SCOP d1xqna_
  238           1    0.000354       3.802     0.000    67    2    0           1    0     67      6     67      6    T0953s1TS322-D1.pdb:A  SCOP d1n9sa_
  239           1          -0       3.608     0.000    67    2    0           1    0     67      6     67      9    T0953s1TS322-D1.pdb:A  SCOP d1v76a_
  240           1          -0       3.343     0.000    67    3    0           1    0     67      6     67     13    T0953s1TS322-D1.pdb:A  SCOP d2pcda_
  241           1    0.000311       3.669     0.000    67    2    0           1    0     67      6     67      4    T0953s1TS322-D1.pdb:A  SCOP d1zrpa_
  242           1          -0       3.855     0.000    67    2    0           1    0     67      6     67      7    T0953s1TS322-D1.pdb:A  SCOP d1xz9a1
  243           1    0.000311       3.669     0.000    67    2    0           1    0     67      6     67      4    T0953s1TS322-D1.pdb:A  SCOP d1cada_
  244           1    0.000311       3.669     0.000    67    2    0           1    0     67      6     67      4    T0953s1TS322-D1.pdb:A  SCOP d1caaa_
  245           1     0.01487       5.713     0.000    67    2    0           1    0     67      6     67      4    T0953s1TS322-D1.pdb:A  SCOP d1iu6a_
  246           1          -0       2.272     0.000    67    2    0           1    0     67      6     67      9    T0953s1TS322-D1.pdb:A  SCOP d1f5ba_
  247           1    0.000311       3.669     0.000    67    2    0           1    0     67      6     67      4    T0953s1TS322-D1.pdb:A  SCOP d1vcxa_
  248           1          -0       3.343     0.000    67    3    0           1    0     67      6     67     13    T0953s1TS322-D1.pdb:A  SCOP d3pcda_
  249           1    0.000311       3.669     0.000    67    2    0           1    0     67      6     67      4    T0953s1TS322-D1.pdb:A  SCOP d1iu5a_
  250           1    0.000311       3.669     0.000    67    2    0           1    0     67      6     67      4    T0953s1TS322-D1.pdb:A  SCOP d1brfa_
  251           1          -0       2.272     0.000    67    2    0           1    0     67      6     67      8    T0953s1TS322-D1.pdb:A  SCOP d1d3wa_
  252           1          -0       3.271     0.000    67    4    0           1    0     67      6     67     18    T0953s1TS322-D1.pdb:A  SCOP d1jw6a_
  253           1          -0       3.271     0.000    67    4    0           1    0     67      6     67     18    T0953s1TS322-D1.pdb:A  SCOP d1gica_
  254           1          -0       3.271     0.000    67    4    0           1    0     67      6     67     16    T0953s1TS322-D1.pdb:A  SCOP d1cona_
  255           1          -0       2.721     0.000    67    4    0           1    0     67      6     67     16    T0953s1TS322-D1.pdb:A  SCOP d1rqwa_
  256           1          -0       3.343     0.000    67    3    0           1    0     67      6     67     13    T0953s1TS322-D1.pdb:A  SCOP d1eoba_
  257           1          -0       2.721     0.000    67    4    0           1    0     67      6     67     16    T0953s1TS322-D1.pdb:A  SCOP d1lxza_
  258           1          -0       2.721     0.000    67    4    0           1    0     67      6     67     16    T0953s1TS322-D1.pdb:A  SCOP d1ly0a_
  259           1          -0       2.721     0.000    67    4    0           1    0     67      6     67     14    T0953s1TS322-D1.pdb:A  SCOP d1pp3a_
  260           1          -0       3.271     0.000    67    4    0           1    0     67      6     67     15    T0953s1TS322-D1.pdb:A  SCOP d2cnaa_
  261           1          -0       2.272     0.000    67    2    0           1    0     67      6     67      9    T0953s1TS322-D1.pdb:A  SCOP d5fd1a_
  262           1          -0       2.272     0.000    67    2    0           1    0     67      6     67      9    T0953s1TS322-D1.pdb:A  SCOP d1g3oa_
  263           1      0.3685       3.015     0.000    67    2    0           1    0     67      6     67      3    T0953s1TS322-D1.pdb:A  SCOP d1l3ha_
  264           1          -0       3.271     0.000    67    4    0           1    0     67      6     67     15    T0953s1TS322-D1.pdb:A  SCOP d1dq4a_
  265           1          -0       3.271     0.000    67    4    0           1    0     67      6     67     17    T0953s1TS322-D1.pdb:A  SCOP d1ensa_
  266           1          -0       3.271     0.000    67    4    0           1    0     67      6     67     15    T0953s1TS322-D1.pdb:A  SCOP d1jyca_
  267           1          -0       1.778     0.000    67    2    0           1    0     67      6     67      6    T0953s1TS322-D1.pdb:A  SCOP d1wnra_
  268           1          -0       3.271     0.000    67    4    0           1    0     67      6     67     16    T0953s1TS322-D1.pdb:A  SCOP d1c57a_
  269           1          -0       2.043     0.000    67    5    0           1    0     67      6     67      6    T0953s1TS322-D1.pdb:A  SCOP d1sfda_
  270           1          -0       2.043     0.000    67    5    0           1    0     67      6     67      6    T0953s1TS322-D1.pdb:A  SCOP d1t5ka_
  271           1          -0       2.043     0.000    67    5    0           1    0     67      6     67      6    T0953s1TS322-D1.pdb:A  SCOP d1sfha_
  272           1          -0       2.043     0.000    67    5    0           1    0     67      6     67      7    T0953s1TS322-D1.pdb:A  SCOP d1sf3a_
  273           1          -0       2.043     0.000    67    5    0           1    0     67      6     67      6    T0953s1TS322-D1.pdb:A  SCOP d1sf5a_
  274           1          -0       2.043     0.000    67    5    0           1    0     67      6     67      6    T0953s1TS322-D1.pdb:A  SCOP d2raca_
  275           1          -0       2.043     0.000    67    5    0           1    0     67      6     67      6    T0953s1TS322-D1.pdb:A  SCOP d1aaca_
  276           1          -0       3.271     0.000    67    4    0           1    0     67      6     67     16    T0953s1TS322-D1.pdb:A  SCOP d1vama_
  277           1          -0       2.043     0.000    67    5    0           1    0     67      6     67      6    T0953s1TS322-D1.pdb:A  SCOP d1bxaa_
  278           1          -0       3.271     0.000    67    4    0           1    0     67      6     67     18    T0953s1TS322-D1.pdb:A  SCOP d1jyia_
  279           1          -0       3.271     0.000    67    4    0           1    0     67      6     67     16    T0953s1TS322-D1.pdb:A  SCOP d1juia_
  280           1       1.196       4.059     0.000    67    2    0           1    0     67      6     67      4    T0953s1TS322-D1.pdb:A  SCOP d1pija_
  281           1     0.01627       4.102     0.000    67    2    0           1    0     67      6     67      6    T0953s1TS322-D1.pdb:A  SCOP d1mgqa_
  282           1     0.02246       4.962     0.000    67    2    0           1    0     67      6     67      5    T0953s1TS322-D1.pdb:A  SCOP d1viea_
  283           1     0.02246       4.962     0.000    67    2    0           1    0     67      6     67      5    T0953s1TS322-D1.pdb:A  SCOP d1vifa_
  284           1          -0       3.271     0.000    67    4    0           1    0     67      6     67     16    T0953s1TS322-D1.pdb:A  SCOP d1qnya_
  285           1          -0       3.271     0.000    67    4    0           1    0     67      6     67     18    T0953s1TS322-D1.pdb:A  SCOP d1dq0a_
  286           1          -0       3.271     0.000    67    4    0           1    0     67      6     67     16    T0953s1TS322-D1.pdb:A  SCOP d1gkba_
  287           1          -0       3.271     0.000    67    4    0           1    0     67      6     67     16    T0953s1TS322-D1.pdb:A  SCOP d1i3ha_
  288           1          -0       3.271     0.000    67    4    0           1    0     67      6     67     16    T0953s1TS322-D1.pdb:A  SCOP d1jbca_
  289           1     0.01627       4.102     0.000    67    2    0           1    0     67      6     67      6    T0953s1TS322-D1.pdb:A  SCOP d1loja_
  290           1          -0       2.641     0.000    67    2    0           1    0     67      6     67      5    T0953s1TS322-D1.pdb:A  SCOP d1qp3a_
  291           1          -0       3.271     0.000    67    4    0           1    0     67      6     67     16    T0953s1TS322-D1.pdb:A  SCOP d1nlsa_
  292           1          -0       3.271     0.000    67    4    0           1    0     67      6     67     16    T0953s1TS322-D1.pdb:A  SCOP d1bxha_
  293           1          -0       3.271     0.000    67    4    0           1    0     67      6     67     16    T0953s1TS322-D1.pdb:A  SCOP d1vala_
  294           1          -0       3.271     0.000    67    4    0           1    0     67      6     67     16    T0953s1TS322-D1.pdb:A  SCOP d1cjpa_
  295           1          -0       3.271     0.000    67    4    0           1    0     67      6     67     15    T0953s1TS322-D1.pdb:A  SCOP d1cesa_
  296           1          -0       2.043     0.000    67    5    0           1    0     67      6     67      6    T0953s1TS322-D1.pdb:A  SCOP d1aana_
  297           1          -0       2.211     0.000    67    2    0           1    0     67      6     67      6    T0953s1TS322-D1.pdb:A  SCOP d1i81a_
  298           1          -0  1.798e+308     0.000    67    3    0           1    0     67      6     67     15    T0953s1TS322-D1.pdb:A  SCOP d1f38a_
  299           1          -0       2.043     0.000    67    5    0           1    0     67      6     67      6    T0953s1TS322-D1.pdb:A  SCOP d1aaja_
  300           1      0.3899       5.025     0.000    67    2    0           1    0     67      6     67      5    T0953s1TS322-D1.pdb:A  SCOP d1vgha_
  301           1      0.3899       5.025     0.000    67    2    0           1    0     67      6     67      5    T0953s1TS322-D1.pdb:A  SCOP d2vgha_
  302           1          -0       2.272     0.000    67    2    0           1    0     67      6     67      8    T0953s1TS322-D1.pdb:A  SCOP d1g6ba_
  303           1          -0       2.272     0.000    67    2    0           1    0     67      6     67      9    T0953s1TS322-D1.pdb:A  SCOP d1fd2a_
  304           1          -0       2.272     0.000    67    2    0           1    0     67      6     67      9    T0953s1TS322-D1.pdb:A  SCOP d2fd2a_
  305           1          -0       2.382     0.000    67    2    0           1    0     67      6     67      7    T0953s1TS322-D1.pdb:A  SCOP d1uhpa_
  306           1        1.43       4.138     0.000    67    2    0           1    0     67      6     67      5    T0953s1TS322-D1.pdb:A  SCOP d1weva_
  307           1          -0       3.064     0.000    67    3    0           1    0     67      6     67     13    T0953s1TS322-D1.pdb:A  SCOP d1slha_
  308           1          -0       2.743     0.000    67    2    0           1    0     67      6     67      7    T0953s1TS322-D1.pdb:A  SCOP d1i1ja_
  309           1          -0       2.272     0.000    67    2    0           1    0     67      6     67      9    T0953s1TS322-D1.pdb:A  SCOP d1fdda_
  310           1      0.2111       2.714     0.000    67    2    0           1    0     67      6     67      4    T0953s1TS322-D1.pdb:A  SCOP d1bf0a_
  311           1          -0       3.563     0.000    67    4    0           1    0     67      6     67     15    T0953s1TS322-D1.pdb:A  SCOP d1apna_
  312           1          -0       3.271     0.000    67    4    0           1    0     67      6     67     16    T0953s1TS322-D1.pdb:A  SCOP d1qgla_
  313           1     0.04006       3.478     0.000    67    2    0           1    0     67      6     67      4    T0953s1TS322-D1.pdb:A  SCOP d1ijua_
  314           1     0.03011       3.064     0.000    67    2    0           1    0     67      6     67      3    T0953s1TS322-D1.pdb:A  SCOP d1kj5a_
  315           1    0.006448       5.605     0.000    67    2    0           1    0     67      6     67      9    T0953s1TS322-D1.pdb:A  SCOP d1f7da_
  316           1          -0       3.271     0.000    67    4    0           1    0     67      6     67     16    T0953s1TS322-D1.pdb:A  SCOP d1cvna_
  317           1          -0       3.271     0.000    67    4    0           1    0     67      6     67     16    T0953s1TS322-D1.pdb:A  SCOP d1hqwa_
  318           1          -0       3.271     0.000    67    4    0           1    0     67      6     67     18    T0953s1TS322-D1.pdb:A  SCOP d2enra_
  319           1          -0       3.599     0.000    67    2    0           1    0     67      6     67      8    T0953s1TS322-D1.pdb:A  SCOP d1b8qa_
  320           1          -0       2.623     0.000    67    2    0           1    0     67      6     67      8    T0953s1TS322-D1.pdb:A  SCOP d1qz8a_
  321           1          -0       3.563     0.000    67    4    0           1    0     67      6     67     15    T0953s1TS322-D1.pdb:A  SCOP d1dq2a_
  322           1      0.1379       3.865     0.000    67    2    0           1    0     67      6     67      4    T0953s1TS322-D1.pdb:A  SCOP d1fqqa_
  323           1          -0       2.272     0.000    67    2    0           1    0     67      6     67      9    T0953s1TS322-D1.pdb:A  SCOP d6fd1a_
  324           1          -0       3.177     0.000    67    2    0           1    0     67      6     67      7    T0953s1TS322-D1.pdb:A  SCOP d1m5za_
  325           1          -0           2     0.000    67    2    0           1    0     67      6     67      5    T0953s1TS322-D1.pdb:A  SCOP d1neaa_
  326           1          -0       3.271     0.000    67    4    0           1    0     67      6     67     16    T0953s1TS322-D1.pdb:A  SCOP d1teia_
  327           1          -0       2.272     0.000    67    2    0           1    0     67      6     67      9    T0953s1TS322-D1.pdb:A  SCOP d7fd1a_
  328           1          -0       1.186     0.000    67    2    0           1    0     67      6     67      7    T0953s1TS322-D1.pdb:A  SCOP d1ueqa_
  329           1          -0       3.239     0.000    67    2    0           1    0     67      6     67      8    T0953s1TS322-D1.pdb:A  SCOP d1td3a_
  330           1          -0       3.271     0.000    67    4    0           1    0     67      6     67     15    T0953s1TS322-D1.pdb:A  SCOP d1enqa_
  331           1          -0       2.198     0.000    67    3    0           1    0     67      6     67      8    T0953s1TS322-D1.pdb:A  SCOP d1gkoa_
  332           1      0.0443       3.156     0.000    67    2    0           1    0     67      6     67      4    T0953s1TS322-D1.pdb:A  SCOP d1cdqa_
  333           1   2.272e-05       4.638     0.000    67    2    0           1    0     67      6     67      7    T0953s1TS322-D1.pdb:A  SCOP d1ujva_
  334           1          -0           3     0.000    67    4    0           1    0     67      6     67     20    T0953s1TS322-D1.pdb:A  SCOP d1uk3a_
  335           1          -0       3.563     0.000    67    4    0           1    0     67      6     67     16    T0953s1TS322-D1.pdb:A  SCOP d1h9wa_
  336           1          -0       3.563     0.000    67    4    0           1    0     67      6     67     16    T0953s1TS322-D1.pdb:A  SCOP d1dgla_
  337           1          -0       3.271     0.000    67    4    0           1    0     67      6     67     16    T0953s1TS322-D1.pdb:A  SCOP d1vlna_
  338           1          -0       3.271     0.000    67    4    0           1    0     67      6     67     16    T0953s1TS322-D1.pdb:A  SCOP d1onaa_
  339           1          -0       2.597     0.000    67    3    0           1    0     67      6     67      5    T0953s1TS322-D1.pdb:A  SCOP d1ks6a_
  340           1          -0       2.272     0.000    67    2    0           1    0     67      6     67      9    T0953s1TS322-D1.pdb:A  SCOP d1fria_
  341           1     0.02027        3.69     0.000    67    2    0           1    0     67      6     67      7    T0953s1TS322-D1.pdb:A  SCOP d1sn8a_
  342           1          -0       2.272     0.000    67    2    0           1    0     67      6     67      9    T0953s1TS322-D1.pdb:A  SCOP d1fera_
  343           1          -0       2.272     0.000    67    2    0           1    0     67      6     67      9    T0953s1TS322-D1.pdb:A  SCOP d1fdaa_
  344           1    0.001536       4.059     0.000    67    2    0           1    0     67      6     67      4    T0953s1TS322-D1.pdb:A  SCOP d1qxfa_
  345           1          -0           2     0.000    67    3    0           1    0     67      6     67     13    T0953s1TS322-D1.pdb:A  SCOP d1qq2a_
  346           1     0.03006       3.064     0.000    67    2    0           1    0     67      6     67      4    T0953s1TS322-D1.pdb:A  SCOP d1dfea_
  347           1          -0       3.271     0.000    67    4    0           1    0     67      6     67     16    T0953s1TS322-D1.pdb:A  SCOP d1dq5a_
  348           1          -0       3.271     0.000    67    4    0           1    0     67      6     67     18    T0953s1TS322-D1.pdb:A  SCOP d5cnaa_
  349           1          -0       2.272     0.000    67    2    0           1    0     67      6     67      9    T0953s1TS322-D1.pdb:A  SCOP d1pc4a_
  350           1      0.0974       3.384     0.000    67    2    0           1    0     67      6     67      8    T0953s1TS322-D1.pdb:A  SCOP d1s1ga_
  351           1     0.04161       3.485     0.000    67    2    0           1    0     67      6     67      6    T0953s1TS322-D1.pdb:A  SCOP d1qdwa_
  352           1          -0       2.198     0.000    67    3    0           1    0     67      6     67      9    T0953s1TS322-D1.pdb:A  SCOP d1oo2a_
  353           1     0.04161       3.485     0.000    67    3    0           1    0     67      6     67      7    T0953s1TS322-D1.pdb:A  SCOP d1dsxa_
  354           1          -0       3.669     0.000    67    3    0           1    0     67      6     67     11    T0953s1TS322-D1.pdb:A  SCOP d1duca_
  355           1          -0       4.779     0.000    67    3    0           1    0     67      6     67     11    T0953s1TS322-D1.pdb:A  SCOP d1duna_
  356           1          -0       3.343     0.000    67    2    0           1    0     67      6     67      9    T0953s1TS322-D1.pdb:A  SCOP d1f7ra_
  357           1          -0       3.851     0.000    67    2    0           1    0     67      6     67     10    T0953s1TS322-D1.pdb:A  SCOP d1f7qa_
  358           1   8.877e-05       2.641     0.000    67    2    0           1    0     67      6     67      3    T0953s1TS322-D1.pdb:A  SCOP d1ut3a_
  359           1     0.04006       3.478     0.000    67    2    0           1    0     67      6     67      3    T0953s1TS322-D1.pdb:A  SCOP d1bnba_
  360           1          -0       4.259     0.000    67    3    0           1    0     67      6     67     14    T0953s1TS322-D1.pdb:A  SCOP d1rgq.1
  361           1    0.006448       5.605     0.000    67    2    0           1    0     67      6     67      9    T0953s1TS322-D1.pdb:A  SCOP d1f7ka_
  362           1          -0       3.271     0.000    67    4    0           1    0     67      6     67     16    T0953s1TS322-D1.pdb:A  SCOP d1dq1a_
  363           1    4.42e-07       2.275     0.000    67    2    0           1    0     67      6     67      4    T0953s1TS322-D1.pdb:A  SCOP d1e4ta_
  364           1          -0       3.531     0.000    67    2    0           1    0     67      6     67      7    T0953s1TS322-D1.pdb:A  SCOP d1wjla_
  365           1          -0       3.851     0.000    67    2    0           1    0     67      6     67     10    T0953s1TS322-D1.pdb:A  SCOP d1f7pa_
  366           1   0.0003248       5.318     0.000    67    3    0           1    0     67      6     67      9    T0953s1TS322-D1.pdb:A  SCOP d1f7oa_
  367      0.9993          -0  1.798e+308     0.082    67    3    0           1    0     67      6     67     15    T0953s1TS322-D1.pdb:A  SCOP d1hq6.1
  368      0.9851          -0       3.327     0.000    66    3    0           1    0     67      6     66     15    T0953s1TS322-D1.pdb:A  SCOP d2d8wa1
  369      0.9851          -0       3.669     0.000    66    2    0           1    0     67      6     66      7    T0953s1TS322-D1.pdb:A  SCOP d2f3la1
  370      0.9851          -0       2.351     0.000    66    2    0           1    0     67      6     66      8    T0953s1TS322-D1.pdb:A  SCOP d1xkea1
  371      0.9851          -0       3.855     0.000    66    3    0           1    0     67      6     66     12    T0953s1TS322-D1.pdb:A  SCOP d1ex0a1
  372      0.9851          -0       3.327     0.000    66    3    0           1    0     67      6     66     15    T0953s1TS322-D1.pdb:A  SCOP d2g8ta1
  373      0.9851          -0       3.327     0.000    66    3    0           1    0     67      6     66     15    T0953s1TS322-D1.pdb:A  SCOP d2g55a1
  374      0.9851          -0       3.327     0.000    66    3    0           1    0     67      6     66     15    T0953s1TS322-D1.pdb:A  SCOP d2a7ha1
  375      0.9851          -0       3.327     0.000    66    3    0           1    0     67      6     66     15    T0953s1TS322-D1.pdb:A  SCOP d2g5na1
  376      0.9851          -0       3.327     0.000    66    3    0           1    0     67      6     66     15    T0953s1TS322-D1.pdb:A  SCOP d2g5va1
  377      0.9704          -0       2.623     0.000    66    3    1           1    0     67      6     67      8    T0953s1TS322-D1.pdb:A  SCOP d1nhca_
  378      0.9704          -0       2.582     0.000    66    2    1           1    0     67      6     67      9    T0953s1TS322-D1.pdb:A  SCOP d1t17a_
  379      0.9704       1.851       4.702     0.000    66    2    1           1    0     67      6     67      3    T0953s1TS322-D1.pdb:A  SCOP d1agta_
  380      0.9704   4.188e-07        2.09     0.000    66    2    1           1    0     67      6     67      4    T0953s1TS322-D1.pdb:A  SCOP d1ap0a_
  381      0.9704          -0       2.947     0.000    66    2    1           1    0     67      6     67     10    T0953s1TS322-D1.pdb:A  SCOP d1ub4a_
  382      0.9704          -0       2.623     0.000    66    3    1           1    0     67      6     67     12    T0953s1TS322-D1.pdb:A  SCOP d1a8za_
  383      0.9704     0.01627       4.102     0.000    66    2    1           1    0     67      6     67      6    T0953s1TS322-D1.pdb:A  SCOP d1jria_
  384      0.9704   2.892e-13       2.456     0.000    66    2    1           1    0     67      6     67      5    T0953s1TS322-D1.pdb:A  SCOP d1rkna_
  385      0.9704          -0       3.836     0.000    66    2    1           1    0     67      6     67      8    T0953s1TS322-D1.pdb:A  SCOP d1fkda_
  386      0.9704          -0       2.623     0.000    66    2    1           1    0     67      6     67      7    T0953s1TS322-D1.pdb:A  SCOP d1fkfa_
  387      0.9704          -0       4.487     0.000    66    3    1           1    0     67      6     67     14    T0953s1TS322-D1.pdb:A  SCOP d1gy2a_
  388      0.9704          -0       2.043     0.000    66    2    1           1    0     67      6     67     10    T0953s1TS322-D1.pdb:A  SCOP d1xn5a_
  389      0.9704          -0       2.623     0.000    66    3    1           1    0     67      6     67     13    T0953s1TS322-D1.pdb:A  SCOP d1e30a_
  390      0.9704          -0       3.836     0.000    66    2    1           1    0     67      6     67      8    T0953s1TS322-D1.pdb:A  SCOP d2fkea_
  391      0.9704          -0        3.26     0.000    66    3    1           1    0     67      6     67     15    T0953s1TS322-D1.pdb:A  SCOP d1e0sa_
  392      0.9704          -0       2.623     0.000    66    2    1           1    0     67      6     67     10    T0953s1TS322-D1.pdb:A  SCOP d1sm8a_
  393      0.9704          -0       3.657     0.000    66    2    1           1    0     67      6     67      8    T0953s1TS322-D1.pdb:A  SCOP d1e57a_
  394      0.9704       2.104       4.927     0.000    66    2    1           1    0     67      6     67      5    T0953s1TS322-D1.pdb:A  SCOP d1tcpa_
  395      0.9704      0.1685       2.612     0.000    66    2    1           1    0     67      6     67      3    T0953s1TS322-D1.pdb:A  SCOP d1c49a_
  396      0.9704          -0       3.343     0.000    66    2    1           1    0     67      6     67      8    T0953s1TS322-D1.pdb:A  SCOP d1f40a_
  397      0.9704   2.385e-11       3.535     0.000    66    2    1           1    0     67      6     67      6    T0953s1TS322-D1.pdb:A  SCOP d1ug1a_
  398      0.9704     0.02111        1.98     0.000    66    2    1           1    0     67      6     67      4    T0953s1TS322-D1.pdb:A  SCOP d1jc6a_
  399      0.9704          -0       2.907     0.000    66    2    1           1    0     67      6     67      8    T0953s1TS322-D1.pdb:A  SCOP d1oqra_
  400      0.9704          -0       2.907     0.000    66    2    1           1    0     67      6     67      9    T0953s1TS322-D1.pdb:A  SCOP d1e9ma_
  401      0.9704       1.077        3.93     0.000    66    2    1           1    0     67      6     67      3    T0953s1TS322-D1.pdb:A  SCOP d1mtxa_
  402      0.9704          -0       3.343     0.000    66    2    1           1    0     67      6     67      8    T0953s1TS322-D1.pdb:A  SCOP d1fkga_
  403      0.9704   2.343e-10       4.315     0.000    66    3    1           1    0     67      6     67     12    T0953s1TS322-D1.pdb:A  SCOP d1htpa_
  404      0.9704      0.0122       4.333     0.000    66    2    1           1    0     67      6     67      7    T0953s1TS322-D1.pdb:A  SCOP d1sqra_
  405      0.9704      0.8398       3.657     0.000    66    2    1           1    0     67      6     67      3    T0953s1TS322-D1.pdb:A  SCOP d1irha_
  406      0.9704          -0       3.518     0.000    66    3    1           1    0     67      6     67     12    T0953s1TS322-D1.pdb:A  SCOP d1sjna_
  407      0.9704          -0       5.175     0.000    66    3    1           1    0     67      6     67     11    T0953s1TS322-D1.pdb:A  SCOP d1q5ha_
  408      0.9704          -0           2     0.000    66    2    1           1    0     67      6     67      9    T0953s1TS322-D1.pdb:A  SCOP d1d6ka_
  409      0.9704       1.077        3.93     0.000    66    2    1           1    0     67      6     67      3    T0953s1TS322-D1.pdb:A  SCOP d1hlya_
  410      0.9701          -0       4.238     0.000    65    3    0           1    0     67      6     65      6    T0953s1TS322-D1.pdb:A  SCOP d1x4za1
  411      0.9701          -0       3.343     0.000    65    2    0           1    0     67      6     65      6    T0953s1TS322-D1.pdb:A  SCOP d2dmca1
  412      0.9701          -0       4.786     0.000    65    4    0           1    0     67      6     65      8    T0953s1TS322-D1.pdb:A  SCOP d1wfna1
  413      0.9701          -0       2.449     0.000    65    2    0           1    0     67      6     65      6    T0953s1TS322-D1.pdb:A  SCOP d1x5la1
  414      0.9701   2.034e-06       4.541     0.000    65    3    0           1    0     67      6     65      7    T0953s1TS322-D1.pdb:A  SCOP d1x3da1
  415      0.9701   2.098e-10        3.69     0.000    65    3    0           1    0     67      6     65      8    T0953s1TS322-D1.pdb:A  SCOP d2cspa1
  416      0.9701          -0       2.714     0.000    65    4    0           1    0     67      6     65      5    T0953s1TS322-D1.pdb:A  SCOP d1va9a1
  417      0.9701          -0       4.431     0.000    65    4    0           1    0     67      6     65      7    T0953s1TS322-D1.pdb:A  SCOP d1wf5a1
  418      0.9701          -0       1.778     0.000    65    2    0           1    0     67      6     65      8    T0953s1TS322-D1.pdb:A  SCOP d1x1fa1
  419      0.9701      0.7039       6.474     0.000    65    3    0           1    0     67      6     65      7    T0953s1TS322-D1.pdb:A  SCOP d1x5za1
  420      0.9701   0.0009281       3.564     0.000    65    2    0           1    0     67      6     65      6    T0953s1TS322-D1.pdb:A  SCOP d1x1ga1
  421      0.9701     0.01936       4.452     0.000    65    2    0           1    0     67      6     65      6    T0953s1TS322-D1.pdb:A  SCOP d1x4fa1
  422      0.9701    0.005699       3.851     0.000    65    2    0           1    0     67      6     65      5    T0953s1TS322-D1.pdb:A  SCOP d2cp2a1
  423      0.9552          -0       3.343     0.000    64    3    0           1    0     67      6     64     11    T0953s1TS322-D1.pdb:A  SCOP d1fiea1
  424      0.9552     0.02666       4.187     0.000    64    2    0           1    0     67      6     64      9    T0953s1TS322-D1.pdb:A  SCOP d1rm6a1
  425      0.9552     0.02666       4.187     0.000    64    2    0           1    0     67      6     64      9    T0953s1TS322-D1.pdb:A  SCOP d1sb3a1
  426      0.9552          -0       2.947     0.000    64    2    0           1    0     67      6     64     10    T0953s1TS322-D1.pdb:A  SCOP d1cgpa2
  427      0.9412          -0       2.623     0.000    65    3    1           1    0     67      6     67     13    T0953s1TS322-D1.pdb:A  SCOP d1rcya_
  428      0.9412          -0       2.623     0.000    65    3    1           1    0     67      6     67     13    T0953s1TS322-D1.pdb:A  SCOP d1a3za_
  429      0.9412          -0       2.466     0.000    65    4    2           1    0     67      6     67     13    T0953s1TS322-D1.pdb:A  SCOP d1tvqa_
  430      0.9412          -0        2.35     0.000    65    3    1           1    0     67      6     67      6    T0953s1TS322-D1.pdb:A  SCOP d1c8ca_
  431      0.9412          -0       2.814     0.000    65    4    2           1    0     67      6     67     13    T0953s1TS322-D1.pdb:A  SCOP d1tw4a_
  432      0.9412          -0         1.6     0.000    65    2    1           1    0     67      6     67      6    T0953s1TS322-D1.pdb:A  SCOP d1p6va_
  433      0.9412          -0       3.343     0.000    65    2    1           1    0     67      6     67      7    T0953s1TS322-D1.pdb:A  SCOP d1qpfa_
  434      0.9412          -0       3.343     0.000    65    2    1           1    0     67      6     67      9    T0953s1TS322-D1.pdb:A  SCOP d1b1aa_
  435      0.9412          -0       3.343     0.000    65    2    1           1    0     67      6     67      8    T0953s1TS322-D1.pdb:A  SCOP d4fapa_
  436      0.9412          -0       4.037     0.000    65    2    1           1    0     67      6     67      7    T0953s1TS322-D1.pdb:A  SCOP d1j4ha_
  437      0.9412          -0       2.947     0.000    65    3    2           1    0     67      6     67     10    T0953s1TS322-D1.pdb:A  SCOP d3ifba_
  438      0.9412          -0       3.343     0.000    65    2    1           1    0     67      6     67      7    T0953s1TS322-D1.pdb:A  SCOP d1eyma_
  439      0.9412          -0       3.669     0.000    65    2    1           1    0     67      6     67      7    T0953s1TS322-D1.pdb:A  SCOP d1oapa_
  440      0.9412   0.0009616       4.009     0.000    65    2    1           1    0     67      6     67      8    T0953s1TS322-D1.pdb:A  SCOP d1be1a_
  441      0.9412      0.5543       3.284     0.000    65    2    1           1    0     67      6     67      4    T0953s1TS322-D1.pdb:A  SCOP d1mi2a_
  442      0.9412          -0       2.947     0.000    65    3    2           1    0     67      6     67     12    T0953s1TS322-D1.pdb:A  SCOP d1ifba_
  443      0.9412          -0       2.466     0.000    65    4    2           1    0     67      6     67     12    T0953s1TS322-D1.pdb:A  SCOP d2ifba_
  444      0.9412          -0       3.343     0.000    65    3    1           1    0     67      6     67     12    T0953s1TS322-D1.pdb:A  SCOP d1bwya_
  445      0.9412          -0           2     0.000    65    2    1           1    0     67      6     67      8    T0953s1TS322-D1.pdb:A  SCOP d1n5ba_
  446      0.9412      0.2065       3.644     0.000    65    2    1           1    0     67      6     67      6    T0953s1TS322-D1.pdb:A  SCOP d1lnxa_
  447      0.9412          -0           2     0.000    65    2    1           1    0     67      6     67     10    T0953s1TS322-D1.pdb:A  SCOP d1mkaa_
  448      0.9412   1.062e-08       2.822     0.000    65    2    1           1    0     67      6     67      6    T0953s1TS322-D1.pdb:A  SCOP d1wf1a_
  449      0.9412          -0        4.08     0.000    65    3    1           1    0     67      6     67     15    T0953s1TS322-D1.pdb:A  SCOP d1nvqa_
  450      0.9412          -0       3.757     0.000    65    3    1           1    0     67      6     67     15    T0953s1TS322-D1.pdb:A  SCOP d1nvsa_
  451      0.9412      0.2111       2.714     0.000    65    2    1           1    0     67      6     67      4    T0953s1TS322-D1.pdb:A  SCOP d1dtxa_
  452      0.9412       2.348       5.137     0.000    65    2    1           1    0     67      6     67      5    T0953s1TS322-D1.pdb:A  SCOP d1d0da_
  453      0.9412          -0       5.454     0.000    65    2    1           1    0     67      6     67     10    T0953s1TS322-D1.pdb:A  SCOP d1qwxa_
  454      0.9412          -0       5.454     0.000    65    2    1           1    0     67      6     67     10    T0953s1TS322-D1.pdb:A  SCOP d1nyca_
  455      0.9412          -0       2.382     0.000    65    3    1           1    0     67      6     67     11    T0953s1TS322-D1.pdb:A  SCOP d1gmea_
  456      0.9412          -0       2.623     0.000    65    3    1           1    0     67      6     67     14    T0953s1TS322-D1.pdb:A  SCOP d1gy1a_
  457      0.9412       2.323       5.116     0.000    65    2    1           1    0     67      6     67      3    T0953s1TS322-D1.pdb:A  SCOP d1tapa_
  458      0.9412          -0  1.798e+308     0.000    65    2    1           1    0     67      6     67     10    T0953s1TS322-D1.pdb:A  SCOP d9rsaa_
  459      0.9412          -0       2.907     0.000    65    2    1           1    0     67      6     67      8    T0953s1TS322-D1.pdb:A  SCOP d1rgwa_
  460      0.9405          -0       2.947     0.000    64    2    1           1    0     67      6     65     10    T0953s1TS322-D1.pdb:A  SCOP d1zrfa2
  461      0.9403          -0       3.564     0.000    63    2    0           1    0     67      6     63      8    T0953s1TS322-D1.pdb:A  SCOP d2dx5a1
  462      0.9403    0.007893       3.149     0.000    63    3    0           1    0     67      6     63      8    T0953s1TS322-D1.pdb:A  SCOP d1ltda2
  463      0.9254          -0       2.757     0.000    62    2    0           1    0     67      6     62      9    T0953s1TS322-D1.pdb:A  SCOP d1jhwa1
  464      0.9254          -0       2.757     0.000    62    2    0           1    0     67      6     62      9    T0953s1TS322-D1.pdb:A  SCOP d1j72a1
  465      0.9254          -0       3.855     0.000    62    2    0           1    0     67      6     62      7    T0953s1TS322-D1.pdb:A  SCOP d1cnfa1
  466      0.9125          -0           2     0.000    64    2    1           1    0     67      6     67      6    T0953s1TS322-D1.pdb:A  SCOP d1whwa_
  467      0.9125          -0      0.9504     0.000    64    2    1           1    0     67      6     67      8    T0953s1TS322-D1.pdb:A  SCOP d1y2fa1
  468      0.9125          -0        2.35     0.000    64    3    1           1    0     67      6     67      6    T0953s1TS322-D1.pdb:A  SCOP d1bf4a_
  469      0.9125          -0      0.9504     0.000    64    2    1           1    0     67      6     67      8    T0953s1TS322-D1.pdb:A  SCOP d1y2ga1
  470      0.9125          -0       2.272     0.000    64    2    1           1    0     67      6     67      6    T0953s1TS322-D1.pdb:A  SCOP d1fxda_
  471      0.9125          -0       4.073     0.000    64    4    1           1    0     67      6     67     11    T0953s1TS322-D1.pdb:A  SCOP d1kd6a_
  472      0.9125          -0       5.713     0.000    64    2    2           1    0     67      6     67     10    T0953s1TS322-D1.pdb:A  SCOP d1ix5a_
  473      0.9125          -0      0.9504     0.000    64    2    1           1    0     67      6     67      8    T0953s1TS322-D1.pdb:A  SCOP d1s1sa1
  474      0.9125          -0       2.466     0.000    64    4    2           1    0     67      6     67     12    T0953s1TS322-D1.pdb:A  SCOP d1icma_
  475      0.9125          -0       2.947     0.000    64    3    1           1    0     67      6     67     13    T0953s1TS322-D1.pdb:A  SCOP d1jjxa_
  476      0.9125          -0        2.94     0.000    64    4    2           1    0     67      6     67     12    T0953s1TS322-D1.pdb:A  SCOP d1mvga_
  477      0.9125          -0           2     0.000    64    2    1           1    0     67      6     67      8    T0953s1TS322-D1.pdb:A  SCOP d1jyaa_
  478      0.9125          -0       2.947     0.000    64    2    1           1    0     67      6     67      7    T0953s1TS322-D1.pdb:A  SCOP d1wgra_
  479      0.9125   8.009e-13       2.623     0.000    64    2    1           1    0     67      6     67      5    T0953s1TS322-D1.pdb:A  SCOP d1cqua_
  480      0.9125   8.264e-06       2.456     0.000    64    2    1           1    0     67      6     67      4    T0953s1TS322-D1.pdb:A  SCOP d1b69a_
  481      0.9125   8.264e-06       2.456     0.000    64    2    1           1    0     67      6     67      4    T0953s1TS322-D1.pdb:A  SCOP d1tn9a_
  482      0.9125          -0       2.947     0.000    64    3    1           1    0     67      6     67     12    T0953s1TS322-D1.pdb:A  SCOP d1mdca_
  483      0.9125          -0       2.466     0.000    64    4    2           1    0     67      6     67     12    T0953s1TS322-D1.pdb:A  SCOP d1dc9a_
  484      0.9125          -0       2.947     0.000    64    3    1           1    0     67      6     67     12    T0953s1TS322-D1.pdb:A  SCOP d1vyga_
  485      0.9125          -0       3.669     0.000    64    2    1           1    0     67      6     67      9    T0953s1TS322-D1.pdb:A  SCOP d1aqza_
  486      0.9125          -0       2.213     0.000    64    2    1           1    0     67      6     67      8    T0953s1TS322-D1.pdb:A  SCOP d1p1ta_
  487      0.9107          -0       1.714     0.000    62    4    1           1    0     67      6     63      9    T0953s1TS322-D1.pdb:A  SCOP d1erna1
  488      0.9104          -0       3.531     0.000    61    2    0           1    0     67      6     61      7    T0953s1TS322-D1.pdb:A  SCOP d1y7na1
  489      0.9102          -0       3.829     0.771    66    2    1      0.9545    0     67      6     67      9    T0953s1TS322-D1.pdb:A  SCOP d1duta_
  490      0.9102   2.584e-09       3.184     0.772    66    2    1      0.9545    0     67      6     67      5    T0953s1TS322-D1.pdb:A  SCOP d1i07a_
  491      0.9102      0.1672       3.986     0.772    66    3    1      0.9545    0     67      6     67      5    T0953s1TS322-D1.pdb:A  SCOP d1onja_
  492      0.9102   2.281e-09       3.184     0.772    66    2    1      0.9545    0     67      6     67      4    T0953s1TS322-D1.pdb:A  SCOP d1aoja_
  493      0.9102    0.007899       3.986     0.772    66    3    1      0.9545    0     67      6     67      5    T0953s1TS322-D1.pdb:A  SCOP d1iq9a_
  494      0.9102    0.007899       3.986     0.772    66    3    1      0.9545    0     67      6     67      5    T0953s1TS322-D1.pdb:A  SCOP d1vb0a_
