<html><head></head><body><pre style="word-wrap: break-word; white-space: pre-wrap;"> PDBe Fold v2.59. (src3) 14 Apr 2014 result file.

                   RESULT SUMMARY

   ##      Q-score      P-score     Z-score   RMSD    Nalgn Nsse Ngaps Seq-%     Nmd Nres-Q Nsse-Q Nres-T Nsse-T Query Target
    1           1          -0       3.343     0.000    67    2    0           1    0     67      7     67      6    T0953s1TS089-D1.pdb:A  SCOP d1aaca_
    2           1          -0       3.343     0.000    67    2    0           1    0     67      7     67      6    T0953s1TS089-D1.pdb:A  SCOP d2raca_
    3           1          -0       3.343     0.000    67    2    0           1    0     67      7     67      6    T0953s1TS089-D1.pdb:A  SCOP d1t5ka_
    4           1          -0       3.343     0.000    67    2    0           1    0     67      7     67      6    T0953s1TS089-D1.pdb:A  SCOP d2mtaa_
    5           1          -0       2.777     0.000    67    2    0           1    0     67      7     67      5    T0953s1TS089-D1.pdb:A  SCOP d1mdaa_
    6           1          -0         1.6     0.000    67    2    0           1    0     67      7     67      6    T0953s1TS089-D1.pdb:A  SCOP d1id2a_
    7           1          -0  1.798e+308     0.000    67    3    0           1    0     67      7     67     10    T0953s1TS089-D1.pdb:A  SCOP d1hcxa_
    8           1          -0       3.343     0.000    67    3    0           1    0     67      7     67     15    T0953s1TS089-D1.pdb:A  SCOP d1qboa_
    9           1          -0       3.343     0.000    67    3    0           1    0     67      7     67     15    T0953s1TS089-D1.pdb:A  SCOP d1qb9a_
   10           1          -0       4.044     0.000    67    3    0           1    0     67      7     67     10    T0953s1TS089-D1.pdb:A  SCOP d2araa_
   11           1          -0       3.958     0.000    67    3    0           1    0     67      7     67     13    T0953s1TS089-D1.pdb:A  SCOP d1xjaa_
   12           1          -0       4.044     0.000    67    3    0           1    0     67      7     67     13    T0953s1TS089-D1.pdb:A  SCOP d2aaca_
   13           1          -0       4.044     0.000    67    3    0           1    0     67      7     67     13    T0953s1TS089-D1.pdb:A  SCOP d2arca_
   14           1          -0       2.026     0.000    67    3    0           1    0     67      7     67     15    T0953s1TS089-D1.pdb:A  SCOP d1qb1a_
   15           1          -0       2.382     0.000    67    3    0           1    0     67      7     67     15    T0953s1TS089-D1.pdb:A  SCOP d1xsra_
   16           1          -0       2.907     0.000    67    2    0           1    0     67      7     67      8    T0953s1TS089-D1.pdb:A  SCOP d1b3ia_
   17           1          -0       3.829     0.000    67    3    0           1    0     67      7     67     11    T0953s1TS089-D1.pdb:A  SCOP d1xsqa_
   18           1          -0       3.979     0.000    67    2    0           1    0     67      7     67      9    T0953s1TS089-D1.pdb:A  SCOP d4paza_
   19           1          -0       2.876     0.000    67    2    0           1    0     67      7     67      7    T0953s1TS089-D1.pdb:A  SCOP d1j4ra_
   20           1          -0       1.186     0.000    67    2    0           1    0     67      7     67     10    T0953s1TS089-D1.pdb:A  SCOP d1v70a_
   21           1          -0       2.623     0.000    67    2    0           1    0     67      7     67      7    T0953s1TS089-D1.pdb:A  SCOP d1d7ia_
   22           1          -0       2.623     0.000    67    2    0           1    0     67      7     67      8    T0953s1TS089-D1.pdb:A  SCOP d1d7ha_
   23           1          -0       1.922     0.000    67    2    0           1    0     67      7     67     10    T0953s1TS089-D1.pdb:A  SCOP d2cbpa_
   24           1          -0       3.343     0.000    67    3    0           1    0     67      7     67     15    T0953s1TS089-D1.pdb:A  SCOP d1qb6a_
   25           1          -0       3.177     0.000    67    2    0           1    0     67      7     67      6    T0953s1TS089-D1.pdb:A  SCOP d1xhda_
   26           1          -0       3.177     0.000    67    2    0           1    0     67      7     67      8    T0953s1TS089-D1.pdb:A  SCOP d1v67a_
   27           1          -0       3.177     0.000    67    2    0           1    0     67      7     67      8    T0953s1TS089-D1.pdb:A  SCOP d1v3wa_
   28           1          -0       2.876     0.000    67    2    0           1    0     67      7     67      7    T0953s1TS089-D1.pdb:A  SCOP d1j4ia_
   29           1          -0         1.6     0.000    67    3    0           1    0     67      7     67     10    T0953s1TS089-D1.pdb:A  SCOP d1qhqa_
   30           1          -0         1.6     0.000    67    3    0           1    0     67      7     67     10    T0953s1TS089-D1.pdb:A  SCOP d1ov8a_
   31           1          -0       1.662     0.000    67    3    0           1    0     67      7     67     10    T0953s1TS089-D1.pdb:A  SCOP d2ezma_
   32           1          -0       1.662     0.000    67    3    0           1    0     67      7     67     10    T0953s1TS089-D1.pdb:A  SCOP d2ezna_
   33           1      0.3988       5.894     0.000    67    2    0           1    0     67      7     67      4    T0953s1TS089-D1.pdb:A  SCOP d1h34a_
   34           1          -0       3.979     0.000    67    3    0           1    0     67      7     67     15    T0953s1TS089-D1.pdb:A  SCOP d1txja_
   35           1          -0       1.922     0.000    67    3    0           1    0     67      7     67     11    T0953s1TS089-D1.pdb:A  SCOP d1h7ya_
   36           1          -0       1.922     0.000    67    3    0           1    0     67      7     67     11    T0953s1TS089-D1.pdb:A  SCOP d1h6qa_
   37           1          -0       3.343     0.000    67    3    0           1    0     67      7     67     15    T0953s1TS089-D1.pdb:A  SCOP d1qa0a_
   38           1      0.1926       4.821     0.000    67    2    0           1    0     67      7     67     10    T0953s1TS089-D1.pdb:A  SCOP d1am2a_
   39           1          -0  1.798e+308     0.000    67    3    0           1    0     67      7     67     11    T0953s1TS089-D1.pdb:A  SCOP d1at0a_
   40           1          -0       3.073     0.000    67    3    0           1    0     67      7     67     10    T0953s1TS089-D1.pdb:A  SCOP d1f7qa_
   41           1          -0       2.026     0.000    67    2    0           1    0     67      7     67      8    T0953s1TS089-D1.pdb:A  SCOP d1soqa_
   42           1     0.00135        1.75     0.000    67    2    0           1    0     67      7     67      3    T0953s1TS089-D1.pdb:A  SCOP d1k37a_
   43           1     0.00135        1.75     0.000    67    2    0           1    0     67      7     67      2    T0953s1TS089-D1.pdb:A  SCOP d1k36a_
   44           1          -0       2.416     0.000    67    2    0           1    0     67      7     67      8    T0953s1TS089-D1.pdb:A  SCOP d5ttra_
   45           1          -0       2.026     0.000    67    2    0           1    0     67      7     67      8    T0953s1TS089-D1.pdb:A  SCOP d1icta_
   46           1          -0       2.382     0.000    67    3    0           1    0     67      7     67     13    T0953s1TS089-D1.pdb:A  SCOP d1slha_
   47           1          -0       3.239     0.000    67    3    0           1    0     67      7     67     11    T0953s1TS089-D1.pdb:A  SCOP d1mq7a_
   48           1          -0  1.798e+308     0.000    67    3    0           1    0     67      7     67     11    T0953s1TS089-D1.pdb:A  SCOP d1syla_
   49           1          -0       3.401     0.000    67    4    0           1    0     67      7     67     11    T0953s1TS089-D1.pdb:A  SCOP d1n3ja_
   50           1       1.082       5.599     0.000    67    2    0           1    0     67      7     67      3    T0953s1TS089-D1.pdb:A  SCOP d2cbha_
   51           1       2.782       5.599     0.000    67    2    0           1    0     67      7     67      2    T0953s1TS089-D1.pdb:A  SCOP d1az6a_
   52           1       3.893       6.556     0.000    67    3    0           1    0     67      7     67      3    T0953s1TS089-D1.pdb:A  SCOP d1cbha_
   53           1          -0       2.352     0.000    67    2    0           1    0     67      7     67      6    T0953s1TS089-D1.pdb:A  SCOP d1ghja_
   54           1          -0       2.352     0.000    67    2    0           1    0     67      7     67      5    T0953s1TS089-D1.pdb:A  SCOP d1ghka_
   55           1          -0       3.343     0.000    67    2    0           1    0     67      7     67      6    T0953s1TS089-D1.pdb:A  SCOP d1sfda_
   56           1          -0       3.343     0.000    67    2    0           1    0     67      7     67      6    T0953s1TS089-D1.pdb:A  SCOP d1sfha_
   57           1          -0       3.343     0.000    67    2    0           1    0     67      7     67      7    T0953s1TS089-D1.pdb:A  SCOP d1sf3a_
   58           1          -0       3.343     0.000    67    2    0           1    0     67      7     67      6    T0953s1TS089-D1.pdb:A  SCOP d1sf5a_
   59           1          -0       3.343     0.000    67    2    0           1    0     67      7     67      6    T0953s1TS089-D1.pdb:A  SCOP d1bxaa_
   60           1     0.06589        3.93     0.000    67    2    0           1    0     67      7     67      3    T0953s1TS089-D1.pdb:A  SCOP d1dkca_
   61           1       0.946       2.776     0.000    67    2    0           1    0     67      7     67      7    T0953s1TS089-D1.pdb:A  SCOP d1fx3a_
   62           1          -0       4.927     0.000    67    3    0           1    0     67      7     67     10    T0953s1TS089-D1.pdb:A  SCOP d1ijaa_
   63           1          -0       2.907     0.000    67    3    0           1    0     67      7     67     10    T0953s1TS089-D1.pdb:A  SCOP d1uuna_
   64           1          -0         1.6     0.000    67    3    0           1    0     67      7     67     10    T0953s1TS089-D1.pdb:A  SCOP d1jsga_
   65           1     0.08416        5.29     0.000    67    4    0           1    0     67      7     67      8    T0953s1TS089-D1.pdb:A  SCOP d1ejfa_
   66           1          -0         3.8     0.000    67    3    0           1    0     67      7     67     10    T0953s1TS089-D1.pdb:A  SCOP d1wh0a_
   67           1          -0       3.078     0.000    67    2    0           1    0     67      7     67      7    T0953s1TS089-D1.pdb:A  SCOP d1wgva_
   68           1          -0       2.623     0.000    67    4    0           1    0     67      7     67      9    T0953s1TS089-D1.pdb:A  SCOP d1mwpa_
   69           1     0.09985       4.059     0.000    67    2    0           1    0     67      7     67      5    T0953s1TS089-D1.pdb:A  SCOP d1t60a1
   70           1   1.005e-13       5.077     0.000    67    3    0           1    0     67      7     67     13    T0953s1TS089-D1.pdb:A  SCOP d1bd9a_
   71           1   1.005e-13       5.077     0.000    67    3    0           1    0     67      7     67     12    T0953s1TS089-D1.pdb:A  SCOP d1kn3a_
   72           1          -0       5.713     0.000    67    3    0           1    0     67      7     67      9    T0953s1TS089-D1.pdb:A  SCOP d1qoua_
   73           1   3.784e-08       3.855     0.000    67    2    0           1    0     67      7     67      5    T0953s1TS089-D1.pdb:A  SCOP d1t61a1
   74           1          -0       2.381     0.000    67    2    0           1    0     67      7     67     10    T0953s1TS089-D1.pdb:A  SCOP d1pu5a_
   75           1          -0       2.381     0.000    67    2    0           1    0     67      7     67     10    T0953s1TS089-D1.pdb:A  SCOP d1tjja_
   76           1          -0  1.798e+308     0.000    67    3    0           1    0     67      7     67     12    T0953s1TS089-D1.pdb:A  SCOP d1rqca_
   77           1          -0       5.104     0.000    67    3    0           1    0     67      7     67      9    T0953s1TS089-D1.pdb:A  SCOP d1gu3a_
   78           1          -0       4.195     0.000    67    3    0           1    0     67      7     67     11    T0953s1TS089-D1.pdb:A  SCOP d1ulpa_
   79           1          -0       4.871     0.000    67    2    0           1    0     67      7     67      8    T0953s1TS089-D1.pdb:A  SCOP d1uloa_
   80           1          -0       3.855     0.000    67    2    0           1    0     67      7     67     10    T0953s1TS089-D1.pdb:A  SCOP d1guia_
   81           1          -0       2.907     0.000    67    4    0           1    0     67      7     67     17    T0953s1TS089-D1.pdb:A  SCOP d1ltb.1
   82           1          -0       2.907     0.000    67    4    0           1    0     67      7     67     18    T0953s1TS089-D1.pdb:A  SCOP d1ltg.1
   83           1          -0       2.887     0.000    67    3    0           1    0     67      7     67      8    T0953s1TS089-D1.pdb:A  SCOP d2avia_
   84           1          -0       2.416     0.000    67    3    0           1    0     67      7     67     15    T0953s1TS089-D1.pdb:A  SCOP d1oh4a_
   85           1          -0       2.416     0.000    67    3    0           1    0     67      7     67     15    T0953s1TS089-D1.pdb:A  SCOP d1of4a_
   86           1          -0       2.641     0.000    67    3    0           1    0     67      7     67     15    T0953s1TS089-D1.pdb:A  SCOP d1of3a_
   87           1          -0       4.317     0.000    67    3    0           1    0     67      7     67     11    T0953s1TS089-D1.pdb:A  SCOP d1oh3a_
   88           1          -0  1.798e+308     0.000    67    3    0           1    0     67      7     67     12    T0953s1TS089-D1.pdb:A  SCOP d1umia_
   89           1      0.4126        3.24     0.000    67    2    0           1    0     67      7     67      3    T0953s1TS089-D1.pdb:A  SCOP d1acwa_
   90           1          -0       2.623     0.000    67    2    0           1    0     67      7     67      8    T0953s1TS089-D1.pdb:A  SCOP d1b6ca_
   91           1      0.7138       3.657     0.000    67    2    0           1    0     67      7     67      3    T0953s1TS089-D1.pdb:A  SCOP d1sxma_
   92           1          -0      0.7642     0.000    67    2    0           1    0     67      7     67      8    T0953s1TS089-D1.pdb:A  SCOP d1r9ha_
   93           1      0.6683       3.599     0.000    67    2    0           1    0     67      7     67      3    T0953s1TS089-D1.pdb:A  SCOP d1bkta_
   94           1          -0       1.186     0.000    67    2    0           1    0     67      7     67     10    T0953s1TS089-D1.pdb:A  SCOP d1ee6a_
   95           1          -0       5.066     0.000    67    4    0           1    0     67      7     67     11    T0953s1TS089-D1.pdb:A  SCOP d1b2pa_
   96           1          -0       1.046     0.000    67    2    0           1    0     67      7     67     10    T0953s1TS089-D1.pdb:A  SCOP d1bdya_
   97           1          -0       2.144     0.000    67    3    0           1    0     67      7     67      7    T0953s1TS089-D1.pdb:A  SCOP d1v27a_
   98           1          -0       3.177     0.000    67    3    0           1    0     67      7     67      8    T0953s1TS089-D1.pdb:A  SCOP d1wfma_
   99           1          -0       5.354     0.000    67    3    0           1    0     67      7     67     12    T0953s1TS089-D1.pdb:A  SCOP d1vbpa_
  100           1      0.6683       3.599     0.000    67    2    0           1    0     67      7     67      2    T0953s1TS089-D1.pdb:A  SCOP d1i26a_
  101           1          -0       3.343     0.000    67    3    0           1    0     67      7     67     12    T0953s1TS089-D1.pdb:A  SCOP d1j4ua_
  102           1          -0       3.255     0.000    67    2    0           1    0     67      7     67      8    T0953s1TS089-D1.pdb:A  SCOP d1nlqa_
  103           1          -0        3.17     0.000    67    2    0           1    0     67      7     67      8    T0953s1TS089-D1.pdb:A  SCOP d1xe0a_
  104           1          -0       2.907     0.000    67    2    0           1    0     67      7     67     10    T0953s1TS089-D1.pdb:A  SCOP d1j4sa_
  105           1          -0       3.343     0.000    67    3    0           1    0     67      7     67     12    T0953s1TS089-D1.pdb:A  SCOP d1j4ta_
  106           1          -0       3.343     0.000    67    3    0           1    0     67      7     67     12    T0953s1TS089-D1.pdb:A  SCOP d1vboa_
  107           1          -0       3.669     0.000    67    2    0           1    0     67      7     67      8    T0953s1TS089-D1.pdb:A  SCOP d1vmoa_
  108           1       0.971       3.958     0.000    67    2    0           1    0     67      7     67      2    T0953s1TS089-D1.pdb:A  SCOP d1qk7a_
  109           1          -0  1.798e+308     0.000    67    3    0           1    0     67      7     67     12    T0953s1TS089-D1.pdb:A  SCOP d1dmxa_
  110           1      0.6683       3.599     0.000    67    2    0           1    0     67      7     67      2    T0953s1TS089-D1.pdb:A  SCOP d1i25a_
  111           1          -0       3.343     0.000    67    2    0           1    0     67      7     67      4    T0953s1TS089-D1.pdb:A  SCOP d1sska_
  112           1          -0       2.876     0.000    67    2    0           1    0     67      7     67      9    T0953s1TS089-D1.pdb:A  SCOP d1stma_
  113           1   5.936e-11       4.044     0.000    67    3    0           1    0     67      7     67      7    T0953s1TS089-D1.pdb:A  SCOP d1whia_
  114           1      0.6683       3.599     0.000    67    2    0           1    0     67      7     67      2    T0953s1TS089-D1.pdb:A  SCOP d1omaa_
  115           1      0.6683       3.599     0.000    67    2    0           1    0     67      7     67      2    T0953s1TS089-D1.pdb:A  SCOP d1agga_
  116           1       1.137       4.138     0.000    67    2    0           1    0     67      7     67      2    T0953s1TS089-D1.pdb:A  SCOP d1ag7a_
  117           1       1.362       4.586     0.000    67    3    0           1    0     67      7     67      3    T0953s1TS089-D1.pdb:A  SCOP d1i6ca_
  118           1          -0       3.855     0.000    67    2    0           1    0     67      7     67      8    T0953s1TS089-D1.pdb:A  SCOP d1suha_
  119           1          -0       2.272     0.000    67    2    0           1    0     67      7     67      5    T0953s1TS089-D1.pdb:A  SCOP d1ks6a_
  120           1          -0       1.364     0.000    67    2    0           1    0     67      7     67      4    T0953s1TS089-D1.pdb:A  SCOP d1wfya_
  121           1          -0       2.922     0.000    67    4    0           1    0     67      7     67     10    T0953s1TS089-D1.pdb:A  SCOP d1q0ea_
  122           1          -0       2.922     0.000    67    4    0           1    0     67      7     67     10    T0953s1TS089-D1.pdb:A  SCOP d1cbja_
  123           1          -0       2.922     0.000    67    4    0           1    0     67      7     67     10    T0953s1TS089-D1.pdb:A  SCOP d1e9pa_
  124           1          -0       2.922     0.000    67    4    0           1    0     67      7     67     10    T0953s1TS089-D1.pdb:A  SCOP d1e9qa_
  125           1          -0       2.922     0.000    67    4    0           1    0     67      7     67     10    T0953s1TS089-D1.pdb:A  SCOP d1sxca_
  126           1          -0       2.922     0.000    67    4    0           1    0     67      7     67     10    T0953s1TS089-D1.pdb:A  SCOP d1sxba_
  127           1          -0       2.922     0.000    67    4    0           1    0     67      7     67     10    T0953s1TS089-D1.pdb:A  SCOP d1sxaa_
  128           1          -0       3.718     0.000    67    4    0           1    0     67      7     67     10    T0953s1TS089-D1.pdb:A  SCOP d1sxna_
  129           1          -0       2.922     0.000    67    4    0           1    0     67      7     67     10    T0953s1TS089-D1.pdb:A  SCOP d1e9oa_
  130           1          -0       3.718     0.000    67    4    0           1    0     67      7     67     10    T0953s1TS089-D1.pdb:A  SCOP d1sxsa_
  131           1          -0       3.718     0.000    67    4    0           1    0     67      7     67     10    T0953s1TS089-D1.pdb:A  SCOP d1sxza_
  132           1          -0       2.922     0.000    67    4    0           1    0     67      7     67     10    T0953s1TS089-D1.pdb:A  SCOP d1coba_
  133           1          -0       2.922     0.000    67    4    0           1    0     67      7     67     10    T0953s1TS089-D1.pdb:A  SCOP d1cb4a_
  134           1          -0       3.908     0.000    67    3    0           1    0     67      7     67      9    T0953s1TS089-D1.pdb:A  SCOP d1l3na_
  135           1          -0       2.707     0.000    67    4    0           1    0     67      7     67     10    T0953s1TS089-D1.pdb:A  SCOP d1xsoa_
  136           1          -0       2.237     0.000    67    4    0           1    0     67      7     67     13    T0953s1TS089-D1.pdb:A  SCOP d1oala_
  137           1          -0       2.237     0.000    67    4    0           1    0     67      7     67     13    T0953s1TS089-D1.pdb:A  SCOP d1oaja_
  138           1          -0       2.237     0.000    67    4    0           1    0     67      7     67     13    T0953s1TS089-D1.pdb:A  SCOP d1yaia_
  139           1          -0       2.237     0.000    67    4    0           1    0     67      7     67     13    T0953s1TS089-D1.pdb:A  SCOP d1ibba_
  140           1          -0       2.237     0.000    67    4    0           1    0     67      7     67     13    T0953s1TS089-D1.pdb:A  SCOP d1ibda_
  141           1          -0       2.237     0.000    67    4    0           1    0     67      7     67     13    T0953s1TS089-D1.pdb:A  SCOP d1ibha_
  142           1          -0       2.887     0.000    67    4    0           1    0     67      7     67     13    T0953s1TS089-D1.pdb:A  SCOP d1bzoa_
  143           1          -0       2.237     0.000    67    4    0           1    0     67      7     67     13    T0953s1TS089-D1.pdb:A  SCOP d1ibfa_
  144           1          -0       2.237     0.000    67    4    0           1    0     67      7     67     13    T0953s1TS089-D1.pdb:A  SCOP d1ib5a_
  145           1          -0        2.13     0.000    67    3    0           1    0     67      7     67     11    T0953s1TS089-D1.pdb:A  SCOP d1esoa_
  146           1          -0        2.13     0.000    67    3    0           1    0     67      7     67     13    T0953s1TS089-D1.pdb:A  SCOP d1eqwa_
  147           1       1.863       5.575     0.000    67    3    0           1    0     67      7     67      5    T0953s1TS089-D1.pdb:A  SCOP d1hzba_
  148           1      0.1584        4.55     0.000    67    3    0           1    0     67      7     67      5    T0953s1TS089-D1.pdb:A  SCOP d1c9oa_
  149           1      0.7506       5.983     0.000    67    3    0           1    0     67      7     67      5    T0953s1TS089-D1.pdb:A  SCOP d1csqa_
  150           1      0.6554         5.3     0.000    67    3    0           1    0     67      7     67      5    T0953s1TS089-D1.pdb:A  SCOP d1cspa_
  151           1          -0       2.907     0.000    67    3    0           1    0     67      7     67      8    T0953s1TS089-D1.pdb:A  SCOP d1lyqa_
  152           1          -0       2.907     0.000    67    3    0           1    0     67      7     67      8    T0953s1TS089-D1.pdb:A  SCOP d1ix2a_
  153           1          -0  1.798e+308     0.000    67    3    0           1    0     67      7     67     13    T0953s1TS089-D1.pdb:A  SCOP d1ukfa_
  154           1          -0       2.623     0.000    67    3    0           1    0     67      7     67     13    T0953s1TS089-D1.pdb:A  SCOP d1euja_
  155           1          -0       3.453     0.000    67    2    0           1    0     67      7     67      8    T0953s1TS089-D1.pdb:A  SCOP d1mkha_
  156           1          -0       2.623     0.000    67    4    0           1    0     67      7     67      9    T0953s1TS089-D1.pdb:A  SCOP d1oj8a_
  157           1          -0       2.623     0.000    67    4    0           1    0     67      7     67      9    T0953s1TS089-D1.pdb:A  SCOP d1oj1a_
  158           1          -0        1.75     0.000    67    3    0           1    0     67      7     67      9    T0953s1TS089-D1.pdb:A  SCOP d1uena_
  159           1          -0       3.205     0.000    67    3    0           1    0     67      7     67      7    T0953s1TS089-D1.pdb:A  SCOP d1v5ja_
  160           1          -0       3.343     0.000    67    3    0           1    0     67      7     67     15    T0953s1TS089-D1.pdb:A  SCOP d1qbna_
  161           1          -0       3.223     0.000    67    3    0           1    0     67      7     67      8    T0953s1TS089-D1.pdb:A  SCOP d1wfta_
  162           1          -0       3.979     0.000    67    2    0           1    0     67      7     67      6    T0953s1TS089-D1.pdb:A  SCOP d1wj3a_
  163           1          -0           2     0.000    67    3    0           1    0     67      7     67      9    T0953s1TS089-D1.pdb:A  SCOP d4rhna_
  164           1          -0           2     0.000    67    3    0           1    0     67      7     67      9    T0953s1TS089-D1.pdb:A  SCOP d3rhna_
  165           1          -0           2     0.000    67    3    0           1    0     67      7     67      9    T0953s1TS089-D1.pdb:A  SCOP d1kpfa_
  166           1          -0           2     0.000    67    3    0           1    0     67      7     67      9    T0953s1TS089-D1.pdb:A  SCOP d1kpea_
  167           1          -0           2     0.000    67    3    0           1    0     67      7     67      8    T0953s1TS089-D1.pdb:A  SCOP d1kpba_
  168           1   2.675e-07       5.104     0.000    67    3    0           1    0     67      7     67      7    T0953s1TS089-D1.pdb:A  SCOP d2cuia1
  169           1          -0           2     0.000    67    3    0           1    0     67      7     67      9    T0953s1TS089-D1.pdb:A  SCOP d1kpaa_
  170           1          -0           2     0.000    67    3    0           1    0     67      7     67      9    T0953s1TS089-D1.pdb:A  SCOP d1av5a_
  171           1    0.006287       3.442     0.000    67    2    0           1    0     67      7     67      5    T0953s1TS089-D1.pdb:A  SCOP d1dkta_
  172           1          -0       2.777     0.000    67    3    0           1    0     67      7     67     13    T0953s1TS089-D1.pdb:A  SCOP d1eq6a_
  173           1          -0       5.713     0.000    67    2    0           1    0     67      7     67      8    T0953s1TS089-D1.pdb:A  SCOP d1ncia_
  174           1          -0       5.713     0.000    67    2    0           1    0     67      7     67      8    T0953s1TS089-D1.pdb:A  SCOP d1ncga_
  175           1          -0       5.713     0.000    67    2    0           1    0     67      7     67      7    T0953s1TS089-D1.pdb:A  SCOP d1ncha_
  176           1          -0       3.255     0.000    67    3    0           1    0     67      7     67     13    T0953s1TS089-D1.pdb:A  SCOP d1j8sa_
  177           1          -0         1.6     0.000    67    2    0           1    0     67      7     67      5    T0953s1TS089-D1.pdb:A  SCOP d1ccqa_
  178           1          -0       3.177     0.000    67    3    0           1    0     67      7     67     11    T0953s1TS089-D1.pdb:A  SCOP d1oioa_
  179           1          -0       3.979     0.000    67    2    0           1    0     67      7     67      7    T0953s1TS089-D1.pdb:A  SCOP d1usqa_
  180           1          -0       3.944     0.000    67    2    0           1    0     67      7     67     10    T0953s1TS089-D1.pdb:A  SCOP d1usza_
  181           1          -0       2.623     0.000    67    3    0           1    0     67      7     67     11    T0953s1TS089-D1.pdb:A  SCOP d1ayoa_
  182           1       2.046       5.599     0.000    67    2    0           1    0     67      7     67      7    T0953s1TS089-D1.pdb:A  SCOP d1nnxa_
  183           1   1.591e-14       3.343     0.000    67    2    0           1    0     67      7     67      6    T0953s1TS089-D1.pdb:A  SCOP d1l6va_
  184           1          -0       2.331     0.000    67    3    0           1    0     67      7     67      6    T0953s1TS089-D1.pdb:A  SCOP d1k28a1
  185           1          -0       2.729     0.000    67    2    0           1    0     67      7     67      5    T0953s1TS089-D1.pdb:A  SCOP d1tfsa_
  186           1          -0       2.026     0.000    67    2    0           1    0     67      7     67      8    T0953s1TS089-D1.pdb:A  SCOP d1f41a_
  187           1          -0       2.986     0.000    67    2    0           1    0     67      7     67      5    T0953s1TS089-D1.pdb:A  SCOP d5ebxa_
  188           1          -0       2.026     0.000    67    2    0           1    0     67      7     67      8    T0953s1TS089-D1.pdb:A  SCOP d1ttca_
  189           1          -0       3.092     0.000    67    2    0           1    0     67      7     67      5    T0953s1TS089-D1.pdb:A  SCOP d2eraa_
  190           1          -0       2.313     0.000    67    2    0           1    0     67      7     67      5    T0953s1TS089-D1.pdb:A  SCOP d1fsca_
  191           1          -0       2.313     0.000    67    2    0           1    0     67      7     67      5    T0953s1TS089-D1.pdb:A  SCOP d1fasa_
  192           1          -0       2.523     0.000    67    2    0           1    0     67      7     67      5    T0953s1TS089-D1.pdb:A  SCOP d1tgxa_
  193           1          -0       3.113     0.000    67    2    0           1    0     67      7     67      5    T0953s1TS089-D1.pdb:A  SCOP d1fraa_
  194           1          -0       3.092     0.000    67    2    0           1    0     67      7     67      5    T0953s1TS089-D1.pdb:A  SCOP d1nxba_
  195           1          -0       3.092     0.000    67    2    0           1    0     67      7     67      5    T0953s1TS089-D1.pdb:A  SCOP d1qkea_
  196           1          -0       3.092     0.000    67    2    0           1    0     67      7     67      5    T0953s1TS089-D1.pdb:A  SCOP d3ebxa_
  197           1          -0       2.026     0.000    67    2    0           1    0     67      7     67      8    T0953s1TS089-D1.pdb:A  SCOP d1dvxa_
  198           1       2.495       5.372     0.000    67    2    0           1    0     67      7     67      2    T0953s1TS089-D1.pdb:A  SCOP d1pmca_
  199           1          -0       3.399     0.000    67    2    0           1    0     67      7     67      6    T0953s1TS089-D1.pdb:A  SCOP d1uoya_
  200           1       1.057       5.389     0.000    67    3    0           1    0     67      7     67      4    T0953s1TS089-D1.pdb:A  SCOP d1g26a_
  201           1       1.137       4.138     0.000    67    2    0           1    0     67      7     67      2    T0953s1TS089-D1.pdb:A  SCOP d1qgma_
  202           1          -0  1.798e+308     0.000    67    2    0           1    0     67      7     67      9    T0953s1TS089-D1.pdb:A  SCOP d1qqha_
  203           1       1.241       4.245     0.000    67    2    0           1    0     67      7     67      2    T0953s1TS089-D1.pdb:A  SCOP d1i8xa_
  204           1          -0       1.662     0.000    67    3    0           1    0     67      7     67     10    T0953s1TS089-D1.pdb:A  SCOP d1iiya_
  205           1          -0       3.851     0.000    67    3    0           1    0     67      7     67     13    T0953s1TS089-D1.pdb:A  SCOP d2apsa_
  206           1          -0       2.887     0.000    67    4    0           1    0     67      7     67     11    T0953s1TS089-D1.pdb:A  SCOP d1pzsa_
  207           1          -0       5.185     0.000    67    4    0           1    0     67      7     67     12    T0953s1TS089-D1.pdb:A  SCOP d1pl3a_
  208           1          -0       5.185     0.000    67    4    0           1    0     67      7     67     12    T0953s1TS089-D1.pdb:A  SCOP d1d7ca_
  209           1          -0       5.185     0.000    67    4    0           1    0     67      7     67     12    T0953s1TS089-D1.pdb:A  SCOP d1d7da_
  210           1          -0       5.185     0.000    67    4    0           1    0     67      7     67     12    T0953s1TS089-D1.pdb:A  SCOP d1d7ba_
  211           1          -0       3.535     0.000    67    2    0           1    0     67      7     67      6    T0953s1TS089-D1.pdb:A  SCOP d1cdra_
  212           1     0.01136       3.535     0.000    67    2    0           1    0     67      7     67      4    T0953s1TS089-D1.pdb:A  SCOP d1cdqa_
  213           1          -0       1.347     0.000    67    2    0           1    0     67      7     67      7    T0953s1TS089-D1.pdb:A  SCOP d2vila_
  214           1   9.756e-09       4.815     0.000    67    3    0           1    0     67      7     67      5    T0953s1TS089-D1.pdb:A  SCOP d1jgka_
  215           1          -0       2.717     0.000    67    2    0           1    0     67      7     67      5    T0953s1TS089-D1.pdb:A  SCOP d1onja_
  216           1          -0       2.717     0.000    67    2    0           1    0     67      7     67      5    T0953s1TS089-D1.pdb:A  SCOP d1vb0a_
  217           1          -0       3.757     0.000    67    2    0           1    0     67      7     67      5    T0953s1TS089-D1.pdb:A  SCOP d1je9a_
  218           1          -0       3.578     0.000    67    2    0           1    0     67      7     67      5    T0953s1TS089-D1.pdb:A  SCOP d1nora_
  219           1          -0       2.986     0.000    67    2    0           1    0     67      7     67      5    T0953s1TS089-D1.pdb:A  SCOP d1ntxa_
  220           1          -0       1.778     0.000    67    2    0           1    0     67      7     67     10    T0953s1TS089-D1.pdb:A  SCOP d1jpea_
  221           1          -0       2.876     0.000    67    2    0           1    0     67      7     67      7    T0953s1TS089-D1.pdb:A  SCOP d1xq4a_
  222           1          -0       3.757     0.000    67    2    0           1    0     67      7     67      5    T0953s1TS089-D1.pdb:A  SCOP d1iq9a_
  223           1          -0       3.141     0.000    67    2    0           1    0     67      7     67     10    T0953s1TS089-D1.pdb:A  SCOP d1g43a_
  224           1   9.161e-15       3.291     0.000    67    2    0           1    0     67      7     67      4    T0953s1TS089-D1.pdb:A  SCOP d1g6ma_
  225           1          -0       1.347     0.000    67    2    0           1    0     67      7     67      6    T0953s1TS089-D1.pdb:A  SCOP d2vika_
  226           1          -0        5.22     0.000    67    3    0           1    0     67      7     67     12    T0953s1TS089-D1.pdb:A  SCOP d1qzna_
  227           1          -0       1.364     0.000    67    2    0           1    0     67      7     67      6    T0953s1TS089-D1.pdb:A  SCOP d1s3oa_
  228           1          -0       3.669     0.000    67    2    0           1    0     67      7     67      5    T0953s1TS089-D1.pdb:A  SCOP d2crta_
  229           1          -0       1.364     0.000    67    2    0           1    0     67      7     67      6    T0953s1TS089-D1.pdb:A  SCOP d3ulla_
  230           1          -0           2     0.000    67    2    0           1    0     67      7     67      5    T0953s1TS089-D1.pdb:A  SCOP d1xt3a_
  231           1          -0       3.855     0.000    67    3    0           1    0     67      7     67     11    T0953s1TS089-D1.pdb:A  SCOP d1mdua_
  232           1          -0       3.051     0.000    67    2    0           1    0     67      7     67      5    T0953s1TS089-D1.pdb:A  SCOP d1ffja_
  233           1          -0       3.255     0.000    67    3    0           1    0     67      7     67     13    T0953s1TS089-D1.pdb:A  SCOP d1j8ra_
  234           1     0.08445       5.185     0.000    67    3    0           1    0     67      7     67      6    T0953s1TS089-D1.pdb:A  SCOP d6fiva_
  235           1          -0       2.777     0.000    67    2    0           1    0     67      7     67      7    T0953s1TS089-D1.pdb:A  SCOP d1g9oa_
  236           1     0.08445       5.185     0.000    67    3    0           1    0     67      7     67      6    T0953s1TS089-D1.pdb:A  SCOP d4fiva_
  237           1          -0       2.641     0.000    67    3    0           1    0     67      7     67      9    T0953s1TS089-D1.pdb:A  SCOP d1sjga_
  238           1          -0       4.009     0.000    67    2    0           1    0     67      7     67      7    T0953s1TS089-D1.pdb:A  SCOP d1ozia_
  239           1          -0       3.177     0.000    67    2    0           1    0     67      7     67      7    T0953s1TS089-D1.pdb:A  SCOP d1gm1a_
  240           1          -0       1.325     0.000    67    2    0           1    0     67      7     67      6    T0953s1TS089-D1.pdb:A  SCOP d3pdza_
  241           1          -0       1.922     0.000    67    2    0           1    0     67      7     67      7    T0953s1TS089-D1.pdb:A  SCOP d1d5ga_
  242           1          -0       3.599     0.000    67    2    0           1    0     67      7     67      8    T0953s1TS089-D1.pdb:A  SCOP d1b8qa_
  243           1          -0       3.714     0.000    67    2    0           1    0     67      7     67      8    T0953s1TS089-D1.pdb:A  SCOP d1pksa_
  244           1          -0       3.714     0.000    67    2    0           1    0     67      7     67      8    T0953s1TS089-D1.pdb:A  SCOP d1pkta_
  245           1      0.4509       5.605     0.000    67    3    0           1    0     67      7     67      5    T0953s1TS089-D1.pdb:A  SCOP d1pwta_
  246           1          -0       2.907     0.000    67    2    0           1    0     67      7     67      6    T0953s1TS089-D1.pdb:A  SCOP d1iu0a_
  247           1          -0       2.907     0.000    67    2    0           1    0     67      7     67      6    T0953s1TS089-D1.pdb:A  SCOP d1iu2a_
  248           1          -0       2.352     0.000    67    4    0           1    0     67      7     67     16    T0953s1TS089-D1.pdb:A  SCOP d1pq7a_
  249           1   1.304e-06        3.82     0.000    67    2    0           1    0     67      7     67      5    T0953s1TS089-D1.pdb:A  SCOP d1tuca_
  250           1          -0       2.352     0.000    67    3    0           1    0     67      7     67     15    T0953s1TS089-D1.pdb:A  SCOP d1fy5a_
  251           1          -0       3.958     0.000    67    2    0           1    0     67      7     67      5    T0953s1TS089-D1.pdb:A  SCOP d1jega_
  252           1          -0       2.416     0.000    67    2    0           1    0     67      7     67      6    T0953s1TS089-D1.pdb:A  SCOP d1um7a_
  253           1          -0       2.623     0.000    67    3    0           1    0     67      7     67     12    T0953s1TS089-D1.pdb:A  SCOP d1jy5a_
  254           1          -0       3.855     0.000    67    2    0           1    0     67      7     67      4    T0953s1TS089-D1.pdb:A  SCOP d1qlya_
  255           1          -0       2.352     0.000    67    4    0           1    0     67      7     67     16    T0953s1TS089-D1.pdb:A  SCOP d1pq5a_
  256           1          -0       2.352     0.000    67    4    0           1    0     67      7     67     16    T0953s1TS089-D1.pdb:A  SCOP d1pq8a_
  257           1          -0       2.382     0.000    67    2    0           1    0     67      7     67      5    T0953s1TS089-D1.pdb:A  SCOP d2gbqa_
  258           1          -0       2.382     0.000    67    2    0           1    0     67      7     67      5    T0953s1TS089-D1.pdb:A  SCOP d4gbqa_
  259           1          -0       2.382     0.000    67    2    0           1    0     67      7     67      5    T0953s1TS089-D1.pdb:A  SCOP d3gbqa_
  260           1   1.109e-15       5.713     0.000    67    2    0           1    0     67      7     67      4    T0953s1TS089-D1.pdb:A  SCOP d1gbra_
  261           1          -0       2.938     0.000    67    4    0           1    0     67      7     67     20    T0953s1TS089-D1.pdb:A  SCOP d1uk3a_
  262           1    0.001576       4.297     0.000    67    3    0           1    0     67      7     67      5    T0953s1TS089-D1.pdb:A  SCOP d1k76a_
  263           1   0.0001206       6.346     0.000    67    4    0           1    0     67      7     67     14    T0953s1TS089-D1.pdb:A  SCOP d1bvva_
  264           1   0.0004075       6.346     0.000    67    4    0           1    0     67      7     67     14    T0953s1TS089-D1.pdb:A  SCOP d1c5ia_
  265           1     0.08445       5.185     0.000    67    3    0           1    0     67      7     67      6    T0953s1TS089-D1.pdb:A  SCOP d5fiva_
  266           1          -0        4.26     0.000    67    3    0           1    0     67      7     67     15    T0953s1TS089-D1.pdb:A  SCOP d1xnda_
  267           1   1.999e-06       6.073     0.000    67    4    0           1    0     67      7     67     14    T0953s1TS089-D1.pdb:A  SCOP d1xyna_
  268           1          -0       3.903     0.000    67    3    0           1    0     67      7     67     15    T0953s1TS089-D1.pdb:A  SCOP d1xyoa_
  269           1          -0       3.903     0.000    67    3    0           1    0     67      7     67     15    T0953s1TS089-D1.pdb:A  SCOP d1enxa_
  270           1          -0       3.903     0.000    67    3    0           1    0     67      7     67     15    T0953s1TS089-D1.pdb:A  SCOP d1xypa_
  271           1          -0       3.903     0.000    67    3    0           1    0     67      7     67     15    T0953s1TS089-D1.pdb:A  SCOP d1reda_
  272           1          -0       3.903     0.000    67    3    0           1    0     67      7     67     15    T0953s1TS089-D1.pdb:A  SCOP d1reea_
  273           1          -0       3.903     0.000    67    3    0           1    0     67      7     67     15    T0953s1TS089-D1.pdb:A  SCOP d1refa_
  274           1          -0       4.829     0.000    67    3    0           1    0     67      7     67     15    T0953s1TS089-D1.pdb:A  SCOP d1ynaa_
  275           1   0.0004668        6.63     0.000    67    4    0           1    0     67      7     67     16    T0953s1TS089-D1.pdb:A  SCOP d1ukra_
  276           1          -0       3.743     0.000    67    3    0           1    0     67      7     67     15    T0953s1TS089-D1.pdb:A  SCOP d1bk1a_
  277           1          -0       3.808     0.000    67    3    0           1    0     67      7     67     15    T0953s1TS089-D1.pdb:A  SCOP d1pvxa_
  278           1          -0       3.808     0.000    67    3    0           1    0     67      7     67     15    T0953s1TS089-D1.pdb:A  SCOP d1f5ja_
  279           1          -0       3.406     0.000    67    2    0           1    0     67      7     67      8    T0953s1TS089-D1.pdb:A  SCOP d1h1aa_
  280           1          -0       3.644     0.000    67    3    0           1    0     67      7     67     15    T0953s1TS089-D1.pdb:A  SCOP d1m4wa_
  281           1          -0         1.6     0.000    67    3    0           1    0     67      7     67     11    T0953s1TS089-D1.pdb:A  SCOP d2nlra_
  282           1          -0         1.6     0.000    67    3    0           1    0     67      7     67     11    T0953s1TS089-D1.pdb:A  SCOP d1nlra_
  283           1          -0       1.573     0.000    67    3    0           1    0     67      7     67     11    T0953s1TS089-D1.pdb:A  SCOP d1oa4a_
  284           1     0.08445       5.185     0.000    67    3    0           1    0     67      7     67      6    T0953s1TS089-D1.pdb:A  SCOP d1fiva_
  285           1          -0       3.073     0.000    67    2    0           1    0     67      7     67     10    T0953s1TS089-D1.pdb:A  SCOP d1olra_
  286           1          -0       3.073     0.000    67    2    0           1    0     67      7     67      9    T0953s1TS089-D1.pdb:A  SCOP d1uu6a_
  287           1          -0       3.073     0.000    67    2    0           1    0     67      7     67      9    T0953s1TS089-D1.pdb:A  SCOP d1w2ua_
  288           1          -0       3.073     0.000    67    2    0           1    0     67      7     67      9    T0953s1TS089-D1.pdb:A  SCOP d1uu4a_
  289           1          -0       3.073     0.000    67    2    0           1    0     67      7     67     10    T0953s1TS089-D1.pdb:A  SCOP d1uu5a_
  290           1      0.4912       4.178     0.000    67    2    0           1    0     67      7     67      8    T0953s1TS089-D1.pdb:A  SCOP d1ks5a_
  291           1   0.0006265       3.678     0.000    67    2    0           1    0     67      7     67      7    T0953s1TS089-D1.pdb:A  SCOP d1ks4a_
  292           1          -0         1.6     0.000    67    3    0           1    0     67      7     67     15    T0953s1TS089-D1.pdb:A  SCOP d1p2na_
  293           1          -0         1.6     0.000    67    3    0           1    0     67      7     67     15    T0953s1TS089-D1.pdb:A  SCOP d1p2qa_
  294           1          -0         1.6     0.000    67    4    0           1    0     67      7     67     17    T0953s1TS089-D1.pdb:A  SCOP d1g2la_
  295           1     0.01972       4.906     0.000    67    2    0           1    0     67      7     67      9    T0953s1TS089-D1.pdb:A  SCOP d1hkoa_
  296           1          -0         1.6     0.000    67    4    0           1    0     67      7     67     18    T0953s1TS089-D1.pdb:A  SCOP d2cgaa_
  297           1          -0         1.6     0.000    67    3    0           1    0     67      7     67     15    T0953s1TS089-D1.pdb:A  SCOP d1gcda_
  298           1          -0         1.6     0.000    67    3    0           1    0     67      7     67     15    T0953s1TS089-D1.pdb:A  SCOP d1p2oa_
  299           1          -0       2.352     0.000    67    4    0           1    0     67      7     67     16    T0953s1TS089-D1.pdb:A  SCOP d1op2a_
  300           1          -0       2.352     0.000    67    4    0           1    0     67      7     67     16    T0953s1TS089-D1.pdb:A  SCOP d1op0a_
  301           1          -0       2.352     0.000    67    3    0           1    0     67      7     67     15    T0953s1TS089-D1.pdb:A  SCOP d1dfpa_
  302           1          -0       2.352     0.000    67    4    0           1    0     67      7     67     19    T0953s1TS089-D1.pdb:A  SCOP d1gvza_
  303           1          -0         1.6     0.000    67    4    0           1    0     67      7     67     17    T0953s1TS089-D1.pdb:A  SCOP d1tona_
  304           1          -0       2.352     0.000    67    3    0           1    0     67      7     67     15    T0953s1TS089-D1.pdb:A  SCOP d1l2ea_
  305           1          -0       2.352     0.000    67    4    0           1    0     67      7     67     16    T0953s1TS089-D1.pdb:A  SCOP d2kai.1
  306           1          -0       3.855     0.000    67    3    0           1    0     67      7     67     14    T0953s1TS089-D1.pdb:A  SCOP d1dbua_
  307           1          -0       3.051     0.000    67    3    0           1    0     67      7     67     15    T0953s1TS089-D1.pdb:A  SCOP d1a0la_
  308           1          -0           2     0.000    67    3    0           1    0     67      7     67     15    T0953s1TS089-D1.pdb:A  SCOP d1fy1a_
  309           1          -0       4.431     0.000    67    4    0           1    0     67      7     67     16    T0953s1TS089-D1.pdb:A  SCOP d1ae5a_
  310           1          -0           2     0.000    67    3    0           1    0     67      7     67     15    T0953s1TS089-D1.pdb:A  SCOP d1fy3a_
  311           1          -0           2     0.000    67    3    0           1    0     67      7     67     15    T0953s1TS089-D1.pdb:A  SCOP d1a7sa_
  312           1          -0       2.352     0.000    67    4    0           1    0     67      7     67     15    T0953s1TS089-D1.pdb:A  SCOP d1h1ba_
  313           1          -0       2.352     0.000    67    4    0           1    0     67      7     67     18    T0953s1TS089-D1.pdb:A  SCOP d1mh0a_
  314           1          -0       1.325     0.000    67    2    0           1    0     67      7     67      9    T0953s1TS089-D1.pdb:A  SCOP d1r67a_
  315           1          -0       2.352     0.000    67    4    0           1    0     67      7     67     18    T0953s1TS089-D1.pdb:A  SCOP d1d9ia_
  316           1          -0       3.979     0.000    67    2    0           1    0     67      7     67      5    T0953s1TS089-D1.pdb:A  SCOP d1whma_
  317           1          -0       1.922     0.000    67    2    0           1    0     67      7     67      5    T0953s1TS089-D1.pdb:A  SCOP d1whla_
  318           1          -0       1.444     0.000    67    3    0           1    0     67      7     67     15    T0953s1TS089-D1.pdb:A  SCOP d1eq9a_
  319           1          -0       2.352     0.000    67    4    0           1    0     67      7     67     16    T0953s1TS089-D1.pdb:A  SCOP d1azza_
  320           1          -0       2.352     0.000    67    4    0           1    0     67      7     67     16    T0953s1TS089-D1.pdb:A  SCOP d1npma_
  321           1          -0       3.855     0.000    67    4    0           1    0     67      7     67     10    T0953s1TS089-D1.pdb:A  SCOP d2bowa_
  322           1    0.007788       3.478     0.000    67    2    0           1    0     67      7     67      3    T0953s1TS089-D1.pdb:A  SCOP d1h3ha_
  323           1          -0       2.972     0.000    67    4    0           1    0     67      7     67     20    T0953s1TS089-D1.pdb:A  SCOP d1p9sa_
  324           1          -0       2.972     0.000    67    4    0           1    0     67      7     67     19    T0953s1TS089-D1.pdb:A  SCOP d1p9ua_
  325           1          -0       2.972     0.000    67    4    0           1    0     67      7     67     19    T0953s1TS089-D1.pdb:A  SCOP d1lvoa_
  326           1          -0       3.363     0.000    67    4    0           1    0     67      7     67     18    T0953s1TS089-D1.pdb:A  SCOP d1qa7a_
  327           1          -0       3.239     0.000    67    2    0           1    0     67      7     67      8    T0953s1TS089-D1.pdb:A  SCOP d1bb9a_
  328           1          -0       2.623     0.000    67    3    0           1    0     67      7     67     11    T0953s1TS089-D1.pdb:A  SCOP d1bt7a_
  329           1          -0       2.582     0.000    67    2    0           1    0     67      7     67      7    T0953s1TS089-D1.pdb:A  SCOP d1k0xa_
  330           1          -0       3.979     0.000    67    4    0           1    0     67      7     67     13    T0953s1TS089-D1.pdb:A  SCOP d1dxwa_
  331           1          -0       2.272     0.000    67    3    0           1    0     67      7     67     14    T0953s1TS089-D1.pdb:A  SCOP d1rgq.1
  332           1          -0       2.382     0.000    67    2    0           1    0     67      7     67      7    T0953s1TS089-D1.pdb:A  SCOP d1j03a_
  333           1          -0       2.352     0.000    67    4    0           1    0     67      7     67     16    T0953s1TS089-D1.pdb:A  SCOP d1pqaa_
  334           1          -0       2.352     0.000    67    4    0           1    0     67      7     67     16    T0953s1TS089-D1.pdb:A  SCOP d1ppza_
  335           1   3.493e-05       2.915     0.000    67    2    0           1    0     67      7     67      8    T0953s1TS089-D1.pdb:A  SCOP d1cxya_
  336           1          -0         1.6     0.000    67    4    0           1    0     67      7     67     15    T0953s1TS089-D1.pdb:A  SCOP d1op8a_
  337           1          -0         1.6     0.000    67    4    0           1    0     67      7     67     15    T0953s1TS089-D1.pdb:A  SCOP d1orfa_
  338           1          -0       2.352     0.000    67    3    0           1    0     67      7     67     14    T0953s1TS089-D1.pdb:A  SCOP d1buia_
  339           1          -0       2.352     0.000    67    4    0           1    0     67      7     67     16    T0953s1TS089-D1.pdb:A  SCOP d1iqea_
  340           1          -0         1.6     0.000    67    4    0           1    0     67      7     67     17    T0953s1TS089-D1.pdb:A  SCOP d1iqja_
  341           1          -0         1.6     0.000    67    3    0           1    0     67      7     67     15    T0953s1TS089-D1.pdb:A  SCOP d1g2ma_
  342           1          -0       2.352     0.000    67    4    0           1    0     67      7     67     17    T0953s1TS089-D1.pdb:A  SCOP d1ioea_
  343           1          -0       2.352     0.000    67    3    0           1    0     67      7     67     15    T0953s1TS089-D1.pdb:A  SCOP d1iqha_
  344           1          -0         1.6     0.000    67    4    0           1    0     67      7     67     17    T0953s1TS089-D1.pdb:A  SCOP d1iqna_
  345           1          -0       2.352     0.000    67    4    0           1    0     67      7     67     16    T0953s1TS089-D1.pdb:A  SCOP d1iqga_
  346           1          -0       2.352     0.000    67    4    0           1    0     67      7     67     17    T0953s1TS089-D1.pdb:A  SCOP d1ksna_
  347           1          -0       2.352     0.000    67    4    0           1    0     67      7     67     17    T0953s1TS089-D1.pdb:A  SCOP d1ezqa_
  348           1          -0       3.239     0.000    67    2    0           1    0     67      7     67      6    T0953s1TS089-D1.pdb:A  SCOP d1je3a_
  349           1          -0         1.6     0.000    67    3    0           1    0     67      7     67     15    T0953s1TS089-D1.pdb:A  SCOP d1p2ma_
  350           1          -0       2.623     0.000    67    2    0           1    0     67      7     67      9    T0953s1TS089-D1.pdb:A  SCOP d1ftca_
  351           1          -0       2.623     0.000    67    2    0           1    0     67      7     67      9    T0953s1TS089-D1.pdb:A  SCOP d1gaoa_
  352           1          -0       2.623     0.000    67    2    0           1    0     67      7     67      9    T0953s1TS089-D1.pdb:A  SCOP d1frla_
  353           1          -0       2.623     0.000    67    2    0           1    0     67      7     67      9    T0953s1TS089-D1.pdb:A  SCOP d1frxa_
  354           1   2.011e-07       3.865     0.000    67    2    0           1    0     67      7     67      9    T0953s1TS089-D1.pdb:A  SCOP d1b0va_
  355           1          -0       2.336     0.000    67    3    0           1    0     67      7     67     13    T0953s1TS089-D1.pdb:A  SCOP d1x99a_
  356           1          -0       3.979     0.000    67    3    0           1    0     67      7     67     13    T0953s1TS089-D1.pdb:A  SCOP d1y2ta_
  357           1          -0       5.713     0.000    67    3    0           1    0     67      7     67     12    T0953s1TS089-D1.pdb:A  SCOP d1y2wa_
  358           1          -0       5.713     0.000    67    3    0           1    0     67      7     67     12    T0953s1TS089-D1.pdb:A  SCOP d1y2ua_
  359           1          -0       5.713     0.000    67    3    0           1    0     67      7     67     12    T0953s1TS089-D1.pdb:A  SCOP d1y2va_
  360           1          -0       5.713     0.000    67    3    0           1    0     67      7     67     12    T0953s1TS089-D1.pdb:A  SCOP d1y2xa_
  361           1          -0  1.798e+308     0.000    67    2    0           1    0     67      7     67     10    T0953s1TS089-D1.pdb:A  SCOP d1dp6a_
  362           1          -0       3.251     0.000    67    4    0           1    0     67      7     67     16    T0953s1TS089-D1.pdb:A  SCOP d1kuua_
  363           1          -0       2.851     0.000    67    4    0           1    0     67      7     67     16    T0953s1TS089-D1.pdb:A  SCOP d1thua_
  364           1          -0       2.623     0.000    67    2    0           1    0     67      7     67      7    T0953s1TS089-D1.pdb:A  SCOP d1h98a_
  365           1          -0  1.798e+308     0.000    67    2    0           1    0     67      7     67     10    T0953s1TS089-D1.pdb:A  SCOP d1drma_
  366           1          -0  1.798e+308     0.000    67    2    0           1    0     67      7     67     10    T0953s1TS089-D1.pdb:A  SCOP d1dp9a_
  367           1          -0       2.043     0.000    67    3    0           1    0     67      7     67      7    T0953s1TS089-D1.pdb:A  SCOP d1uhta_
  368           1          -0       4.259     0.000    67    3    0           1    0     67      7     67      7    T0953s1TS089-D1.pdb:A  SCOP d1r21a_
  369           1          -0       4.151     0.000    67    4    0           1    0     67      7     67      9    T0953s1TS089-D1.pdb:A  SCOP d1sa8a_
  370           1          -0  1.798e+308     0.000    67    3    0           1    0     67      7     67     10    T0953s1TS089-D1.pdb:A  SCOP d1lt0a_
  371           1          -0  1.798e+308     0.000    67    2    0           1    0     67      7     67     10    T0953s1TS089-D1.pdb:A  SCOP d1lsxa_
  372           1          -0       3.979     0.000    67    2    0           1    0     67      7     67      7    T0953s1TS089-D1.pdb:A  SCOP d2exga1
  373           1          -0       3.855     0.000    67    2    0           1    0     67      7     67      7    T0953s1TS089-D1.pdb:A  SCOP d1xz9a1
  374           1          -0  1.798e+308     0.000    67    3    0           1    0     67      7     67     12    T0953s1TS089-D1.pdb:A  SCOP d1qqsa_
  375           1   2.845e-14       3.177     0.000    67    2    0           1    0     67      7     67      5    T0953s1TS089-D1.pdb:A  SCOP d1whda_
  376           1          -0       1.364     0.000    67    3    0           1    0     67      7     67     10    T0953s1TS089-D1.pdb:A  SCOP d1hqpa_
  377           1          -0       1.364     0.000    67    3    0           1    0     67      7     67     11    T0953s1TS089-D1.pdb:A  SCOP d1e00a_
  378           1          -0       3.177     0.000    67    2    0           1    0     67      7     67      7    T0953s1TS089-D1.pdb:A  SCOP d1wg6a_
  379           1          -0       3.531     0.000    67    2    0           1    0     67      7     67      8    T0953s1TS089-D1.pdb:A  SCOP d1okoa_
  380           1          -0       2.623     0.000    67    2    0           1    0     67      7     67      9    T0953s1TS089-D1.pdb:A  SCOP d7fd1a_
  381           1          -0       2.623     0.000    67    2    0           1    0     67      7     67      9    T0953s1TS089-D1.pdb:A  SCOP d6fd1a_
  382           1          -0       2.623     0.000    67    2    0           1    0     67      7     67      9    T0953s1TS089-D1.pdb:A  SCOP d1pc4a_
  383           1          -0       2.623     0.000    67    2    0           1    0     67      7     67      9    T0953s1TS089-D1.pdb:A  SCOP d1f5ba_
  384           1   2.011e-07       3.865     0.000    67    2    0           1    0     67      7     67      8    T0953s1TS089-D1.pdb:A  SCOP d1d3wa_
  385           1   2.011e-07       3.865     0.000    67    2    0           1    0     67      7     67      9    T0953s1TS089-D1.pdb:A  SCOP d1pc5a_
  386           1          -0           2     0.000    67    2    0           1    0     67      7     67      8    T0953s1TS089-D1.pdb:A  SCOP d1f5ca_
  387           1          -0       2.623     0.000    67    2    0           1    0     67      7     67      9    T0953s1TS089-D1.pdb:A  SCOP d1g3oa_
  388           1          -0       2.623     0.000    67    2    0           1    0     67      7     67      9    T0953s1TS089-D1.pdb:A  SCOP d5fd1a_
  389           1          -0       4.317     0.000    67    3    0           1    0     67      7     67      9    T0953s1TS089-D1.pdb:A  SCOP d1r75a_
  390           1          -0       2.623     0.000    67    2    0           1    0     67      7     67      9    T0953s1TS089-D1.pdb:A  SCOP d1fdda_
  391           1          -0       2.623     0.000    67    2    0           1    0     67      7     67      9    T0953s1TS089-D1.pdb:A  SCOP d2fd2a_
  392           1          -0       2.623     0.000    67    2    0           1    0     67      7     67      9    T0953s1TS089-D1.pdb:A  SCOP d1fd2a_
  393           1          -0       2.623     0.000    67    2    0           1    0     67      7     67      8    T0953s1TS089-D1.pdb:A  SCOP d1g6ba_
  394           1          -0       2.623     0.000    67    2    0           1    0     67      7     67      9    T0953s1TS089-D1.pdb:A  SCOP d1fdaa_
  395           1          -0       2.623     0.000    67    2    0           1    0     67      7     67      9    T0953s1TS089-D1.pdb:A  SCOP d1fera_
  396           1          -0       2.623     0.000    67    2    0           1    0     67      7     67      9    T0953s1TS089-D1.pdb:A  SCOP d1fria_
  397           1          -0       2.623     0.000    67    2    0           1    0     67      7     67      8    T0953s1TS089-D1.pdb:A  SCOP d1b0ta_
  398           1          -0       2.623     0.000    67    2    0           1    0     67      7     67      8    T0953s1TS089-D1.pdb:A  SCOP d1a6la_
  399           1          -0       1.906     0.000    67    2    0           1    0     67      7     67      7    T0953s1TS089-D1.pdb:A  SCOP d1tnfa_
  400           1          -0       2.623     0.000    67    2    0           1    0     67      7     67      8    T0953s1TS089-D1.pdb:A  SCOP d1frka_
  401           1   3.431e-10       3.599     0.000    67    2    0           1    0     67      7     67      9    T0953s1TS089-D1.pdb:A  SCOP d1frja_
  402           1          -0       2.623     0.000    67    2    0           1    0     67      7     67      9    T0953s1TS089-D1.pdb:A  SCOP d1ff2a_
  403           1          -0       2.623     0.000    67    2    0           1    0     67      7     67      9    T0953s1TS089-D1.pdb:A  SCOP d1fdba_
  404           1          -0       2.623     0.000    67    2    0           1    0     67      7     67      9    T0953s1TS089-D1.pdb:A  SCOP d1axqa_
  405           1          -0       2.623     0.000    67    2    0           1    0     67      7     67      9    T0953s1TS089-D1.pdb:A  SCOP d1frma_
  406           1          -0  1.798e+308     0.000    67    2    0           1    0     67      7     67      6    T0953s1TS089-D1.pdb:A  SCOP d1gr3a_
  407           1          -0       2.623     0.000    67    2    0           1    0     67      7     67      8    T0953s1TS089-D1.pdb:A  SCOP d1frha_
  408           1          -0       2.623     0.000    67    2    0           1    0     67      7     67     10    T0953s1TS089-D1.pdb:A  SCOP d1mvea_
  409           1          -0        2.13     0.000    67    2    0           1    0     67      7     67     10    T0953s1TS089-D1.pdb:A  SCOP d1slta_
  410           1          -0       1.949     0.000    67    3    0           1    0     67      7     67     11    T0953s1TS089-D1.pdb:A  SCOP d1slca_
  411           1          -0        2.13     0.000    67    2    0           1    0     67      7     67     10    T0953s1TS089-D1.pdb:A  SCOP d1gzwa_
  412           1          -0       3.177     0.000    67    4    0           1    0     67      7     67     10    T0953s1TS089-D1.pdb:A  SCOP d1mvpa_
  413           1          -0       3.958     0.000    67    3    0           1    0     67      7     67     11    T0953s1TS089-D1.pdb:A  SCOP d4gala_
  414           1          -0       3.958     0.000    67    3    0           1    0     67      7     67     11    T0953s1TS089-D1.pdb:A  SCOP d5gala_
  415           1          -0       1.125     0.000    67    3    0           1    0     67      7     67     13    T0953s1TS089-D1.pdb:A  SCOP d1g86a_
  416           1          -0       1.125     0.000    67    3    0           1    0     67      7     67     13    T0953s1TS089-D1.pdb:A  SCOP d1lcla_
  417           1          -0       1.125     0.000    67    3    0           1    0     67      7     67     13    T0953s1TS089-D1.pdb:A  SCOP d1hdka_
  418           1          -0       1.125     0.000    67    3    0           1    0     67      7     67     13    T0953s1TS089-D1.pdb:A  SCOP d1qkqa_
  419           1          -0       3.177     0.000    67    4    0           1    0     67      7     67      9    T0953s1TS089-D1.pdb:A  SCOP d1baia_
  420           1          -0       3.177     0.000    67    4    0           1    0     67      7     67     10    T0953s1TS089-D1.pdb:A  SCOP d2rspa_
  421           1          -0       2.358     0.000    67    3    0           1    0     67      7     67     11    T0953s1TS089-D1.pdb:A  SCOP d1c1fa_
  422           1          -0       1.364     0.000    67    3    0           1    0     67      7     67     11    T0953s1TS089-D1.pdb:A  SCOP d1is3a_
  423           1          -0       1.364     0.000    67    3    0           1    0     67      7     67     11    T0953s1TS089-D1.pdb:A  SCOP d1is6a_
  424           1          -0       1.364     0.000    67    3    0           1    0     67      7     67     11    T0953s1TS089-D1.pdb:A  SCOP d1is4a_
  425           1          -0       1.364     0.000    67    3    0           1    0     67      7     67     11    T0953s1TS089-D1.pdb:A  SCOP d1is5a_
  426           1     0.08445       5.185     0.000    67    3    0           1    0     67      7     67      6    T0953s1TS089-D1.pdb:A  SCOP d2fiva_
  427           1          -0       3.671     0.000    67    3    0           1    0     67      7     67     15    T0953s1TS089-D1.pdb:A  SCOP d1pz7a_
  428           1     0.08445       5.185     0.000    67    3    0           1    0     67      7     67      6    T0953s1TS089-D1.pdb:A  SCOP d3fiva_
  429           1     0.08445       5.185     0.000    67    3    0           1    0     67      7     67      6    T0953s1TS089-D1.pdb:A  SCOP d1b11a_
  430           1   0.0004075       6.346     0.000    67    4    0           1    0     67      7     67     14    T0953s1TS089-D1.pdb:A  SCOP d1xnba_
  431           1   0.0004075       6.346     0.000    67    4    0           1    0     67      7     67     14    T0953s1TS089-D1.pdb:A  SCOP d2bvva_
  432           1   0.0004075       6.346     0.000    67    4    0           1    0     67      7     67     14    T0953s1TS089-D1.pdb:A  SCOP d1c5ha_
  433           1   0.0004075       6.346     0.000    67    4    0           1    0     67      7     67     14    T0953s1TS089-D1.pdb:A  SCOP d1xnca_
  434           1   0.0001206       6.346     0.000    67    4    0           1    0     67      7     67     14    T0953s1TS089-D1.pdb:A  SCOP d1hv0a_
  435           1   0.0004075       6.346     0.000    67    4    0           1    0     67      7     67     14    T0953s1TS089-D1.pdb:A  SCOP d1bcxa_
  436           1   0.0004075       6.346     0.000    67    4    0           1    0     67      7     67     14    T0953s1TS089-D1.pdb:A  SCOP d1hv1a_
  437           1          -0       1.364     0.000    67    3    0           1    0     67      7     67     11    T0953s1TS089-D1.pdb:A  SCOP d1dzja_
  438           1          -0       1.364     0.000    67    3    0           1    0     67      7     67     11    T0953s1TS089-D1.pdb:A  SCOP d1dzpa_
  439           1          -0       1.364     0.000    67    3    0           1    0     67      7     67     11    T0953s1TS089-D1.pdb:A  SCOP d1dzka_
  440           1          -0       2.538     0.000    67    3    0           1    0     67      7     67      8    T0953s1TS089-D1.pdb:A  SCOP d1wfga_
  441           1          -0       4.159     0.000    67    3    0           1    0     67      7     67     13    T0953s1TS089-D1.pdb:A  SCOP d3cnaa_
  442           1          -0         1.6     0.000    67    2    0           1    0     67      7     67      7    T0953s1TS089-D1.pdb:A  SCOP d1v62a_
  443           1          -0  1.798e+308     0.000    67    4    0           1    0     67      7     67     17    T0953s1TS089-D1.pdb:A  SCOP d1mqba_
  444           1          -0       3.994     0.000    67    2    0           1    0     67      7     67      7    T0953s1TS089-D1.pdb:A  SCOP d1whaa_
  445           1          -0       2.066     0.000    67    2    0           1    0     67      7     67      7    T0953s1TS089-D1.pdb:A  SCOP d1uhpa_
  446           1   2.326e-09       3.686     0.000    67    4    0           1    0     67      7     67     15    T0953s1TS089-D1.pdb:A  SCOP d1bi7a_
  447           1          -0       3.808     0.000    67    4    0           1    0     67      7     67     17    T0953s1TS089-D1.pdb:A  SCOP d1bi8a_
  448           1          -0       2.729     0.000    67    2    0           1    0     67      7     67      7    T0953s1TS089-D1.pdb:A  SCOP d1uf1a_
  449           1          -0         1.6     0.000    67    2    0           1    0     67      7     67      6    T0953s1TS089-D1.pdb:A  SCOP d1ufxa_
  450           1          -0       2.876     0.000    67    3    0           1    0     67      7     67     13    T0953s1TS089-D1.pdb:A  SCOP d1jq6a_
  451           1          -0         1.6     0.000    67    2    0           1    0     67      7     67      7    T0953s1TS089-D1.pdb:A  SCOP d1ujva_
  452           1          -0       3.177     0.000    67    3    0           1    0     67      7     67     10    T0953s1TS089-D1.pdb:A  SCOP d1b55a_
  453           1          -0       3.556     0.000    67    4    0           1    0     67      7     67      9    T0953s1TS089-D1.pdb:A  SCOP d1mpha_
  454           1    0.004625       4.783     0.000    67    4    0           1    0     67      7     67      8    T0953s1TS089-D1.pdb:A  SCOP d1btna_
  455           1          -0         1.6     0.000    67    3    0           1    0     67      7     67     15    T0953s1TS089-D1.pdb:A  SCOP d1h4wa_
  456           1          -0       2.887     0.000    67    2    0           1    0     67      7     67      7    T0953s1TS089-D1.pdb:A  SCOP d1m5za_
  457           1          -0       2.382     0.000    67    2    0           1    0     67      7     67     10    T0953s1TS089-D1.pdb:A  SCOP d1pt0a_
  458           1          -0       3.073     0.000    67    3    0           1    0     67      7     67     11    T0953s1TS089-D1.pdb:A  SCOP d1pyu.1
  459           1          -0       3.855     0.000    67    2    0           1    0     67      7     67      9    T0953s1TS089-D1.pdb:A  SCOP d1pqha_
  460           1          -0       2.623     0.000    67    3    0           1    0     67      7     67     15    T0953s1TS089-D1.pdb:A  SCOP d1fnya_
  461           1          -0       2.623     0.000    67    3    0           1    0     67      7     67     15    T0953s1TS089-D1.pdb:A  SCOP d1fnza_
  462           1          -0       3.073     0.000    67    3    0           1    0     67      7     67     12    T0953s1TS089-D1.pdb:A  SCOP d1aw8.1
  463           1          -0       2.623     0.000    67    3    0           1    0     67      7     67     15    T0953s1TS089-D1.pdb:A  SCOP d1g8wa_
  464           1          -0  1.798e+308     0.000    67    3    0           1    0     67      7     67     13    T0953s1TS089-D1.pdb:A  SCOP d1wc5a_
  465           1          -0       2.907     0.000    67    2    0           1    0     67      7     67     10    T0953s1TS089-D1.pdb:A  SCOP d1bw3a_
  466           1          -0       3.051     0.000    67    4    0           1    0     67      7     67     16    T0953s1TS089-D1.pdb:A  SCOP d1ic6a_
  467           1          -0       2.352     0.000    67    4    0           1    0     67      7     67     17    T0953s1TS089-D1.pdb:A  SCOP d1dbia_
  468           1          -0       3.979     0.000    67    3    0           1    0     67      7     67     14    T0953s1TS089-D1.pdb:A  SCOP d1tiea_
  469           1          -0       5.372     0.000    67    2    0           1    0     67      7     67      9    T0953s1TS089-D1.pdb:A  SCOP d1g1ca_
  470           1          -0       5.614     0.000    67    4    0           1    0     67      7     67     12    T0953s1TS089-D1.pdb:A  SCOP d1dqoa_
  471           1          -0  1.798e+308     0.000    67    3    0           1    0     67      7     67     15    T0953s1TS089-D1.pdb:A  SCOP d1f38a_
  472           1          -0       5.614     0.000    67    4    0           1    0     67      7     67     12    T0953s1TS089-D1.pdb:A  SCOP d1fwva_
  473           1          -0       3.307     0.000    67    5    0           1    0     67      7     67     18    T0953s1TS089-D1.pdb:A  SCOP d1pv1a_
  474           1          -0       1.186     0.000    67    2    0           1    0     67      7     67      7    T0953s1TS089-D1.pdb:A  SCOP d2ncma_
  475           1          -0       5.614     0.000    67    4    0           1    0     67      7     67     13    T0953s1TS089-D1.pdb:A  SCOP d1fwua_
  476           1          -0       2.815     0.000    67    3    0           1    0     67      7     67      7    T0953s1TS089-D1.pdb:A  SCOP d1py4a_
  477           1          -0       2.947     0.000    67    3    0           1    0     67      7     67      8    T0953s1TS089-D1.pdb:A  SCOP d1ldsa_
  478           1          -0       3.343     0.000    67    3    0           1    0     67      7     67      7    T0953s1TS089-D1.pdb:A  SCOP d1bmga_
  479           1       1.137       4.138     0.000    67    2    0           1    0     67      7     67      2    T0953s1TS089-D1.pdb:A  SCOP d1pfta_
  480           1          -0       2.717     0.000    67    2    0           1    0     67      7     67      8    T0953s1TS089-D1.pdb:A  SCOP d1vesa_
  481           1          -0       5.614     0.000    67    4    0           1    0     67      7     67     13    T0953s1TS089-D1.pdb:A  SCOP d1dqga_
  482           1          -0       3.453     0.000    67    3    0           1    0     67      7     67     12    T0953s1TS089-D1.pdb:A  SCOP d1t9fa_
  483           1          -0       3.073     0.000    67    3    0           1    0     67      7     67     12    T0953s1TS089-D1.pdb:A  SCOP d1irpa_
  484           1          -0       4.138     0.000    67    3    0           1    0     67      7     67     12    T0953s1TS089-D1.pdb:A  SCOP d2miba_
  485           1          -0       4.524     0.000    67    3    0           1    0     67      7     67     13    T0953s1TS089-D1.pdb:A  SCOP d8i1ba_
  486           1          -0  1.798e+308     0.000    67    3    0           1    0     67      7     67     15    T0953s1TS089-D1.pdb:A  SCOP d1mv5a_
  487           1          -0       4.577     0.000    67    3    0           1    0     67      7     67     13    T0953s1TS089-D1.pdb:A  SCOP d7i1ba_
  488           1          -0       4.577     0.000    67    3    0           1    0     67      7     67     13    T0953s1TS089-D1.pdb:A  SCOP d6i1ba_
  489           1          -0       4.138     0.000    67    3    0           1    0     67      7     67     13    T0953s1TS089-D1.pdb:A  SCOP d1ioba_
  490           1          -0       4.138     0.000    67    3    0           1    0     67      7     67     13    T0953s1TS089-D1.pdb:A  SCOP d41bia_
  491           1          -0       4.138     0.000    67    3    0           1    0     67      7     67     12    T0953s1TS089-D1.pdb:A  SCOP d1itba_
  492           1          -0       2.416     0.000    67    2    0           1    0     67      7     67      8    T0953s1TS089-D1.pdb:A  SCOP d1oaza_
  493           1     0.02786       3.714     0.000    67    2    0           1    0     67      7     67      3    T0953s1TS089-D1.pdb:A  SCOP d1bnba_
  494           1          -0       3.979     0.000    67    2    0           1    0     67      7     67      9    T0953s1TS089-D1.pdb:A  SCOP d1t3ka_
