<html><head></head><body><pre style="word-wrap: break-word; white-space: pre-wrap;"> PDBe Fold v2.59. (src3) 14 Apr 2014 result file.

                   RESULT SUMMARY

   ##      Q-score      P-score     Z-score   RMSD    Nalgn Nsse Ngaps Seq-%     Nmd Nres-Q Nsse-Q Nres-T Nsse-T Query Target
    1      0.7034       1.033       4.703     0.000   130    2    7           1    0    155      8    155      7    T0957s2TS354-D1.pdb:A  SCOP d1rj4a_
    2       0.681     0.08862       4.859     0.000   122    4    6           1    0    155      8    141     10    T0957s2TS354-D1.pdb:A  SCOP d5eaua1
    3      0.6713       2.027       6.166     0.000   127    4    7           1    0    155      8    155      6    T0957s2TS354-D1.pdb:A  SCOP d1pc2a_
    4      0.6713    0.002601       6.337     0.000   127    5    8           1    0    155      8    155     19    T0957s2TS354-D1.pdb:A  SCOP d1aowa_
    5      0.6713       3.826       7.132     0.000   127    5    4           1    0    155      8    155      6    T0957s2TS354-D1.pdb:A  SCOP d1te4a_
    6      0.6608       2.991       6.144     0.000   126    2    5           1    0    155      8    155      4    T0957s2TS354-D1.pdb:A  SCOP d1j7ra_
    7      0.6608      0.3529       4.661     0.000   126    4    6           1    0    155      8    155      6    T0957s2TS354-D1.pdb:A  SCOP d1n0qa_
    8      0.6504      0.6678       4.979     0.000   125    2    6           1    0    155      8    155      6    T0957s2TS354-D1.pdb:A  SCOP d1s3ta_
    9      0.6504      0.7817       5.113     0.000   125    2    6           1    0    155      8    155      6    T0957s2TS354-D1.pdb:A  SCOP d3ubpa_
   10      0.6504      0.7817       5.113     0.000   125    2    6           1    0    155      8    155      6    T0957s2TS354-D1.pdb:A  SCOP d2ubpa_
   11      0.6504      0.7817       5.113     0.000   125    2    6           1    0    155      8    155      6    T0957s2TS354-D1.pdb:A  SCOP d1ie7a_
   12      0.6504      0.6678       4.979     0.000   125    2    6           1    0    155      8    155      6    T0957s2TS354-D1.pdb:A  SCOP d1ubpa_
   13      0.6504          -0       2.506     0.000   125    3    9           1    0    155      8    155     11    T0957s2TS354-D1.pdb:A  SCOP d1w2ya_
   14      0.6504          -0       4.018     0.000   125    3   10           1    0    155      8    155     11    T0957s2TS354-D1.pdb:A  SCOP d1s1ea_
   15      0.6504     0.07443       4.952     0.000   125    3    5           1    0    155      8    155      5    T0957s2TS354-D1.pdb:A  SCOP d1m31a_
   16      0.6504      0.7817       5.113     0.000   125    2    6           1    0    155      8    155      6    T0957s2TS354-D1.pdb:A  SCOP d4ubpa_
   17      0.6504        3.34       6.386     0.000   125    2    5           1    0    155      8    155      5    T0957s2TS354-D1.pdb:A  SCOP d2cnpa_
   18      0.6415          -0       4.604     0.000   115    3    8           1    0    155      8    133     15    T0957s2TS354-D1.pdb:A  SCOP d2btwa1
   19        0.64       2.524       5.807     0.000   124    3    6           1    0    155      8    155      4    T0957s2TS354-D1.pdb:A  SCOP d1ksoa_
   20        0.64      0.9318       6.176     0.000   124    2    7           1    0    155      8    155      6    T0957s2TS354-D1.pdb:A  SCOP d1g8ea_
   21        0.64       1.753       5.987     0.000   124    3    6           1    0    155      8    155      8    T0957s2TS354-D1.pdb:A  SCOP d1lw1a_
   22        0.64       2.639       6.405     0.000   124    3    6           1    0    155      8    155      8    T0957s2TS354-D1.pdb:A  SCOP d1me5a_
   23        0.64      0.4617       4.621     0.000   124    5    7           1    0    155      8    155      7    T0957s2TS354-D1.pdb:A  SCOP d1elwa_
   24      0.6315          -0       3.985     1.086   131    3    8      0.9695    0    155      8    155     11    T0957s2TS354-D1.pdb:A  SCOP d1s9ua_
   25      0.6297      0.7827       5.381     0.000   123    2    7           1    0    155      8    155      7    T0957s2TS354-D1.pdb:A  SCOP d1k8ua_
   26      0.6297      0.7827       5.381     0.000   123    2    7           1    0    155      8    155      6    T0957s2TS354-D1.pdb:A  SCOP d1k9pa_
   27      0.6297       1.787       6.165     0.000   123    2    6           1    0    155      8    155     10    T0957s2TS354-D1.pdb:A  SCOP d1wfra_
   28      0.6277   1.642e-06       5.558     0.000   120    2    4           1    0    155      8    148     10    T0957s2TS354-D1.pdb:A  SCOP d1d5ra2
   29      0.6195       1.962       5.374     0.000   122    2    6           1    0    155      8    155      4    T0957s2TS354-D1.pdb:A  SCOP d1k5oa_
   30      0.6195      0.5174       5.068     0.000   122    3    5           1    0    155      8    155      4    T0957s2TS354-D1.pdb:A  SCOP d1wgwa_
   31      0.6195      0.8274       5.434     0.000   122    2    7           1    0    155      8    155     10    T0957s2TS354-D1.pdb:A  SCOP d1vkka_
   32      0.6195       1.005       5.193     0.000   122    3    5           1    0    155      8    155      4    T0957s2TS354-D1.pdb:A  SCOP d1imqa_
   33      0.6195       1.732       5.194     0.000   122    2    8           1    0    155      8    155      4    T0957s2TS354-D1.pdb:A  SCOP d1pd7a_
   34      0.6094      0.1247        4.69     0.000   121    3   10           1    0    155      8    155      9    T0957s2TS354-D1.pdb:A  SCOP d2scpa_
   35      0.6094       1.435       4.949     0.000   121    2    7           1    0    155      8    155     10    T0957s2TS354-D1.pdb:A  SCOP d1o6da_
   36      0.6094          -0       4.001     0.000   121    2    7           1    0    155      8    155      9    T0957s2TS354-D1.pdb:A  SCOP d1h56a_
   37      0.6094      0.6738       5.667     0.000   121    3    8           1    0    155      8    155      5    T0957s2TS354-D1.pdb:A  SCOP d1ax8a_
   38      0.6051   0.0006354       5.151     0.000   115    3    6           1    0    155      8    141     11    T0957s2TS354-D1.pdb:A  SCOP d1hx9a1
   39      0.6051    0.004044       5.311     0.000   115    4    7           1    0    155      8    141     10    T0957s2TS354-D1.pdb:A  SCOP d1hxaa1
   40      0.5994      0.7048       6.491     0.000   120    3    9           1    0    155      8    155      8    T0957s2TS354-D1.pdb:A  SCOP d1p7na_
   41      0.5994          -0       4.694     0.000   120    2    8           1    0    155      8    155      8    T0957s2TS354-D1.pdb:A  SCOP d1lnwa_
   42      0.5994          -0       3.815     0.000   120    2    7           1    0    155      8    155      9    T0957s2TS354-D1.pdb:A  SCOP d1ni0a_
   43      0.5994       1.027        6.06     0.000   120    2    8           1    0    155      8    155      6    T0957s2TS354-D1.pdb:A  SCOP d1seda_
   44      0.5994    0.001578       4.278     0.000   120    2   11           1    0    155      8    155      9    T0957s2TS354-D1.pdb:A  SCOP d1rtwa_
   45      0.5994       2.227       5.459     0.000   120    2    6           1    0    155      8    155      5    T0957s2TS354-D1.pdb:A  SCOP d1mjpa_
   46      0.5994          -0       4.563     0.000   120    3   11           1    0    155      8    155      9    T0957s2TS354-D1.pdb:A  SCOP d1wixa_
   47      0.5994       1.766       5.512     0.000   120    3    6           1    0    155      8    155     12    T0957s2TS354-D1.pdb:A  SCOP d1qnxa_
   48      0.5994     0.01535       4.935     0.000   120    3    6           1    0    155      8    155      5    T0957s2TS354-D1.pdb:A  SCOP d1k2ha_
   49      0.5994     0.07447       5.579     0.000   120    2    7           1    0    155      8    155      9    T0957s2TS354-D1.pdb:A  SCOP d1vkca_
   50      0.5994   4.441e-13       3.783     0.000   120    2    8           1    0    155      8    155      5    T0957s2TS354-D1.pdb:A  SCOP d1ap4a_
   51      0.5977   4.442e-06       5.974     0.000   111    3    7           1    0    155      8    133     13    T0957s2TS354-D1.pdb:A  SCOP d2bu3a1
   52      0.5933       1.003       5.955     0.000   119    2    7           1    0    155      8    154      7    T0957s2TS354-D1.pdb:A  SCOP d2fbka1
   53      0.5907     0.08737       6.137     0.000   112    2    7           1    0    155      8    137      8    T0957s2TS354-D1.pdb:A  SCOP d2fbha1
   54      0.5894      0.1503       5.354     0.000   119    2    7           1    0    155      8    155      9    T0957s2TS354-D1.pdb:A  SCOP d2pvia_
   55      0.5894   2.779e-06        4.41     0.000   119    2    6           1    0    155      8    155      9    T0957s2TS354-D1.pdb:A  SCOP d1ep7a_
   56      0.5894     0.02894       4.997     0.000   119    2    6           1    0    155      8    155      6    T0957s2TS354-D1.pdb:A  SCOP d1fwia_
   57      0.5894     0.02894       4.997     0.000   119    2    6           1    0    155      8    155      6    T0957s2TS354-D1.pdb:A  SCOP d1fwfa_
   58      0.5894     0.02894       4.997     0.000   119    2    6           1    0    155      8    155      6    T0957s2TS354-D1.pdb:A  SCOP d1fwaa_
   59      0.5894     0.02894       4.997     0.000   119    2    6           1    0    155      8    155      6    T0957s2TS354-D1.pdb:A  SCOP d1fwga_
   60      0.5894     0.02894       4.997     0.000   119    2    6           1    0    155      8    155      6    T0957s2TS354-D1.pdb:A  SCOP d2kaua_
   61      0.5894     0.02894       4.997     0.000   119    2    6           1    0    155      8    155      6    T0957s2TS354-D1.pdb:A  SCOP d1fwea_
   62      0.5894      0.3532       4.778     0.000   119    2    6           1    0    155      8    155     10    T0957s2TS354-D1.pdb:A  SCOP d1nxpa_
   63      0.5894   1.758e-08       4.087     0.000   119    3    7           1    0    155      8    155     12    T0957s2TS354-D1.pdb:A  SCOP d1k66a_
   64      0.5894     0.02894       4.997     0.000   119    2    6           1    0    155      8    155      6    T0957s2TS354-D1.pdb:A  SCOP d1fwba_
   65      0.5894      0.4507       4.997     0.000   119    2    6           1    0    155      8    155      6    T0957s2TS354-D1.pdb:A  SCOP d1a5oa_
   66      0.5894     0.02894       4.997     0.000   119    2    6           1    0    155      8    155      6    T0957s2TS354-D1.pdb:A  SCOP d1fwda_
   67      0.5894      0.4507       4.997     0.000   119    2    6           1    0    155      8    155      6    T0957s2TS354-D1.pdb:A  SCOP d1krca_
   68      0.5894      0.4507       4.997     0.000   119    2    6           1    0    155      8    155      6    T0957s2TS354-D1.pdb:A  SCOP d1fwja_
   69      0.5894     0.02894       4.997     0.000   119    2    6           1    0    155      8    155      6    T0957s2TS354-D1.pdb:A  SCOP d1fwca_
   70      0.5894     0.02894       4.997     0.000   119    2    6           1    0    155      8    155      6    T0957s2TS354-D1.pdb:A  SCOP d1krba_
   71      0.5894     0.05488       5.151     0.000   119    2    6           1    0    155      8    155      6    T0957s2TS354-D1.pdb:A  SCOP d1kraa_
   72      0.5894     0.02894       4.997     0.000   119    2    6           1    0    155      8    155      6    T0957s2TS354-D1.pdb:A  SCOP d1a5la_
   73      0.5894      0.4507       4.997     0.000   119    2    6           1    0    155      8    155      6    T0957s2TS354-D1.pdb:A  SCOP d1a5ka_
   74      0.5894       2.003       5.939     0.000   119    2    8           1    0    155      8    155      8    T0957s2TS354-D1.pdb:A  SCOP d1ha7a_
   75      0.5894      0.2174       5.533     0.000   119    2    9           1    0    155      8    155      9    T0957s2TS354-D1.pdb:A  SCOP d1s3ja_
   76      0.5894      0.6937       4.379     0.000   119    2    8           1    0    155      8    155      5    T0957s2TS354-D1.pdb:A  SCOP d1t6ia_
   77      0.5894      0.8815       5.488     0.000   119    3    8           1    0    155      8    155      7    T0957s2TS354-D1.pdb:A  SCOP d1etea_
   78      0.5894    0.001578       5.894     0.000   119    2    6           1    0    155      8    155      7    T0957s2TS354-D1.pdb:A  SCOP d1jwda_
   79      0.5894          -0       3.707     0.000   119    2   10           1    0    155      8    155      5    T0957s2TS354-D1.pdb:A  SCOP d1a03a_
   80      0.5894   1.446e-16       4.541     0.000   119    2   10           1    0    155      8    155     10    T0957s2TS354-D1.pdb:A  SCOP d1t9ia_
   81      0.5894    0.000898        4.85     0.000   119    2    8           1    0    155      8    155      4    T0957s2TS354-D1.pdb:A  SCOP d1j7qa_
   82      0.5894          -0       4.681     0.000   119    4    9           1    0    155      8    155     10    T0957s2TS354-D1.pdb:A  SCOP d1s6ca_
   83      0.5894     1.1e-05       4.333     0.000   119    3    8           1    0    155      8    155      5    T0957s2TS354-D1.pdb:A  SCOP d1wjta_
   84      0.5864   8.515e-05       5.024     0.000   112    3    7           1    0    155      8    138     11    T0957s2TS354-D1.pdb:A  SCOP d5easa1
   85      0.5796       1.355       4.756     0.000   118    3    7           1    0    155      8    155      3    T0957s2TS354-D1.pdb:A  SCOP d1du6a_
   86      0.5796      0.1899       4.478     0.000   118    2    8           1    0    155      8    155      9    T0957s2TS354-D1.pdb:A  SCOP d1gh2a_
   87      0.5796       0.277        4.67     0.000   118    2    6           1    0    155      8    155     10    T0957s2TS354-D1.pdb:A  SCOP d1nxxa_
   88      0.5796   1.788e-07        4.13     0.000   118    2    6           1    0    155      8    155      9    T0957s2TS354-D1.pdb:A  SCOP d1i7ka_
   89      0.5796       1.964       6.286     0.000   118    3    7           1    0    155      8    155      9    T0957s2TS354-D1.pdb:A  SCOP d1gu9a_
   90      0.5796     0.01459       4.297     0.000   118    2    9           1    0    155      8    155     10    T0957s2TS354-D1.pdb:A  SCOP d1udma_
   91      0.5796          -0       3.708     0.000   118    3   12           1    0    155      8    155     12    T0957s2TS354-D1.pdb:A  SCOP d1dtla_
   92      0.5796     0.02894       4.997     0.000   118    2    6           1    0    155      8    155      6    T0957s2TS354-D1.pdb:A  SCOP d1fwha_
   93      0.5796     0.02894       4.997     0.000   118    2    6           1    0    155      8    155      6    T0957s2TS354-D1.pdb:A  SCOP d1a5ma_
   94      0.5796       1.115       5.631     0.000   118    3    7           1    0    155      8    155      4    T0957s2TS354-D1.pdb:A  SCOP d1bnoa_
   95      0.5796       1.245       5.757     0.000   118    3    7           1    0    155      8    155      4    T0957s2TS354-D1.pdb:A  SCOP d1bnpa_
   96      0.5796   2.751e-09       5.102     0.000   118    2    7           1    0    155      8    155      5    T0957s2TS354-D1.pdb:A  SCOP d1wjoa_
   97      0.5796     0.02894       4.997     0.000   118    2    6           1    0    155      8    155      6    T0957s2TS354-D1.pdb:A  SCOP d1a5na_
   98      0.5796        0.96       5.569     0.000   118    2    7           1    0    155      8    155      4    T0957s2TS354-D1.pdb:A  SCOP d1eh2a_
   99      0.5796          -0        4.64     0.000   118    2   13           1    0    155      8    155      9    T0957s2TS354-D1.pdb:A  SCOP d1j1da_
  100      0.5796   2.685e-10       4.303     0.000   118    4    7           1    0    155      8    155      8    T0957s2TS354-D1.pdb:A  SCOP d2myoa_
  101      0.5794      0.8063       4.979     0.056   118    2    7           1    0    155      8    155      4    T0957s2TS354-D1.pdb:A  SCOP d7ceia_
  102      0.5698    4.18e-10        3.72     0.000   110    2    9           1    0    155      8    137      8    T0957s2TS354-D1.pdb:A  SCOP d1z91a1
  103      0.5698      0.1503       5.354     0.000   117    2    7           1    0    155      8    155      9    T0957s2TS354-D1.pdb:A  SCOP d1eyua_
  104      0.5698          -0       3.664     0.000   117    2    8           1    0    155      8    155      9    T0957s2TS354-D1.pdb:A  SCOP d1pvua_
  105      0.5698      0.2192       5.497     0.000   117    2    7           1    0    155      8    155      8    T0957s2TS354-D1.pdb:A  SCOP d1f0oa_
  106      0.5698      0.4031       4.842     0.000   117    2    6           1    0    155      8    155     10    T0957s2TS354-D1.pdb:A  SCOP d1nxta_
  107      0.5698      0.4031       4.842     0.000   117    2    6           1    0    155      8    155     10    T0957s2TS354-D1.pdb:A  SCOP d1nxva_
  108      0.5698      0.1503       5.354     0.000   117    2    7           1    0    155      8    155      8    T0957s2TS354-D1.pdb:A  SCOP d3pvia_
  109      0.5698          -0       6.022     0.000   117    5    8           1    0    155      8    155     19    T0957s2TS354-D1.pdb:A  SCOP d1ycna_
  110      0.5698      0.4031       4.842     0.000   117    2    6           1    0    155      8    155     10    T0957s2TS354-D1.pdb:A  SCOP d1nxwa_
  111      0.5698          -0       2.972     0.000   117    2    9           1    0    155      8    155      4    T0957s2TS354-D1.pdb:A  SCOP d1c07a_
  112      0.5698   0.0006789       4.281     0.000   117    4    8           1    0    155      8    155      8    T0957s2TS354-D1.pdb:A  SCOP d1myoa_
  113      0.5698       1.197       5.676     0.000   117    2    6           1    0    155      8    155     10    T0957s2TS354-D1.pdb:A  SCOP d1p0za_
  114      0.5698      0.6509       4.801     0.000   117    3    6           1    0    155      8    155      4    T0957s2TS354-D1.pdb:A  SCOP d1vkua_
  115      0.5698      0.5542       4.684     0.000   117    3    7           1    0    155      8    155      5    T0957s2TS354-D1.pdb:A  SCOP d1impa_
  116      0.5698      0.1663       4.078     0.000   117    2    8           1    0    155      8    155      4    T0957s2TS354-D1.pdb:A  SCOP d1gxha_
  117      0.5658   1.122e-06       5.183     0.000   108    3    9           1    0    155      8    133      8    T0957s2TS354-D1.pdb:A  SCOP d2bcja1
  118      0.5627          -0       5.676     0.000   114    2    9           1    0    155      8    149      9    T0957s2TS354-D1.pdb:A  SCOP d1peua1
  119      0.5601          -0       1.925     0.000   116    2   11           1    0    155      8    155     10    T0957s2TS354-D1.pdb:A  SCOP d1flaa_
  120      0.5601          -0       1.925     0.000   116    2   11           1    0    155      8    155     10    T0957s2TS354-D1.pdb:A  SCOP d1fvxa_
  121      0.5601          -0       1.925     0.000   116    2   11           1    0    155      8    155     10    T0957s2TS354-D1.pdb:A  SCOP d4nlla_
  122      0.5601      0.9045       5.515     0.000   116    3    6           1    0    155      8    155      4    T0957s2TS354-D1.pdb:A  SCOP d1syma_
  123      0.5601          -0       1.925     0.000   116    2   11           1    0    155      8    155     10    T0957s2TS354-D1.pdb:A  SCOP d4nula_
  124      0.5601          -0       1.925     0.000   116    2   11           1    0    155      8    155     10    T0957s2TS354-D1.pdb:A  SCOP d1flna_
  125      0.5601          -0       1.925     0.000   116    2   11           1    0    155      8    155     10    T0957s2TS354-D1.pdb:A  SCOP d5ulla_
  126      0.5601          -0       1.925     0.000   116    2   11           1    0    155      8    155     10    T0957s2TS354-D1.pdb:A  SCOP d2fvxa_
  127      0.5601          -0       1.925     0.000   116    2   11           1    0    155      8    155     10    T0957s2TS354-D1.pdb:A  SCOP d1flda_
  128      0.5601          -0       1.925     0.000   116    2   11           1    0    155      8    155     10    T0957s2TS354-D1.pdb:A  SCOP d5nlla_
  129      0.5601          -0       1.925     0.000   116    2   11           1    0    155      8    155     10    T0957s2TS354-D1.pdb:A  SCOP d2flva_
  130      0.5601          -0       5.043     0.000   116    5   10           1    0    155      8    155     19    T0957s2TS354-D1.pdb:A  SCOP d1dm5a_
  131      0.5601     0.04271       5.113     0.000   116    3    7           1    0    155      8    155      5    T0957s2TS354-D1.pdb:A  SCOP d1cfpa_
  132      0.5601       1.977       5.628     0.000   116    2    7           1    0    155      8    155      6    T0957s2TS354-D1.pdb:A  SCOP d1joga_
  133      0.5601      0.9324       6.556     0.000   116    2    7           1    0    155      8    155      5    T0957s2TS354-D1.pdb:A  SCOP d1k96a_
  134      0.5601          -0       1.925     0.000   116    2   11           1    0    155      8    155     10    T0957s2TS354-D1.pdb:A  SCOP d2fdxa_
  135      0.5601        0.86       5.183     0.000   116    3    6           1    0    155      8    155      7    T0957s2TS354-D1.pdb:A  SCOP d1dgna_
  136      0.5601          -0       4.703     0.000   116    2    9           1    0    155      8    155     10    T0957s2TS354-D1.pdb:A  SCOP d1qz4a_
  137      0.5601     0.01844       3.722     0.000   116    2    7           1    0    155      8    155      3    T0957s2TS354-D1.pdb:A  SCOP d1aila_
  138      0.5601          -0       1.925     0.000   116    2   11           1    0    155      8    155     10    T0957s2TS354-D1.pdb:A  SCOP d5nula_
  139      0.5601   9.458e-10       3.718     0.000   116    2   10           1    0    155      8    155      5    T0957s2TS354-D1.pdb:A  SCOP d1jr8a_
  140      0.5601      0.3485       4.837     0.000   116    2    8           1    0    155      8    155      4    T0957s2TS354-D1.pdb:A  SCOP d1gqma_
  141      0.5601     0.01856       4.004     0.000   116    2    8           1    0    155      8    155     10    T0957s2TS354-D1.pdb:A  SCOP d1mhda_
  142      0.5601      0.2428       3.697     0.000   116    2    8           1    0    155      8    155      9    T0957s2TS354-D1.pdb:A  SCOP d1dy3a_
  143      0.5601   2.893e-16       4.843     0.000   116    2    9           1    0    155      8    155      8    T0957s2TS354-D1.pdb:A  SCOP d1xjsa_
  144      0.5601       1.433        5.86     0.000   116    2    5           1    0    155      8    155     10    T0957s2TS354-D1.pdb:A  SCOP d1kvca_
  145      0.5601     0.09809        5.22     0.000   116    2    7           1    0    155      8    155      9    T0957s2TS354-D1.pdb:A  SCOP d1pvia_
  146      0.5601       2.049       5.345     0.000   116    3    8           1    0    155      8    155      3    T0957s2TS354-D1.pdb:A  SCOP d1lq7a_
  147      0.5601          -0         4.4     0.000   116    4    8           1    0    155      8    155      8    T0957s2TS354-D1.pdb:A  SCOP d1n0ra_
  148      0.5576       1.186       6.502     0.000   110    2    7           1    0    155      8    140      7    T0957s2TS354-D1.pdb:A  SCOP d1d1da2
  149      0.5568          -0       1.846     0.458   117    2   11           1    0    155      8    155     10    T0957s2TS354-D1.pdb:A  SCOP d6nula_
  150      0.5547          -0       5.289     1.375   127    7    9      0.9685    0    155      8    155     17    T0957s2TS354-D1.pdb:A  SCOP d1oyza_
  151      0.5505          -0       2.692     0.000   115    2   10           1    0    155      8    155     10    T0957s2TS354-D1.pdb:A  SCOP d1wsja_
  152      0.5505          -0       3.057     0.000   115    2    9           1    0    155      8    155      4    T0957s2TS354-D1.pdb:A  SCOP d1uwoa_
  153      0.5505    0.002264       4.402     0.000   115    2    7           1    0    155      8    155      5    T0957s2TS354-D1.pdb:A  SCOP d1unka_
  154      0.5505       1.798       5.139     0.000   115    3    7           1    0    155      8    155      3    T0957s2TS354-D1.pdb:A  SCOP d2hp8a_
  155      0.5505   9.266e-05       5.116     0.000   115    5    8           1    0    155      8    155      9    T0957s2TS354-D1.pdb:A  SCOP d1h0aa_
  156      0.5505   8.838e-09       4.023     0.000   115    2    8           1    0    155      8    155     10    T0957s2TS354-D1.pdb:A  SCOP d1rnha_
  157      0.5505          -0       3.457     0.000   115    6   11           1    0    155      8    155     12    T0957s2TS354-D1.pdb:A  SCOP d1hh8a_
  158      0.5505      0.1962       4.142     0.000   115    3    7           1    0    155      8    155      5    T0957s2TS354-D1.pdb:A  SCOP d1l0ha_
  159      0.5505     0.00817       4.084     0.000   115    2   10           1    0    155      8    155      8    T0957s2TS354-D1.pdb:A  SCOP d1rtxa_
  160      0.5505      0.1283       3.986     0.000   115    3    7           1    0    155      8    155      5    T0957s2TS354-D1.pdb:A  SCOP d1l0ia_
  161      0.5505    0.005831       4.531     0.000   115    2    7           1    0    155      8    155      5    T0957s2TS354-D1.pdb:A  SCOP d1ayia_
  162      0.5505     0.03202       3.986     0.000   115    2    7           1    0    155      8    155      5    T0957s2TS354-D1.pdb:A  SCOP d1t8ka_
  163      0.5505       0.209       3.642     0.000   115    2    8           1    0    155      8    155     10    T0957s2TS354-D1.pdb:A  SCOP d1g4ca_
  164      0.5505      0.2623       3.731     0.000   115    2    8           1    0    155      8    155     10    T0957s2TS354-D1.pdb:A  SCOP d1eqma_
  165      0.5505       2.043       6.144     0.000   115    2    5           1    0    155      8    155      7    T0957s2TS354-D1.pdb:A  SCOP d1rfba_
  166      0.5505     0.02361       3.872     0.000   115    2    7           1    0    155      8    155      9    T0957s2TS354-D1.pdb:A  SCOP d1qqia_
  167      0.5505      0.8939       5.506     0.000   115    2    6           1    0    155      8    155      4    T0957s2TS354-D1.pdb:A  SCOP d1ccda_
  168      0.5505          -0       3.456     0.000   115    2    8           1    0    155      8    155      5    T0957s2TS354-D1.pdb:A  SCOP d1ufza_
  169      0.5505     0.02311       3.772     0.000   115    2    7           1    0    155      8    155      3    T0957s2TS354-D1.pdb:A  SCOP d1ns1a_
  170      0.5505       3.474       6.202     0.000   115    2    6           1    0    155      8    155      3    T0957s2TS354-D1.pdb:A  SCOP d1viba_
  171      0.5505       0.369       4.288     0.000   115    2    9           1    0    155      8    155      5    T0957s2TS354-D1.pdb:A  SCOP d1ji4a_
  172      0.5505     0.01097       3.931     0.000   115    3    9           1    0    155      8    155      4    T0957s2TS354-D1.pdb:A  SCOP d1e91a_
  173      0.5505       2.504       5.703     0.000   115    3    5           1    0    155      8    155      4    T0957s2TS354-D1.pdb:A  SCOP d1mjma_
  174      0.5505       2.333       5.337     0.000   115    2    6           1    0    155      8    155      2    T0957s2TS354-D1.pdb:A  SCOP d1pzqa_
  175      0.5505    0.005831       4.531     0.000   115    2    7           1    0    155      8    155      5    T0957s2TS354-D1.pdb:A  SCOP d1mz8a_
  176      0.5505    0.005831       4.531     0.000   115    2    7           1    0    155      8    155      5    T0957s2TS354-D1.pdb:A  SCOP d1ujza_
  177      0.5505          -0       2.692     0.000   115    2    9           1    0    155      8    155     10    T0957s2TS354-D1.pdb:A  SCOP d1f21a_
  178      0.5505          -0       1.925     0.000   115    2   11           1    0    155      8    155     10    T0957s2TS354-D1.pdb:A  SCOP d3nlla_
  179      0.5505      0.5421       4.288     0.000   115    2    8           1    0    155      8    155      9    T0957s2TS354-D1.pdb:A  SCOP d1thxa_
  180      0.5505          -0       1.925     0.000   115    2   11           1    0    155      8    155     10    T0957s2TS354-D1.pdb:A  SCOP d2foxa_
  181      0.5505   5.272e-06       4.445     0.000   115    2    8           1    0    155      8    155      9    T0957s2TS354-D1.pdb:A  SCOP d1ti3a_
  182      0.5505          -0       3.664     0.000   115    2    8           1    0    155      8    155      9    T0957s2TS354-D1.pdb:A  SCOP d1k0za_
  183      0.5505   4.759e-05       4.595     0.000   115    2    8           1    0    155      8    155      4    T0957s2TS354-D1.pdb:A  SCOP d1cnpa_
  184      0.5498   1.736e-15       4.095     0.000   110    3    6           1    0    155      8    142     13    T0957s2TS354-D1.pdb:A  SCOP d1ut8a2
  185      0.5498   1.736e-15       4.095     0.000   110    3    6           1    0    155      8    142     13    T0957s2TS354-D1.pdb:A  SCOP d1exna2
  186       0.548          -0        3.44     0.000   114    3   10           1    0    155      8    153     11    T0957s2TS354-D1.pdb:A  SCOP d1y1aa1
  187      0.5457   1.061e-10       3.922     0.488   116    2    7           1    0    155      8    155      7    T0957s2TS354-D1.pdb:A  SCOP d1spya_
  188       0.545     0.04472       5.786     0.000   106    3    8           1    0    155      8    133      8    T0957s2TS354-D1.pdb:A  SCOP d1omwa1
  189       0.541   2.409e-08       3.029     0.692   117    4    9      0.9658    0    155      8    155     10    T0957s2TS354-D1.pdb:A  SCOP d1bd8a_
  190      0.5409          -0       3.233     0.000   114    2    8           1    0    155      8    155      5    T0957s2TS354-D1.pdb:A  SCOP d1f81a_
  191      0.5409       2.467       4.716     0.000   114    2    8           1    0    155      8    155      2    T0957s2TS354-D1.pdb:A  SCOP d1rpoa_
  192      0.5409       2.467       4.716     0.000   114    2    8           1    0    155      8    155      2    T0957s2TS354-D1.pdb:A  SCOP d1nkda_
  193      0.5409          -0       3.909     0.000   114    4   11           1    0    155      8    155     19    T0957s2TS354-D1.pdb:A  SCOP d1aeia_
  194      0.5409          -0       5.141     0.000   114    5    8           1    0    155      8    155     19    T0957s2TS354-D1.pdb:A  SCOP d1anna_
  195      0.5409   5.096e-09       4.452     0.000   114    2    6           1    0    155      8    155      6    T0957s2TS354-D1.pdb:A  SCOP d1qjta_
  196      0.5409      0.6477       4.792     0.000   114    2    8           1    0    155      8    155      8    T0957s2TS354-D1.pdb:A  SCOP d1thoa_
  197      0.5409   0.0001446       4.531     0.000   114    2    9           1    0    155      8    155      4    T0957s2TS354-D1.pdb:A  SCOP d1dk3a_
  198      0.5409      0.5346       4.195     0.000   114    2    8           1    0    155      8    155      5    T0957s2TS354-D1.pdb:A  SCOP d1ji5a_
  199      0.5409      0.6644       4.123     0.000   114    2    8           1    0    155      8    155      8    T0957s2TS354-D1.pdb:A  SCOP d2tira_
  200      0.5409          -0       3.442     0.000   114    2    9           1    0    155      8    155      5    T0957s2TS354-D1.pdb:A  SCOP d1v5ka_
  201      0.5409       1.427       5.363     0.000   114    2    6           1    0    155      8    155      4    T0957s2TS354-D1.pdb:A  SCOP d1cmaa_
  202      0.5409          -0       3.363     0.000   114    2   10           1    0    155      8    155      7    T0957s2TS354-D1.pdb:A  SCOP d1csga_
  203      0.5409       2.364       5.596     0.000   114    3    6           1    0    155      8    155      4    T0957s2TS354-D1.pdb:A  SCOP d1cmca_
  204      0.5409      0.0833       4.267     0.000   114    2    8           1    0    155      8    155      5    T0957s2TS354-D1.pdb:A  SCOP d1e0ha_
  205      0.5409     0.01421       3.858     0.000   114    2    7           1    0    155      8    155      3    T0957s2TS354-D1.pdb:A  SCOP d1efea_
  206      0.5409      0.3513       4.864     0.000   114    2    8           1    0    155      8    155      3    T0957s2TS354-D1.pdb:A  SCOP d1dv5a_
  207      0.5409      0.3513       4.864     0.000   114    2    8           1    0    155      8    155      3    T0957s2TS354-D1.pdb:A  SCOP d1hqba_
  208      0.5409          -0       3.005     0.000   114    2    7           1    0    155      8    155      5    T0957s2TS354-D1.pdb:A  SCOP d1kn5a_
  209      0.5409      0.2513       4.687     0.000   114    2    7           1    0    155      8    155      6    T0957s2TS354-D1.pdb:A  SCOP d1ab7a_
  210      0.5409      0.8207       5.345     0.000   114    2    7           1    0    155      8    155     10    T0957s2TS354-D1.pdb:A  SCOP d1assa_
  211      0.5409   0.0006672       4.687     0.000   114    2    7           1    0    155      8    155      7    T0957s2TS354-D1.pdb:A  SCOP d1a19a_
  212      0.5349   1.892e-10       3.463     0.000   113    2    7           1    0    155      8    154      9    T0957s2TS354-D1.pdb:A  SCOP d2bi0a1
  213      0.5318       1.123       4.699     0.692   116    2   10      0.9655    0    155      8    155      8    T0957s2TS354-D1.pdb:A  SCOP d1tzua_
  214      0.5316          -0       1.945     0.695   116    3    9      0.9655    0    155      8    155     10    T0957s2TS354-D1.pdb:A  SCOP d1smba_
  215      0.5315   4.226e-06       3.779     0.000   113    2    8           1    0    155      8    155     10    T0957s2TS354-D1.pdb:A  SCOP d1q6wa_
  216      0.5315     0.04226       4.702     0.000   113    2    7           1    0    155      8    155      9    T0957s2TS354-D1.pdb:A  SCOP d1v14a_
  217      0.5315     0.04411       4.087     0.000   113    2    7           1    0    155      8    155      4    T0957s2TS354-D1.pdb:A  SCOP d1cmba_
  218      0.5315     0.01691       3.887     0.000   113    2    7           1    0    155      8    155      4    T0957s2TS354-D1.pdb:A  SCOP d1mjka_
  219      0.5315     0.01691       3.887     0.000   113    2    7           1    0    155      8    155      5    T0957s2TS354-D1.pdb:A  SCOP d1mjla_
  220      0.5315      0.0742       5.299     0.000   113    5    8           1    0    155      8    155      8    T0957s2TS354-D1.pdb:A  SCOP d1eyha_
  221      0.5315       1.342       6.108     0.000   113    2    7           1    0    155      8    155     10    T0957s2TS354-D1.pdb:A  SCOP d1pzma_
  222      0.5315   2.175e-05       3.686     0.000   113    2    7           1    0    155      8    155      6    T0957s2TS354-D1.pdb:A  SCOP d1mjoa_
  223      0.5315      0.9343       5.891     0.000   113    5    7           1    0    155      8    155      7    T0957s2TS354-D1.pdb:A  SCOP d1d9sa_
  224      0.5315      0.1357       5.045     0.000   113    2    7           1    0    155      8    155      8    T0957s2TS354-D1.pdb:A  SCOP d1vkaa_
  225      0.5315   0.0005002       4.613     0.000   113    3    8           1    0    155      8    155     12    T0957s2TS354-D1.pdb:A  SCOP d1s9aa_
  226      0.5315       1.596       5.056     0.000   113    2    7           1    0    155      8    155      4    T0957s2TS354-D1.pdb:A  SCOP d1w53a_
  227      0.5315    0.002403       4.913     0.000   113    2    8           1    0    155      8    155      4    T0957s2TS354-D1.pdb:A  SCOP d1r5qa_
  228      0.5315   8.175e-09       3.937     0.000   113    2    8           1    0    155      8    155     10    T0957s2TS354-D1.pdb:A  SCOP d1bo4a_
  229      0.5315   9.425e-12       3.686     0.000   113    2    7           1    0    155      8    155      5    T0957s2TS354-D1.pdb:A  SCOP d1mj2a_
  230      0.5315    0.003323       4.452     0.000   113    2    8           1    0    155      8    155      7    T0957s2TS354-D1.pdb:A  SCOP d1btba_
  231      0.5315       3.146       6.197     0.000   113    2    8           1    0    155      8    155      6    T0957s2TS354-D1.pdb:A  SCOP d1etoa_
  232      0.5315          -0       3.128     0.000   113    2   11           1    0    155      8    155      9    T0957s2TS354-D1.pdb:A  SCOP d1la0a_
  233      0.5315      0.7149       4.123     0.000   113    2    7           1    0    155      8    155      3    T0957s2TS354-D1.pdb:A  SCOP d1ug2a_
  234      0.5315     0.08499       4.195     0.000   113    2    6           1    0    155      8    155      3    T0957s2TS354-D1.pdb:A  SCOP d1gvda_
  235      0.5315          -0       3.015     0.000   113    2   11           1    0    155      8    155      7    T0957s2TS354-D1.pdb:A  SCOP d1q59a_
  236      0.5315          -0       6.274     0.000   113    4    9           1    0    155      8    155     14    T0957s2TS354-D1.pdb:A  SCOP d1xqoa_
  237      0.5315   9.407e-14       4.658     0.000   113    3    8           1    0    155      8    155      6    T0957s2TS354-D1.pdb:A  SCOP d1lrra_
  238      0.5315    0.003323       4.452     0.000   113    2    8           1    0    155      8    155      7    T0957s2TS354-D1.pdb:A  SCOP d1btaa_
  239      0.5315    0.002043       4.738     0.000   113    2    9           1    0    155      8    155     10    T0957s2TS354-D1.pdb:A  SCOP d2tmya_
  240      0.5315          -0       3.894     0.000   113    3   11           1    0    155      8    155      9    T0957s2TS354-D1.pdb:A  SCOP d1gwpa_
  241      0.5315       1.412       4.765     0.000   113    2    7           1    0    155      8    155      6    T0957s2TS354-D1.pdb:A  SCOP d1sfxa_
  242      0.5315   5.951e-05        4.46     0.000   113    2   10           1    0    155      8    155     10    T0957s2TS354-D1.pdb:A  SCOP d1peya_
  243      0.5315          -0       2.837     0.000   113    2    8           1    0    155      8    155      6    T0957s2TS354-D1.pdb:A  SCOP d1jr5a_
  244      0.5315      0.4184       4.944     0.000   113    2    8           1    0    155      8    155      4    T0957s2TS354-D1.pdb:A  SCOP d1n0ya_
  245      0.5287          -0        6.25     0.218   113    4    9           1    0    155      8    155     14    T0957s2TS354-D1.pdb:A  SCOP d1xqpa_
  246      0.5239          -0       5.721     0.000   110    2    8           1    0    155      8    149      9    T0957s2TS354-D1.pdb:A  SCOP d1peoa1
  247      0.5221       2.375       5.372     0.000   112    2    7           1    0    155      8    155      8    T0957s2TS354-D1.pdb:A  SCOP d1qy7a_
  248      0.5221       2.091       5.137     0.000   112    2    7           1    0    155      8    155      6    T0957s2TS354-D1.pdb:A  SCOP d1v3sa_
  249      0.5221       2.375       5.372     0.000   112    2    7           1    0    155      8    155      6    T0957s2TS354-D1.pdb:A  SCOP d1ufla_
  250      0.5221    3.11e-11       3.406     0.000   112    2    9           1    0    155      8    155      4    T0957s2TS354-D1.pdb:A  SCOP d1mnta_
  251      0.5221       2.375       5.372     0.000   112    2    7           1    0    155      8    155      6    T0957s2TS354-D1.pdb:A  SCOP d1gnka_
  252      0.5221       2.375       5.372     0.000   112    2    7           1    0    155      8    155      7    T0957s2TS354-D1.pdb:A  SCOP d2gnka_
  253      0.5221     0.09837       5.086     0.000   112    3    8           1    0    155      8    155      5    T0957s2TS354-D1.pdb:A  SCOP d1hula_
  254      0.5221       1.475       4.863     0.000   112    2    8           1    0    155      8    155      8    T0957s2TS354-D1.pdb:A  SCOP d1hl6a_
  255      0.5221       2.375       5.372     0.000   112    2    7           1    0    155      8    155      6    T0957s2TS354-D1.pdb:A  SCOP d1v9oa_
  256      0.5221      0.2942       5.372     0.000   112    2    7           1    0    155      8    155      8    T0957s2TS354-D1.pdb:A  SCOP d1vfja_
  257      0.5221       2.375       5.372     0.000   112    2    7           1    0    155      8    155      6    T0957s2TS354-D1.pdb:A  SCOP d1v3ra_
  258      0.5221       1.751       4.609     0.000   112    2    7           1    0    155      8    155     10    T0957s2TS354-D1.pdb:A  SCOP d1jrka_
  259      0.5221    0.009896       5.158     0.000   112    2    7           1    0    155      8    155      4    T0957s2TS354-D1.pdb:A  SCOP d1qlka_
  260      0.5221       1.658       6.371     0.000   112    2    6           1    0    155      8    155      7    T0957s2TS354-D1.pdb:A  SCOP d1dmna_
  261      0.5221        1.91       6.741     0.000   112    2    6           1    0    155      8    155      7    T0957s2TS354-D1.pdb:A  SCOP d1cqsa_
  262      0.5221       1.658       6.371     0.000   112    2    6           1    0    155      8    155      7    T0957s2TS354-D1.pdb:A  SCOP d1dmqa_
  263      0.5221          -0       2.311     0.000   112    3   11           1    0    155      8    155     12    T0957s2TS354-D1.pdb:A  SCOP d1ogla_
  264      0.5221       1.658       6.371     0.000   112    2    6           1    0    155      8    155      7    T0957s2TS354-D1.pdb:A  SCOP d1ogxa_
  265      0.5221       1.658       6.371     0.000   112    2    6           1    0    155      8    155      7    T0957s2TS354-D1.pdb:A  SCOP d1dmma_
  266      0.5221      0.5318       5.018     0.000   112    2    6           1    0    155      8    155      9    T0957s2TS354-D1.pdb:A  SCOP d1ocva_
  267      0.5221      0.4619       5.443     0.000   112    2    7           1    0    155      8    155      6    T0957s2TS354-D1.pdb:A  SCOP d1s7aa_
  268      0.5221          -0       3.765     0.000   112    3    9           1    0    155      8    155     12    T0957s2TS354-D1.pdb:A  SCOP d2baaa_
  269      0.5221   0.0001988       3.334     0.000   112    2    8           1    0    155      8    155      5    T0957s2TS354-D1.pdb:A  SCOP d1if1a_
  270      0.5221   0.0003961       4.595     0.000   112    2   10           1    0    155      8    155     10    T0957s2TS354-D1.pdb:A  SCOP d1srra_
  271      0.5221          -0       3.223     0.000   112    2    9           1    0    155      8    155     10    T0957s2TS354-D1.pdb:A  SCOP d1nxsa_
  272      0.5221       2.252       5.171     0.000   112    2    7           1    0    155      8    155      2    T0957s2TS354-D1.pdb:A  SCOP d1lt1a_
  273      0.5221       2.252       5.171     0.000   112    2    7           1    0    155      8    155      2    T0957s2TS354-D1.pdb:A  SCOP d1ovua_
  274      0.5221      0.2835       4.622     0.000   112    2    7           1    0    155      8    155      9    T0957s2TS354-D1.pdb:A  SCOP d1akwa_
  275      0.5221          -0       2.747     0.000   112    2    8           1    0    155      8    155      5    T0957s2TS354-D1.pdb:A  SCOP d1kkxa_
  276      0.5221          -0       3.363     0.000   112    2   10           1    0    155      8    155     10    T0957s2TS354-D1.pdb:A  SCOP d1dx9a_
  277      0.5221          -0       3.968     0.000   112    3    9           1    0    155      8    155     15    T0957s2TS354-D1.pdb:A  SCOP d1lbea_
  278      0.5221    0.008433        5.13     0.000   112    2    7           1    0    155      8    155      4    T0957s2TS354-D1.pdb:A  SCOP d2dvha_
  279      0.5221     0.07163       3.995     0.000   112    2    6           1    0    155      8    155      8    T0957s2TS354-D1.pdb:A  SCOP d1be1a_
  280      0.5221   2.175e-05       3.686     0.000   112    2    8           1    0    155      8    155      5    T0957s2TS354-D1.pdb:A  SCOP d1mjqa_
  281      0.5221       2.375       5.372     0.000   112    2    7           1    0    155      8    155      6    T0957s2TS354-D1.pdb:A  SCOP d1hwua_
  282      0.5221       2.375       5.372     0.000   112    2    7           1    0    155      8    155      6    T0957s2TS354-D1.pdb:A  SCOP d1pila_
  283      0.5221   0.0007588       3.625     0.000   112    2    7           1    0    155      8    155      4    T0957s2TS354-D1.pdb:A  SCOP d1beaa_
  284      0.5221   0.0007588       3.625     0.000   112    2    7           1    0    155      8    155      4    T0957s2TS354-D1.pdb:A  SCOP d1bfaa_
  285      0.5221       2.609       5.558     0.000   112    2    7           1    0    155      8    155      6    T0957s2TS354-D1.pdb:A  SCOP d2piia_
  286      0.5221   2.815e-05       3.232     0.000   112    2    7           1    0    155      8    155     10    T0957s2TS354-D1.pdb:A  SCOP d1c9qa_
  287      0.5221          -0       3.693     0.000   112    2    9           1    0    155      8    155      5    T0957s2TS354-D1.pdb:A  SCOP d1bo9a_
  288      0.5221          -0       5.618     0.000   112    4   10           1    0    155      8    155     15    T0957s2TS354-D1.pdb:A  SCOP d1ixva_
  289      0.5221       2.124       5.165     0.000   112    2    7           1    0    155      8    155      9    T0957s2TS354-D1.pdb:A  SCOP d1xqaa_
  290      0.5221       1.658       6.371     0.000   112    2    6           1    0    155      8    155      7    T0957s2TS354-D1.pdb:A  SCOP d1c7ha_
  291      0.5221       3.054       5.468     0.000   112    2    6           1    0    155      8    155      2    T0957s2TS354-D1.pdb:A  SCOP d1rsoa_
  292      0.5221        1.91       6.741     0.000   112    2    6           1    0    155      8    155      7    T0957s2TS354-D1.pdb:A  SCOP d1e3ra_
  293      0.5221      0.3036       3.597     0.000   112    2    8           1    0    155      8    155      3    T0957s2TS354-D1.pdb:A  SCOP d1acia_
  294      0.5221      0.0176       4.863     0.000   112    3    7           1    0    155      8    155      5    T0957s2TS354-D1.pdb:A  SCOP d1om2a_
  295      0.5194   0.0002316       4.686     1.102   119    3   10      0.9664    0    155      8    155     11    T0957s2TS354-D1.pdb:A  SCOP d1ssqa_
  296      0.5129          -0       3.317     0.701   114    2   11      0.9649    0    155      8    155     10    T0957s2TS354-D1.pdb:A  SCOP d1g9za_
  297      0.5128   8.296e-13       3.802     0.000   111    2    8           1    0    155      8    155      6    T0957s2TS354-D1.pdb:A  SCOP d1c2ra_
  298      0.5128       2.776       5.934     0.000   111    2    8           1    0    155      8    155      6    T0957s2TS354-D1.pdb:A  SCOP d1etqa_
  299      0.5128   8.296e-13       3.802     0.000   111    2    8           1    0    155      8    155      6    T0957s2TS354-D1.pdb:A  SCOP d1vyda_
  300      0.5128   1.514e-05       3.141     0.000   111    2    9           1    0    155      8    155      5    T0957s2TS354-D1.pdb:A  SCOP d1fowa_
  301      0.5128   1.078e-05        4.36     0.000   111    2    8           1    0    155      8    155      6    T0957s2TS354-D1.pdb:A  SCOP d1cxca_
  302      0.5128      0.9811       5.929     0.000   111    3    7           1    0    155      8    155      9    T0957s2TS354-D1.pdb:A  SCOP d1gu8a_
  303      0.5128   0.0003288       3.198     0.000   111    2    7           1    0    155      8    155      3    T0957s2TS354-D1.pdb:A  SCOP d1h59a_
  304      0.5128       1.534       4.645     0.000   111    2    8           1    0    155      8    155      2    T0957s2TS354-D1.pdb:A  SCOP d1nvoa_
  305      0.5128      0.9811       5.929     0.000   111    3    7           1    0    155      8    155      9    T0957s2TS354-D1.pdb:A  SCOP d1guea_
  306      0.5128      0.2777       3.722     0.000   111    2    9           1    0    155      8    155      4    T0957s2TS354-D1.pdb:A  SCOP d1vpua_
  307      0.5128     0.09557        4.31     0.000   111    2    7           1    0    155      8    155      3    T0957s2TS354-D1.pdb:A  SCOP d1jjra_
  308      0.5128       0.009       4.014     0.000   111    3    8           1    0    155      8    155      8    T0957s2TS354-D1.pdb:A  SCOP d1m4ma_
  309      0.5128     6.7e-05       4.059     0.000   111    2    7           1    0    155      8    155      4    T0957s2TS354-D1.pdb:A  SCOP d1acpa_
  310      0.5128    0.003709       4.774     0.000   111    2    8           1    0    155      8    155      7    T0957s2TS354-D1.pdb:A  SCOP d2hdca_
  311      0.5128          -0       2.736     0.000   111    2    9           1    0    155      8    155      4    T0957s2TS354-D1.pdb:A  SCOP d1hy8a_
  312      0.5128      0.2922       3.579     0.000   111    2    7           1    0    155      8    155      3    T0957s2TS354-D1.pdb:A  SCOP d1af8a_
  313      0.5128   0.0002722       4.602     0.000   111    2    7           1    0    155      8    155      7    T0957s2TS354-D1.pdb:A  SCOP d1ocsa_
  314      0.5128          -0       3.363     0.000   111    2   10           1    0    155      8    155     10    T0957s2TS354-D1.pdb:A  SCOP d1ftga_
  315      0.5128   0.0002722       4.602     0.000   111    2    7           1    0    155      8    155      7    T0957s2TS354-D1.pdb:A  SCOP d1ocua_
  316      0.5128          -0       1.589     0.000   111    2   10           1    0    155      8    155     10    T0957s2TS354-D1.pdb:A  SCOP d2faxa_
  317      0.5128     0.01405       5.213     0.000   111    2    7           1    0    155      8    155      5    T0957s2TS354-D1.pdb:A  SCOP d1ff1a_
  318      0.5128     0.04034       4.014     0.000   111    2    9           1    0    155      8    155      9    T0957s2TS354-D1.pdb:A  SCOP d1xyya_
  319      0.5128    0.007297       4.413     0.000   111    2    9           1    0    155      8    155      8    T0957s2TS354-D1.pdb:A  SCOP d1npfa_
  320      0.5128          -0       3.872     0.000   111    2    9           1    0    155      8    155      5    T0957s2TS354-D1.pdb:A  SCOP d1r2ua_
  321      0.5128   3.627e-13       2.728     0.000   111    2   10           1    0    155      8    155      6    T0957s2TS354-D1.pdb:A  SCOP d1trfa_
  322      0.5128      0.8274       5.434     0.000   111    2    7           1    0    155      8    155      9    T0957s2TS354-D1.pdb:A  SCOP d1jasa_
  323      0.5128          -0       3.156     0.000   111    2   12           1    0    155      8    155      9    T0957s2TS354-D1.pdb:A  SCOP d1aj4a_
  324      0.5128    0.009629        4.89     0.000   111    2    7           1    0    155      8    155     10    T0957s2TS354-D1.pdb:A  SCOP d1jxba_
  325      0.5128    0.000148       4.523     0.000   111    2    8           1    0    155      8    155     10    T0957s2TS354-D1.pdb:A  SCOP d1nxoa_
  326      0.5128   6.729e-07       3.765     0.000   111    2    8           1    0    155      8    155      8    T0957s2TS354-D1.pdb:A  SCOP d1m7ta_
  327      0.5128          -0       2.822     0.000   111    2    8           1    0    155      8    155      4    T0957s2TS354-D1.pdb:A  SCOP d1odba_
  328      0.5128   1.052e-05       4.488     0.000   111    2    8           1    0    155      8    155      4    T0957s2TS354-D1.pdb:A  SCOP d1e8aa_
  329      0.5128       0.104       4.737     0.000   111    2    7           1    0    155      8    155      8    T0957s2TS354-D1.pdb:A  SCOP d1fb0a_
  330      0.5128       1.841       5.175     0.000   111    2    6           1    0    155      8    155      5    T0957s2TS354-D1.pdb:A  SCOP d1dcha_
  331      0.5128       0.104       4.737     0.000   111    2    7           1    0    155      8    155      8    T0957s2TS354-D1.pdb:A  SCOP d1fb6a_
  332      0.5128      0.1411       3.259     0.000   111    2    8           1    0    155      8    155      8    T0957s2TS354-D1.pdb:A  SCOP d1rqma_
  333      0.5128   2.893e-16       3.635     0.000   111    2    8           1    0    155      8    155      9    T0957s2TS354-D1.pdb:A  SCOP d1jata_
  334      0.5128    0.007749       5.081     0.000   111    2    6           1    0    155      8    155      4    T0957s2TS354-D1.pdb:A  SCOP d1utra_
  335      0.5128   1.289e-06       4.367     0.000   111    2    8           1    0    155      8    155      6    T0957s2TS354-D1.pdb:A  SCOP d1dt7a_
  336      0.5128          -0       3.307     0.000   111    3    8           1    0    155      8    155     14    T0957s2TS354-D1.pdb:A  SCOP d1l4ua_
  337      0.5128       1.944        4.51     0.000   111    2    7           1    0    155      8    155     10    T0957s2TS354-D1.pdb:A  SCOP d1k26a_
  338      0.5128     0.02549       4.584     0.000   111    3    8           1    0    155      8    155     13    T0957s2TS354-D1.pdb:A  SCOP d1fzta_
  339      0.5128   3.889e-05       4.433     0.000   111    2    8           1    0    155      8    155      5    T0957s2TS354-D1.pdb:A  SCOP d1tama_
  340      0.5128     0.01503       3.865     0.000   111    2    8           1    0    155      8    155      3    T0957s2TS354-D1.pdb:A  SCOP d1prva_
  341      0.5128       1.603       4.709     0.000   111    2    7           1    0    155      8    155     10    T0957s2TS354-D1.pdb:A  SCOP d1ewja_
  342      0.5047          -0       4.105     0.000   102    3   10           1    0    155      8    133      8    T0957s2TS354-D1.pdb:A  SCOP d1ym7a1
  343      0.5036      0.1382       4.431     0.000   110    2    9           1    0    155      8    155      5    T0957s2TS354-D1.pdb:A  SCOP d1leba_
  344      0.5036      0.2835       4.622     0.000   110    2    7           1    0    155      8    155      9    T0957s2TS354-D1.pdb:A  SCOP d1akra_
  345      0.5036      0.1524        3.26     0.000   110    2    9           1    0    155      8    155      9    T0957s2TS354-D1.pdb:A  SCOP d1ihza_
  346      0.5036          -0       3.585     0.000   110    3    9           1    0    155      8    155     12    T0957s2TS354-D1.pdb:A  SCOP d1cnsa_
  347      0.5036      0.0313       3.958     0.000   110    2    9           1    0    155      8    155      9    T0957s2TS354-D1.pdb:A  SCOP d1akua_
  348      0.5036   1.805e-11       3.923     0.000   110    2   10           1    0    155      8    155     10    T0957s2TS354-D1.pdb:A  SCOP d1rcfa_
  349      0.5036   7.952e-12       3.757     0.000   110    2    8           1    0    155      8    155      9    T0957s2TS354-D1.pdb:A  SCOP d1xw9a_
  350      0.5036     0.01024       3.793     0.000   110    2    8           1    0    155      8    155      3    T0957s2TS354-D1.pdb:A  SCOP d1mbga_
  351      0.5036   7.952e-12       3.757     0.000   110    2    8           1    0    155      8    155      9    T0957s2TS354-D1.pdb:A  SCOP d1xwaa_
  352      0.5036       1.219       4.631     0.000   110    3    7           1    0    155      8    155      3    T0957s2TS354-D1.pdb:A  SCOP d1vnda_
  353      0.5036      0.2362       3.485     0.000   110    2    7           1    0    155      8    155      3    T0957s2TS354-D1.pdb:A  SCOP d9anta_
  354      0.5036      0.0196        4.97     0.000   110    2    9           1    0    155      8    155      5    T0957s2TS354-D1.pdb:A  SCOP d1gu2a_
  355      0.5036      0.1923       3.728     0.000   110    2    7           1    0    155      8    155      9    T0957s2TS354-D1.pdb:A  SCOP d1b1aa_
  356      0.5036          -0       3.136     0.000   110    3   10           1    0    155      8    155     14    T0957s2TS354-D1.pdb:A  SCOP d1ah2a_
  357      0.5036   1.507e-12        3.72     0.000   110    2    9           1    0    155      8    155      8    T0957s2TS354-D1.pdb:A  SCOP d1urya_
  358      0.5036          -0        3.72     0.000   110    2    9           1    0    155      8    155      8    T0957s2TS354-D1.pdb:A  SCOP d1ut0a_
  359      0.5036          -0        3.72     0.000   110    2    9           1    0    155      8    155      8    T0957s2TS354-D1.pdb:A  SCOP d1urva_
  360      0.5036          -0        3.98     0.000   110    2    7           1    0    155      8    155      5    T0957s2TS354-D1.pdb:A  SCOP d1neqa_
  361      0.5036     0.05293       4.874     0.000   110    3    8           1    0    155      8    155     14    T0957s2TS354-D1.pdb:A  SCOP d1og4a_
  362      0.5036      0.5363       4.172     0.000   110    3    8           1    0    155      8    155      9    T0957s2TS354-D1.pdb:A  SCOP d1brra_
  363      0.5036       1.847       4.417     0.000   110    2    7           1    0    155      8    155     10    T0957s2TS354-D1.pdb:A  SCOP d1k2ea_
  364      0.5036      0.1434       4.023     0.000   110    3    8           1    0    155      8    155      4    T0957s2TS354-D1.pdb:A  SCOP d1gxga_
  365      0.5036      0.8907       5.793     0.000   110    3    7           1    0    155      8    155      9    T0957s2TS354-D1.pdb:A  SCOP d1jgja_
  366      0.5036   3.999e-05       4.581     0.000   110    2    8           1    0    155      8    155      4    T0957s2TS354-D1.pdb:A  SCOP d1mhoa_
  367      0.5036       1.595         6.2     0.000   110    2    5           1    0    155      8    155      6    T0957s2TS354-D1.pdb:A  SCOP d1psba_
  368      0.5036     0.08931       5.184     0.000   110    2    6           1    0    155      8    155      5    T0957s2TS354-D1.pdb:A  SCOP d2psra_
  369      0.5036          -0       2.815     0.000   110    2    8           1    0    155      8    155      6    T0957s2TS354-D1.pdb:A  SCOP d1nsha_
  370      0.5036       1.734       5.086     0.000   110    2    6           1    0    155      8    155      6    T0957s2TS354-D1.pdb:A  SCOP d1dcpa_
  371      0.5036   1.384e-05        4.51     0.000   110    2    7           1    0    155      8    155      4    T0957s2TS354-D1.pdb:A  SCOP d1irja_
  372      0.5036       1.928       5.246     0.000   110    2    6           1    0    155      8    155      6    T0957s2TS354-D1.pdb:A  SCOP d1dcoa_
  373      0.5036          -0       3.248     0.000   110    2    9           1    0    155      8    155      5    T0957s2TS354-D1.pdb:A  SCOP d1blqa_
  374      0.5036          -0       3.429     0.000   110    3    9           1    0    155      8    155      5    T0957s2TS354-D1.pdb:A  SCOP d1jlia_
  375      0.5036          -0       2.114     0.000   110    2    9           1    0    155      8    155      8    T0957s2TS354-D1.pdb:A  SCOP d1nwda_
  376      0.5036       2.418       5.406     0.000   110    2    7           1    0    155      8    155      2    T0957s2TS354-D1.pdb:A  SCOP d1irqa_
  377      0.5036   6.014e-05       4.609     0.000   110    2    8           1    0    155      8    155      4    T0957s2TS354-D1.pdb:A  SCOP d1uqva_
  378      0.5036    0.004184       4.857     0.000   110    2    6           1    0    155      8    155      9    T0957s2TS354-D1.pdb:A  SCOP d1d0qa_
  379      0.5036   1.139e-05       4.495     0.000   110    2    8           1    0    155      8    155      5    T0957s2TS354-D1.pdb:A  SCOP d1a6sa_
  380      0.5036          -0       3.663     0.000   110    2   10           1    0    155      8    155      6    T0957s2TS354-D1.pdb:A  SCOP d1ey1a_
  381      0.5036      0.1382       4.431     0.000   110    2    6           1    0    155      8    155      7    T0957s2TS354-D1.pdb:A  SCOP d1nmwa_
  382      0.5036       1.067       4.487     0.000   110    3    7           1    0    155      8    155      3    T0957s2TS354-D1.pdb:A  SCOP d1gjta_
  383      0.5036      0.1997       3.894     0.000   110    2    8           1    0    155      8    155      4    T0957s2TS354-D1.pdb:A  SCOP d1vdla_
  384      0.5036       1.077       4.496     0.000   110    2    6           1    0    155      8    155      5    T0957s2TS354-D1.pdb:A  SCOP d1s7za_
  385      0.5036      0.5915       3.635     0.000   110    2    9           1    0    155      8    155      4    T0957s2TS354-D1.pdb:A  SCOP d1hywa_
  386      0.5036          -0       4.105     0.000   110    3    9           1    0    155      8    155     13    T0957s2TS354-D1.pdb:A  SCOP d1xjta_
  387      0.5036          -0       3.614     0.000   110    2    9           1    0    155      8    155      7    T0957s2TS354-D1.pdb:A  SCOP d1dlwa_
  388      0.4949   6.395e-06       2.986     0.703   112    2    9      0.9643    0    155      8    155      5    T0957s2TS354-D1.pdb:A  SCOP d1c6ra_
  389      0.4949   6.395e-06       2.986     0.703   112    2    9      0.9643    0    155      8    155      5    T0957s2TS354-D1.pdb:A  SCOP d1ctja_
  390      0.4947      0.7813       4.388     0.000    88    2    3           1    0    155      8    101      6    T0957s2TS354-D1.pdb:A  SCOP d2h3va1
  391      0.4945     0.04418       4.051     0.708   112    2    8      0.9643    0    155      8    155      5    T0957s2TS354-D1.pdb:A  SCOP d1a1za_
  392      0.4945          -0       3.485     0.000   109    3   11           1    0    155      8    155     13    T0957s2TS354-D1.pdb:A  SCOP d1l0ka_
  393      0.4945          -0       3.485     0.000   109    3   11           1    0    155      8    155     13    T0957s2TS354-D1.pdb:A  SCOP d1ky1a_
  394      0.4945          -0       3.168     0.000   109    3   11           1    0    155      8    155     13    T0957s2TS354-D1.pdb:A  SCOP d210la_
  395      0.4945   1.685e-06       5.139     0.000   109    2    8           1    0    155      8    155      8    T0957s2TS354-D1.pdb:A  SCOP d1ux9a_
  396      0.4945     0.02163       4.032     0.000   109    2    8           1    0    155      8    155      4    T0957s2TS354-D1.pdb:A  SCOP d1u84a_
  397      0.4945   3.994e-11       3.578     0.000   109    2    7           1    0    155      8    155      9    T0957s2TS354-D1.pdb:A  SCOP d1tuwa_
  398      0.4945   0.0005635       2.948     0.000   109    2    7           1    0    155      8    155      8    T0957s2TS354-D1.pdb:A  SCOP d1xtea_
  399      0.4945          -0       3.571     0.000   109    2   11           1    0    155      8    155     10    T0957s2TS354-D1.pdb:A  SCOP d1tmya_
  400      0.4945          -0       2.937     0.000   109    2    9           1    0    155      8    155      7    T0957s2TS354-D1.pdb:A  SCOP d1r6pa_
  401      0.4945      0.1745       5.448     0.000   109    2    7           1    0    155      8    155      6    T0957s2TS354-D1.pdb:A  SCOP d1pa4a_
  402      0.4945      0.4791       4.913     0.000   109    2    7           1    0    155      8    155      6    T0957s2TS354-D1.pdb:A  SCOP d1whza_
  403      0.4945    0.004008       2.883     0.000   109    3   10           1    0    155      8    155      4    T0957s2TS354-D1.pdb:A  SCOP d1be2a_
  404      0.4945          -0       3.293     0.000   109    2   11           1    0    155      8    155     10    T0957s2TS354-D1.pdb:A  SCOP d1ctra_
  405      0.4945   5.451e-11       3.377     0.000   109    2    7           1    0    155      8    155     10    T0957s2TS354-D1.pdb:A  SCOP d1fl9a_
  406      0.4945   1.446e-16       3.722     0.000   109    2    7           1    0    155      8    155      5    T0957s2TS354-D1.pdb:A  SCOP d1nq4a_
  407      0.4945   8.149e-15       2.328     0.000   109    2    9           1    0    155      8    155      6    T0957s2TS354-D1.pdb:A  SCOP d1ctfa_
  408      0.4945    0.005799       3.542     0.000   109    2   10           1    0    155      8    155      9    T0957s2TS354-D1.pdb:A  SCOP d1ie0a_
  409      0.4945       2.229       5.213     0.000   109    2    7           1    0    155      8    155      8    T0957s2TS354-D1.pdb:A  SCOP d1soya_
  410      0.4945     0.08931       5.184     0.000   109    2    6           1    0    155      8    155      5    T0957s2TS354-D1.pdb:A  SCOP d3psra_
  411      0.4945          -0       3.686     0.000   109    2   10           1    0    155      8    155     10    T0957s2TS354-D1.pdb:A  SCOP d1mvoa_
  412      0.4945   1.624e-06       4.381     0.000   109    2    8           1    0    155      8    155      4    T0957s2TS354-D1.pdb:A  SCOP d1mq1a_
  413      0.4945      0.1993       4.142     0.000   109    2    8           1    0    155      8    155      9    T0957s2TS354-D1.pdb:A  SCOP d1eiwa_
  414      0.4945          -0       3.485     0.000   109    3   11           1    0    155      8    155     13    T0957s2TS354-D1.pdb:A  SCOP d1lwga_
  415      0.4945      0.2338       4.532     0.000   109    2    8           1    0    155      8    155      9    T0957s2TS354-D1.pdb:A  SCOP d1azla_
  416      0.4945      0.2338       4.532     0.000   109    2    8           1    0    155      8    155      9    T0957s2TS354-D1.pdb:A  SCOP d1akta_
  417      0.4945      0.3233        3.24     0.000   109    2    7           1    0    155      8    155      5    T0957s2TS354-D1.pdb:A  SCOP d3hcka_
  418      0.4945      0.1386       4.997     0.000   109    3    7           1    0    155      8    155      7    T0957s2TS354-D1.pdb:A  SCOP d1pa7a_
  419      0.4945   1.515e-05       3.141     0.000   109    2    9           1    0    155      8    155      5    T0957s2TS354-D1.pdb:A  SCOP d1foya_
  420      0.4945       1.133        4.55     0.000   109    3    7           1    0    155      8    155      3    T0957s2TS354-D1.pdb:A  SCOP d1gjsa_
  421      0.4945   1.805e-11       3.923     0.000   109    2   10           1    0    155      8    155     10    T0957s2TS354-D1.pdb:A  SCOP d1flva_
  422      0.4945      0.1945       5.113     0.000   109    3    7           1    0    155      8    155      7    T0957s2TS354-D1.pdb:A  SCOP d1uega_
  423      0.4945     0.02538       4.032     0.000   109    2    9           1    0    155      8    155      4    T0957s2TS354-D1.pdb:A  SCOP d1ifwa_
  424      0.4945      0.1386       3.289     0.000   109    2    8           1    0    155      8    155      7    T0957s2TS354-D1.pdb:A  SCOP d1kr4a_
  425      0.4945          -0       3.485     0.000   109    3   11           1    0    155      8    155     13    T0957s2TS354-D1.pdb:A  SCOP d1cx6a_
  426      0.4945      0.1784       3.317     0.000   109    2    7           1    0    155      8    155      4    T0957s2TS354-D1.pdb:A  SCOP d1oyia_
  427      0.4945     0.04204       4.001     0.000   109    2    7           1    0    155      8    155      7    T0957s2TS354-D1.pdb:A  SCOP d1opda_
  428      0.4945      0.1687       4.001     0.000   109    2    7           1    0    155      8    155      7    T0957s2TS354-D1.pdb:A  SCOP d1cm3a_
  429      0.4945      0.2735        4.73     0.000   109    2    8           1    0    155      8    155      5    T0957s2TS354-D1.pdb:A  SCOP d1iioa_
  430      0.4945     0.01082        3.82     0.000   109    2    8           1    0    155      8    155      9    T0957s2TS354-D1.pdb:A  SCOP d1r26a_
  431      0.4945       0.107       4.387     0.000   109    2    8           1    0    155      8    155      9    T0957s2TS354-D1.pdb:A  SCOP d1qcqa_
  432      0.4945   0.0002668       4.151     0.000   109    2    9           1    0    155      8    155      9    T0957s2TS354-D1.pdb:A  SCOP d1fxta_
  433      0.4945   1.031e-09       4.052     0.000   109    2    8           1    0    155      8    155      9    T0957s2TS354-D1.pdb:A  SCOP d2aaka_
  434      0.4945      0.2146       4.116     0.000   109    2    7           1    0    155      8    155      7    T0957s2TS354-D1.pdb:A  SCOP d1cm2a_
  435      0.4945      0.5152       3.485     0.000   109    2    7           1    0    155      8    155      7    T0957s2TS354-D1.pdb:A  SCOP d1poha_
  436      0.4945   0.0001016       3.439     0.000   109    2    8           1    0    155      8    155      9    T0957s2TS354-D1.pdb:A  SCOP d1ahqa_
  437      0.4945   0.0004936       5.363     0.000   109    3    7           1    0    155      8    155      8    T0957s2TS354-D1.pdb:A  SCOP d1d2za_
  438      0.4945      0.2065       4.531     0.000   109    2    7           1    0    155      8    155      6    T0957s2TS354-D1.pdb:A  SCOP d1mo1a_
  439      0.4945          -0       3.242     0.000   109    2    7           1    0    155      8    155      9    T0957s2TS354-D1.pdb:A  SCOP d1td5a_
  440      0.4945   1.538e-06       3.008     0.000   109    2    8           1    0    155      8    155      3    T0957s2TS354-D1.pdb:A  SCOP d1umqa_
  441      0.4945          -0       4.052     0.000   109    2   10           1    0    155      8    155      5    T0957s2TS354-D1.pdb:A  SCOP d1tuza_
  442      0.4945     0.04204       4.001     0.000   109    2    7           1    0    155      8    155      7    T0957s2TS354-D1.pdb:A  SCOP d1hdna_
  443      0.4945       2.007       5.025     0.000   109    2    7           1    0    155      8    155      8    T0957s2TS354-D1.pdb:A  SCOP d1ew4a_
  444      0.4945     0.08226       4.116     0.000   109    2    7           1    0    155      8    155      7    T0957s2TS354-D1.pdb:A  SCOP d2hpra_
  445      0.4945    0.002629       4.424     0.000   109    2    8           1    0    155      8    155      9    T0957s2TS354-D1.pdb:A  SCOP d1xoba_
  446      0.4945      0.4486       5.944     0.000   109    2    8           1    0    155      8    155      8    T0957s2TS354-D1.pdb:A  SCOP d1bvda_
  447      0.4945    0.002629       4.424     0.000   109    2    8           1    0    155      8    155      8    T0957s2TS354-D1.pdb:A  SCOP d1xoaa_
  448      0.4945          -0        3.26     0.000   109    3    9           1    0    155      8    155     11    T0957s2TS354-D1.pdb:A  SCOP d1xjua_
  449      0.4945       0.846       3.944     0.000   109    2    7           1    0    155      8    155     10    T0957s2TS354-D1.pdb:A  SCOP d1byla_
  450      0.4945          -0       3.779     0.000   109    2    8           1    0    155      8    155      5    T0957s2TS354-D1.pdb:A  SCOP d1nera_
  451      0.4945      0.6418         3.7     0.000   109    2    7           1    0    155      8    155     10    T0957s2TS354-D1.pdb:A  SCOP d1xrka_
  452      0.4945       1.231       5.712     0.000   109    3    5           1    0    155      8    155      7    T0957s2TS354-D1.pdb:A  SCOP d1xioa_
  453      0.4945          -0       3.177     0.000   109    2    9           1    0    155      8    155      5    T0957s2TS354-D1.pdb:A  SCOP d1c6oa_
  454      0.4945          -0       3.106     0.000   109    2    7           1    0    155      8    155      9    T0957s2TS354-D1.pdb:A  SCOP d1ikta_
  455      0.4945       2.133       6.238     0.000   109    3    4           1    0    155      8    155      8    T0957s2TS354-D1.pdb:A  SCOP d1u7ka_
  456      0.4942          -0       1.765     0.713   112    3   10      0.9643    0    155      8    155      6    T0957s2TS354-D1.pdb:A  SCOP d2ygsa_
  457       0.491          -0       2.891     0.508   108    2   10      0.9815    0    155      8    149      9    T0957s2TS354-D1.pdb:A  SCOP d1peqa1
  458      0.4888          -0       2.336     0.000   100    2    9           1    0    155      8    132      7    T0957s2TS354-D1.pdb:A  SCOP d1eiaa2
  459      0.4886   1.727e-13       3.774     0.000   108    2    9           1    0    155      8    154      8    T0957s2TS354-D1.pdb:A  SCOP d1ybea2
  460      0.4872       1.671       5.033     0.000    94    2    4           1    0    155      8    117      7    T0957s2TS354-D1.pdb:A  SCOP d1pina2
  461      0.4865   2.264e-05       3.986     0.000   106    2    6           1    0    155      8    149     10    T0957s2TS354-D1.pdb:A  SCOP d1z3aa1
  462      0.4855          -0       3.177     0.000   108    2    9           1    0    155      8    155      5    T0957s2TS354-D1.pdb:A  SCOP d1ceda_
  463      0.4855      0.6136       3.664     0.000   108    2    7           1    0    155      8    155      6    T0957s2TS354-D1.pdb:A  SCOP d1o4ha_
  464      0.4855      0.6136       3.664     0.000   108    2    7           1    0    155      8    155      7    T0957s2TS354-D1.pdb:A  SCOP d1o46a_
  465      0.4855          -0       2.714     0.000   108    2   11           1    0    155      8    155      8    T0957s2TS354-D1.pdb:A  SCOP d1gjya_
  466      0.4855      0.6136       3.664     0.000   108    2    7           1    0    155      8    155      5    T0957s2TS354-D1.pdb:A  SCOP d1o4ba_
  467      0.4855      0.6136       3.664     0.000   108    2    7           1    0    155      8    155      7    T0957s2TS354-D1.pdb:A  SCOP d1o45a_
  468      0.4855      0.6136       3.664     0.000   108    2    7           1    0    155      8    155      7    T0957s2TS354-D1.pdb:A  SCOP d1o47a_
  469      0.4855      0.1363       2.865     0.000   108    2    8           1    0    155      8    155      5    T0957s2TS354-D1.pdb:A  SCOP d1bkma_
  470      0.4855      0.1363       2.865     0.000   108    2    8           1    0    155      8    155      5    T0957s2TS354-D1.pdb:A  SCOP d1spra_
  471      0.4855      0.1363       2.865     0.000   108    2    8           1    0    155      8    155      6    T0957s2TS354-D1.pdb:A  SCOP d1spsa_
  472      0.4855     0.04836       4.116     0.000   108    2    8           1    0    155      8    155      7    T0957s2TS354-D1.pdb:A  SCOP d1spha_
  473      0.4855     0.04836       4.116     0.000   108    2    8           1    0    155      8    155      7    T0957s2TS354-D1.pdb:A  SCOP d1ptfa_
  474      0.4855     0.03037       4.001     0.000   108    2    8           1    0    155      8    155      7    T0957s2TS354-D1.pdb:A  SCOP d1fu0a_
  475      0.4855     0.04836       4.116     0.000   108    2    8           1    0    155      8    155      7    T0957s2TS354-D1.pdb:A  SCOP d1qfra_
  476      0.4855      0.4849       3.802     0.000   108    3    7           1    0    155      8    155      3    T0957s2TS354-D1.pdb:A  SCOP d1iura_
  477      0.4855     0.04211       3.923     0.000   108    2    7           1    0    155      8    155      7    T0957s2TS354-D1.pdb:A  SCOP d1pfha_
  478      0.4855      0.1062       2.389     0.000   108    2    9           1    0    155      8    155      3    T0957s2TS354-D1.pdb:A  SCOP d1r73a_
  479      0.4855      0.1554       3.326     0.000   108    2    8           1    0    155      8    155      7    T0957s2TS354-D1.pdb:A  SCOP d1pcha_
  480      0.4855          -0       3.485     0.000   108    3   11           1    0    155      8    155     12    T0957s2TS354-D1.pdb:A  SCOP d1l70a_
  481      0.4855          -0       3.327     0.000   108    3   11           1    0    155      8    155     13    T0957s2TS354-D1.pdb:A  SCOP d1pqja_
  482      0.4855          -0       3.485     0.000   108    3   11           1    0    155      8    155     13    T0957s2TS354-D1.pdb:A  SCOP d259la_
  483      0.4855       1.715       4.288     0.000   108    2    9           1    0    155      8    155      5    T0957s2TS354-D1.pdb:A  SCOP d1jiga_
  484      0.4855          -0       3.327     0.000   108    3   11           1    0    155      8    155     12    T0957s2TS354-D1.pdb:A  SCOP d177la_
  485      0.4855      0.4003       4.216     0.000   108    2    8           1    0    155      8    155      9    T0957s2TS354-D1.pdb:A  SCOP d1keba_
  486      0.4855          -0       2.795     0.000   108    3   10           1    0    155      8    155     13    T0957s2TS354-D1.pdb:A  SCOP d1xo5a_
  487      0.4855   0.0004058       3.399     0.000   108    2    9           1    0    155      8    155      3    T0957s2TS354-D1.pdb:A  SCOP d1reta_
  488      0.4855   0.0001177       3.205     0.000   108    2    8           1    0    155      8    155      3    T0957s2TS354-D1.pdb:A  SCOP d1resa_
  489      0.4855   2.233e-12       3.858     0.000   108    2    9           1    0    155      8    155      9    T0957s2TS354-D1.pdb:A  SCOP d1q34a_
  490      0.4855      0.1714        3.63     0.000   108    2    8           1    0    155      8    155      8    T0957s2TS354-D1.pdb:A  SCOP d1hika_
  491      0.4855          -0       2.252     0.000   108    3   12           1    0    155      8    155      7    T0957s2TS354-D1.pdb:A  SCOP d1qx7a_
  492      0.4855      0.1963       3.411     0.000   108    2    9           1    0    155      8    155      5    T0957s2TS354-D1.pdb:A  SCOP d1v3fa_
  493      0.4855   1.142e-13       3.571     0.000   108    2    8           1    0    155      8    155      7    T0957s2TS354-D1.pdb:A  SCOP d1w4ma_
  494      0.4855    0.001049       3.492     0.000   108    2    7           1    0    155      8    155      9    T0957s2TS354-D1.pdb:A  SCOP d1sjwa_
