<html><head></head><body><pre style="word-wrap: break-word; white-space: pre-wrap;"> PDBe Fold v2.59. (src3) 14 Apr 2014 result file.

                   RESULT SUMMARY

   ##      Q-score      P-score     Z-score   RMSD    Nalgn Nsse Ngaps Seq-%     Nmd Nres-Q Nsse-Q Nres-T Nsse-T Query Target
    1           1          -0  1.798e+308     0.000    82    1    0           1    0     82      5     82      5    T0963TS043-D2.pdb:A  SCOP d1e8ra_
    2           1          -0  1.798e+308     0.000    82    1    0           1    0     82      5     82      5    T0963TS043-D2.pdb:A  SCOP d1rmja_
    3           1          -0  1.798e+308     0.000    82    1    0           1    0     82      5     82      3    T0963TS043-D2.pdb:A  SCOP d1l3ha_
    4           1          -0  1.798e+308     0.000    82    1    0           1    0     82      5     82      5    T0963TS043-D2.pdb:A  SCOP d1tpna_
    5           1          -0  1.798e+308     0.000    82    1    0           1    0     82      5     82      3    T0963TS043-D2.pdb:A  SCOP d1afpa_
    6           1          -0  1.798e+308     0.000    82    1    0           1    0     82      5     82      5    T0963TS043-D2.pdb:A  SCOP d1kmxa_
    7           1          -0  1.798e+308     0.000    82    1    0           1    0     82      5     82      5    T0963TS043-D2.pdb:A  SCOP d2vgha_
    8           1          -0  1.798e+308     0.000    82    1    0           1    0     82      5     82      5    T0963TS043-D2.pdb:A  SCOP d1vgha_
    9           1          -0  1.798e+308     0.000    82    1    0           1    0     82      5     82      2    T0963TS043-D2.pdb:A  SCOP d1osxa_
   10           1          -0  1.798e+308     0.000    82    1    0           1    0     82      5     82      4    T0963TS043-D2.pdb:A  SCOP d1apja_
   11           1          -0  1.798e+308     0.000    82    1    0           1    0     82      5     82      5    T0963TS043-D2.pdb:A  SCOP d1ccva_
   12           1          -0  1.798e+308     0.000    82    1    0           1    0     82      5     82      4    T0963TS043-D2.pdb:A  SCOP d1atda_
   13           1          -0  1.798e+308     0.000    82    1    0           1    0     82      5     82      4    T0963TS043-D2.pdb:A  SCOP d1atea_
   14           1          -0  1.798e+308     0.000    82    1    0           1    0     82      5     82      4    T0963TS043-D2.pdb:A  SCOP d1atba_
   15           1          -0  1.798e+308     0.000    82    1    0           1    0     82      5     82      4    T0963TS043-D2.pdb:A  SCOP d1ataa_
   16           1          -0  1.798e+308     0.000    82    1    0           1    0     82      5     82      1    T0963TS043-D2.pdb:A  SCOP d1rmra_
   17           1          -0  1.798e+308     0.000    82    1    0           1    0     82      5     82      1    T0963TS043-D2.pdb:A  SCOP d1teja_
   18           1          -0  1.798e+308     0.000    82    1    0           1    0     82      5     82      5    T0963TS043-D2.pdb:A  SCOP d1b0ya_
   19           1          -0  1.798e+308     0.000    82    1    0           1    0     82      5     82      5    T0963TS043-D2.pdb:A  SCOP d1sse.1
   20           1          -0  1.798e+308     0.000    82    3    0           1    0     82      5     82     13    T0963TS043-D2.pdb:A  SCOP d1dqga_
   21           1          -0  1.798e+308     0.000    82    3    0           1    0     82      5     82     13    T0963TS043-D2.pdb:A  SCOP d1fwua_
   22           1          -0  1.798e+308     0.000    82    3    0           1    0     82      5     82     12    T0963TS043-D2.pdb:A  SCOP d1fwva_
   23           1          -0  1.798e+308     0.000    82    3    0           1    0     82      5     82     12    T0963TS043-D2.pdb:A  SCOP d1dqoa_
   24           1          -0       3.855     0.000    82    3    0           1    0     82      5     82     13    T0963TS043-D2.pdb:A  SCOP d1wbca_
   25           1   4.536e-11       3.263     0.000    82    2    0           1    0     82      5     82     10    T0963TS043-D2.pdb:A  SCOP d1nb9a_
   26           1   4.033e-11       3.263     0.000    82    2    0           1    0     82      5     82      9    T0963TS043-D2.pdb:A  SCOP d1q9sa_
   27           1          -0  1.798e+308     0.000    82    1    0           1    0     82      5     82      2    T0963TS043-D2.pdb:A  SCOP d1pb5a_
   28           1          -0  1.798e+308     0.000    82    1    0           1    0     82      5     82      2    T0963TS043-D2.pdb:A  SCOP d1ssua_
   29           1          -0  1.798e+308     0.000    82    1    0           1    0     82      5     82      3    T0963TS043-D2.pdb:A  SCOP d1hn6a_
   30           1          -0  1.798e+308     0.000    82    1    0           1    0     82      5     82      3    T0963TS043-D2.pdb:A  SCOP d1iyca_
   31           1          -0  1.798e+308     0.000    82    1    0           1    0     82      5     82      5    T0963TS043-D2.pdb:A  SCOP d1dtva_
   32           1          -0  1.798e+308     0.000    82    1    0           1    0     82      5     82      4    T0963TS043-D2.pdb:A  SCOP d1k0ha_
   33           1          -0  1.798e+308     0.000    82    1    0           1    0     82      5     82      5    T0963TS043-D2.pdb:A  SCOP d1o9ya_
   34           1          -0  1.798e+308     0.000    82    1    0           1    0     82      5     82      5    T0963TS043-D2.pdb:A  SCOP d1qlda_
   35           1          -0  1.798e+308     0.000    82    1    0           1    0     82      5     82      3    T0963TS043-D2.pdb:A  SCOP d3ovoa_
   36           1          -0  1.798e+308     0.000    82    1    0           1    0     82      5     82      3    T0963TS043-D2.pdb:A  SCOP d1tusa_
   37           1          -0  1.798e+308     0.000    82    1    0           1    0     82      5     82      3    T0963TS043-D2.pdb:A  SCOP d1omua_
   38           1          -0  1.798e+308     0.000    82    1    0           1    0     82      5     82      3    T0963TS043-D2.pdb:A  SCOP d1m8ba_
   39           1          -0  1.798e+308     0.000    82    1    0           1    0     82      5     82      3    T0963TS043-D2.pdb:A  SCOP d1tura_
   40           1          -0  1.798e+308     0.000    82    1    0           1    0     82      5     82      3    T0963TS043-D2.pdb:A  SCOP d1m8ca_
   41           1          -0  1.798e+308     0.000    82    1    0           1    0     82      5     82      5    T0963TS043-D2.pdb:A  SCOP d1j7ma_
   42           1          -0  1.798e+308     0.000    82    1    0           1    0     82      5     82      5    T0963TS043-D2.pdb:A  SCOP d1cxwa_
   43           1          -0  1.798e+308     0.000    82    1    0           1    0     82      5     82      5    T0963TS043-D2.pdb:A  SCOP d1ks0a_
   44           1          -0  1.798e+308     0.000    82    1    0           1    0     82      5     82      3    T0963TS043-D2.pdb:A  SCOP d1krna_
   45           1          -0  1.798e+308     0.000    82    1    0           1    0     82      5     82      4    T0963TS043-D2.pdb:A  SCOP d2plha_
   46           1          -0  1.798e+308     0.000    82    1    0           1    0     82      5     82      4    T0963TS043-D2.pdb:A  SCOP d1bhpa_
   47           1          -0  1.798e+308     0.000    82    1    0           1    0     82      5     82      1    T0963TS043-D2.pdb:A  SCOP d1cxra_
   48           1          -0  1.798e+308     0.000    82    1    0           1    0     82      5     82      3    T0963TS043-D2.pdb:A  SCOP d1jxua_
   49           1          -0  1.798e+308     0.000    82    1    0           1    0     82      5     82      3    T0963TS043-D2.pdb:A  SCOP d1jxta_
   50           1          -0  1.798e+308     0.000    82    1    0           1    0     82      5     82      3    T0963TS043-D2.pdb:A  SCOP d1ab1a_
   51           1          -0  1.798e+308     0.000    82    1    0           1    0     82      5     82      3    T0963TS043-D2.pdb:A  SCOP d1jxya_
   52           1          -0  1.798e+308     0.000    82    1    0           1    0     82      5     82      3    T0963TS043-D2.pdb:A  SCOP d1ovoa_
   53           1          -0  1.798e+308     0.000    82    1    0           1    0     82      5     82      3    T0963TS043-D2.pdb:A  SCOP d2ovoa_
   54           1          -0  1.798e+308     0.000    82    1    0           1    0     82      5     82      3    T0963TS043-D2.pdb:A  SCOP d4ovoa_
   55           1          -0  1.798e+308     0.000    82    1    0           1    0     82      5     82      4    T0963TS043-D2.pdb:A  SCOP d1iy5a_
   56           1          -0  1.798e+308     0.000    82    1    0           1    0     82      5     82      4    T0963TS043-D2.pdb:A  SCOP d1iy6a_
   57           1          -0  1.798e+308     0.000    82    1    0           1    0     82      5     82      3    T0963TS043-D2.pdb:A  SCOP d1hpta_
   58           1          -0  1.798e+308     0.000    82    1    0           1    0     82      5     82      5    T0963TS043-D2.pdb:A  SCOP d2busa_
   59           1          -0  1.798e+308     0.000    82    1    0           1    0     82      5     82      3    T0963TS043-D2.pdb:A  SCOP d1iw4a_
   60           1          -0  1.798e+308     0.000    82    1    0           1    0     82      5     82      3    T0963TS043-D2.pdb:A  SCOP d1tiha_
   61           1          -0  1.798e+308     0.000    82    1    0           1    0     82      5     82      3    T0963TS043-D2.pdb:A  SCOP d1ce3a_
   62           1          -0  1.798e+308     0.000    82    1    0           1    0     82      5     82      4    T0963TS043-D2.pdb:A  SCOP d1hi7a_
   63           1          -0  1.798e+308     0.000    82    1    0           1    0     82      5     82      1    T0963TS043-D2.pdb:A  SCOP d1e9ta_
   64           1          -0  1.798e+308     0.000    82    1    0           1    0     82      5     82      4    T0963TS043-D2.pdb:A  SCOP d1ssla_
   65           1          -0  1.798e+308     0.000    82    1    0           1    0     82      5     82      4    T0963TS043-D2.pdb:A  SCOP d1hcca_
   66           1          -0  1.798e+308     0.000    82    1    0           1    0     82      5     82      4    T0963TS043-D2.pdb:A  SCOP d1ppqa_
   67           1          -0  1.798e+308     0.000    82    1    0           1    0     82      5     82      3    T0963TS043-D2.pdb:A  SCOP d1rooa_
   68           1          -0  1.798e+308     0.000    82    1    0           1    0     82      5     82      3    T0963TS043-D2.pdb:A  SCOP d1glua_
   69           1          -0  1.798e+308     0.000    82    2    0           1    0     82      5     82      7    T0963TS043-D2.pdb:A  SCOP d1ntea_
   70           1          -0  1.798e+308     0.000    82    2    0           1    0     82      5     82      7    T0963TS043-D2.pdb:A  SCOP d1obya_
   71           1          -0  1.798e+308     0.000    82    1    0           1    0     82      5     82      5    T0963TS043-D2.pdb:A  SCOP d1r4oa_
   72           1          -0  1.798e+308     0.000    82    2    0           1    0     82      5     82      7    T0963TS043-D2.pdb:A  SCOP d1rzxa_
   73           1          -0  1.798e+308     0.000    82    1    0           1    0     82      5     82      4    T0963TS043-D2.pdb:A  SCOP d1lata_
   74           1          -0  1.798e+308     0.000    82    1    0           1    0     82      5     82      4    T0963TS043-D2.pdb:A  SCOP d1lo1a_
   75           1          -0  1.798e+308     0.000    82    1    0           1    0     82      5     82      5    T0963TS043-D2.pdb:A  SCOP d1cita_
   76           1          -0  1.798e+308     0.000    82    1    0           1    0     82      5     82      5    T0963TS043-D2.pdb:A  SCOP d1rxra_
   77           1          -0  1.798e+308     0.000    82    1    0           1    0     82      5     82      3    T0963TS043-D2.pdb:A  SCOP d1by4a_
   78           1          -0  1.798e+308     0.000    82    1    0           1    0     82      5     82      5    T0963TS043-D2.pdb:A  SCOP d1r2ma_
   79           1          -0  1.798e+308     0.000    82    1    0           1    0     82      5     82      3    T0963TS043-D2.pdb:A  SCOP d1gaua_
   80           1          -0  1.798e+308     0.000    82    1    0           1    0     82      5     82      4    T0963TS043-D2.pdb:A  SCOP d1gata_
   81           1          -0  1.798e+308     0.000    82    1    0           1    0     82      5     82      4    T0963TS043-D2.pdb:A  SCOP d2gata_
   82           1          -0       2.876     0.000    82    2    0           1    0     82      5     82      7    T0963TS043-D2.pdb:A  SCOP d1czga_
   83           1          -0  1.798e+308     0.000    82    1    0           1    0     82      5     82      4    T0963TS043-D2.pdb:A  SCOP d4gata_
   84           1          -0  1.798e+308     0.000    82    1    0           1    0     82      5     82      4    T0963TS043-D2.pdb:A  SCOP d3gata_
   85           1          -0  1.798e+308     0.000    82    1    0           1    0     82      5     82      3    T0963TS043-D2.pdb:A  SCOP d1auua_
   86           1          -0  1.798e+308     0.000    82    1    0           1    0     82      5     82      5    T0963TS043-D2.pdb:A  SCOP d1qmca_
   87           1          -0  1.798e+308     0.000    82    1    0           1    0     82      5     82      5    T0963TS043-D2.pdb:A  SCOP d1ihwa_
   88           1          -0  1.798e+308     0.000    82    1    0           1    0     82      5     82      5    T0963TS043-D2.pdb:A  SCOP d1ihva_
   89           1          -0  1.798e+308     0.000    82    2    0           1    0     82      5     82      6    T0963TS043-D2.pdb:A  SCOP d1nz9a_
   90           1          -0  1.798e+308     0.000    82    1    0           1    0     82      5     82      5    T0963TS043-D2.pdb:A  SCOP d1qp2a_
   91           1          -0  1.798e+308     0.000    82    1    0           1    0     82      5     82      5    T0963TS043-D2.pdb:A  SCOP d1qp3a_
   92           1          -0  1.798e+308     0.000    82    1    0           1    0     82      5     82      5    T0963TS043-D2.pdb:A  SCOP d1psea_
   93           1          -0  1.798e+308     0.000    82    1    0           1    0     82      5     82      5    T0963TS043-D2.pdb:A  SCOP d1psfa_
   94           1          -0  1.798e+308     0.000    82    1    0           1    0     82      5     82      3    T0963TS043-D2.pdb:A  SCOP d1whka_
   95           1          -0  1.798e+308     0.000    82    1    0           1    0     82      5     82      5    T0963TS043-D2.pdb:A  SCOP d1whha_
   96           1          -0  1.798e+308     0.000    82    1    0           1    0     82      5     82      5    T0963TS043-D2.pdb:A  SCOP d1whla_
   97           1          -0  1.798e+308     0.000    82    1    0           1    0     82      5     82      5    T0963TS043-D2.pdb:A  SCOP d1ixda_
   98           1    0.003451       3.855     0.000    82    1    0           1    0     82      5     82      5    T0963TS043-D2.pdb:A  SCOP d1whma_
   99           1          -0  1.798e+308     0.000    82    1    0           1    0     82      5     82      4    T0963TS043-D2.pdb:A  SCOP d1wgsa_
  100           1       1.069       5.713     0.000    82    1    0           1    0     82      5     82      5    T0963TS043-D2.pdb:A  SCOP d1pdqa_
  101           1          -0  1.798e+308     0.000    82    1    0           1    0     82      5     82      4    T0963TS043-D2.pdb:A  SCOP d1g6pa_
  102           1          -0  1.798e+308     0.000    82    1    0           1    0     82      5     82      5    T0963TS043-D2.pdb:A  SCOP d1h95a_
  103           1          -0  1.798e+308     0.000    82    1    0           1    0     82      5     82      5    T0963TS043-D2.pdb:A  SCOP d1sroa_
  104           1          -0  1.798e+308     0.000    82    1    0           1    0     82      5     82      1    T0963TS043-D2.pdb:A  SCOP d1ripa_
  105           1          -0  1.798e+308     0.000    82    1    0           1    0     82      5     82      4    T0963TS043-D2.pdb:A  SCOP d1ny4a_
  106           1          -0  1.798e+308     0.000    82    1    0           1    0     82      5     82      4    T0963TS043-D2.pdb:A  SCOP d1ne3a_
  107           1          -0  1.798e+308     0.000    82    1    0           1    0     82      5     82      4    T0963TS043-D2.pdb:A  SCOP d2gn5a_
  108           1          -0  1.798e+308     0.000    82    1    0           1    0     82      5     82      5    T0963TS043-D2.pdb:A  SCOP d1pfsa_
  109           1          -0  1.798e+308     0.000    82    1    0           1    0     82      5     82      3    T0963TS043-D2.pdb:A  SCOP d1hlqa_
  110           1          -0  1.798e+308     0.000    82    1    0           1    0     82      5     82      5    T0963TS043-D2.pdb:A  SCOP d1iuaa_
  111           1          -0  1.798e+308     0.000    82    1    0           1    0     82      5     82      3    T0963TS043-D2.pdb:A  SCOP d1neha_
  112           1       0.118       2.922     0.000    82    2    0           1    0     82      5     82      6    T0963TS043-D2.pdb:A  SCOP d1ry7a_
  113           1          -0  1.798e+308     0.000    82    1    0           1    0     82      5     82      3    T0963TS043-D2.pdb:A  SCOP d1hrra_
  114           1          -0       1.578     0.000    82    2    0           1    0     82      5     82      9    T0963TS043-D2.pdb:A  SCOP d1ijta_
  115           1          -0  1.798e+308     0.000    82    1    0           1    0     82      5     82      5    T0963TS043-D2.pdb:A  SCOP d1hipa_
  116           1          -0  1.798e+308     0.000    82    1    0           1    0     82      5     82      4    T0963TS043-D2.pdb:A  SCOP d1js2a_
  117           1          -0  1.798e+308     0.000    82    1    0           1    0     82      5     82      4    T0963TS043-D2.pdb:A  SCOP d1ckua_
  118           1          -0  1.798e+308     0.000    82    1    0           1    0     82      5     82      5    T0963TS043-D2.pdb:A  SCOP d1hzaa_
  119           1          -0  1.798e+308     0.000    82    1    0           1    0     82      5     82      5    T0963TS043-D2.pdb:A  SCOP d1hz9a_
  120           1          -0  1.798e+308     0.000    82    1    0           1    0     82      5     82      5    T0963TS043-D2.pdb:A  SCOP d1i5fa_
  121           1          -0  1.798e+308     0.000    82    1    0           1    0     82      5     82      5    T0963TS043-D2.pdb:A  SCOP d1hzca_
  122           1          -0  1.798e+308     0.000    82    1    0           1    0     82      5     82      5    T0963TS043-D2.pdb:A  SCOP d1hzba_
  123           1          -0  1.798e+308     0.000    82    1    0           1    0     82      5     82      5    T0963TS043-D2.pdb:A  SCOP d1c9oa_
  124           1          -0  1.798e+308     0.000    82    1    0           1    0     82      5     82      5    T0963TS043-D2.pdb:A  SCOP d1nmfa_
  125           1          -0  1.798e+308     0.000    82    1    0           1    0     82      5     82      5    T0963TS043-D2.pdb:A  SCOP d1csqa_
  126           1          -0  1.798e+308     0.000    82    1    0           1    0     82      5     82      5    T0963TS043-D2.pdb:A  SCOP d1cspa_
  127           1          -0  1.798e+308     0.000    82    1    0           1    0     82      5     82      5    T0963TS043-D2.pdb:A  SCOP d3mefa_
  128           1          -0  1.798e+308     0.000    82    1    0           1    0     82      5     82      5    T0963TS043-D2.pdb:A  SCOP d1mjca_
  129           1     0.00087       2.641     0.000    82    2    0           1    0     82      5     82      6    T0963TS043-D2.pdb:A  SCOP d1wjja_
  130           1          -0       1.337     0.000    82    2    0           1    0     82      5     82     10    T0963TS043-D2.pdb:A  SCOP d1qzha_
  131           1   0.0002196       3.198     0.000    82    2    0           1    0     82      5     82      8    T0963TS043-D2.pdb:A  SCOP d1quqa_
  132           1          -0  1.798e+308     0.000    82    2    0           1    0     82      5     82      8    T0963TS043-D2.pdb:A  SCOP d1krta_
  133           1          -0  1.798e+308     0.000    82    1    0           1    0     82      5     82      4    T0963TS043-D2.pdb:A  SCOP d5gata_
  134           1          -0  1.798e+308     0.000    82    1    0           1    0     82      5     82      5    T0963TS043-D2.pdb:A  SCOP d1mrxa_
  135           1          -0  1.798e+308     0.000    82    1    0           1    0     82      5     82      5    T0963TS043-D2.pdb:A  SCOP d1ohra_
  136           1          -0  1.798e+308     0.000    82    1    0           1    0     82      5     82      5    T0963TS043-D2.pdb:A  SCOP d1aida_
  137           1          -0  1.798e+308     0.000    82    1    0           1    0     82      5     82      5    T0963TS043-D2.pdb:A  SCOP d1ec1a_
  138           1          -0  1.798e+308     0.000    82    1    0           1    0     82      5     82      5    T0963TS043-D2.pdb:A  SCOP d1a94a_
  139           1          -0  1.798e+308     0.000    82    1    0           1    0     82      5     82      5    T0963TS043-D2.pdb:A  SCOP d3tlha_
  140           1          -0  1.798e+308     0.000    82    1    0           1    0     82      5     82      5    T0963TS043-D2.pdb:A  SCOP d1ebya_
  141           1          -0  1.798e+308     0.000    82    1    0           1    0     82      5     82      5    T0963TS043-D2.pdb:A  SCOP d1mt8a_
  142           1          -0  1.798e+308     0.000    82    1    0           1    0     82      5     82      5    T0963TS043-D2.pdb:A  SCOP d1qbta_
  143           1          -0  1.798e+308     0.000    82    1    0           1    0     82      5     82      5    T0963TS043-D2.pdb:A  SCOP d1izia_
  144           1          -0  1.798e+308     0.000    82    1    0           1    0     82      5     82      5    T0963TS043-D2.pdb:A  SCOP d1axaa_
  145           1          -0  1.798e+308     0.000    82    1    0           1    0     82      5     82      5    T0963TS043-D2.pdb:A  SCOP d1bv7a_
  146           1          -0  1.798e+308     0.000    82    1    0           1    0     82      5     82      5    T0963TS043-D2.pdb:A  SCOP d1t7ka_
  147           1          -0  1.798e+308     0.000    82    1    0           1    0     82      5     82      5    T0963TS043-D2.pdb:A  SCOP d1lzqa_
  148           1          -0  1.798e+308     0.000    82    1    0           1    0     82      5     82      5    T0963TS043-D2.pdb:A  SCOP d1hosa_
  149           1          -0  1.798e+308     0.000    82    1    0           1    0     82      5     82      5    T0963TS043-D2.pdb:A  SCOP d1m0ba_
  150           1          -0  1.798e+308     0.000    82    1    0           1    0     82      5     82      5    T0963TS043-D2.pdb:A  SCOP d7hvpa_
  151           1          -0  1.798e+308     0.000    82    1    0           1    0     82      5     82      5    T0963TS043-D2.pdb:A  SCOP d1msma_
  152           1          -0  1.798e+308     0.000    82    1    0           1    0     82      5     82      5    T0963TS043-D2.pdb:A  SCOP d1mrwa_
  153           1          -0  1.798e+308     0.000    82    1    0           1    0     82      5     82      5    T0963TS043-D2.pdb:A  SCOP d1bwaa_
  154           1          -0  1.798e+308     0.000    82    1    0           1    0     82      5     82      4    T0963TS043-D2.pdb:A  SCOP d1bf0a_
  155           1          -0  1.798e+308     0.000    82    1    0           1    0     82      5     82      5    T0963TS043-D2.pdb:A  SCOP d1kj7a_
  156           1          -0  1.798e+308     0.000    82    2    0           1    0     82      5     82      6    T0963TS043-D2.pdb:A  SCOP d1kjfa_
  157           1          -0  1.798e+308     0.000    82    1    0           1    0     82      5     82      5    T0963TS043-D2.pdb:A  SCOP d1odya_
  158           1          -0  1.798e+308     0.000    82    1    0           1    0     82      5     82      5    T0963TS043-D2.pdb:A  SCOP d1ec2a_
  159           1          -0  1.798e+308     0.000    82    1    0           1    0     82      5     82      3    T0963TS043-D2.pdb:A  SCOP d1dfna_
  160           1          -0  1.798e+308     0.000    82    1    0           1    0     82      5     82      5    T0963TS043-D2.pdb:A  SCOP d1sgua_
  161           1          -0  1.798e+308     0.000    82    1    0           1    0     82      5     82      5    T0963TS043-D2.pdb:A  SCOP d1hiha_
  162           1          -0  1.798e+308     0.000    82    1    0           1    0     82      5     82      4    T0963TS043-D2.pdb:A  SCOP d1ijva_
  163           1          -0  1.798e+308     0.000    82    1    0           1    0     82      5     82      5    T0963TS043-D2.pdb:A  SCOP d1cpia_
  164           1          -0  1.798e+308     0.000    82    1    0           1    0     82      5     82      4    T0963TS043-D2.pdb:A  SCOP d1ijua_
  165           1          -0  1.798e+308     0.000    82    1    0           1    0     82      5     82      3    T0963TS043-D2.pdb:A  SCOP d1kj5a_
  166           1          -0  1.798e+308     0.000    82    1    0           1    0     82      5     82      5    T0963TS043-D2.pdb:A  SCOP d1f7aa_
  167           1          -0  1.798e+308     0.000    82    1    0           1    0     82      5     82      5    T0963TS043-D2.pdb:A  SCOP d1ytia_
  168           1          -0  1.798e+308     0.000    82    1    0           1    0     82      5     82      5    T0963TS043-D2.pdb:A  SCOP d2sama_
  169           1          -0  1.798e+308     0.000    82    1    0           1    0     82      5     82      5    T0963TS043-D2.pdb:A  SCOP d1ytja_
  170           1          -0  1.798e+308     0.000    82    2    0           1    0     82      5     82      6    T0963TS043-D2.pdb:A  SCOP d4fiva_
  171           1          -0  1.798e+308     0.000    82    2    0           1    0     82      5     82      6    T0963TS043-D2.pdb:A  SCOP d6fiva_
  172           1          -0  1.798e+308     0.000    82    2    0           1    0     82      5     82      6    T0963TS043-D2.pdb:A  SCOP d1fiva_
  173           1          -0  1.798e+308     0.000    82    2    0           1    0     82      5     82      6    T0963TS043-D2.pdb:A  SCOP d3fiva_
  174           1          -0  1.798e+308     0.000    82    2    0           1    0     82      5     82      6    T0963TS043-D2.pdb:A  SCOP d2fiva_
  175           1          -0  1.798e+308     0.000    82    1    0           1    0     82      5     82      5    T0963TS043-D2.pdb:A  SCOP d1v5ma_
  176           1   7.527e-14       2.858     0.000    82    2    0           1    0     82      5     82      8    T0963TS043-D2.pdb:A  SCOP d1r94a_
  177           1   7.527e-14       2.858     0.000    82    2    0           1    0     82      5     82      8    T0963TS043-D2.pdb:A  SCOP d1r95a_
  178           1       2.527       5.006     0.000    82    2    0           1    0     82      5     82     10    T0963TS043-D2.pdb:A  SCOP d1kt7a_
  179           1       2.527       5.006     0.000    82    2    0           1    0     82      5     82     10    T0963TS043-D2.pdb:A  SCOP d1kt6a_
  180           1       2.527       5.006     0.000    82    2    0           1    0     82      5     82     10    T0963TS043-D2.pdb:A  SCOP d1kt4a_
  181           1       2.527       5.006     0.000    82    2    0           1    0     82      5     82     10    T0963TS043-D2.pdb:A  SCOP d1kt5a_
  182           1       1.344       5.006     0.000    82    2    0           1    0     82      5     82     10    T0963TS043-D2.pdb:A  SCOP d1hbqa_
  183           1      0.9434       4.673     0.000    82    2    0           1    0     82      5     82     10    T0963TS043-D2.pdb:A  SCOP d1jyda_
  184           1          -0  1.798e+308     0.000    82    1    0           1    0     82      5     82      5    T0963TS043-D2.pdb:A  SCOP d1ytga_
  185           1          -0  1.798e+308     0.000    82    1    0           1    0     82      5     82      5    T0963TS043-D2.pdb:A  SCOP d1ytha_
  186           1          -0  1.798e+308     0.000    82    2    0           1    0     82      5     82      6    T0963TS043-D2.pdb:A  SCOP d1k6ta_
  187           1          -0       1.496     0.000    82    1    0           1    0     82      5     82      5    T0963TS043-D2.pdb:A  SCOP d1k6ca_
  188           1          -0       1.325     0.000    82    1    0           1    0     82      5     82      5    T0963TS043-D2.pdb:A  SCOP d1az5a_
  189           1          -0  1.798e+308     0.000    82    2    0           1    0     82      5     82      6    T0963TS043-D2.pdb:A  SCOP d1k6pa_
  190           1          -0  1.798e+308     0.000    82    1    0           1    0     82      5     82      5    T0963TS043-D2.pdb:A  SCOP d1k6va_
  191           1          -0  1.798e+308     0.000    82    1    0           1    0     82      5     82      5    T0963TS043-D2.pdb:A  SCOP d3upja_
  192           1          -0  1.798e+308     0.000    82    1    0           1    0     82      5     82      5    T0963TS043-D2.pdb:A  SCOP d6upja_
  193           1          -0  1.798e+308     0.000    82    1    0           1    0     82      5     82      5    T0963TS043-D2.pdb:A  SCOP d3aida_
  194           1          -0  1.798e+308     0.000    82    1    0           1    0     82      5     82      5    T0963TS043-D2.pdb:A  SCOP d1gnna_
  195           1          -0  1.798e+308     0.000    82    1    0           1    0     82      5     82      5    T0963TS043-D2.pdb:A  SCOP d1gnma_
  196           1          -0  1.798e+308     0.000    82    1    0           1    0     82      5     82      5    T0963TS043-D2.pdb:A  SCOP d1hpsa_
  197           1          -0  1.798e+308     0.000    82    1    0           1    0     82      5     82      5    T0963TS043-D2.pdb:A  SCOP d1gnoa_
  198           1          -0  1.798e+308     0.000    82    1    0           1    0     82      5     82      5    T0963TS043-D2.pdb:A  SCOP d1htfa_
  199           1          -0  1.798e+308     0.000    82    2    0           1    0     82      5     82      7    T0963TS043-D2.pdb:A  SCOP d1mtba_
  200           1          -0  1.798e+308     0.000    82    1    0           1    0     82      5     82      4    T0963TS043-D2.pdb:A  SCOP d1atxa_
  201           1          -0  1.798e+308     0.000    82    1    0           1    0     82      5     82      4    T0963TS043-D2.pdb:A  SCOP d2sh1a_
  202           1          -0  1.798e+308     0.000    82    1    0           1    0     82      5     82      4    T0963TS043-D2.pdb:A  SCOP d1sh1a_
  203           1          -0  1.798e+308     0.000    82    1    0           1    0     82      5     82      3    T0963TS043-D2.pdb:A  SCOP d1bdsa_
  204           1          -0  1.798e+308     0.000    82    1    0           1    0     82      5     82      4    T0963TS043-D2.pdb:A  SCOP d2bdsa_
  205           1          -0  1.798e+308     0.000    82    1    0           1    0     82      5     82      3    T0963TS043-D2.pdb:A  SCOP d1d6ba_
  206           1          -0  1.798e+308     0.000    82    1    0           1    0     82      5     82      5    T0963TS043-D2.pdb:A  SCOP d1nh0a_
  207           1          -0  1.798e+308     0.000    82    1    0           1    0     82      5     82      5    T0963TS043-D2.pdb:A  SCOP d1kzka_
  208           1          -0  1.798e+308     0.000    82    1    0           1    0     82      5     82      5    T0963TS043-D2.pdb:A  SCOP d1sdta_
  209           1          -0  1.798e+308     0.000    82    1    0           1    0     82      5     82      5    T0963TS043-D2.pdb:A  SCOP d1sdva_
  210           1          -0  1.798e+308     0.000    82    2    0           1    0     82      5     82      6    T0963TS043-D2.pdb:A  SCOP d1k1ua_
  211           1          -0  1.798e+308     0.000    82    1    0           1    0     82      5     82      5    T0963TS043-D2.pdb:A  SCOP d1d4la_
  212           1          -0  1.798e+308     0.000    82    1    0           1    0     82      5     82      5    T0963TS043-D2.pdb:A  SCOP d1difa_
  213           1          -0  1.798e+308     0.000    82    1    0           1    0     82      5     82      5    T0963TS043-D2.pdb:A  SCOP d1iiqa_
  214           1          -0  1.798e+308     0.000    82    1    0           1    0     82      5     82      5    T0963TS043-D2.pdb:A  SCOP d1ec0a_
  215           1          -0  1.798e+308     0.000    82    1    0           1    0     82      5     82      5    T0963TS043-D2.pdb:A  SCOP d1b6la_
  216           1          -0  1.798e+308     0.000    82    1    0           1    0     82      5     82      5    T0963TS043-D2.pdb:A  SCOP d1w5wa_
  217           1          -0  1.798e+308     0.000    82    3    0           1    0     82      5     82     15    T0963TS043-D2.pdb:A  SCOP d1nn6a_
  218           1          -0  1.798e+308     0.000    82    1    0           1    0     82      5     82      2    T0963TS043-D2.pdb:A  SCOP d1tv0a_
  219           1          -0  1.798e+308     0.000    82    1    0           1    0     82      5     82      3    T0963TS043-D2.pdb:A  SCOP d1h5oa_
  220           1          -0  1.798e+308     0.000    82    3    0           1    0     82      5     82     15    T0963TS043-D2.pdb:A  SCOP d4vgc.1
  221           1          -0  1.798e+308     0.000    82    1    0           1    0     82      5     82      3    T0963TS043-D2.pdb:A  SCOP d1hkya_
  222           1          -0  1.798e+308     0.000    82    1    0           1    0     82      5     82      2    T0963TS043-D2.pdb:A  SCOP d1ajja_
  223           1          -0  1.798e+308     0.000    82    1    0           1    0     82      5     82      3    T0963TS043-D2.pdb:A  SCOP d1j8ea_
  224           1          -0  1.798e+308     0.000    82    1    0           1    0     82      5     82      2    T0963TS043-D2.pdb:A  SCOP d1ldla_
  225           1          -0  1.798e+308     0.000    82    3    0           1    0     82      5     82     15    T0963TS043-D2.pdb:A  SCOP d1afq.1
  226           1          -0  1.798e+308     0.000    82    1    0           1    0     82      5     82      3    T0963TS043-D2.pdb:A  SCOP d1f8za_
  227           1          -0  1.798e+308     0.000    82    1    0           1    0     82      5     82      3    T0963TS043-D2.pdb:A  SCOP d1d2la_
  228           1          -0  1.798e+308     0.000    82    1    0           1    0     82      5     82      1    T0963TS043-D2.pdb:A  SCOP d1cr8a_
  229           1          -0  1.798e+308     0.000    82    1    0           1    0     82      5     82      3    T0963TS043-D2.pdb:A  SCOP d1d2ja_
  230           1          -0  1.798e+308     0.000    82    1    0           1    0     82      5     82      3    T0963TS043-D2.pdb:A  SCOP d1ejga_
  231           1          -0  1.798e+308     0.000    82    1    0           1    0     82      5     82      3    T0963TS043-D2.pdb:A  SCOP d1jxxa_
  232           1          -0  1.798e+308     0.000    82    1    0           1    0     82      5     82      3    T0963TS043-D2.pdb:A  SCOP d1jxwa_
  233           1          -0  1.798e+308     0.000    82    1    0           1    0     82      5     82      5    T0963TS043-D2.pdb:A  SCOP d2aida_
  234           1          -0  1.798e+308     0.000    82    1    0           1    0     82      5     82      5    T0963TS043-D2.pdb:A  SCOP d1mt7a_
  235           1          -0  1.798e+308     0.000    82    1    0           1    0     82      5     82      5    T0963TS043-D2.pdb:A  SCOP d1hvja_
  236           1          -0  1.798e+308     0.000    82    2    0           1    0     82      5     82      6    T0963TS043-D2.pdb:A  SCOP d1hpxa_
  237           1          -0  1.798e+308     0.000    82    1    0           1    0     82      5     82      5    T0963TS043-D2.pdb:A  SCOP d1w5xa_
  238           1          -0  1.798e+308     0.000    82    1    0           1    0     82      5     82      4    T0963TS043-D2.pdb:A  SCOP d1e4ra_
  239           1          -0  1.798e+308     0.000    82    1    0           1    0     82      5     82      4    T0963TS043-D2.pdb:A  SCOP d1e4ta_
  240           1          -0  1.798e+308     0.000    82    1    0           1    0     82      5     82      5    T0963TS043-D2.pdb:A  SCOP d1kjha_
  241           1          -0  1.798e+308     0.000    82    1    0           1    0     82      5     82      4    T0963TS043-D2.pdb:A  SCOP d1kj6a_
  242           1          -0  1.798e+308     0.000    82    1    0           1    0     82      5     82      5    T0963TS043-D2.pdb:A  SCOP d1ajva_
  243           1          -0  1.798e+308     0.000    82    1    0           1    0     82      5     82      5    T0963TS043-D2.pdb:A  SCOP d1mera_
  244           1          -0  1.798e+308     0.000    82    1    0           1    0     82      5     82      4    T0963TS043-D2.pdb:A  SCOP d1fqqa_
  245           1          -0  1.798e+308     0.000    82    1    0           1    0     82      5     82      5    T0963TS043-D2.pdb:A  SCOP d1b6ma_
  246           1          -0  1.798e+308     0.000    82    1    0           1    0     82      5     82      5    T0963TS043-D2.pdb:A  SCOP d1ebza_
  247           1          -0  1.798e+308     0.000    82    1    0           1    0     82      5     82      5    T0963TS043-D2.pdb:A  SCOP d1ajxa_
  248           1          -0  1.798e+308     0.000    82    1    0           1    0     82      5     82      4    T0963TS043-D2.pdb:A  SCOP d1fd4a_
  249           1          -0  1.798e+308     0.000    82    1    0           1    0     82      5     82      4    T0963TS043-D2.pdb:A  SCOP d1fd3a_
  250           1          -0  1.798e+308     0.000    82    2    0           1    0     82      5     82      7    T0963TS043-D2.pdb:A  SCOP d1mt9a_
  251           1          -0  1.798e+308     0.000    82    1    0           1    0     82      5     82      3    T0963TS043-D2.pdb:A  SCOP d1bnba_
  252           1          -0  1.798e+308     0.000    82    1    0           1    0     82      5     82      5    T0963TS043-D2.pdb:A  SCOP d1bwba_
  253           1          -0  1.798e+308     0.000    82    1    0           1    0     82      5     82      5    T0963TS043-D2.pdb:A  SCOP d1hvla_
  254           1          -0  1.798e+308     0.000    82    1    0           1    0     82      5     82      5    T0963TS043-D2.pdb:A  SCOP d1hxwa_
  255           1          -0  1.798e+308     0.000    82    1    0           1    0     82      5     82      5    T0963TS043-D2.pdb:A  SCOP d1hvka_
  256           1          -0  1.798e+308     0.000    82    1    0           1    0     82      5     82      5    T0963TS043-D2.pdb:A  SCOP d1izha_
  257           1          -0  1.798e+308     0.000    82    1    0           1    0     82      5     82      5    T0963TS043-D2.pdb:A  SCOP d1proa_
  258           1          -0  1.798e+308     0.000    82    1    0           1    0     82      5     82      5    T0963TS043-D2.pdb:A  SCOP d1w5ya_
  259           1          -0  1.798e+308     0.000    82    1    0           1    0     82      5     82      3    T0963TS043-D2.pdb:A  SCOP d1ut3a_
  260           1          -0  1.798e+308     0.000    82    1    0           1    0     82      5     82      5    T0963TS043-D2.pdb:A  SCOP d1b6ja_
  261           1          -0  1.798e+308     0.000    82    1    0           1    0     82      5     82      3    T0963TS043-D2.pdb:A  SCOP d1ewsa_
  262           1          -0  1.798e+308     0.000    82    1    0           1    0     82      5     82      5    T0963TS043-D2.pdb:A  SCOP d1d4ia_
  263           1          -0  1.798e+308     0.000    82    1    0           1    0     82      5     82      5    T0963TS043-D2.pdb:A  SCOP d1ebwa_
  264           1          -0  1.798e+308     0.000    82    1    0           1    0     82      5     82      3    T0963TS043-D2.pdb:A  SCOP d1b8wa_
  265           1          -0  1.798e+308     0.000    82    1    0           1    0     82      5     82      5    T0963TS043-D2.pdb:A  SCOP d1w5va_
  266           1          -0  1.798e+308     0.000    82    1    0           1    0     82      5     82      3    T0963TS043-D2.pdb:A  SCOP d1czta_
  267           1          -0  1.798e+308     0.000    82    1    0           1    0     82      5     82      3    T0963TS043-D2.pdb:A  SCOP d1czva_
  268           1          -0  1.798e+308     0.000    82    1    0           1    0     82      5     82      4    T0963TS043-D2.pdb:A  SCOP d1xpwa_
  269           1    0.006686       5.213     0.000    82    2    0           1    0     82      5     82      9    T0963TS043-D2.pdb:A  SCOP d1gu3a_
  270           1          -0  1.798e+308     0.000    82    1    0           1    0     82      5     82      3    T0963TS043-D2.pdb:A  SCOP d4rxna_
  271           1          -0       2.947     0.000    82    2    0           1    0     82      5     82      8    T0963TS043-D2.pdb:A  SCOP d1uloa_
  272           1          -0       1.496     0.000    82    2    0           1    0     82      5     82     10    T0963TS043-D2.pdb:A  SCOP d1guia_
  273           1          -0        3.77     0.000    82    2    0           1    0     82      5     82     10    T0963TS043-D2.pdb:A  SCOP d1od3a_
  274           1    0.009322       4.242     0.000    82    3    0           1    0     82      5     82     10    T0963TS043-D2.pdb:A  SCOP d1o8sa_
  275           1    0.009322       4.242     0.000    82    2    0           1    0     82      5     82     10    T0963TS043-D2.pdb:A  SCOP d1naea_
  276           1          -0        3.77     0.000    82    2    0           1    0     82      5     82     10    T0963TS043-D2.pdb:A  SCOP d1o8pa_
  277           1          -0       3.492     0.000    82    2    0           1    0     82      5     82     10    T0963TS043-D2.pdb:A  SCOP d1w9sa_
  278           1          -0       3.492     0.000    82    2    0           1    0     82      5     82     10    T0963TS043-D2.pdb:A  SCOP d1w9ta_
  279           1          -0       3.492     0.000    82    2    0           1    0     82      5     82     10    T0963TS043-D2.pdb:A  SCOP d1w9wa_
  280           1          -0       3.519     0.000    82    2    0           1    0     82      5     82      8    T0963TS043-D2.pdb:A  SCOP d1okoa_
  281           1          -0       3.519     0.000    82    2    0           1    0     82      5     82      8    T0963TS043-D2.pdb:A  SCOP d1l7la_
  282           1          -0       3.836     0.000    82    3    0           1    0     82      5     82     12    T0963TS043-D2.pdb:A  SCOP d1wmxa_
  283           1          -0  1.798e+308     0.000    82    1    0           1    0     82      5     82      3    T0963TS043-D2.pdb:A  SCOP d1fhha_
  284           1          -0  1.798e+308     0.000    82    1    0           1    0     82      5     82      3    T0963TS043-D2.pdb:A  SCOP d1c09a_
  285           1          -0  1.798e+308     0.000    82    1    0           1    0     82      5     82      3    T0963TS043-D2.pdb:A  SCOP d1r0ga_
  286           1          -0  1.798e+308     0.000    82    1    0           1    0     82      5     82      3    T0963TS043-D2.pdb:A  SCOP d1r0fa_
  287           1          -0  1.798e+308     0.000    82    1    0           1    0     82      5     82      3    T0963TS043-D2.pdb:A  SCOP d1smua_
  288           1          -0  1.798e+308     0.000    82    1    0           1    0     82      5     82      3    T0963TS043-D2.pdb:A  SCOP d1b13a_
  289           1          -0  1.798e+308     0.000    82    1    0           1    0     82      5     82      5    T0963TS043-D2.pdb:A  SCOP d1f53a_
  290           1          -0  1.798e+308     0.000    82    1    0           1    0     82      5     82      3    T0963TS043-D2.pdb:A  SCOP d1r0ia_
  291           1          -0  1.798e+308     0.000    82    2    0           1    0     82      5     82     10    T0963TS043-D2.pdb:A  SCOP d1joda_
  292           1          -0        3.77     0.000    82    2    0           1    0     82      5     82     10    T0963TS043-D2.pdb:A  SCOP d1wh0a_
  293           1          -0  1.798e+308     0.000    82    1    0           1    0     82      5     82      3    T0963TS043-D2.pdb:A  SCOP d1smwa_
  294           1          -0  1.798e+308     0.000    82    3    0           1    0     82      5     82      8    T0963TS043-D2.pdb:A  SCOP d7hsca_
  295           1          -0       2.441     0.000    82    2    0           1    0     82      5     82      8    T0963TS043-D2.pdb:A  SCOP d1slva_
  296           1          -0       2.441     0.000    82    2    0           1    0     82      5     82      9    T0963TS043-D2.pdb:A  SCOP d1ezua_
  297           1          -0  1.798e+308     0.000    82    1    0           1    0     82      5     82      3    T0963TS043-D2.pdb:A  SCOP d1smma_
  298           1          -0        3.09     0.000    82    3    0           1    0     82      5     82      7    T0963TS043-D2.pdb:A  SCOP d1vi3a_
  299           1          -0  1.798e+308     0.000    82    1    0           1    0     82      5     82      3    T0963TS043-D2.pdb:A  SCOP d1czsa_
  300           1          -0       2.121     0.000    82    3    0           1    0     82      5     82     12    T0963TS043-D2.pdb:A  SCOP d1oqda_
  301           1          -0  1.798e+308     0.000    82    3    0           1    0     82      5     82     13    T0963TS043-D2.pdb:A  SCOP d1rj8a_
  302           1          -0       1.484     0.000    82    2    0           1    0     82      5     82      9    T0963TS043-D2.pdb:A  SCOP d1sfpa_
  303           1          -0       2.109     0.000    82    2    0           1    0     82      5     82      9    T0963TS043-D2.pdb:A  SCOP d1sppa_
  304           1          -0       3.343     0.000    82    3    0           1    0     82      5     82     11    T0963TS043-D2.pdb:A  SCOP d1kd6a_
  305           1          -0  1.798e+308     0.000    82    1    0           1    0     82      5     82      3    T0963TS043-D2.pdb:A  SCOP d1irna_
  306           1   9.081e-09       3.204     0.000    82    3    0           1    0     82      5     82     14    T0963TS043-D2.pdb:A  SCOP d1pp3a_
  307           1   9.081e-09       3.204     0.000    82    3    0           1    0     82      5     82     15    T0963TS043-D2.pdb:A  SCOP d1thva_
  308           1          -0  1.798e+308     0.000    82    3    0           1    0     82      5     82     11    T0963TS043-D2.pdb:A  SCOP d1k2na_
  309           1          -0  1.798e+308     0.000    82    3    0           1    0     82      5     82      7    T0963TS043-D2.pdb:A  SCOP d1mzka_
  310           1          -0       1.496     0.000    82    4    0           1    0     82      5     82     13    T0963TS043-D2.pdb:A  SCOP d1cq3a_
  311           1          -0  1.798e+308     0.000    82    1    0           1    0     82      5     82      3    T0963TS043-D2.pdb:A  SCOP d1iroa_
  312           1          -0  1.798e+308     0.000    82    1    0           1    0     82      5     82      4    T0963TS043-D2.pdb:A  SCOP d6rxna_
  313           1          -0  1.798e+308     0.000    82    1    0           1    0     82      5     82      3    T0963TS043-D2.pdb:A  SCOP d1rdga_
  314           1          -0  1.798e+308     0.000    82    1    0           1    0     82      5     82      3    T0963TS043-D2.pdb:A  SCOP d2rdva_
  315           1          -0  1.798e+308     0.000    82    1    0           1    0     82      5     82      3    T0963TS043-D2.pdb:A  SCOP d7rxna_
  316           1          -0  1.798e+308     0.000    82    1    0           1    0     82      5     82      3    T0963TS043-D2.pdb:A  SCOP d8rxna_
  317           1          -0       2.121     0.000    82    3    0           1    0     82      5     82     12    T0963TS043-D2.pdb:A  SCOP d1oqea_
  318           1          -0  1.798e+308     0.000    82    1    0           1    0     82      5     82      3    T0963TS043-D2.pdb:A  SCOP d5rxna_
  319           1          -0       1.496     0.000    82    3    0           1    0     82      5     82     10    T0963TS043-D2.pdb:A  SCOP d2tnfa_
  320           1          -0       1.496     0.000    82    3    0           1    0     82      5     82     10    T0963TS043-D2.pdb:A  SCOP d5tswa_
  321           1          -0  1.798e+308     0.000    82    3    0           1    0     82      5     82      9    T0963TS043-D2.pdb:A  SCOP d1c3ha_
  322           1          -0      0.7193     0.000    82    2    0           1    0     82      5     82      8    T0963TS043-D2.pdb:A  SCOP d1pm4a_
  323           1          -0  1.798e+308     0.000    82    1    0           1    0     82      5     82      3    T0963TS043-D2.pdb:A  SCOP d1uqxa_
  324           1          -0  1.798e+308     0.000    82    1    0           1    0     82      5     82      3    T0963TS043-D2.pdb:A  SCOP d1ouxa_
  325           1          -0  1.798e+308     0.000    82    1    0           1    0     82      5     82      3    T0963TS043-D2.pdb:A  SCOP d1ovsa_
  326           1          -0  1.798e+308     0.000    82    1    0           1    0     82      5     82      3    T0963TS043-D2.pdb:A  SCOP d1oura_
  327           1          -0  1.798e+308     0.000    82    1    0           1    0     82      5     82      3    T0963TS043-D2.pdb:A  SCOP d1ovpa_
  328           1          -0  1.798e+308     0.000    82    1    0           1    0     82      5     82      3    T0963TS043-D2.pdb:A  SCOP d1ousa_
  329           1          -0  1.798e+308     0.000    82    1    0           1    0     82      5     82      4    T0963TS043-D2.pdb:A  SCOP d1gzta_
  330           1          -0  1.798e+308     0.000    82    1    0           1    0     82      5     82      3    T0963TS043-D2.pdb:A  SCOP d1oxca_
  331           1          -0  1.798e+308     0.000    82    1    0           1    0     82      5     82      3    T0963TS043-D2.pdb:A  SCOP d1uzva_
  332           1          -0       2.947     0.000    82    2    0           1    0     82      5     82      9    T0963TS043-D2.pdb:A  SCOP d1xoya_
  333           1          -0  1.798e+308     0.000    82    1    0           1    0     82      5     82      4    T0963TS043-D2.pdb:A  SCOP d1bq8a_
  334           1          -0  1.798e+308     0.000    82    2    0           1    0     82      5     82      8    T0963TS043-D2.pdb:A  SCOP d1acza_
  335           1          -0  1.798e+308     0.000    82    1    0           1    0     82      5     82      4    T0963TS043-D2.pdb:A  SCOP d1brfa_
  336           1          -0  1.798e+308     0.000    82    1    0           1    0     82      5     82      4    T0963TS043-D2.pdb:A  SCOP d1ac0a_
  337           1          -0        2.16     0.000    82    3    0           1    0     82      5     82      8    T0963TS043-D2.pdb:A  SCOP d1ttaa_
  338           1          -0        2.16     0.000    82    3    0           1    0     82      5     82      8    T0963TS043-D2.pdb:A  SCOP d1ttca_
  339           1          -0        2.16     0.000    82    3    0           1    0     82      5     82      8    T0963TS043-D2.pdb:A  SCOP d1tsha_
  340           1          -0        2.16     0.000    82    3    0           1    0     82      5     82      8    T0963TS043-D2.pdb:A  SCOP d1tlma_
  341           1          -0        2.16     0.000    82    3    0           1    0     82      5     82      8    T0963TS043-D2.pdb:A  SCOP d1dvya_
  342           1          -0        2.16     0.000    82    3    0           1    0     82      5     82      8    T0963TS043-D2.pdb:A  SCOP d1tyra_
  343           1          -0        2.16     0.000    82    3    0           1    0     82      5     82      8    T0963TS043-D2.pdb:A  SCOP d2roxa_
  344           1          -0        2.16     0.000    82    3    0           1    0     82      5     82      8    T0963TS043-D2.pdb:A  SCOP d1iika_
  345           1          -0        2.16     0.000    82    3    0           1    0     82      5     82      8    T0963TS043-D2.pdb:A  SCOP d1dvqa_
  346           1          -0        2.16     0.000    82    3    0           1    0     82      5     82      8    T0963TS043-D2.pdb:A  SCOP d1iiia_
  347           1          -0        2.16     0.000    82    3    0           1    0     82      5     82      8    T0963TS043-D2.pdb:A  SCOP d1dvsa_
  348           1          -0        2.16     0.000    82    3    0           1    0     82      5     82      8    T0963TS043-D2.pdb:A  SCOP d2trha_
  349           1          -0        2.16     0.000    82    3    0           1    0     82      5     82      8    T0963TS043-D2.pdb:A  SCOP d2trya_
  350           1          -0  1.798e+308     0.000    82    1    0           1    0     82      5     82      4    T0963TS043-D2.pdb:A  SCOP d1bq9a_
  351           1          -0  1.798e+308     0.000    82    1    0           1    0     82      5     82      4    T0963TS043-D2.pdb:A  SCOP d1iu5a_
  352           1          -0  1.798e+308     0.000    82    1    0           1    0     82      5     82      4    T0963TS043-D2.pdb:A  SCOP d1vcxa_
  353           1          -0       2.947     0.000    82    2    0           1    0     82      5     82     10    T0963TS043-D2.pdb:A  SCOP d1edya_
  354           1          -0  1.798e+308     0.000    82    1    0           1    0     82      5     82      4    T0963TS043-D2.pdb:A  SCOP d1iu6a_
  355           1          -0  1.798e+308     0.000    82    1    0           1    0     82      5     82      4    T0963TS043-D2.pdb:A  SCOP d1caaa_
  356           1          -0  1.798e+308     0.000    82    1    0           1    0     82      5     82      4    T0963TS043-D2.pdb:A  SCOP d1cada_
  357           1          -0  1.798e+308     0.000    82    1    0           1    0     82      5     82      2    T0963TS043-D2.pdb:A  SCOP d1qcva_
  358           1          -0       1.895     0.000    82    3    0           1    0     82      5     82      9    T0963TS043-D2.pdb:A  SCOP d1lmia_
  359           1          -0       3.343     0.000    82    2    0           1    0     82      5     82     10    T0963TS043-D2.pdb:A  SCOP d1l6pa_
  360           1          -0        2.67     0.000    82    3    0           1    0     82      5     82      7    T0963TS043-D2.pdb:A  SCOP d1dqka_
  361           1          -0        2.67     0.000    82    3    0           1    0     82      5     82      7    T0963TS043-D2.pdb:A  SCOP d1do6a_
  362           1          -0  1.798e+308     0.000    82    3    0           1    0     82      5     82     10    T0963TS043-D2.pdb:A  SCOP d1gyua_
  363           1          -0  1.798e+308     0.000    82    3    0           1    0     82      5     82     10    T0963TS043-D2.pdb:A  SCOP d1gyva_
  364           1        1.72       6.082     0.000    82    3    0           1    0     82      5     82     10    T0963TS043-D2.pdb:A  SCOP d1do5a_
  365           1          -0       2.876     0.000    82    3    0           1    0     82      5     82      9    T0963TS043-D2.pdb:A  SCOP d1to5a_
  366           1    0.001982       4.095     0.000    82    2    0           1    0     82      5     82      6    T0963TS043-D2.pdb:A  SCOP d1aaja_
  367           1          -0       3.343     0.000    82    2    0           1    0     82      5     82      6    T0963TS043-D2.pdb:A  SCOP d1aana_
  368           1   0.0003857       3.348     0.000    82    2    0           1    0     82      5     82      5    T0963TS043-D2.pdb:A  SCOP d1mdaa_
  369           1     0.02121       4.431     0.000    82    2    0           1    0     82      5     82      6    T0963TS043-D2.pdb:A  SCOP d1id2a_
  370           1          -0       1.046     0.000    82    2    0           1    0     82      5     82      8    T0963TS043-D2.pdb:A  SCOP d1nina_
  371           1   0.0005917       2.352     0.000    82    1    0           1    0     82      5     82      5    T0963TS043-D2.pdb:A  SCOP d1fa4a_
  372           1          -0  1.798e+308     0.000    82    1    0           1    0     82      5     82      3    T0963TS043-D2.pdb:A  SCOP d1be7a_
  373           1          -0  1.798e+308     0.000    82    1    0           1    0     82      5     82      3    T0963TS043-D2.pdb:A  SCOP d1b2ja_
  374           1          -0        3.77     0.000    82    2    0           1    0     82      5     82     10    T0963TS043-D2.pdb:A  SCOP d1jera_
  375           1          -0       1.949     0.000    82    2    0           1    0     82      5     82     10    T0963TS043-D2.pdb:A  SCOP d1ic0a_
  376           1          -0  1.798e+308     0.000    82    3    0           1    0     82      5     82     14    T0963TS043-D2.pdb:A  SCOP d1cywa_
  377           1          -0  1.798e+308     0.000    82    2    0           1    0     82      5     82     10    T0963TS043-D2.pdb:A  SCOP d1k5wa_
  378           1          -0  1.798e+308     0.000    82    1    0           1    0     82      5     82      3    T0963TS043-D2.pdb:A  SCOP d1r0ha_
  379           1          -0  1.798e+308     0.000    82    1    0           1    0     82      5     82      3    T0963TS043-D2.pdb:A  SCOP d1t9pa_
  380           1   0.0008264       4.231     0.000    82    2    0           1    0     82      5     82      8    T0963TS043-D2.pdb:A  SCOP d1k5ja_
  381           1   3.563e-14       2.951     0.000    82    3    0           1    0     82      5     82      8    T0963TS043-D2.pdb:A  SCOP d1nlqa_
  382           1     0.01572       4.037     0.000    82    2    0           1    0     82      5     82      8    T0963TS043-D2.pdb:A  SCOP d1xb9a_
  383           1          -0       3.343     0.000    82    2    0           1    0     82      5     82      6    T0963TS043-D2.pdb:A  SCOP d2raca_
  384           1          -0       3.343     0.000    82    2    0           1    0     82      5     82      6    T0963TS043-D2.pdb:A  SCOP d1bxaa_
  385           1          -0       3.343     0.000    82    2    0           1    0     82      5     82      6    T0963TS043-D2.pdb:A  SCOP d1sf5a_
  386           1          -0       3.343     0.000    82    2    0           1    0     82      5     82      7    T0963TS043-D2.pdb:A  SCOP d1sf3a_
  387           1   6.447e-05         3.7     0.000    82    2    0           1    0     82      5     82      6    T0963TS043-D2.pdb:A  SCOP d1sfha_
  388           1   6.447e-05         3.7     0.000    82    2    0           1    0     82      5     82      6    T0963TS043-D2.pdb:A  SCOP d1sfda_
  389           1          -0  1.798e+308     0.000    82    1    0           1    0     82      5     82      3    T0963TS043-D2.pdb:A  SCOP d1fhma_
  390           1          -0  1.798e+308     0.000    82    1    0           1    0     82      5     82      3    T0963TS043-D2.pdb:A  SCOP d1b2oa_
  391           1          -0  1.798e+308     0.000    82    1    0           1    0     82      5     82      3    T0963TS043-D2.pdb:A  SCOP d1t9oa_
  392           1          -0  1.798e+308     0.000    82    1    0           1    0     82      5     82      3    T0963TS043-D2.pdb:A  SCOP d1t9qa_
  393           1          -0  1.798e+308     0.000    82    1    0           1    0     82      5     82      3    T0963TS043-D2.pdb:A  SCOP d1r0ja_
  394           1          -0       1.549     0.000    82    3    0           1    0     82      5     82      7    T0963TS043-D2.pdb:A  SCOP d1tfpa_
  395           1          -0       2.082     0.000    82    3    0           1    0     82      5     82      8    T0963TS043-D2.pdb:A  SCOP d1ie4a_
  396           1          -0        2.16     0.000    82    3    0           1    0     82      5     82      8    T0963TS043-D2.pdb:A  SCOP d1thca_
  397           1          -0        2.16     0.000    82    3    0           1    0     82      5     82      8    T0963TS043-D2.pdb:A  SCOP d5ttra_
  398           1          -0        2.16     0.000    82    3    0           1    0     82      5     82      8    T0963TS043-D2.pdb:A  SCOP d2roya_
  399           1          -0  1.798e+308     0.000    82    1    0           1    0     82      5     82      5    T0963TS043-D2.pdb:A  SCOP d1qwea_
  400           1          -0  1.798e+308     0.000    82    1    0           1    0     82      5     82      2    T0963TS043-D2.pdb:A  SCOP d1awwa_
  401           1          -0  1.798e+308     0.000    82    1    0           1    0     82      5     82      4    T0963TS043-D2.pdb:A  SCOP d1qlya_
  402           1          -0  1.798e+308     0.000    82    1    0           1    0     82      5     82      4    T0963TS043-D2.pdb:A  SCOP d1awxa_
  403           1          -0  1.798e+308     0.000    82    1    0           1    0     82      5     82      4    T0963TS043-D2.pdb:A  SCOP d1gl5a_
  404           1          -0  1.798e+308     0.000    82    1    0           1    0     82      5     82      5    T0963TS043-D2.pdb:A  SCOP d1gcqa_
  405           1          -0  1.798e+308     0.000    82    1    0           1    0     82      5     82      4    T0963TS043-D2.pdb:A  SCOP d1azea_
  406           1          -0  1.798e+308     0.000    82    1    0           1    0     82      5     82      3    T0963TS043-D2.pdb:A  SCOP d1io6a_
  407           1          -0  1.798e+308     0.000    82    1    0           1    0     82      5     82      4    T0963TS043-D2.pdb:A  SCOP d1r4ia_
  408           1          -0  1.798e+308     0.000    82    1    0           1    0     82      5     82      5    T0963TS043-D2.pdb:A  SCOP d2gbqa_
  409           1          -0  1.798e+308     0.000    82    1    0           1    0     82      5     82      5    T0963TS043-D2.pdb:A  SCOP d4gbqa_
  410           1          -0  1.798e+308     0.000    82    1    0           1    0     82      5     82      5    T0963TS043-D2.pdb:A  SCOP d1gbqa_
  411           1          -0  1.798e+308     0.000    82    1    0           1    0     82      5     82      5    T0963TS043-D2.pdb:A  SCOP d3gbqa_
  412           1          -0  1.798e+308     0.000    82    1    0           1    0     82      5     82      4    T0963TS043-D2.pdb:A  SCOP d1gbra_
  413           1          -0  1.798e+308     0.000    82    1    0           1    0     82      5     82      5    T0963TS043-D2.pdb:A  SCOP d1sema_
  414           1          -0  1.798e+308     0.000    82    1    0           1    0     82      5     82      5    T0963TS043-D2.pdb:A  SCOP d2sema_
  415           1          -0  1.798e+308     0.000    82    1    0           1    0     82      5     82      5    T0963TS043-D2.pdb:A  SCOP d3sema_
  416           1          -0  1.798e+308     0.000    82    1    0           1    0     82      5     82      3    T0963TS043-D2.pdb:A  SCOP d1qwfa_
  417           1          -0  1.798e+308     0.000    82    1    0           1    0     82      5     82      3    T0963TS043-D2.pdb:A  SCOP d1srla_
  418           1          -0  1.798e+308     0.000    82    1    0           1    0     82      5     82      5    T0963TS043-D2.pdb:A  SCOP d1jega_
  419           1          -0  1.798e+308     0.000    82    1    0           1    0     82      5     82      4    T0963TS043-D2.pdb:A  SCOP d1cska_
  420           1          -0  1.798e+308     0.000    82    1    0           1    0     82      5     82      5    T0963TS043-D2.pdb:A  SCOP d5hcka_
  421           1          -0  1.798e+308     0.000    82    1    0           1    0     82      5     82      5    T0963TS043-D2.pdb:A  SCOP d4hcka_
  422           1          -0  1.798e+308     0.000    82    1    0           1    0     82      5     82      5    T0963TS043-D2.pdb:A  SCOP d1bu1a_
  423           1          -0  1.798e+308     0.000    82    1    0           1    0     82      5     82      5    T0963TS043-D2.pdb:A  SCOP d1tuca_
  424           1          -0  1.798e+308     0.000    82    1    0           1    0     82      5     82      5    T0963TS043-D2.pdb:A  SCOP d1g2ba_
  425           1          -0  1.798e+308     0.000    82    1    0           1    0     82      5     82      5    T0963TS043-D2.pdb:A  SCOP d1aeya_
  426           1          -0  1.798e+308     0.000    82    1    0           1    0     82      5     82      4    T0963TS043-D2.pdb:A  SCOP d1e7oa_
  427           1          -0  1.798e+308     0.000    82    1    0           1    0     82      5     82      5    T0963TS043-D2.pdb:A  SCOP d1h8ka_
  428           1          -0  1.798e+308     0.000    82    1    0           1    0     82      5     82      5    T0963TS043-D2.pdb:A  SCOP d1uuea_
  429           1          -0  1.798e+308     0.000    82    1    0           1    0     82      5     82      5    T0963TS043-D2.pdb:A  SCOP d1e6ga_
  430           1          -0  1.798e+308     0.000    82    1    0           1    0     82      5     82      5    T0963TS043-D2.pdb:A  SCOP d1e6ha_
  431           1          -0  1.798e+308     0.000    82    1    0           1    0     82      5     82      5    T0963TS043-D2.pdb:A  SCOP d1nega_
  432           1          -0  1.798e+308     0.000    82    1    0           1    0     82      5     82      5    T0963TS043-D2.pdb:A  SCOP d1uhca_
  433           1          -0  1.798e+308     0.000    82    1    0           1    0     82      5     82      4    T0963TS043-D2.pdb:A  SCOP d1ugva_
  434           1          -0  1.798e+308     0.000    82    1    0           1    0     82      5     82      4    T0963TS043-D2.pdb:A  SCOP d1uj0a_
  435           1          -0  1.798e+308     0.000    82    1    0           1    0     82      5     82      5    T0963TS043-D2.pdb:A  SCOP d1ujya_
  436           1          -0  1.798e+308     0.000    82    1    0           1    0     82      5     82      5    T0963TS043-D2.pdb:A  SCOP d1oota_
  437           1          -0  1.798e+308     0.000    82    1    0           1    0     82      5     82      4    T0963TS043-D2.pdb:A  SCOP d1spka_
  438           1          -0  1.798e+308     0.000    82    1    0           1    0     82      5     82      4    T0963TS043-D2.pdb:A  SCOP d1wfwa_
  439           1          -0  1.798e+308     0.000    82    1    0           1    0     82      5     82      4    T0963TS043-D2.pdb:A  SCOP d1wiea_
  440           1          -0  1.798e+308     0.000    82    1    0           1    0     82      5     82      4    T0963TS043-D2.pdb:A  SCOP d1mhna_
  441           1          -0  1.798e+308     0.000    82    1    0           1    0     82      5     82      4    T0963TS043-D2.pdb:A  SCOP d1g5va_
  442           1          -0  1.798e+308     0.000    82    2    0           1    0     82      5     82     10    T0963TS043-D2.pdb:A  SCOP d1khca_
  443           1          -0  1.798e+308     0.000    82    1    0           1    0     82      5     82      3    T0963TS043-D2.pdb:A  SCOP d1dsza_
  444           1          -0  1.798e+308     0.000    82    2    0           1    0     82      5     82      4    T0963TS043-D2.pdb:A  SCOP d1ssoa_
  445           1          -0  1.798e+308     0.000    82    1    0           1    0     82      5     82      4    T0963TS043-D2.pdb:A  SCOP d1r4ra_
  446           1          -0  1.798e+308     0.000    82    1    0           1    0     82      5     82      4    T0963TS043-D2.pdb:A  SCOP d1dz1a_
  447           1          -0  1.798e+308     0.000    82    1    0           1    0     82      5     82      4    T0963TS043-D2.pdb:A  SCOP d1s4za_
  448           1          -0  1.798e+308     0.000    82    1    0           1    0     82      5     82      4    T0963TS043-D2.pdb:A  SCOP d1e0ba_
  449           1          -0  1.798e+308     0.000    82    1    0           1    0     82      5     82      5    T0963TS043-D2.pdb:A  SCOP d1ue9a_
  450           1          -0  1.798e+308     0.000    82    1    0           1    0     82      5     82      5    T0963TS043-D2.pdb:A  SCOP d1uffa_
  451           1          -0  1.798e+308     0.000    82    1    0           1    0     82      5     82      3    T0963TS043-D2.pdb:A  SCOP d1udla_
  452           1          -0  1.798e+308     0.000    82    1    0           1    0     82      5     82      5    T0963TS043-D2.pdb:A  SCOP d1nm7a_
  453           1          -0  1.798e+308     0.000    82    1    0           1    0     82      5     82      5    T0963TS043-D2.pdb:A  SCOP d1jqqa_
  454           1          -0  1.798e+308     0.000    82    1    0           1    0     82      5     82      5    T0963TS043-D2.pdb:A  SCOP d1jo8a_
  455           1          -0           2     0.000    82    2    0           1    0     82      5     82      7    T0963TS043-D2.pdb:A  SCOP d1k0xa_
  456           1          -0  1.798e+308     0.000    82    1    0           1    0     82      5     82      5    T0963TS043-D2.pdb:A  SCOP d1k1za_
  457           1          -0  1.798e+308     0.000    82    1    0           1    0     82      5     82      5    T0963TS043-D2.pdb:A  SCOP d1gcpa_
  458           1          -0  1.798e+308     0.000    82    1    0           1    0     82      5     82      4    T0963TS043-D2.pdb:A  SCOP d1aoja_
  459           1          -0  1.798e+308     0.000    82    1    0           1    0     82      5     82      5    T0963TS043-D2.pdb:A  SCOP d1i0ca_
  460           1          -0  1.798e+308     0.000    82    1    0           1    0     82      5     82      5    T0963TS043-D2.pdb:A  SCOP d1h92a_
  461           1          -0  1.798e+308     0.000    82    1    0           1    0     82      5     82      4    T0963TS043-D2.pdb:A  SCOP d1oeba_
  462           1          -0  1.798e+308     0.000    82    1    0           1    0     82      5     82      5    T0963TS043-D2.pdb:A  SCOP d1utia_
  463           1          -0  1.798e+308     0.000    82    1    0           1    0     82      5     82      5    T0963TS043-D2.pdb:A  SCOP d1k76a_
  464           1          -0  1.798e+308     0.000    82    1    0           1    0     82      5     82      5    T0963TS043-D2.pdb:A  SCOP d1kfza_
  465           1          -0       2.623     0.000    82    3    0           1    0     82      5     82     15    T0963TS043-D2.pdb:A  SCOP d1sbea_
  466           1          -0       2.947     0.000    82    4    0           1    0     82      5     82     18    T0963TS043-D2.pdb:A  SCOP d1qmo.1
  467           1          -0  1.798e+308     0.000    82    1    0           1    0     82      5     82      3    T0963TS043-D2.pdb:A  SCOP d1wj0a_
  468           1          -0  1.798e+308     0.000    82    1    0           1    0     82      5     82      5    T0963TS043-D2.pdb:A  SCOP d1ul5a_
  469           1          -0  1.798e+308     0.000    82    1    0           1    0     82      5     82      3    T0963TS043-D2.pdb:A  SCOP d1lv3a_
  470           1          -0       2.729     0.000    82    3    0           1    0     82      5     82     15    T0963TS043-D2.pdb:A  SCOP d1q8va_
  471           1          -0       2.729     0.000    82    3    0           1    0     82      5     82     15    T0963TS043-D2.pdb:A  SCOP d1n3pa_
  472           1          -0       2.623     0.000    82    3    0           1    0     82      5     82     15    T0963TS043-D2.pdb:A  SCOP d1fnza_
  473           1          -0  1.798e+308     0.000    82    1    0           1    0     82      5     82      2    T0963TS043-D2.pdb:A  SCOP d1zfoa_
  474           1          -0       3.855     0.000    82    3    0           1    0     82      5     82     13    T0963TS043-D2.pdb:A  SCOP d1r1za_
  475           1          -0       2.623     0.000    82    3    0           1    0     82      5     82      9    T0963TS043-D2.pdb:A  SCOP d1gbga_
  476           1          -0       2.623     0.000    82    3    0           1    0     82      5     82      8    T0963TS043-D2.pdb:A  SCOP d1byha_
  477           1          -0       2.623     0.000    82    3    0           1    0     82      5     82     10    T0963TS043-D2.pdb:A  SCOP d1maca_
  478           1          -0       1.895     0.000    82    2    0           1    0     82      5     82     10    T0963TS043-D2.pdb:A  SCOP d1qmja_
  479           1          -0       1.201     0.000    82    3    0           1    0     82      5     82     13    T0963TS043-D2.pdb:A  SCOP d1g86a_
  480           1          -0       1.201     0.000    82    3    0           1    0     82      5     82     13    T0963TS043-D2.pdb:A  SCOP d1lcla_
  481           1          -0       1.201     0.000    82    3    0           1    0     82      5     82     13    T0963TS043-D2.pdb:A  SCOP d1hdka_
  482           1          -0       2.623     0.000    82    3    0           1    0     82      5     82     15    T0963TS043-D2.pdb:A  SCOP d1rita_
  483           1          -0       2.623     0.000    82    3    0           1    0     82      5     82     15    T0963TS043-D2.pdb:A  SCOP d1rira_
  484           1          -0  1.798e+308     0.000    82    1    0           1    0     82      5     82      3    T0963TS043-D2.pdb:A  SCOP d1a1ta_
  485           1          -0  1.798e+308     0.000    82    1    0           1    0     82      5     82      2    T0963TS043-D2.pdb:A  SCOP d1mfsa_
  486           1          -0  1.798e+308     0.000    82    1    0           1    0     82      5     82      3    T0963TS043-D2.pdb:A  SCOP d1f6ua_
  487           1          -0  1.798e+308     0.000    82    1    0           1    0     82      5     82      2    T0963TS043-D2.pdb:A  SCOP d1aafa_
  488           1          -0  1.798e+308     0.000    82    1    0           1    0     82      5     82      1    T0963TS043-D2.pdb:A  SCOP d1nc8a_
  489           1          -0  1.798e+308     0.000    82    1    0           1    0     82      5     82      1    T0963TS043-D2.pdb:A  SCOP d1u6pa_
  490           1          -0  1.798e+308     0.000    82    1    0           1    0     82      5     82      3    T0963TS043-D2.pdb:A  SCOP d1tfia_
  491           1          -0       2.237     0.000    82    3    0           1    0     82      5     82     10    T0963TS043-D2.pdb:A  SCOP d1cn1a_
  492           1          -0  1.798e+308     0.000    82    3    0           1    0     82      5     82     13    T0963TS043-D2.pdb:A  SCOP d3cnaa_
  493           1          -0      0.7529     0.000    82    3    0           1    0     82      5     82     15    T0963TS043-D2.pdb:A  SCOP d2cnaa_
  494           1          -0  1.798e+308     0.000    82    1    0           1    0     82      5     82      2    T0963TS043-D2.pdb:A  SCOP d1pfta_
