<html><head></head><body><pre style="word-wrap: break-word; white-space: pre-wrap;"> PDBe Fold v2.59. (src3) 14 Apr 2014 result file.

                   RESULT SUMMARY

   ##      Q-score      P-score     Z-score   RMSD    Nalgn Nsse Ngaps Seq-%     Nmd Nres-Q Nsse-Q Nres-T Nsse-T Query Target
    1      0.7619          -0  1.798e+308     0.000   309    4    6           1    0    354     17    354     10    T0969TS145-D1.pdb:A  SCOP d1hl5a_
    2      0.7619          -0  1.798e+308     0.000   309    4    6           1    0    354     17    354     12    T0969TS145-D1.pdb:A  SCOP d1nb2a_
    3      0.7619          -0  1.798e+308     0.000   309    4    6           1    0    354     17    354     19    T0969TS145-D1.pdb:A  SCOP d1uwha_
    4      0.7134          -0  1.798e+308     0.000   299    4    7           1    0    354     17    354      9    T0969TS145-D1.pdb:A  SCOP d1ejba_
    5      0.7039          -0       3.152     0.000   297    4   10           1    0    354     17    354     19    T0969TS145-D1.pdb:A  SCOP d1pc3a_
    6      0.6992          -0  1.798e+308     0.000   296    5   10           1    0    354     17    354     16    T0969TS145-D1.pdb:A  SCOP d1q3na_
    7      0.6943          -0       2.393     0.936   309    5   10      0.9806    0    354     17    354     22    T0969TS145-D1.pdb:A  SCOP d1kfla_
    8      0.6851          -0  1.798e+308     0.000   293    4    8           1    0    354     17    354     13    T0969TS145-D1.pdb:A  SCOP d1a2ma_
    9      0.6711          -0       2.305     0.000   290    6   11           1    0    354     17    354     22    T0969TS145-D1.pdb:A  SCOP d1bl6a_
   10      0.6711          -0       3.165     0.000   290    5   11           1    0    354     17    354     23    T0969TS145-D1.pdb:A  SCOP d1kv1a_
   11      0.6619          -0       2.501     0.000   288    4   11           1    0    354     17    354     17    T0969TS145-D1.pdb:A  SCOP d1bsga_
   12      0.6573          -0  1.798e+308     0.000   287    5   12           1    0    354     17    354     24    T0969TS145-D1.pdb:A  SCOP d1fxoa_
   13      0.6566          -0       2.121     0.446   290    6   12      0.9897    0    354     17    354     25    T0969TS145-D1.pdb:A  SCOP d1ouka_
   14      0.6527          -0  1.798e+308     0.000   286    5   11           1    0    354     17    354     22    T0969TS145-D1.pdb:A  SCOP d1b30a_
   15      0.6482          -0       2.409     0.000   285    4   11           1    0    354     17    354     20    T0969TS145-D1.pdb:A  SCOP d3blma_
   16      0.6482          -0       2.409     0.000   285    4   11           1    0    354     17    354     20    T0969TS145-D1.pdb:A  SCOP d1kgea_
   17      0.6482          -0       2.409     0.000   285    4   11           1    0    354     17    354     20    T0969TS145-D1.pdb:A  SCOP d1djaa_
   18      0.6482          -0       2.409     0.000   285    4   11           1    0    354     17    354     20    T0969TS145-D1.pdb:A  SCOP d1ghma_
   19      0.6482          -0       2.409     0.000   285    4   11           1    0    354     17    354     19    T0969TS145-D1.pdb:A  SCOP d1ghia_
   20      0.6482          -0       3.165     0.000   285    4   11           1    0    354     17    354     20    T0969TS145-D1.pdb:A  SCOP d1kv2a_
   21      0.6436          -0       2.389     0.000   284    4   11           1    0    354     17    354     20    T0969TS145-D1.pdb:A  SCOP d1djca_
   22      0.6436          -0       2.409     0.000   284    4   11           1    0    354     17    354     20    T0969TS145-D1.pdb:A  SCOP d1blca_
   23      0.6436          -0       2.389     0.000   284    4   11           1    0    354     17    354     20    T0969TS145-D1.pdb:A  SCOP d1ghpa_
   24      0.6391          -0       2.501     0.000   283    5   11           1    0    354     17    354     25    T0969TS145-D1.pdb:A  SCOP d1wfca_
   25      0.6391          -0       2.389     0.000   283    4   11           1    0    354     17    354     18    T0969TS145-D1.pdb:A  SCOP d1iypa_
   26      0.6346          -0       1.274     0.000   282    4   11           1    0    354     17    354     20    T0969TS145-D1.pdb:A  SCOP d1alqa_
   27      0.6346          -0       2.584     0.000   282    4   11           1    0    354     17    354     16    T0969TS145-D1.pdb:A  SCOP d1jwza_
   28      0.6346          -0       2.428     0.000   282    4   11           1    0    354     17    354     18    T0969TS145-D1.pdb:A  SCOP d1nxya_
   29      0.6301          -0       2.409     0.000   281    4   11           1    0    354     17    354     19    T0969TS145-D1.pdb:A  SCOP d1blpa_
   30      0.6301          -0       2.409     0.000   281    4   11           1    0    354     17    354     20    T0969TS145-D1.pdb:A  SCOP d1kgga_
   31      0.6301          -0       2.301     0.000   281    4   11           1    0    354     17    354     20    T0969TS145-D1.pdb:A  SCOP d1o7ea_
   32      0.6294          -0      0.1911     0.451   284    4   11      0.9859    0    354     17    354     18    T0969TS145-D1.pdb:A  SCOP d1hcla_
   33      0.6293          -0       1.975     0.452   284    4   11      0.9859    0    354     17    354     19    T0969TS145-D1.pdb:A  SCOP d1iyoa_
   34      0.6293          -0       2.203     0.452   284    4   11      0.9859    0    354     17    354     19    T0969TS145-D1.pdb:A  SCOP d1iysa_
   35      0.6256          -0       2.428     0.000   280    4   11           1    0    354     17    354     17    T0969TS145-D1.pdb:A  SCOP d1nyya_
   36      0.6256          -0       2.428     0.000   280    4   11           1    0    354     17    354     17    T0969TS145-D1.pdb:A  SCOP d1q2pa_
   37      0.6256          -0       2.409     0.000   280    4   11           1    0    354     17    354     20    T0969TS145-D1.pdb:A  SCOP d1kgfa_
   38      0.6249          -0       1.975     0.453   283    4   11      0.9859    0    354     17    354     19    T0969TS145-D1.pdb:A  SCOP d1bzaa_
   39      0.6249          -0       1.975     0.453   283    4   11      0.9859    0    354     17    354     20    T0969TS145-D1.pdb:A  SCOP d1pioa_
   40      0.5733          -0       0.181     0.518   272    4    6      0.9926    0    354     17    354     20    T0969TS145-D1.pdb:A  SCOP d1gsla_
   41      0.5733          -0       0.181     0.518   272    4    6      0.9926    0    354     17    354     20    T0969TS145-D1.pdb:A  SCOP d1leda_
   42      0.5733          -0       0.181     0.518   272    4    6      0.9926    0    354     17    354     20    T0969TS145-D1.pdb:A  SCOP d1leca_
   43      0.5715          -0       2.379     1.281   291    4    8      0.9794    0    354     17    354     16    T0969TS145-D1.pdb:A  SCOP d1kida_
   44      0.5703          -0      0.1115     0.770   276    5   15      0.9783    0    354     17    354     25    T0969TS145-D1.pdb:A  SCOP d1ofha_
   45      0.5696          -0       3.664     1.482   298    4   10      0.9799    0    354     17    354     19    T0969TS145-D1.pdb:A  SCOP d1awba_
   46      0.5613          -0       3.664     1.487   296    4   10      0.9797    0    354     17    354     19    T0969TS145-D1.pdb:A  SCOP d1imfa_
   47      0.5547          -0        1.04     1.290   287    4   10      0.9791    0    354     17    354     14    T0969TS145-D1.pdb:A  SCOP d1fy9a_
   48      0.5525          -0      0.7387     1.470   293    4   10      0.9693    0    354     17    354     10    T0969TS145-D1.pdb:A  SCOP d1mh6a_
   49      0.5492          -0        0.25     0.777   271    5   14      0.9779    0    354     17    354     24    T0969TS145-D1.pdb:A  SCOP d1ofia_
   50      0.5466          -0       1.869     1.203   282    4   13      0.9787    0    354     17    354     20    T0969TS145-D1.pdb:A  SCOP d1w2ca_
   51      0.5466          -0       1.735     1.203   282    4   13      0.9787    0    354     17    354     20    T0969TS145-D1.pdb:A  SCOP d1w2da_
   52      0.5326          -0      0.1115     0.782   267    5   15      0.9775    0    354     17    354     25    T0969TS145-D1.pdb:A  SCOP d1g41a_
   53      0.5189          -0       2.656     0.000   255    5   11           1    0    354     17    354     24    T0969TS145-D1.pdb:A  SCOP d1qo5a_
   54      0.5181          -0       1.762     1.153   273    4   13       0.978    0    354     17    354     20    T0969TS145-D1.pdb:A  SCOP d1w2fa_
   55      0.5167          -0     0.06923     0.914   266    5   14      0.9624    0    354     17    354     23    T0969TS145-D1.pdb:A  SCOP d1im2a_
   56      0.5093          -0       3.243     1.786   294    4   10      0.9694    0    354     17    354     19    T0969TS145-D1.pdb:A  SCOP d1iepa_
   57      0.4923          -0      0.1002     1.688   285    5   13      0.9684    0    354     17    354     20    T0969TS145-D1.pdb:A  SCOP d1nw5a_
   58      0.4923          -0      0.1002     1.688   285    5   13      0.9684    0    354     17    354     20    T0969TS145-D1.pdb:A  SCOP d1nw7a_
   59      0.4923          -0     0.05417     0.798   257    5   13      0.9767    0    354     17    354     24    T0969TS145-D1.pdb:A  SCOP d1g3ia_
   60      0.4846          -0     0.06106     1.694   283    5   13      0.9682    0    354     17    354     20    T0969TS145-D1.pdb:A  SCOP d1nw6a_
   61      0.4826          -0       3.387     1.965   294    4    9      0.9694    0    354     17    354     19    T0969TS145-D1.pdb:A  SCOP d1fpua_
   62      0.4806          -0      0.6056     1.122   262    6   13      0.9733    0    354     17    354     27    T0969TS145-D1.pdb:A  SCOP d1do2a_
   63      0.4766          -0     0.04278     0.804   253    5   13      0.9763    0    354     17    354     24    T0969TS145-D1.pdb:A  SCOP d1kyia_
   64      0.4673          -0       0.782     1.245   262    4    9      0.9771    0    354     17    354     20    T0969TS145-D1.pdb:A  SCOP d1esna_
   65       0.458          -0      0.9887     1.019   253    5   13      0.9921    0    354     17    354     23    T0969TS145-D1.pdb:A  SCOP d1j4ea_
   66      0.4578          -0     0.07845     1.234   259    4    8      0.9884    0    354     17    354     18    T0969TS145-D1.pdb:A  SCOP d1lgb.1
   67      0.4524          -0       1.363     1.832   279    4   13      0.9677    0    354     17    354     19    T0969TS145-D1.pdb:A  SCOP d1m52a_
   68      0.4428          -0       1.194     1.757   273    7   16       0.978    0    354     17    354     33    T0969TS145-D1.pdb:A  SCOP d1looa_
   69      0.4399          -0     0.01908     1.703   270    5   11      0.9778    0    354     17    354     21    T0969TS145-D1.pdb:A  SCOP d1pvja_
   70      0.4392          -0       1.194     1.760   272    7   16      0.9779    0    354     17    354     31    T0969TS145-D1.pdb:A  SCOP d1meza_
   71      0.4317          -0      0.7638     1.033   246    5   14      0.9919    0    354     17    354     23    T0969TS145-D1.pdb:A  SCOP d1ex5a_
   72      0.4284          -0      0.8646     1.820   271    4   11      0.9742    0    354     17    354     19    T0969TS145-D1.pdb:A  SCOP d1al3a_
   73      0.4283          -0       1.194     1.770   269    7   16      0.9777    0    354     17    354     31    T0969TS145-D1.pdb:A  SCOP d1mf0a_
   74      0.4283          -0       1.194     1.770   269    7   16      0.9777    0    354     17    354     30    T0969TS145-D1.pdb:A  SCOP d1mf1a_
   75      0.4272          -0      0.9028     1.359   254    5   17      0.9764    0    354     17    354     25    T0969TS145-D1.pdb:A  SCOP d1peba_
   76      0.4213          -0      0.7387     1.776   267    7   16      0.9775    0    354     17    354     31    T0969TS145-D1.pdb:A  SCOP d1j4ba_
   77      0.4159          -0      0.5257     0.542   232    4    6      0.9871    0    354     17    354     13    T0969TS145-D1.pdb:A  SCOP d3cnaa_
   78      0.4156          -0        1.75     2.244   285    5    9      0.9895    0    354     17    354     19    T0969TS145-D1.pdb:A  SCOP d3rlaa_
   79      0.4125          -0       1.595     2.065   276    4   11      0.9928    0    354     17    354     20    T0969TS145-D1.pdb:A  SCOP d1blha_
   80      0.4123          -0      0.5257     0.544   231    4    6       0.987    0    354     17    354     17    T0969TS145-D1.pdb:A  SCOP d1nr9a_
   81      0.4119          -0       2.673     1.529   255    4    9      0.9804    0    354     17    354     18    T0969TS145-D1.pdb:A  SCOP d1dc1a_
   82      0.4095          -0    0.001951     1.690   260    5   10      0.9615    0    354     17    354     24    T0969TS145-D1.pdb:A  SCOP d7api.1
   83      0.4095          -0    0.001471     1.690   260    5   10      0.9615    0    354     17    354     16    T0969TS145-D1.pdb:A  SCOP d8api.1
   84       0.409          -0       1.571     2.069   275    4   11      0.9927    0    354     17    354     20    T0969TS145-D1.pdb:A  SCOP d1djba_
   85      0.4071          -0      0.7387     1.789   263    7   16      0.9772    0    354     17    354     32    T0969TS145-D1.pdb:A  SCOP d1lnya_
   86      0.4071          -0      0.7387     1.789   263    7   16      0.9772    0    354     17    354     30    T0969TS145-D1.pdb:A  SCOP d1lona_
   87      0.4048          -0      0.7082     2.238   281    4   11      0.9644    0    354     17    354     18    T0969TS145-D1.pdb:A  SCOP d1jbka_
   88      0.4033          -0      0.2461     0.708   231    4    6      0.9913    0    354     17    354     17    T0969TS145-D1.pdb:A  SCOP d1sawa_
   89      0.3987          -0       1.681     2.080   272    4   11      0.9926    0    354     17    354     17    T0969TS145-D1.pdb:A  SCOP d1htza_
   90      0.3974          -0      0.9557     2.206   277    4   12      0.9639    0    354     17    354     16    T0969TS145-D1.pdb:A  SCOP d1gzoa_
   91      0.3962          -0      0.2861     0.711   229    4    6      0.9913    0    354     17    354     16    T0969TS145-D1.pdb:A  SCOP d1pbta_
   92      0.3953          -0        1.63     2.084   271    4   11      0.9926    0    354     17    354     17    T0969TS145-D1.pdb:A  SCOP d1pzpa_
   93      0.3953          -0       1.619     2.084   271    4   11      0.9926    0    354     17    354     17    T0969TS145-D1.pdb:A  SCOP d1li0a_
   94      0.3953          -0       1.619     2.084   271    4   11      0.9926    0    354     17    354     17    T0969TS145-D1.pdb:A  SCOP d1jwva_
   95      0.3951          -0       1.762     1.651   254    5   13      0.9724    0    354     17    354     20    T0969TS145-D1.pdb:A  SCOP d1lt7a_
   96      0.3935          -0       1.222     2.169   274    4   12      0.9745    0    354     17    354     16    T0969TS145-D1.pdb:A  SCOP d1mrva_
   97      0.3935          -0        1.21     2.169   274    4   12      0.9745    0    354     17    354     16    T0969TS145-D1.pdb:A  SCOP d1mrya_
   98       0.392          -0       1.619     2.087   270    4   11      0.9926    0    354     17    354     17    T0969TS145-D1.pdb:A  SCOP d1ck3a_
   99       0.392          -0       1.619     2.087   270    4   11      0.9926    0    354     17    354     17    T0969TS145-D1.pdb:A  SCOP d1esua_
  100       0.392          -0       1.619     2.087   270    4   11      0.9926    0    354     17    354     17    T0969TS145-D1.pdb:A  SCOP d1tema_
  101       0.392          -0       1.619     2.087   270    4   11      0.9926    0    354     17    354     17    T0969TS145-D1.pdb:A  SCOP d1jvja_
  102       0.392          -0       1.619     2.087   270    4   11      0.9926    0    354     17    354     17    T0969TS145-D1.pdb:A  SCOP d1btla_
  103       0.392          -0       1.619     2.087   270    4   11      0.9926    0    354     17    354     17    T0969TS145-D1.pdb:A  SCOP d1jwpa_
  104       0.392          -0       1.619     2.087   270    4   11      0.9926    0    354     17    354     17    T0969TS145-D1.pdb:A  SCOP d1bt5a_
  105       0.392          -0       1.619     2.087   270    4   11      0.9926    0    354     17    354     17    T0969TS145-D1.pdb:A  SCOP d1xpba_
  106       0.392          -0       1.619     2.087   270    4   11      0.9926    0    354     17    354     17    T0969TS145-D1.pdb:A  SCOP d1shva_
  107       0.392          -0       1.619     2.087   270    4   11      0.9926    0    354     17    354     17    T0969TS145-D1.pdb:A  SCOP d1onga_
  108       0.392          -0       1.619     2.087   270    4   11      0.9926    0    354     17    354     17    T0969TS145-D1.pdb:A  SCOP d1vm1a_
  109      0.3886          -0       1.619     2.091   269    4   11      0.9926    0    354     17    354     18    T0969TS145-D1.pdb:A  SCOP d1ny0a_
  110      0.3886          -0       1.619     2.091   269    4   11      0.9926    0    354     17    354     17    T0969TS145-D1.pdb:A  SCOP d1li9a_
  111      0.3886          -0       1.619     2.091   269    4   11      0.9926    0    354     17    354     17    T0969TS145-D1.pdb:A  SCOP d1pzoa_
  112      0.3883          -0       1.468     1.846   259    6    9      0.9768    0    354     17    354     24    T0969TS145-D1.pdb:A  SCOP d1ry6a_
  113      0.3822          -0       2.594     2.145   269    4   11      0.9777    0    354     17    354     17    T0969TS145-D1.pdb:A  SCOP d1jtda_
  114      0.3806          -0       3.051     0.000   160    4    6           1    0    354     17    190     19    T0969TS145-D1.pdb:A  SCOP d1xfoa2
  115      0.3793          -0      0.1002     1.899   258    5   14      0.9806    0    354     17    354     21    T0969TS145-D1.pdb:A  SCOP d1og0a_
  116      0.3788          -0       2.594     2.148   268    4   11      0.9776    0    354     17    354     17    T0969TS145-D1.pdb:A  SCOP d1jtga_
  117      0.3759          -0      0.5792     2.312   274    5   10      0.9781    0    354     17    354     22    T0969TS145-D1.pdb:A  SCOP d1g0ca_
  118      0.3758          -0       1.419     1.744   251    6   14      0.9761    0    354     17    354     30    T0969TS145-D1.pdb:A  SCOP d1lwda_
  119      0.3755          -0       2.594     2.152   267    4   11      0.9775    0    354     17    354     17    T0969TS145-D1.pdb:A  SCOP d1erqa_
  120      0.3755          -0       2.594     2.152   267    4   11      0.9775    0    354     17    354     17    T0969TS145-D1.pdb:A  SCOP d1fqga_
  121      0.3755          -0       2.594     2.152   267    4   11      0.9775    0    354     17    354     17    T0969TS145-D1.pdb:A  SCOP d1erma_
  122       0.373          -0        1.22     2.004   260    5   11      0.9615    0    354     17    354     24    T0969TS145-D1.pdb:A  SCOP d1eqpa_
  123       0.373          -0        1.22     2.004   260    5   11      0.9615    0    354     17    354     24    T0969TS145-D1.pdb:A  SCOP d1cz1a_
  124       0.373          -0        1.22     2.004   260    5   11      0.9615    0    354     17    354     24    T0969TS145-D1.pdb:A  SCOP d1eqca_
  125      0.3677          -0       1.935     0.734   221    5    7      0.9864    0    354     17    354     23    T0969TS145-D1.pdb:A  SCOP d1o4za_
  126      0.3601          -0       2.575     2.424   256    6    9      0.9609    0    354     17    311     23    T0969TS145-D1.pdb:A  SCOP d1ffqa2
  127      0.3601          -0       2.575     2.424   256    6    9      0.9609    0    354     17    311     23    T0969TS145-D1.pdb:A  SCOP d1ffra2
  128      0.3601          -0       2.575     2.424   256    6    9      0.9609    0    354     17    311     23    T0969TS145-D1.pdb:A  SCOP d1ehna2
  129      0.3601          -0       2.575     2.424   256    6    9      0.9609    0    354     17    311     23    T0969TS145-D1.pdb:A  SCOP d1eiba2
  130      0.3601          -0       2.575     2.424   256    6    9      0.9609    0    354     17    311     23    T0969TS145-D1.pdb:A  SCOP d1edqa2
  131      0.3601          -0       2.575     2.424   256    6    9      0.9609    0    354     17    311     23    T0969TS145-D1.pdb:A  SCOP d1k9ta2
  132      0.3601          -0        2.22     2.424   256    5    9      0.9609    0    354     17    311     24    T0969TS145-D1.pdb:A  SCOP d1rd6a2
  133      0.3601          -0       2.151     2.424   256    5    9      0.9609    0    354     17    311     23    T0969TS145-D1.pdb:A  SCOP d1ctna2
  134      0.3601          -0        2.22     2.424   256    5    9      0.9609    0    354     17    311     24    T0969TS145-D1.pdb:A  SCOP d1x6na2
  135      0.3601          -0       2.165     2.424   256    5    9      0.9609    0    354     17    311     23    T0969TS145-D1.pdb:A  SCOP d1nh6a2
  136      0.3601          -0        2.22     2.424   256    5    9      0.9609    0    354     17    311     24    T0969TS145-D1.pdb:A  SCOP d1x6la2
  137      0.3573          -0      0.9078     1.940   252    6   11      0.9524    0    354     17    354     21    T0969TS145-D1.pdb:A  SCOP d1nnu.1
  138      0.3541          -0      0.9186     1.944   251    6   11      0.9522    0    354     17    354     20    T0969TS145-D1.pdb:A  SCOP d1nhg.1
  139      0.3541          -0      0.9186     1.944   251    6   11      0.9522    0    354     17    354     21    T0969TS145-D1.pdb:A  SCOP d1nhw.1
  140      0.3442          -0      0.2082     1.427   230    4    7      0.9783    0    354     17    354     12    T0969TS145-D1.pdb:A  SCOP d1kwqa_
  141      0.3428          -0       2.032     1.215   196    5   13      0.9694    0    354     17    272     22    T0969TS145-D1.pdb:A  SCOP d1naaa1
  142      0.3389          -0     0.03445     1.278   224    5   11      0.9821    0    354     17    354     23    T0969TS145-D1.pdb:A  SCOP d1bl7a_
  143      0.3373          -0      0.9599     2.708   277    5   11      0.9819    0    354     17    354     16    T0969TS145-D1.pdb:A  SCOP d1p8sa_
  144      0.3344          -0      0.9599     2.713   276    5    9      0.9819    0    354     17    354     19    T0969TS145-D1.pdb:A  SCOP d1p8ma_
  145      0.3344          -0      0.9599     2.713   276    5    9      0.9819    0    354     17    354     19    T0969TS145-D1.pdb:A  SCOP d5rlaa_
  146      0.3261          -0       0.313     2.519   264    7   13      0.9773    0    354     17    354     30    T0969TS145-D1.pdb:A  SCOP d1dj2a_
  147      0.3236          -0      0.2034     2.746   273    5    9      0.9707    0    354     17    354     15    T0969TS145-D1.pdb:A  SCOP d1qtn.1
  148      0.3229          -0     0.03445     1.292   219    5   11      0.9817    0    354     17    354     24    T0969TS145-D1.pdb:A  SCOP d1a9ua_
  149      0.3227          -0    0.001417     1.726   232    5    9      0.9698    0    354     17    354     21    T0969TS145-D1.pdb:A  SCOP d1goja_
  150      0.3224          -0     0.04693     1.846   236    4   13      0.9703    0    354     17    354     18    T0969TS145-D1.pdb:A  SCOP d1rpaa_
  151      0.3213          -0       1.272     1.913   238    4   10      0.9706    0    354     17    354     20    T0969TS145-D1.pdb:A  SCOP d1h1wa_
  152      0.3197          -0      0.9599     2.738   271    5   10      0.9815    0    354     17    354     18    T0969TS145-D1.pdb:A  SCOP d1p8qa_
  153      0.3197          -0       1.066     2.738   271    5   10      0.9815    0    354     17    354     17    T0969TS145-D1.pdb:A  SCOP d2rlaa_
  154      0.3197          -0     0.03847     1.295   218    5   11      0.9817    0    354     17    354     24    T0969TS145-D1.pdb:A  SCOP d1p38a_
  155      0.3183          -0      0.1922     1.917   237    4   11      0.9705    0    354     17    354     20    T0969TS145-D1.pdb:A  SCOP d1okza_
  156      0.3163          -0   0.0001125     2.590   263    4    8      0.9734    0    354     17    354     20    T0969TS145-D1.pdb:A  SCOP d4ptda_
  157      0.3159          -0     0.09123     1.485   222    5    9      0.9685    0    354     17    354     19    T0969TS145-D1.pdb:A  SCOP d1esma_
  158       0.313          -0       1.272     2.235   247    6   13      0.9595    0    354     17    354     25    T0969TS145-D1.pdb:A  SCOP d1lt8a_
  159      0.3104          -0     0.03684     1.887   233    4   13        0.97    0    354     17    354     18    T0969TS145-D1.pdb:A  SCOP d1rpta_
  160      0.3101          -0      0.0175     1.862   232    4   13      0.9698    0    354     17    354     20    T0969TS145-D1.pdb:A  SCOP d1nd6a_
  161      0.3091          -0      0.1922     1.929   234    4   11      0.9701    0    354     17    354     20    T0969TS145-D1.pdb:A  SCOP d1uu7a_
  162      0.3072          -0     0.02384     1.684   225    5   11        0.96    0    354     17    354     20    T0969TS145-D1.pdb:A  SCOP d1nw8a_
  163      0.3055          -0     0.02064     1.473   218    4    7      0.9862    0    354     17    354     17    T0969TS145-D1.pdb:A  SCOP d1f5va_
  164      0.3055          -0     0.02064     1.473   218    4    7      0.9862    0    354     17    354     17    T0969TS145-D1.pdb:A  SCOP d2bkja_
  165      0.3055          -0     0.02064     1.473   218    4    7      0.9862    0    354     17    354     17    T0969TS145-D1.pdb:A  SCOP d1bkja_
  166      0.3035          -0      0.2058     2.479   253    4   12      0.9723    0    354     17    354     20    T0969TS145-D1.pdb:A  SCOP d1cjaa_
  167       0.301          -0     0.01639     1.874   229    4   13      0.9694    0    354     17    354     19    T0969TS145-D1.pdb:A  SCOP d1nd5a_
  168      0.2982          -0       1.961     2.128   237    4    8      0.9662    0    354     17    354     17    T0969TS145-D1.pdb:A  SCOP d1y21a_
  169      0.2977          -0   0.0001469     2.703   260    5   10      0.9423    0    354     17    354     17    T0969TS145-D1.pdb:A  SCOP d1u7fa_
  170      0.2964          -0      0.8354     2.231   234    6   14      0.9658    0    354     17    336     22    T0969TS145-D1.pdb:A  SCOP d1hp4a1
  171      0.2964          -0      0.6858     2.231   234    6   14      0.9658    0    354     17    336     22    T0969TS145-D1.pdb:A  SCOP d1m01a1
  172      0.2964          -0      0.8354     2.231   234    6   14      0.9658    0    354     17    336     22    T0969TS145-D1.pdb:A  SCOP d1hp5a1
  173      0.2964          -0      0.6858     2.231   234    6   14      0.9658    0    354     17    336     22    T0969TS145-D1.pdb:A  SCOP d1m04a1
  174      0.2964          -0      0.8354     2.231   234    6   14      0.9658    0    354     17    336     22    T0969TS145-D1.pdb:A  SCOP d1jaka1
  175      0.2964          -0      0.8354     2.231   234    6   14      0.9658    0    354     17    336     22    T0969TS145-D1.pdb:A  SCOP d1m03a1
  176      0.2943          -0       2.055     1.612   218    4    5      0.9862    0    354     17    354     16    T0969TS145-D1.pdb:A  SCOP d4apea_
  177      0.2932          -0      0.0126     1.989   230    4   13      0.9609    0    354     17    354     15    T0969TS145-D1.pdb:A  SCOP d1fgxa_
  178      0.2903          -0     0.01017     1.994   229    4   13      0.9607    0    354     17    354     15    T0969TS145-D1.pdb:A  SCOP d1fr8a_
  179      0.2884          -0      0.8373     1.127   148    5    8      0.9797    0    354     17    188     18    T0969TS145-D1.pdb:A  SCOP d1djya3
  180      0.2884          -0      0.8373     1.127   148    5    8      0.9797    0    354     17    188     18    T0969TS145-D1.pdb:A  SCOP d2isda3
  181      0.2884          -0      0.8373     1.127   148    5    8      0.9797    0    354     17    188     19    T0969TS145-D1.pdb:A  SCOP d1djga3
  182      0.2884          -0      0.8373     1.127   148    5    8      0.9797    0    354     17    188     18    T0969TS145-D1.pdb:A  SCOP d1djwa3
  183      0.2854          -0   4.387e-05     2.853   261    5   11      0.9464    0    354     17    354     25    T0969TS145-D1.pdb:A  SCOP d1i7m.1
  184       0.285          -0       1.119     1.968   226    5   11       0.969    0    354     17    354     23    T0969TS145-D1.pdb:A  SCOP d1fbaa_
  185      0.2844          -0       2.629     1.833   181    4   11      0.9613    0    354     17    237     14    T0969TS145-D1.pdb:A  SCOP d1hr8a2
  186      0.2844          -0       2.629     1.833   181    4   11      0.9613    0    354     17    237     14    T0969TS145-D1.pdb:A  SCOP d1hr9a2
  187      0.2819          -0     0.04914     1.092   200    5   10        0.97    0    354     17    354     23    T0969TS145-D1.pdb:A  SCOP d1j0ca_
  188      0.2755          -0    0.001699     3.006   263    4   11      0.9658    0    354     17    354     19    T0969TS145-D1.pdb:A  SCOP d1qfca_
  189      0.2734          -0       2.124     2.676   248    4   12      0.9798    0    354     17    354     15    T0969TS145-D1.pdb:A  SCOP d1ytsa_
  190      0.2731          -0       1.268     0.761   142    4    9      0.9648    0    354     17    196     13    T0969TS145-D1.pdb:A  SCOP d1lfwa2
  191      0.2725          -0       0.632     3.151   268    5   11      0.9515    0    354     17    354     24    T0969TS145-D1.pdb:A  SCOP d1qgxa_
  192      0.2725          -0      0.3704     3.151   268    5   11      0.9515    0    354     17    354     23    T0969TS145-D1.pdb:A  SCOP d1ka0a_
  193      0.2725          -0      0.3704     3.151   268    5   11      0.9515    0    354     17    354     23    T0969TS145-D1.pdb:A  SCOP d1ka1a_
  194      0.2725          -0      0.3704     3.151   268    5   11      0.9515    0    354     17    354     24    T0969TS145-D1.pdb:A  SCOP d1k9za_
  195      0.2703          -0       2.629     1.853   177    4   11      0.9605    0    354     17    237     14    T0969TS145-D1.pdb:A  SCOP d1hr6a2
  196      0.2701          -0       2.951     2.808   252    6    9      0.9722    0    354     17    354     22    T0969TS145-D1.pdb:A  SCOP d1qnoa_
  197      0.2701          -0       2.951     2.808   252    6    9      0.9722    0    354     17    354     22    T0969TS145-D1.pdb:A  SCOP d1qnqa_
  198      0.2701          -0       2.951     2.808   252    6    9      0.9722    0    354     17    354     22    T0969TS145-D1.pdb:A  SCOP d1qnpa_
  199      0.2701          -0       2.951     2.808   252    6    9      0.9722    0    354     17    354     22    T0969TS145-D1.pdb:A  SCOP d1qnsa_
  200      0.2701          -0       2.951     2.808   252    6    9      0.9722    0    354     17    354     22    T0969TS145-D1.pdb:A  SCOP d1qnra_
  201      0.2701          -0     0.04914     1.103   196    5   11      0.9694    0    354     17    354     21    T0969TS145-D1.pdb:A  SCOP d1j0da_
  202        0.27          -0      0.3704     3.156   267    5   12      0.9513    0    354     17    354     24    T0969TS145-D1.pdb:A  SCOP d1k9ya_
  203      0.2682          -0       4.263     2.327   232    5   11      0.9741    0    354     17    354     25    T0969TS145-D1.pdb:A  SCOP d1uroa_
  204      0.2682          -0       4.263     2.327   232    5   11      0.9741    0    354     17    354     25    T0969TS145-D1.pdb:A  SCOP d1r3ya_
  205      0.2682          -0       4.263     2.327   232    5   11      0.9741    0    354     17    354     25    T0969TS145-D1.pdb:A  SCOP d1r3wa_
  206      0.2682          -0       4.263     2.327   232    5   11      0.9741    0    354     17    354     25    T0969TS145-D1.pdb:A  SCOP d1r3ra_
  207      0.2682          -0       4.263     2.327   232    5   11      0.9741    0    354     17    354     25    T0969TS145-D1.pdb:A  SCOP d1r3qa_
  208      0.2682          -0       4.263     2.327   232    5   11      0.9741    0    354     17    354     22    T0969TS145-D1.pdb:A  SCOP d1jpia_
  209      0.2682          -0       4.263     2.327   232    5   11      0.9741    0    354     17    354     23    T0969TS145-D1.pdb:A  SCOP d1jpka_
  210       0.268          -0       2.124     2.686   246    4   12      0.9797    0    354     17    354     17    T0969TS145-D1.pdb:A  SCOP d1ytna_
  211      0.2664          -0      0.6881     2.078   172    4    8      0.9477    0    354     17    212     14    T0969TS145-D1.pdb:A  SCOP d1q0oa2
  212      0.2644          -0       2.057     2.502   237    4   13      0.9747    0    354     17    354     17    T0969TS145-D1.pdb:A  SCOP d1ytwa_
  213      0.2634          -0       2.629     1.863   175    4   11        0.96    0    354     17    237     14    T0969TS145-D1.pdb:A  SCOP d1hr7a2
  214      0.2631          -0       1.963     1.810   180    6   11      0.9389    0    354     17    255     21    T0969TS145-D1.pdb:A  SCOP d1jcna1
  215      0.2628          -0       4.263     2.336   230    5   11      0.9739    0    354     17    354     25    T0969TS145-D1.pdb:A  SCOP d1r3ta_
  216      0.2628          -0       4.263     2.336   230    5   11      0.9739    0    354     17    354     25    T0969TS145-D1.pdb:A  SCOP d1r3va_
  217      0.2628          -0       4.263     2.336   230    5   11      0.9739    0    354     17    354     25    T0969TS145-D1.pdb:A  SCOP d1r3sa_
  218      0.2617          -0       2.057     2.507   236    4   13      0.9746    0    354     17    354     17    T0969TS145-D1.pdb:A  SCOP d1lyva_
  219      0.2616          -0       3.108     2.377   231    5   12       0.961    0    354     17    354     22    T0969TS145-D1.pdb:A  SCOP d1jpha_
  220      0.2597          -0      0.9028     2.926   252    5   12      0.9762    0    354     17    354     20    T0969TS145-D1.pdb:A  SCOP d1brla_
  221      0.2565          -0    0.005857     3.151   260    6   15      0.9538    0    354     17    354     26    T0969TS145-D1.pdb:A  SCOP d1rzma_
  222      0.2551          -0      0.7535     1.847   153    4    9      0.9477    0    354     17    188     18    T0969TS145-D1.pdb:A  SCOP d1djha3
  223      0.2551          -0      0.7535     1.847   153    4    9      0.9477    0    354     17    188     18    T0969TS145-D1.pdb:A  SCOP d1djxa3
  224      0.2551          -0      0.7535     1.847   153    4    9      0.9477    0    354     17    188     18    T0969TS145-D1.pdb:A  SCOP d1djza3
  225      0.2537          -0       1.713     2.523   233    4   13      0.9742    0    354     17    354     16    T0969TS145-D1.pdb:A  SCOP d1qz0a_
  226      0.2529          -0       2.419     1.966   144    4    5      0.9583    0    354     17    162     13    T0969TS145-D1.pdb:A  SCOP d1mpya2
  227      0.2523          -0     0.00749     2.965   250    4   13       0.952    0    354     17    354     11    T0969TS145-D1.pdb:A  SCOP d1io0a_
  228      0.2502          -0        2.58     1.751   174    6   11      0.9598    0    354     17    255     25    T0969TS145-D1.pdb:A  SCOP d1nf7a1
  229        0.25          -0       1.431     2.463   229    5   10      0.9389    0    354     17    354     11    T0969TS145-D1.pdb:A  SCOP d1mkpa_
  230       0.249          -0       3.202     2.215   177    4    9      0.9718    0    354     17    230     14    T0969TS145-D1.pdb:A  SCOP d1sqda2
  231      0.2447          -0   5.722e-06     3.033   249    5   12      0.9357    0    354     17    354     16    T0969TS145-D1.pdb:A  SCOP d1mjsa_
  232      0.2444          -0       2.366     2.425   225    5   10      0.9733    0    354     17    354     18    T0969TS145-D1.pdb:A  SCOP d2bvwa_
  233      0.2438          -0       2.232     1.760   172    6   11      0.9593    0    354     17    255     21    T0969TS145-D1.pdb:A  SCOP d1nfba1
  234      0.2429          -0       1.326     2.276   219    4    9      0.9726    0    354     17    354     18    T0969TS145-D1.pdb:A  SCOP d1o6ka_
  235      0.2429          -0       1.326     2.276   219    4    9      0.9726    0    354     17    354     19    T0969TS145-D1.pdb:A  SCOP d1o6la_
  236      0.2425          -0       1.963     2.315   188    5   11      0.9574    0    354     17    258     20    T0969TS145-D1.pdb:A  SCOP d1s3sa2
  237      0.2421          -0      0.1364     2.843   240    5   12        0.95    0    354     17    354     25    T0969TS145-D1.pdb:A  SCOP d1t8qa_
  238      0.2418          -0       2.336     2.430   224    5   10      0.9732    0    354     17    354     18    T0969TS145-D1.pdb:A  SCOP d1ocba_
  239      0.2417          -0     0.01869     2.823   239    4   11      0.9623    0    354     17    354     17    T0969TS145-D1.pdb:A  SCOP d1byga_
  240      0.2415          -0     0.00746     2.951   244    4   10      0.9426    0    354     17    354     18    T0969TS145-D1.pdb:A  SCOP d1spia_
  241      0.2412          -0      0.6755     2.228   197    5    9      0.9442    0    354     17    293     25    T0969TS145-D1.pdb:A  SCOP d2b9ea1
  242      0.2402          -0      0.7801     1.574   121    4    5      0.9256    0    354     17    135     11    T0969TS145-D1.pdb:A  SCOP d1t6la2
  243      0.2392          -0       2.486     2.435   223    5   10      0.9731    0    354     17    354     18    T0969TS145-D1.pdb:A  SCOP d1gz1a_
  244      0.2389          -0     0.02529     2.934   242    5   13      0.9463    0    354     17    354     20    T0969TS145-D1.pdb:A  SCOP d1b4ea_
  245      0.2331          -0       1.737     3.178   249    5   13      0.9759    0    354     17    354     24    T0969TS145-D1.pdb:A  SCOP d1jkma_
  246      0.2323          -0       2.124     1.933   203    4   10      0.9803    0    354     17    354     19    T0969TS145-D1.pdb:A  SCOP d1rq1a_
  247      0.2309          -0      0.1658     2.049   206    4   16      0.9563    0    354     17    354     20    T0969TS145-D1.pdb:A  SCOP d1kw0a_
  248      0.2303          -0      0.1096     3.019   241    7   17      0.9627    0    354     17    354     32    T0969TS145-D1.pdb:A  SCOP d1dj3a_
  249      0.2297          -0      0.6881     2.228   149    4    7      0.9396    0    354     17    176     13    T0969TS145-D1.pdb:A  SCOP d1f1ua2
  250      0.2297          -0      0.6881     2.228   149    4    7      0.9396    0    354     17    176     13    T0969TS145-D1.pdb:A  SCOP d1f1ra2
  251      0.2297          -0      0.6881     2.228   149    4    7      0.9396    0    354     17    176     12    T0969TS145-D1.pdb:A  SCOP d1f1va2
  252      0.2274          -0      0.6881     2.235   148    4    7      0.9392    0    354     17    175     12    T0969TS145-D1.pdb:A  SCOP d1q0ca2
  253      0.2274          -0      0.6881     2.235   148    4    7      0.9392    0    354     17    175     12    T0969TS145-D1.pdb:A  SCOP d2igaa2
  254      0.2274          -0       1.389     2.235   148    4    7      0.9392    0    354     17    175     12    T0969TS145-D1.pdb:A  SCOP d2ig9a2
  255      0.2248          -0       2.161     1.810   196    4    6      0.9745    0    354     17    354     17    T0969TS145-D1.pdb:A  SCOP d1qpca_
  256      0.2247          -0      0.6571     1.776   195    4    7      0.9538    0    354     17    354     18    T0969TS145-D1.pdb:A  SCOP d1suga_
  257      0.2238          -0      0.6881     2.242   147    4    7      0.9388    0    354     17    175     13    T0969TS145-D1.pdb:A  SCOP d1f1xa2
  258      0.2236          -0       3.462     2.956   235    5   12      0.9872    0    354     17    354     23    T0969TS145-D1.pdb:A  SCOP d1a5ca_
  259      0.2232          -0       2.526     2.095   204    5    9      0.9657    0    354     17    354     25    T0969TS145-D1.pdb:A  SCOP d1mhm.1
  260      0.2222          -0       2.326     1.814   195    4    6      0.9744    0    354     17    354     18    T0969TS145-D1.pdb:A  SCOP d1qpda_
  261      0.2222          -0       2.161     1.814   195    4    6      0.9744    0    354     17    354     18    T0969TS145-D1.pdb:A  SCOP d1qpea_
  262      0.2219          -0      0.1157     2.771   227    4    7      0.9736    0    354     17    354     13    T0969TS145-D1.pdb:A  SCOP d1vcqa_
  263      0.2219          -0      0.1157     2.771   227    4    7      0.9736    0    354     17    354     13    T0969TS145-D1.pdb:A  SCOP d1vcpa_
  264      0.2219          -0      0.1157     2.771   227    4    7      0.9736    0    354     17    354     13    T0969TS145-D1.pdb:A  SCOP d1dyla_
  265      0.2219          -0      0.5922     3.682   264    5   11      0.9659    0    354     17    354     22    T0969TS145-D1.pdb:A  SCOP d1g01a_
  266      0.2207          -0     0.01174     3.097   239    4   12      0.9707    0    354     17    354     17    T0969TS145-D1.pdb:A  SCOP d1kwpa_
  267      0.2206          -0     0.02979     2.374   212    7   14      0.9528    0    354     17    354     32    T0969TS145-D1.pdb:A  SCOP d1iwea_
  268      0.2194          -0    0.006891     1.932   153    4   14      0.9346    0    354     17    213     14    T0969TS145-D1.pdb:A  SCOP d1bcca2
  269      0.2192          -0      0.2683     3.484   254    5   11      0.9646    0    354     17    354     23    T0969TS145-D1.pdb:A  SCOP d1sr8a_
  270      0.2152          -0       0.967     3.776   264    6   11      0.9583    0    354     17    354     17    T0969TS145-D1.pdb:A  SCOP d1u80a_
  271       0.214          -0       0.967     3.771   263    6   11      0.9544    0    354     17    354     17    T0969TS145-D1.pdb:A  SCOP d1u7za_
  272       0.212          -0       1.108     3.192   238    5   11      0.9622    0    354     17    354     24    T0969TS145-D1.pdb:A  SCOP d1tz9a_
  273        0.21          -0      0.1713     1.900   192    4   10      0.9792    0    354     17    354     19    T0969TS145-D1.pdb:A  SCOP d1s20a_
  274      0.2099          -0     0.02211     2.639   216    4    8       0.963    0    354     17    354     14    T0969TS145-D1.pdb:A  SCOP d1qk4a_
  275      0.2094          -0      0.7012     1.730   187    4   10       0.984    0    354     17    354     19    T0969TS145-D1.pdb:A  SCOP d1nxua_
  276      0.2088          -0      0.1506     1.332   177    5    5      0.9887    0    354     17    354     21    T0969TS145-D1.pdb:A  SCOP d1dbza_
  277      0.2077          -0       1.118     3.048   230    5   12      0.9565    0    354     17    354     16    T0969TS145-D1.pdb:A  SCOP d1ypta_
  278      0.2059          -0       1.314     2.406   200    4    8        0.97    0    354     17    334     20    T0969TS145-D1.pdb:A  SCOP d2jdra1
  279      0.2057          -0       1.092     3.129   232    5    8      0.9526    0    354     17    354     18    T0969TS145-D1.pdb:A  SCOP d1hxna_
  280      0.2055          -0       1.326     2.380   199    4    8      0.9698    0    354     17    334     19    T0969TS145-D1.pdb:A  SCOP d2jdoa1
  281      0.2055          -0       1.326     2.380   199    4    8      0.9698    0    354     17    334     20    T0969TS145-D1.pdb:A  SCOP d2uw9a1
  282      0.2051          -0       1.149     2.591   185    6   12      0.9189    0    354     17    270     21    T0969TS145-D1.pdb:A  SCOP d1r7ra2
  283      0.2045          -0      0.9955     2.309   202    6   13      0.9455    0    354     17    354     24    T0969TS145-D1.pdb:A  SCOP d1idma_
  284      0.2034          -0   0.0001926     2.979   225    4    8      0.9644    0    354     17    354     15    T0969TS145-D1.pdb:A  SCOP d1ojqa_
  285      0.2034          -0   0.0001926     2.979   225    4    8      0.9644    0    354     17    354     15    T0969TS145-D1.pdb:A  SCOP d1ojza_
  286      0.2031          -0      0.9734     3.220   234    4   10      0.9573    0    354     17    354     19    T0969TS145-D1.pdb:A  SCOP d1by8a_
  287      0.2019          -0   1.335e-05     3.081   228    5   13      0.9342    0    354     17    354     23    T0969TS145-D1.pdb:A  SCOP d1c3sa_
  288      0.2019          -0   9.537e-06     3.687   252    4    9      0.9683    0    354     17    354     20    T0969TS145-D1.pdb:A  SCOP d3ptda_
  289      0.2019          -0   9.537e-06     3.687   252    4    9      0.9683    0    354     17    354     20    T0969TS145-D1.pdb:A  SCOP d1gyma_
  290      0.2017          -0    0.001093     2.034   149    4   15      0.9128    0    354     17    213     13    T0969TS145-D1.pdb:A  SCOP d2bcca2
  291      0.1999          -0     0.08609     2.349   201    5    8      0.9502    0    354     17    354     17    T0969TS145-D1.pdb:A  SCOP d1n0wa_
  292      0.1998          -0       1.096     2.638   168    4    6      0.9464    0    354     17    225     18    T0969TS145-D1.pdb:A  SCOP d1smpa1
  293      0.1997          -0   1.335e-05     3.088   227    5   13      0.9339    0    354     17    354     23    T0969TS145-D1.pdb:A  SCOP d1c3pa_
  294       0.199          -0   0.0001965     3.072   226    4   10      0.9469    0    354     17    354     14    T0969TS145-D1.pdb:A  SCOP d1tsra_
  295       0.199          -0   0.0001965     3.072   226    4   10      0.9469    0    354     17    354     14    T0969TS145-D1.pdb:A  SCOP d1tupa_
  296       0.199          -0   0.0001965     3.072   226    4   10      0.9469    0    354     17    354     14    T0969TS145-D1.pdb:A  SCOP d1gzha_
  297      0.1956          -0       1.029     2.204   137    4    6       0.927    0    354     17    176     14    T0969TS145-D1.pdb:A  SCOP d1pf9a2
  298      0.1918          -0      0.5904     3.340   232    4    8      0.9569    0    354     17    354     17    T0969TS145-D1.pdb:A  SCOP d1mqoa_
  299      0.1909          -0    0.001078     1.968   185    4    8      0.9568    0    354     17    354     16    T0969TS145-D1.pdb:A  SCOP d1tc6a_
  300      0.1909          -0    0.001078     1.968   185    4    8      0.9568    0    354     17    354     16    T0969TS145-D1.pdb:A  SCOP d1tc0a_
  301      0.1905          -0     0.02246     3.203   226    4   11      0.9602    0    354     17    354     18    T0969TS145-D1.pdb:A  SCOP d1pnoa_
  302      0.1891          -0      0.9078     2.219   135    4    5      0.9259    0    354     17    176     12    T0969TS145-D1.pdb:A  SCOP d1aona2
  303      0.1888          -0      0.6981     1.990   114    4    6      0.9211    0    354     17    135     11    T0969TS145-D1.pdb:A  SCOP d1yypa2
  304      0.1888          -0       1.431     2.608   174    6   12      0.9368    0    354     17    258     21    T0969TS145-D1.pdb:A  SCOP d1e32a2
  305      0.1883          -0        1.13     3.049   219    7   10      0.9498    0    354     17    354     32    T0969TS145-D1.pdb:A  SCOP d1p9ba_
  306      0.1879          -0   8.202e-05     3.164   223    4   10      0.9462    0    354     17    354     13    T0969TS145-D1.pdb:A  SCOP d1kzya_
  307      0.1864          -0     0.05174     3.400   231    4   10      0.9437    0    354     17    354     13    T0969TS145-D1.pdb:A  SCOP d1uxea_
  308      0.1864          -0     0.05174     3.400   231    4   10      0.9437    0    354     17    354     13    T0969TS145-D1.pdb:A  SCOP d1uxba_
  309      0.1863          -0   0.0004063     2.378   195    4   17      0.9231    0    354     17    354     19    T0969TS145-D1.pdb:A  SCOP d1mlwa_
  310       0.184          -0        1.79     3.268   205    6   13      0.9463    0    354     17    295     23    T0969TS145-D1.pdb:A  SCOP d1t1ea1
  311      0.1826          -0      0.1889     3.436   230    5    9      0.9348    0    354     17    354     22    T0969TS145-D1.pdb:A  SCOP d1fpfa_
  312      0.1826          -0      0.1889     3.436   230    5    9      0.9348    0    354     17    354     22    T0969TS145-D1.pdb:A  SCOP d1fpja_
  313       0.182          -0     0.01349     3.039   215    4   10      0.9302    0    354     17    354     20    T0969TS145-D1.pdb:A  SCOP d1xfga_
  314      0.1815          -0      0.3887     2.733   204    6    9      0.9314    0    354     17    354     17    T0969TS145-D1.pdb:A  SCOP d1v5wa_
  315      0.1804          -0       3.131     2.834   171    5   10      0.9298    0    354     17    242     16    T0969TS145-D1.pdb:A  SCOP d1v9la1
  316      0.1789          -0      0.1618     2.438   171    4   13      0.9474    0    354     17    278     18    T0969TS145-D1.pdb:A  SCOP d2b24a2
  317      0.1787          -0     0.07334     3.448   228    4    9      0.9561    0    354     17    354     12    T0969TS145-D1.pdb:A  SCOP d1r55a_
  318      0.1779          -0      0.0126     1.847   136    4   12      0.9338    0    354     17    213     14    T0969TS145-D1.pdb:A  SCOP d1sqva2
  319      0.1774          -0        1.67     2.775   148    5    6      0.9797    0    354     17    188     19    T0969TS145-D1.pdb:A  SCOP d1y0ra2
  320      0.1774          -0        1.67     2.775   148    5    6      0.9797    0    354     17    188     19    T0969TS145-D1.pdb:A  SCOP d1y0ya2
  321      0.1767          -0     0.07334     3.455   227    4    9      0.9559    0    354     17    354     11    T0969TS145-D1.pdb:A  SCOP d1r54a_
  322      0.1763          -0    2.48e-05     2.790   203    5   10      0.9409    0    354     17    354     20    T0969TS145-D1.pdb:A  SCOP d1h7na_
  323       0.176          -0      0.1814     3.168   216    4   12      0.9398    0    354     17    354     19    T0969TS145-D1.pdb:A  SCOP d1vjya_
  324      0.1749          -0     0.01542     1.854   135    4   12      0.9333    0    354     17    213     15    T0969TS145-D1.pdb:A  SCOP d1nu1a2
  325      0.1741          -0       2.379     2.886   205    4    7      0.9756    0    354     17    354     20    T0969TS145-D1.pdb:A  SCOP d1bo1a_
  326      0.1738          -0     0.01626     2.465   191    4    8      0.9529    0    354     17    354     16    T0969TS145-D1.pdb:A  SCOP d1jzta_
  327      0.1736          -0      0.0762     3.616   231    5   12      0.9654    0    354     17    354     22    T0969TS145-D1.pdb:A  SCOP d1j5xa_
  328      0.1731          -0     0.01542     1.937   136    4   12      0.9338    0    354     17    213     15    T0969TS145-D1.pdb:A  SCOP d1sqpa2
  329      0.1726          -0   0.0005093     3.198   215    4   11      0.9256    0    354     17    354     16    T0969TS145-D1.pdb:A  SCOP d1gzna_
  330      0.1726          -0   0.0005093     3.198   215    4   11      0.9256    0    354     17    354     16    T0969TS145-D1.pdb:A  SCOP d1gzka_
  331      0.1724          -0   0.0003223     3.316   204    6   18      0.9167    0    354     17    307     21    T0969TS145-D1.pdb:A  SCOP d1geha1
  332      0.1717          -0   3.624e-05     2.899   204    5   10      0.9412    0    354     17    354     19    T0969TS145-D1.pdb:A  SCOP d1qnva_
  333      0.1717          -0   3.624e-05     2.899   204    5   10      0.9412    0    354     17    354     19    T0969TS145-D1.pdb:A  SCOP d1aw5a_
  334      0.1705          -0        1.76     2.229   164    4   15       0.939    0    354     17    287     20    T0969TS145-D1.pdb:A  SCOP d2bmra2
  335      0.1705          -0        1.76     2.229   164    4   15       0.939    0    354     17    287     20    T0969TS145-D1.pdb:A  SCOP d2bmoa2
  336      0.1702          -0      0.0126     1.944   135    4   12      0.9333    0    354     17    213     15    T0969TS145-D1.pdb:A  SCOP d1sqba2
  337      0.1697          -0   3.624e-05     2.906   203    5   10      0.9409    0    354     17    354     20    T0969TS145-D1.pdb:A  SCOP d1h7pa_
  338      0.1697          -0   3.624e-05     2.906   203    5   10      0.9409    0    354     17    354     20    T0969TS145-D1.pdb:A  SCOP d1h7oa_
  339      0.1697          -0   3.624e-05     2.906   203    5   10      0.9409    0    354     17    354     20    T0969TS145-D1.pdb:A  SCOP d1gjpa_
  340      0.1686          -0       1.105     2.279   150    4    8      0.9533    0    354     17    239     19    T0969TS145-D1.pdb:A  SCOP d1xsia4
  341      0.1677          -0   4.768e-05     3.116   209    4    8       0.933    0    354     17    354     18    T0969TS145-D1.pdb:A  SCOP d1qwta_
  342      0.1674          -0     0.00226     1.949   134    4   13      0.9104    0    354     17    213     14    T0969TS145-D1.pdb:A  SCOP d1ntma2
  343      0.1672          -0      0.6537     2.831   199    5    9      0.9548    0    354     17    354     25    T0969TS145-D1.pdb:A  SCOP d1m7ya_
  344      0.1672          -0      0.6537     2.831   199    5    9      0.9548    0    354     17    354     25    T0969TS145-D1.pdb:A  SCOP d1m4na_
  345      0.1649          -0      0.5005     2.553   182    6   14      0.9066    0    354     17    329     21    T0969TS145-D1.pdb:A  SCOP d1iwaa1
  346      0.1647          -0   3.624e-05     2.995   203    4   11       0.867    0    354     17    354     18    T0969TS145-D1.pdb:A  SCOP d1gyla_
  347      0.1645          -0   0.0004139     3.316   214    4    9      0.9439    0    354     17    354     14    T0969TS145-D1.pdb:A  SCOP d1rf8a_
  348       0.163          -0      0.4892     2.463   178    6   13      0.9382    0    354     17    328     21    T0969TS145-D1.pdb:A  SCOP d8ruca1
  349      0.1622          -0      0.5254     2.737   193    5    9      0.9637    0    354     17    354     25    T0969TS145-D1.pdb:A  SCOP d1d5s.1
  350      0.1614          -0   0.0004749     3.401   215    4    8      0.9395    0    354     17    354     14    T0969TS145-D1.pdb:A  SCOP d1kxaa_
  351      0.1614          -0   0.0004749     3.401   215    4    8      0.9395    0    354     17    354     14    T0969TS145-D1.pdb:A  SCOP d1kxda_
  352      0.1614          -0   0.0004749     3.401   215    4    8      0.9395    0    354     17    354     14    T0969TS145-D1.pdb:A  SCOP d1kxea_
  353      0.1614          -0   0.0004749     3.401   215    4    8      0.9395    0    354     17    354     14    T0969TS145-D1.pdb:A  SCOP d1kxba_
  354      0.1614          -0   0.0004749     3.401   215    4    8      0.9395    0    354     17    354     14    T0969TS145-D1.pdb:A  SCOP d1kxca_
  355      0.1614          -0   0.0004749     3.401   215    4    8      0.9395    0    354     17    354     14    T0969TS145-D1.pdb:A  SCOP d1kxfa_
  356      0.1608          -0     0.04584     3.066   185    5   14      0.9135    0    354     17    294     21    T0969TS145-D1.pdb:A  SCOP d2akza1
  357      0.1608          -0      0.4892     2.470   177    6   13      0.9379    0    354     17    328     21    T0969TS145-D1.pdb:A  SCOP d1ir1a1
  358      0.1603          -0   0.0003262     2.348   180    4    9      0.9444    0    354     17    354     16    T0969TS145-D1.pdb:A  SCOP d1qy8a_
  359        0.16          -0      0.4524     3.110   204    6   12      0.9412    0    354     17    354     22    T0969TS145-D1.pdb:A  SCOP d1edga_
  360        0.16          -0     0.05864     3.257   209    4    8      0.9426    0    354     17    354     15    T0969TS145-D1.pdb:A  SCOP d1hcga_
  361      0.1594          -0   0.0002384     3.354   212    4   13      0.9387    0    354     17    354     15    T0969TS145-D1.pdb:A  SCOP d1kkqa_
  362      0.1579          -0   0.0008564     3.210   206    5   10      0.9369    0    354     17    354     16    T0969TS145-D1.pdb:A  SCOP d1qipa_
  363      0.1571          -0       1.491     2.525   176    6   12      0.9205    0    354     17    326     21    T0969TS145-D1.pdb:A  SCOP d1ir2a1
  364       0.157          -0       1.067     1.653   108    4    8      0.9444    0    354     17    161     12    T0969TS145-D1.pdb:A  SCOP d1ovma1
  365      0.1561          -0      0.5182     2.184   173    5   11      0.9422    0    354     17    354     23    T0969TS145-D1.pdb:A  SCOP d1eqna_
  366      0.1558          -0      0.4892     2.491   174    6   13      0.9368    0    354     17    325     21    T0969TS145-D1.pdb:A  SCOP d1wdda1
  367      0.1538          -0      0.2149     2.372   161    4   12      0.9193    0    354     17    293     19    T0969TS145-D1.pdb:A  SCOP d1ndoa2
  368      0.1535          -0    0.005377     4.183   238    4   12      0.9664    0    354     17    354     17    T0969TS145-D1.pdb:A  SCOP d1m54a_
  369      0.1532          -0      0.6107     3.081   158    4   10       0.962    0    354     17    224     14    T0969TS145-D1.pdb:A  SCOP d1sp8a2
  370      0.1529          -0      0.2503     2.538   174    6   13      0.9195    0    354     17    326     21    T0969TS145-D1.pdb:A  SCOP d1uw9a1
  371      0.1523          -0   0.0001965     3.549   214    4   14      0.9439    0    354     17    354     19    T0969TS145-D1.pdb:A  SCOP d1j2fa_
  372      0.1519          -0         3.2     3.239   159    5   10      0.9623    0    354     17    217     15    T0969TS145-D1.pdb:A  SCOP d1kyoa2
  373      0.1516          -0    0.000906     2.358   136    5   13      0.9118    0    354     17    213     14    T0969TS145-D1.pdb:A  SCOP d3bcca2
  374      0.1513          -0   6.294e-05     2.541   140    4   12      0.9143    0    354     17    213     15    T0969TS145-D1.pdb:A  SCOP d1be3a2
  375       0.151          -0   0.0006466     3.344   206    5   10      0.9369    0    354     17    354     16    T0969TS145-D1.pdb:A  SCOP d1bh5a_
  376       0.151          -0   0.0006466     3.344   206    5   10      0.9369    0    354     17    354     15    T0969TS145-D1.pdb:A  SCOP d1froa_
  377      0.1508          -0       6.081     1.781    98    4    3      0.9694    0    354     17    133     13    T0969TS145-D1.pdb:A  SCOP d1gv4a2
  378        0.15          -0   0.0002537     2.942   192    5   13      0.9375    0    354     17    354     25    T0969TS145-D1.pdb:A  SCOP d1b8ga_
  379      0.1498          -0   0.0002079     2.819   188    5   13      0.9415    0    354     17    354     20    T0969TS145-D1.pdb:A  SCOP d1ofra_
  380      0.1495          -0         3.2     3.249   158    5   10       0.962    0    354     17    217     15    T0969TS145-D1.pdb:A  SCOP d1ezva2
  381      0.1488          -0   0.0002384     2.576   180    6   11      0.9278    0    354     17    354     23    T0969TS145-D1.pdb:A  SCOP d1bg2a_
  382      0.1486          -0        3.93     1.867   100    4    4        0.95    0    354     17    137     13    T0969TS145-D1.pdb:A  SCOP d1m6ia2
  383       0.148          -0   4.768e-05     3.636   214    4   12      0.9579    0    354     17    354     19    T0969TS145-D1.pdb:A  SCOP d1g93a_
  384      0.1476          -0     0.03873     3.644   214    6   10      0.9673    0    354     17    354     30    T0969TS145-D1.pdb:A  SCOP d1hooa_
  385      0.1475          -0       2.003     3.278   158    5   10      0.9557    0    354     17    218     15    T0969TS145-D1.pdb:A  SCOP d2ibza2
  386      0.1475          -0       2.003     3.278   158    5   10      0.9557    0    354     17    218     15    T0969TS145-D1.pdb:A  SCOP d1kb9a2
  387      0.1475          -0       2.003     3.278   158    5   10      0.9557    0    354     17    218     15    T0969TS145-D1.pdb:A  SCOP d1p84a2
  388      0.1474          -0    0.002859     2.308   133    5   13      0.9098    0    354     17    213     14    T0969TS145-D1.pdb:A  SCOP d1sqxa2
  389      0.1473          -0       1.619     3.179   177    4   11      0.9605    0    354     17    283     17    T0969TS145-D1.pdb:A  SCOP d1xxpa1
  390      0.1471          -0   0.0001736     3.625   213    5   13      0.9155    0    354     17    354     20    T0969TS145-D1.pdb:A  SCOP d1ofaa_
  391      0.1468          -0     0.02246     3.633   213    5   14       0.939    0    354     17    354     19    T0969TS145-D1.pdb:A  SCOP d1xfia_
  392      0.1464          -0    0.003149     2.375   134    5   13      0.9104    0    354     17    213     14    T0969TS145-D1.pdb:A  SCOP d1sqqa2
  393       0.145          -0      0.9139     3.516   187    6   11      0.9305    0    354     17    287     24    T0969TS145-D1.pdb:A  SCOP d1noua1
  394      0.1445          -0   0.0002079     2.895   187    5   13      0.9305    0    354     17    354     20    T0969TS145-D1.pdb:A  SCOP d1ofba_
  395       0.143          -0      0.6977     3.941   221    6   13      0.9683    0    354     17    354     30    T0969TS145-D1.pdb:A  SCOP d1pxga_
  396      0.1421          -0   0.0001011     3.733   213    5   11      0.9108    0    354     17    354     17    T0969TS145-D1.pdb:A  SCOP d1x8ga_
  397      0.1413          -0      0.6977     3.950   220    6   13      0.9682    0    354     17    354     29    T0969TS145-D1.pdb:A  SCOP d1q4wa_
  398      0.1413          -0      0.6977     3.950   220    6   13      0.9682    0    354     17    354     30    T0969TS145-D1.pdb:A  SCOP d1enua_
  399      0.1413          -0    0.002592     2.392   132    5   13      0.9091    0    354     17    213     14    T0969TS145-D1.pdb:A  SCOP d2fyua2
  400      0.1413          -0    0.003149     2.392   132    5   13      0.9091    0    354     17    213     14    T0969TS145-D1.pdb:A  SCOP d1ntza2
  401      0.1413          -0    0.003149     2.392   132    5   13      0.9091    0    354     17    213     14    T0969TS145-D1.pdb:A  SCOP d1l0na2
  402      0.1405          -0   0.0003109     2.648   177    4    8      0.9887    0    354     17    354     18    T0969TS145-D1.pdb:A  SCOP d1ptua_
  403      0.1402          -0     0.01954     3.831   215    6   15       0.907    0    354     17    354     27    T0969TS145-D1.pdb:A  SCOP d1f61a_
  404      0.1396          -0    0.001143     3.351   181    5   14      0.9116    0    354     17    295     21    T0969TS145-D1.pdb:A  SCOP d3enla1
  405      0.1393          -0       1.119     4.303   231    4    6      0.9567    0    354     17    354     10    T0969TS145-D1.pdb:A  SCOP d1twqa_
  406      0.1393          -0       1.119     4.303   231    4    6      0.9567    0    354     17    354      8    T0969TS145-D1.pdb:A  SCOP d1sk3a_
  407      0.1391          -0     0.07434     3.544   184    5   12      0.9293    0    354     17    287     24    T0969TS145-D1.pdb:A  SCOP d1np0a1
  408      0.1388          -0     0.05667     2.424   154    4   14      0.9156    0    354     17    292     19    T0969TS145-D1.pdb:A  SCOP d2hmma2
  409      0.1382          -0       1.431     3.217   193    7   14      0.9637    0    354     17    354     33    T0969TS145-D1.pdb:A  SCOP d1gz7a_
  410       0.138          -0   0.0002537     2.530   172    5   10      0.9477    0    354     17    354     22    T0969TS145-D1.pdb:A  SCOP d6alda_
  411      0.1379          -0     0.05667     2.424   154    4   13      0.9156    0    354     17    294     19    T0969TS145-D1.pdb:A  SCOP d1o7ha2
  412      0.1373          -0     0.02112     3.207   192    4   10      0.9479    0    354     17    354     15    T0969TS145-D1.pdb:A  SCOP d1pzta_
  413      0.1371          -0       1.373     2.887   158    6   12      0.9177    0    354     17    267     24    T0969TS145-D1.pdb:A  SCOP d1me7a1
  414      0.1368          -0      0.3219     2.854   165    5   11      0.9394    0    354     17    295     20    T0969TS145-D1.pdb:A  SCOP d1elsa1
  415      0.1368          -0    0.009546     3.704   208    6   12      0.9135    0    354     17    354     28    T0969TS145-D1.pdb:A  SCOP d1goxa_
  416      0.1367          -0     0.05667     2.431   153    4   13       0.915    0    354     17    292     19    T0969TS145-D1.pdb:A  SCOP d2hmla2
  417      0.1362          -0       2.634     3.501   165    5   10      0.9636    0    354     17    239     20    T0969TS145-D1.pdb:A  SCOP d2f2ha4
  418      0.1359          -0    2.48e-05     4.766   245    4   11      0.9469    0    354     17    354     17    T0969TS145-D1.pdb:A  SCOP d1khxa_
  419      0.1352          -0     0.07434     3.564   182    5   12      0.9286    0    354     17    287     24    T0969TS145-D1.pdb:A  SCOP d1nowa1
  420      0.1347          -0       1.431     3.234   191    7   14      0.9634    0    354     17    354     32    T0969TS145-D1.pdb:A  SCOP d1llfa_
  421      0.1346          -0     0.05667     2.439   152    4   13      0.9145    0    354     17    292     19    T0969TS145-D1.pdb:A  SCOP d2hmna2
  422      0.1346          -0     0.05667     2.439   152    4   13      0.9145    0    354     17    292     19    T0969TS145-D1.pdb:A  SCOP d2hmka2
  423      0.1344          -0      0.1513     3.933   214    5    8      0.9439    0    354     17    354     25    T0969TS145-D1.pdb:A  SCOP d1h6la_
  424      0.1343          -0      0.1804     2.985   183    4    7      0.9672    0    354     17    354     19    T0969TS145-D1.pdb:A  SCOP d1ma3a_
  425      0.1343          -0     0.09447     2.985   183    5    7      0.9672    0    354     17    354     22    T0969TS145-D1.pdb:A  SCOP d1s7ga_
  426      0.1342          -0         0.6     2.845   122    4    6       0.959    0    354     17    165     11    T0969TS145-D1.pdb:A  SCOP d2cvoa2
  427      0.1341          -0        2.53     3.511   164    5   10      0.9634    0    354     17    239     19    T0969TS145-D1.pdb:A  SCOP d1xska4
  428      0.1338          -0    0.002592     2.428   128    5   13      0.9062    0    354     17    209     15    T0969TS145-D1.pdb:A  SCOP d1ppja2
  429      0.1337          -0       2.351     3.777   171    4   10      0.9123    0    354     17    239     19    T0969TS145-D1.pdb:A  SCOP d1we5a4
  430      0.1327          -0       0.208     3.928   191    5   13      0.9424    0    354     17    286     19    T0969TS145-D1.pdb:A  SCOP d1fqva2
  431       0.132          -0      0.7082     3.142   153    4   11      0.9346    0    354     17    239     16    T0969TS145-D1.pdb:A  SCOP d1euza1
  432      0.1319          -0    0.001276     3.387   177    5   14      0.9096    0    354     17    295     21    T0969TS145-D1.pdb:A  SCOP d6enla1
  433      0.1318          -0       1.358     2.914   155    6   12      0.9161    0    354     17    265     25    T0969TS145-D1.pdb:A  SCOP d1me8a1
  434      0.1316          -0     0.02528     4.370   212    6   15      0.9245    0    354     17    309     27    T0969TS145-D1.pdb:A  SCOP d1zy9a2
  435      0.1315          -0   0.0002842     3.676   203    5    8      0.9015    0    354     17    354     20    T0969TS145-D1.pdb:A  SCOP d1leva_
  436      0.1312          -0       1.373     2.923   154    6   12      0.9156    0    354     17    262     25    T0969TS145-D1.pdb:A  SCOP d1me9a1
  437      0.1292          -0      0.1229     3.034   181    5    8      0.9282    0    354     17    354     25    T0969TS145-D1.pdb:A  SCOP d1gvxa_
  438      0.1288          -0      0.2755     2.908   142    5    9      0.9155    0    354     17    228     14    T0969TS145-D1.pdb:A  SCOP d1tfza2
  439      0.1275          -0       1.701     3.717   159    4    6      0.9497    0    354     17    221     18    T0969TS145-D1.pdb:A  SCOP d1k7qa1
  440      0.1275          -0       1.701     3.717   159    4    6      0.9497    0    354     17    221     18    T0969TS145-D1.pdb:A  SCOP d1k7ga1
  441      0.1275          -0       1.701     3.717   159    4    6      0.9497    0    354     17    221     18    T0969TS145-D1.pdb:A  SCOP d1k7ia1
  442      0.1274          -0   0.0002422     2.515   127    5   14      0.8819    0    354     17    210     15    T0969TS145-D1.pdb:A  SCOP d2a06a2
  443       0.127          -0       1.358     2.942   152    6   12      0.9145    0    354     17    262     25    T0969TS145-D1.pdb:A  SCOP d1meia1
  444       0.127          -0       1.358     2.942   152    6   12      0.9145    0    354     17    262     25    T0969TS145-D1.pdb:A  SCOP d1ak5a1
  445      0.1258          -0       2.272     2.559   165    6   10      0.9455    0    354     17    354     30    T0969TS145-D1.pdb:A  SCOP d1maaa_
  446      0.1247          -0      0.2889     2.974   176    5   12      0.9205    0    354     17    354     21    T0969TS145-D1.pdb:A  SCOP d1srqa_
  447      0.1246          -0      0.8754     3.464   142    4    5      0.9366    0    354     17    196     16    T0969TS145-D1.pdb:A  SCOP d2c1ga1
  448      0.1246          -0      0.8754     3.464   142    4    5      0.9366    0    354     17    196     16    T0969TS145-D1.pdb:A  SCOP d2c1ia1
  449      0.1243          -0   1.907e-06     3.970   207    5   15      0.9179    0    354     17    354     24    T0969TS145-D1.pdb:A  SCOP d1h4pa_
  450      0.1237          -0      0.1138     3.066   178    5    9      0.9438    0    354     17    354     13    T0969TS145-D1.pdb:A  SCOP d1q0pa_
  451      0.1225          -0   0.0001736     3.985   206    6   14      0.9369    0    354     17    354     28    T0969TS145-D1.pdb:A  SCOP d1jmya_
  452      0.1225          -0   0.0001736     3.985   206    6   14      0.9369    0    354     17    354     30    T0969TS145-D1.pdb:A  SCOP d1f6wa_
  453      0.1222          -0     0.02839     3.622   194    6   15      0.9278    0    354     17    354     23    T0969TS145-D1.pdb:A  SCOP d1de5a_
  454      0.1222          -0     0.09004     2.893   149    4   14      0.9329    0    354     17    266     16    T0969TS145-D1.pdb:A  SCOP d1ybea1
  455       0.122          -0       0.039     3.501   190    7   14      0.9105    0    354     17    354     33    T0969TS145-D1.pdb:A  SCOP d1eswa_
  456       0.122          -0       0.039     3.501   190    7   14      0.9105    0    354     17    354     35    T0969TS145-D1.pdb:A  SCOP d1cwya_
  457        0.12          -0       1.159     4.319   215    5   11      0.9395    0    354     17    354     22    T0969TS145-D1.pdb:A  SCOP d1j8fa_
  458      0.1194          -0      0.9405     3.684   137    4    6      0.9416    0    354     17    177     13    T0969TS145-D1.pdb:A  SCOP d2jfca2
  459      0.1194          -0      0.7593     3.684   137    4    6      0.9416    0    354     17    177     13    T0969TS145-D1.pdb:A  SCOP d1gs8a2
  460      0.1194          -0      0.7593     3.684   137    4    6      0.9416    0    354     17    177     13    T0969TS145-D1.pdb:A  SCOP d1haua2
  461      0.1194          -0      0.7593     3.684   137    4    6      0.9416    0    354     17    177     13    T0969TS145-D1.pdb:A  SCOP d1gs7a2
  462      0.1194          -0      0.7593     3.684   137    4    6      0.9416    0    354     17    177     13    T0969TS145-D1.pdb:A  SCOP d1oe1a2
  463      0.1187          -0       2.326     2.591   112    4    7      0.9375    0    354     17    171     15    T0969TS145-D1.pdb:A  SCOP d1t9ba1
  464      0.1184          -0   0.0001736     3.999   203    6   14       0.936    0    354     17    354     30    T0969TS145-D1.pdb:A  SCOP d1akna_
  465      0.1179          -0     0.06746     2.682   112    4    9      0.9196    0    354     17    167     15    T0969TS145-D1.pdb:A  SCOP d1jroa4
  466      0.1179          -0     0.06746     2.682   112    4    9      0.9196    0    354     17    167     15    T0969TS145-D1.pdb:A  SCOP d1jrpa4
  467      0.1179          -0      0.7593     3.697   136    4    6      0.9412    0    354     17    176     13    T0969TS145-D1.pdb:A  SCOP d1oe2a2
  468      0.1178          -0       3.003     3.833   162    4    9      0.9321    0    354     17    239     20    T0969TS145-D1.pdb:A  SCOP d1xsja4
  469      0.1159          -0   0.0001049     3.688   191    5   11      0.9319    0    354     17    354     25    T0969TS145-D1.pdb:A  SCOP d1hp7a_
  470      0.1159          -0   0.0001049     3.688   191    5   11      0.9319    0    354     17    354     25    T0969TS145-D1.pdb:A  SCOP d1qlpa_
  471      0.1155          -0     0.03588     4.322   211    6   14      0.9147    0    354     17    354     30    T0969TS145-D1.pdb:A  SCOP d1issa_
  472      0.1153          -0      0.4892     4.145   205    6   15      0.9512    0    354     17    354     30    T0969TS145-D1.pdb:A  SCOP d1pbga_
  473      0.1152          -0       1.396     3.576   187    7   10      0.9626    0    354     17    354     32    T0969TS145-D1.pdb:A  SCOP d1trha_
  474      0.1152          -0       1.396     3.576   187    7   10      0.9626    0    354     17    354     33    T0969TS145-D1.pdb:A  SCOP d1crla_
  475      0.1151          -0      0.1727     4.102   173    5   10      0.9364    0    354     17    256     17    T0969TS145-D1.pdb:A  SCOP d1fs2a2
  476      0.1148          -0   0.0004063     3.390   181    4    7      0.9282    0    354     17    354     15    T0969TS145-D1.pdb:A  SCOP d1n9pa_
  477      0.1148          -0    0.002527     2.760   163    6   10      0.9387    0    354     17    354     30    T0969TS145-D1.pdb:A  SCOP d1adia_
  478      0.1148          -0       2.218     3.218   119    4    9      0.9496    0    354     17    162     13    T0969TS145-D1.pdb:A  SCOP d1hyua1
  479      0.1136          -0   1.907e-06     4.707   222    5   15      0.9324    0    354     17    354     23    T0969TS145-D1.pdb:A  SCOP d1nlza_
  480      0.1133          -0   2.098e-05     3.725   190    6   13      0.8947    0    354     17    354     28    T0969TS145-D1.pdb:A  SCOP d1f8ma_
  481       0.113          -0       0.632     4.238   206    6   13      0.9515    0    354     17    354     26    T0969TS145-D1.pdb:A  SCOP d1t8ra_
  482      0.1122          -0       3.024     2.679   159    4   11      0.9748    0    354     17    354     19    T0969TS145-D1.pdb:A  SCOP d1otua_
  483      0.1121          -0       1.396     3.596   185    7   10      0.9622    0    354     17    354     32    T0969TS145-D1.pdb:A  SCOP d1lpsa_
  484      0.1121          -0       1.396     3.596   185    7   10      0.9622    0    354     17    354     33    T0969TS145-D1.pdb:A  SCOP d1lpna_
  485      0.1121          -0       1.396     3.596   185    7   10      0.9622    0    354     17    354     32    T0969TS145-D1.pdb:A  SCOP d1lppa_
  486      0.1121          -0       1.396     3.596   185    7   10      0.9622    0    354     17    354     32    T0969TS145-D1.pdb:A  SCOP d1clea_
  487      0.1121          -0       1.396     3.596   185    7   10      0.9622    0    354     17    354     33    T0969TS145-D1.pdb:A  SCOP d1lpma_
  488      0.1114          -0   1.717e-05     3.714   188    6   13      0.9043    0    354     17    354     28    T0969TS145-D1.pdb:A  SCOP d1f8ia_
  489      0.1113          -0      0.1918     4.985   229    7   12      0.8384    0    354     17    354     30    T0969TS145-D1.pdb:A  SCOP d1nlma_
  490      0.1107          -0      0.4524     3.554   150    6   12         0.9    0    354     17    239     16    T0969TS145-D1.pdb:A  SCOP d1gtma1
  491      0.1106          -0       3.015     2.686   158    4   10      0.9747    0    354     17    354     19    T0969TS145-D1.pdb:A  SCOP d1otta_
  492      0.1096          -0      0.4463     3.116   142    4    9      0.9366    0    354     17    250     15    T0969TS145-D1.pdb:A  SCOP d1l5aa2
  493      0.1095          -0   5.913e-05     3.799   189    6   17      0.8889    0    354     17    354     27    T0969TS145-D1.pdb:A  SCOP d1qcwa_
  494      0.1088          -0   1.907e-06     4.323   201    5    8      0.9303    0    354     17    341     21    T0969TS145-D1.pdb:A  SCOP d1lnsa3
