<html><head></head><body><pre style="word-wrap: break-word; white-space: pre-wrap;"> PDBe Fold v2.59. (src3) 14 Apr 2014 result file.

                   RESULT SUMMARY

   ##      Q-score      P-score     Z-score   RMSD    Nalgn Nsse Ngaps Seq-%     Nmd Nres-Q Nsse-Q Nres-T Nsse-T Query Target
    1           1          -0  1.798e+308     0.000    82    1    0           1    0     82      5     82      5    T0963TS261-D2.pdb:A  SCOP d1qbta_
    2           1          -0  1.798e+308     0.000    82    1    0           1    0     82      5     82      5    T0963TS261-D2.pdb:A  SCOP d1mt8a_
    3           1          -0  1.798e+308     0.000    82    1    0           1    0     82      5     82      4    T0963TS261-D2.pdb:A  SCOP d1caaa_
    4           1    0.001294       3.398     0.000    82    1    0           1    0     82      5     82      5    T0963TS261-D2.pdb:A  SCOP d1ebya_
    5           1          -0  1.798e+308     0.000    82    1    0           1    0     82      5     82      5    T0963TS261-D2.pdb:A  SCOP d3tlha_
    6           1          -0  1.798e+308     0.000    82    1    0           1    0     82      5     82      4    T0963TS261-D2.pdb:A  SCOP d1cada_
    7           1          -0  1.798e+308     0.000    82    1    0           1    0     82      5     82      5    T0963TS261-D2.pdb:A  SCOP d1a94a_
    8           1    0.001294       3.398     0.000    82    1    0           1    0     82      5     82      5    T0963TS261-D2.pdb:A  SCOP d1ec1a_
    9           1    0.001294       3.398     0.000    82    1    0           1    0     82      5     82      5    T0963TS261-D2.pdb:A  SCOP d1aida_
   10           1          -0  1.798e+308     0.000    82    1    0           1    0     82      5     82      5    T0963TS261-D2.pdb:A  SCOP d1ohra_
   11           1          -0  1.798e+308     0.000    82    1    0           1    0     82      5     82      5    T0963TS261-D2.pdb:A  SCOP d1mrxa_
   12           1          -0  1.798e+308     0.000    82    1    0           1    0     82      5     82      5    T0963TS261-D2.pdb:A  SCOP d1msma_
   13           1          -0  1.798e+308     0.000    82    1    0           1    0     82      5     82      5    T0963TS261-D2.pdb:A  SCOP d1mrwa_
   14           1          -0  1.798e+308     0.000    82    1    0           1    0     82      5     82      5    T0963TS261-D2.pdb:A  SCOP d1bwaa_
   15           1          -0  1.798e+308     0.000    82    1    0           1    0     82      5     82      5    T0963TS261-D2.pdb:A  SCOP d1kj7a_
   16           1          -0  1.798e+308     0.000    82    1    0           1    0     82      5     82      2    T0963TS261-D2.pdb:A  SCOP d1qcva_
   17           1          -0  1.798e+308     0.000    82    1    0           1    0     82      5     82      4    T0963TS261-D2.pdb:A  SCOP d1zrpa_
   18           1          -0  1.798e+308     0.000    82    1    0           1    0     82      5     82      5    T0963TS261-D2.pdb:A  SCOP d1odya_
   19           1    0.001294       3.398     0.000    82    1    0           1    0     82      5     82      5    T0963TS261-D2.pdb:A  SCOP d1ec2a_
   20           1          -0  1.798e+308     0.000    82    1    0           1    0     82      5     82      5    T0963TS261-D2.pdb:A  SCOP d1sgua_
   21           1          -0  1.798e+308     0.000    82    1    0           1    0     82      5     82      5    T0963TS261-D2.pdb:A  SCOP d1hiha_
   22           1          -0  1.798e+308     0.000    82    1    0           1    0     82      5     82      5    T0963TS261-D2.pdb:A  SCOP d1cpia_
   23           1          -0  1.798e+308     0.000    82    1    0           1    0     82      5     82      5    T0963TS261-D2.pdb:A  SCOP d1f7aa_
   24           1    0.001294       3.398     0.000    82    1    0           1    0     82      5     82      5    T0963TS261-D2.pdb:A  SCOP d1ajxa_
   25           1    0.001294       3.398     0.000    82    1    0           1    0     82      5     82      5    T0963TS261-D2.pdb:A  SCOP d1ebza_
   26           1          -0  1.798e+308     0.000    82    1    0           1    0     82      5     82      5    T0963TS261-D2.pdb:A  SCOP d1b6ma_
   27           1          -0  1.798e+308     0.000    82    1    0           1    0     82      5     82      5    T0963TS261-D2.pdb:A  SCOP d1mera_
   28           1    0.001294       3.398     0.000    82    1    0           1    0     82      5     82      5    T0963TS261-D2.pdb:A  SCOP d1ajva_
   29           1          -0  1.798e+308     0.000    82    1    0           1    0     82      5     82      3    T0963TS261-D2.pdb:A  SCOP d1h7va_
   30           1          -0  1.798e+308     0.000    82    1    0           1    0     82      5     82      3    T0963TS261-D2.pdb:A  SCOP d1dx8a_
   31           1          -0  1.798e+308     0.000    82    1    0           1    0     82      5     82      5    T0963TS261-D2.pdb:A  SCOP d1kjha_
   32           1          -0  1.798e+308     0.000    82    1    0           1    0     82      5     82      5    T0963TS261-D2.pdb:A  SCOP d2sama_
   33           1          -0  1.798e+308     0.000    82    1    0           1    0     82      5     82      5    T0963TS261-D2.pdb:A  SCOP d1ytia_
   34           1          -0  1.798e+308     0.000    82    1    0           1    0     82      5     82      5    T0963TS261-D2.pdb:A  SCOP d1ytga_
   35           1          -0  1.798e+308     0.000    82    1    0           1    0     82      5     82      5    T0963TS261-D2.pdb:A  SCOP d1ytha_
   36           1          -0  1.798e+308     0.000    82    1    0           1    0     82      5     82      5    T0963TS261-D2.pdb:A  SCOP d1k6ca_
   37           1          -0  1.798e+308     0.000    82    1    0           1    0     82      5     82      5    T0963TS261-D2.pdb:A  SCOP d1az5a_
   38           1          -0  1.798e+308     0.000    82    1    0           1    0     82      5     82      4    T0963TS261-D2.pdb:A  SCOP d1bq8a_
   39           1          -0  1.798e+308     0.000    82    1    0           1    0     82      5     82      5    T0963TS261-D2.pdb:A  SCOP d1k6va_
   40           1          -0  1.798e+308     0.000    82    1    0           1    0     82      5     82      4    T0963TS261-D2.pdb:A  SCOP d1bq9a_
   41           1          -0  1.798e+308     0.000    82    1    0           1    0     82      5     82      5    T0963TS261-D2.pdb:A  SCOP d3upja_
   42           1          -0  1.798e+308     0.000    82    1    0           1    0     82      5     82      5    T0963TS261-D2.pdb:A  SCOP d6upja_
   43           1   0.0001082        5.06     0.000    82    2    0           1    0     82      5     82      8    T0963TS261-D2.pdb:A  SCOP d1bvga_
   44           1          -0  1.798e+308     0.000    82    1    0           1    0     82      5     82      4    T0963TS261-D2.pdb:A  SCOP d1iu5a_
   45           1   0.0002366       4.367     0.000    82    2    0           1    0     82      5     82      8    T0963TS261-D2.pdb:A  SCOP d1vija_
   46           1          -0  1.798e+308     0.000    82    1    0           1    0     82      5     82      5    T0963TS261-D2.pdb:A  SCOP d3aida_
   47           1          -0  1.798e+308     0.000    82    1    0           1    0     82      5     82      5    T0963TS261-D2.pdb:A  SCOP d1gnna_
   48           1          -0  1.798e+308     0.000    82    1    0           1    0     82      5     82      5    T0963TS261-D2.pdb:A  SCOP d1gnma_
   49           1          -0  1.798e+308     0.000    82    1    0           1    0     82      5     82      5    T0963TS261-D2.pdb:A  SCOP d1hpsa_
   50           1          -0  1.798e+308     0.000    82    1    0           1    0     82      5     82      4    T0963TS261-D2.pdb:A  SCOP d1vcxa_
   51           1          -0  1.798e+308     0.000    82    1    0           1    0     82      5     82      5    T0963TS261-D2.pdb:A  SCOP d1gnoa_
   52           1          -0  1.798e+308     0.000    82    1    0           1    0     82      5     82      5    T0963TS261-D2.pdb:A  SCOP d1htfa_
   53           1          -0  1.798e+308     0.000    82    1    0           1    0     82      5     82      5    T0963TS261-D2.pdb:A  SCOP d7hvpa_
   54           1          -0  1.798e+308     0.000    82    1    0           1    0     82      5     82      5    T0963TS261-D2.pdb:A  SCOP d1m0ba_
   55           1          -0  1.798e+308     0.000    82    1    0           1    0     82      5     82      5    T0963TS261-D2.pdb:A  SCOP d1hosa_
   56           1          -0  1.798e+308     0.000    82    1    0           1    0     82      5     82      5    T0963TS261-D2.pdb:A  SCOP d1lzqa_
   57           1    0.001294       3.398     0.000    82    1    0           1    0     82      5     82      5    T0963TS261-D2.pdb:A  SCOP d1t7ka_
   58           1          -0  1.798e+308     0.000    82    1    0           1    0     82      5     82      5    T0963TS261-D2.pdb:A  SCOP d1bv7a_
   59           1          -0  1.798e+308     0.000    82    1    0           1    0     82      5     82      5    T0963TS261-D2.pdb:A  SCOP d1axaa_
   60           1          -0  1.798e+308     0.000    82    1    0           1    0     82      5     82      5    T0963TS261-D2.pdb:A  SCOP d1izia_
   61           1          -0  1.798e+308     0.000    82    1    0           1    0     82      5     82      4    T0963TS261-D2.pdb:A  SCOP d1iu6a_
   62           1          -0  1.798e+308     0.000    82    1    0           1    0     82      5     82      2    T0963TS261-D2.pdb:A  SCOP d1q5wa_
   63           1          -0  1.798e+308     0.000    82    1    0           1    0     82      5     82      4    T0963TS261-D2.pdb:A  SCOP d1ryqa_
   64           1          -0  1.798e+308     0.000    82    1    0           1    0     82      5     82      3    T0963TS261-D2.pdb:A  SCOP d1dgza_
   65           1          -0  1.798e+308     0.000    82    1    0           1    0     82      5     82      3    T0963TS261-D2.pdb:A  SCOP d1chca_
   66           1          -0  1.798e+308     0.000    82    1    0           1    0     82      5     82      4    T0963TS261-D2.pdb:A  SCOP d1g25a_
   67           1    0.007267       2.844     0.000    82    2    0           1    0     82      5     82      5    T0963TS261-D2.pdb:A  SCOP d1o9ya_
   68           1          -0  1.798e+308     0.000    82    1    0           1    0     82      5     82      4    T0963TS261-D2.pdb:A  SCOP d1k0ha_
   69           1   8.217e-08       1.785     0.000    82    3    0           1    0     82      5     82      9    T0963TS261-D2.pdb:A  SCOP d1q9sa_
   70           1   8.191e-07       1.896     0.000    82    3    0           1    0     82      5     82     10    T0963TS261-D2.pdb:A  SCOP d1p4ma_
   71           1   8.191e-07       1.896     0.000    82    3    0           1    0     82      5     82     10    T0963TS261-D2.pdb:A  SCOP d1nb9a_
   72           1   8.191e-07       1.896     0.000    82    3    0           1    0     82      5     82     10    T0963TS261-D2.pdb:A  SCOP d1nb0a_
   73           1          -0       3.492     0.000    82    3    0           1    0     82      5     82     13    T0963TS261-D2.pdb:A  SCOP d1ba7a_
   74           1          -0       4.452     0.000    82    3    0           1    0     82      5     82     14    T0963TS261-D2.pdb:A  SCOP d1tiea_
   75           1          -0       2.623     0.000    82    2    0           1    0     82      5     82      9    T0963TS261-D2.pdb:A  SCOP d1fgaa_
   76           1          -0  1.798e+308     0.000    82    1    0           1    0     82      5     82      3    T0963TS261-D2.pdb:A  SCOP d1n87a_
   77           1   9.643e-17           3     0.000    82    1    0           1    0     82      5     82      5    T0963TS261-D2.pdb:A  SCOP d1pfsa_
   78           1          -0  1.798e+308     0.000    82    1    0           1    0     82      5     82      4    T0963TS261-D2.pdb:A  SCOP d2gn5a_
   79           1          -0  1.798e+308     0.000    82    1    0           1    0     82      5     82      4    T0963TS261-D2.pdb:A  SCOP d1ny4a_
   80           1          -0  1.798e+308     0.000    82    1    0           1    0     82      5     82      1    T0963TS261-D2.pdb:A  SCOP d1ripa_
   81           1      0.0163         3.8     0.000    82    2    0           1    0     82      5     82      5    T0963TS261-D2.pdb:A  SCOP d1sroa_
   82           1          -0  1.798e+308     0.000    82    1    0           1    0     82      5     82      4    T0963TS261-D2.pdb:A  SCOP d1g6pa_
   83           1          -0  1.798e+308     0.000    82    1    0           1    0     82      5     82      4    T0963TS261-D2.pdb:A  SCOP d1t1ha_
   84           1      0.8749       3.284     0.000    82    2    0           1    0     82      5     82      6    T0963TS261-D2.pdb:A  SCOP d1txya_
   85           1       1.099       3.276     0.000    82    2    0           1    0     82      5     82      7    T0963TS261-D2.pdb:A  SCOP d1v1qa_
   86           1          -0  1.798e+308     0.000    82    1    0           1    0     82      5     82      5    T0963TS261-D2.pdb:A  SCOP d1r2ma_
   87           1          -0       3.671     0.000    82    3    0           1    0     82      5     82     10    T0963TS261-D2.pdb:A  SCOP d1oula_
   88           1          -0       3.671     0.000    82    3    0           1    0     82      5     82     10    T0963TS261-D2.pdb:A  SCOP d1twba_
   89           1          -0       3.671     0.000    82    3    0           1    0     82      5     82     10    T0963TS261-D2.pdb:A  SCOP d1ou9a_
   90           1          -0       3.671     0.000    82    3    0           1    0     82      5     82     10    T0963TS261-D2.pdb:A  SCOP d1ou8a_
   91           1          -0       3.669     0.000    82    2    0           1    0     82      5     82      6    T0963TS261-D2.pdb:A  SCOP d1i8fa_
   92           1    0.001294       3.398     0.000    82    1    0           1    0     82      5     82      5    T0963TS261-D2.pdb:A  SCOP d1w5xa_
   93           1          -0  1.798e+308     0.000    82    1    0           1    0     82      5     82      5    T0963TS261-D2.pdb:A  SCOP d1hvja_
   94           1          -0  1.798e+308     0.000    82    1    0           1    0     82      5     82      4    T0963TS261-D2.pdb:A  SCOP d1s24a_
   95           1          -0  1.798e+308     0.000    82    1    0           1    0     82      5     82      5    T0963TS261-D2.pdb:A  SCOP d1mt7a_
   96           1          -0  1.798e+308     0.000    82    1    0           1    0     82      5     82      5    T0963TS261-D2.pdb:A  SCOP d2aida_
   97           1          -0  1.798e+308     0.000    82    1    0           1    0     82      5     82      5    T0963TS261-D2.pdb:A  SCOP d1bwba_
   98           1          -0  1.798e+308     0.000    82    1    0           1    0     82      5     82      5    T0963TS261-D2.pdb:A  SCOP d1hvla_
   99           1    0.001294       3.398     0.000    82    1    0           1    0     82      5     82      5    T0963TS261-D2.pdb:A  SCOP d1hxwa_
  100           1          -0  1.798e+308     0.000    82    1    0           1    0     82      5     82      5    T0963TS261-D2.pdb:A  SCOP d1hvka_
  101           1    0.001294       3.398     0.000    82    1    0           1    0     82      5     82      5    T0963TS261-D2.pdb:A  SCOP d1izha_
  102           1          -0  1.798e+308     0.000    82    1    0           1    0     82      5     82      2    T0963TS261-D2.pdb:A  SCOP d1dxga_
  103           1          -0  1.798e+308     0.000    82    1    0           1    0     82      5     82      5    T0963TS261-D2.pdb:A  SCOP d1proa_
  104           1    0.001294       3.398     0.000    82    1    0           1    0     82      5     82      5    T0963TS261-D2.pdb:A  SCOP d1w5ya_
  105           1          -0  1.798e+308     0.000    82    1    0           1    0     82      5     82      5    T0963TS261-D2.pdb:A  SCOP d1b6ja_
  106           1    0.001294       3.398     0.000    82    1    0           1    0     82      5     82      5    T0963TS261-D2.pdb:A  SCOP d1d4ia_
  107           1    0.001294       3.398     0.000    82    1    0           1    0     82      5     82      5    T0963TS261-D2.pdb:A  SCOP d1ebwa_
  108           1    0.001294       3.398     0.000    82    1    0           1    0     82      5     82      5    T0963TS261-D2.pdb:A  SCOP d1w5va_
  109           1    0.001294       3.398     0.000    82    1    0           1    0     82      5     82      5    T0963TS261-D2.pdb:A  SCOP d1w5wa_
  110           1          -0  1.798e+308     0.000    82    1    0           1    0     82      5     82      5    T0963TS261-D2.pdb:A  SCOP d1b6la_
  111           1    0.001294       3.398     0.000    82    1    0           1    0     82      5     82      5    T0963TS261-D2.pdb:A  SCOP d1ec0a_
  112           1    0.001294       3.398     0.000    82    1    0           1    0     82      5     82      5    T0963TS261-D2.pdb:A  SCOP d1iiqa_
  113           1          -0  1.798e+308     0.000    82    1    0           1    0     82      5     82      5    T0963TS261-D2.pdb:A  SCOP d1difa_
  114           1          -0  1.798e+308     0.000    82    1    0           1    0     82      5     82      5    T0963TS261-D2.pdb:A  SCOP d1d4la_
  115           1          -0  1.798e+308     0.000    82    1    0           1    0     82      5     82      5    T0963TS261-D2.pdb:A  SCOP d1sdva_
  116           1          -0  1.798e+308     0.000    82    1    0           1    0     82      5     82      5    T0963TS261-D2.pdb:A  SCOP d1sdta_
  117           1    0.001294       3.398     0.000    82    1    0           1    0     82      5     82      5    T0963TS261-D2.pdb:A  SCOP d1kzka_
  118           1          -0  1.798e+308     0.000    82    1    0           1    0     82      5     82      5    T0963TS261-D2.pdb:A  SCOP d1nh0a_
  119           1          -0  1.798e+308     0.000    82    1    0           1    0     82      5     82      2    T0963TS261-D2.pdb:A  SCOP d1cfwa_
  120           1          -0  1.798e+308     0.000    82    1    0           1    0     82      5     82      2    T0963TS261-D2.pdb:A  SCOP d1dcda_
  121           1          -0  1.798e+308     0.000    82    1    0           1    0     82      5     82      2    T0963TS261-D2.pdb:A  SCOP d1dhga_
  122           1          -0  1.798e+308     0.000    82    1    0           1    0     82      5     82      3    T0963TS261-D2.pdb:A  SCOP d1opsa_
  123           1          -0  1.798e+308     0.000    82    1    0           1    0     82      5     82      3    T0963TS261-D2.pdb:A  SCOP d8amea_
  124           1          -0  1.798e+308     0.000    82    1    0           1    0     82      5     82      3    T0963TS261-D2.pdb:A  SCOP d2amea_
  125           1          -0  1.798e+308     0.000    82    1    0           1    0     82      5     82      3    T0963TS261-D2.pdb:A  SCOP d6amea_
  126           1          -0  1.798e+308     0.000    82    1    0           1    0     82      5     82      3    T0963TS261-D2.pdb:A  SCOP d2msia_
  127           1          -0  1.798e+308     0.000    82    1    0           1    0     82      5     82      3    T0963TS261-D2.pdb:A  SCOP d4amea_
  128           1          -0  1.798e+308     0.000    82    1    0           1    0     82      5     82      3    T0963TS261-D2.pdb:A  SCOP d6msia_
  129           1          -0  1.798e+308     0.000    82    1    0           1    0     82      5     82      3    T0963TS261-D2.pdb:A  SCOP d1gzia_
  130           1          -0  1.798e+308     0.000    82    1    0           1    0     82      5     82      3    T0963TS261-D2.pdb:A  SCOP d9amea_
  131           1          -0  1.798e+308     0.000    82    1    0           1    0     82      5     82      3    T0963TS261-D2.pdb:A  SCOP d2spga_
  132           1          -0  1.798e+308     0.000    82    1    0           1    0     82      5     82      3    T0963TS261-D2.pdb:A  SCOP d4msia_
  133           1          -0  1.798e+308     0.000    82    1    0           1    0     82      5     82      3    T0963TS261-D2.pdb:A  SCOP d5msia_
  134           1          -0  1.798e+308     0.000    82    1    0           1    0     82      5     82      3    T0963TS261-D2.pdb:A  SCOP d7msia_
  135           1          -0  1.798e+308     0.000    82    1    0           1    0     82      5     82      3    T0963TS261-D2.pdb:A  SCOP d1ekla_
  136           1          -0  1.798e+308     0.000    82    1    0           1    0     82      5     82      3    T0963TS261-D2.pdb:A  SCOP d1b7ia_
  137           1          -0  1.798e+308     0.000    82    1    0           1    0     82      5     82      3    T0963TS261-D2.pdb:A  SCOP d7amea_
  138           1          -0  1.798e+308     0.000    82    1    0           1    0     82      5     82      3    T0963TS261-D2.pdb:A  SCOP d2jiaa_
  139           1          -0  1.798e+308     0.000    82    1    0           1    0     82      5     82      3    T0963TS261-D2.pdb:A  SCOP d1jaba_
  140           1          -0  1.798e+308     0.000    82    1    0           1    0     82      5     82      3    T0963TS261-D2.pdb:A  SCOP d1b7ja_
  141           1          -0  1.798e+308     0.000    82    1    0           1    0     82      5     82      3    T0963TS261-D2.pdb:A  SCOP d1amea_
  142           1          -0  1.798e+308     0.000    82    1    0           1    0     82      5     82      3    T0963TS261-D2.pdb:A  SCOP d3msia_
  143           1          -0  1.798e+308     0.000    82    1    0           1    0     82      5     82      3    T0963TS261-D2.pdb:A  SCOP d1msia_
  144           1          -0  1.798e+308     0.000    82    1    0           1    0     82      5     82      3    T0963TS261-D2.pdb:A  SCOP d1hg7a_
  145           1          -0       2.986     0.000    82    3    0           1    0     82      5     82     14    T0963TS261-D2.pdb:A  SCOP d1gpra_
  146           1    0.000427       4.588     0.000    82    2    0           1    0     82      5     82      6    T0963TS261-D2.pdb:A  SCOP d1k8ma_
  147           1   3.383e-13       3.571     0.000    82    2    0           1    0     82      5     82      6    T0963TS261-D2.pdb:A  SCOP d1k8oa_
  148           1          -0       2.663     0.000    82    2    0           1    0     82      5     82      6    T0963TS261-D2.pdb:A  SCOP d1ghja_
  149           1          -0  1.798e+308     0.000    82    1    0           1    0     82      5     82      2    T0963TS261-D2.pdb:A  SCOP d1fyca_
  150           1          -0  1.798e+308     0.000    82    1    0           1    0     82      5     82      3    T0963TS261-D2.pdb:A  SCOP d1r0ha_
  151           1          -0       2.623     0.000    82    2    0           1    0     82      5     82      6    T0963TS261-D2.pdb:A  SCOP d1qjoa_
  152           1          -0      0.9729     0.000    82    2    0           1    0     82      5     82      6    T0963TS261-D2.pdb:A  SCOP d1iyva_
  153           1          -0  1.798e+308     0.000    82    1    0           1    0     82      5     82      3    T0963TS261-D2.pdb:A  SCOP d1r0ia_
  154           1          -0  1.798e+308     0.000    82    1    0           1    0     82      5     82      3    T0963TS261-D2.pdb:A  SCOP d1b13a_
  155           1          -0  1.798e+308     0.000    82    1    0           1    0     82      5     82      3    T0963TS261-D2.pdb:A  SCOP d1smua_
  156           1          -0  1.798e+308     0.000    82    1    0           1    0     82      5     82      2    T0963TS261-D2.pdb:A  SCOP d1k9ca_
  157           1          -0  1.798e+308     0.000    82    1    0           1    0     82      5     82      3    T0963TS261-D2.pdb:A  SCOP d1hhna_
  158           1          -0  1.798e+308     0.000    82    1    0           1    0     82      5     82      3    T0963TS261-D2.pdb:A  SCOP d1k91a_
  159           1          -0  1.798e+308     0.000    82    1    0           1    0     82      5     82      3    T0963TS261-D2.pdb:A  SCOP d1r0fa_
  160           1   1.636e-09       4.188     0.000    82    3    0           1    0     82      5     82      7    T0963TS261-D2.pdb:A  SCOP d1lkta_
  161           1          -0       2.951     0.000    82    2    0           1    0     82      5     82     10    T0963TS261-D2.pdb:A  SCOP d1l5ea_
  162           1          -0        2.26     0.000    82    2    0           1    0     82      5     82     10    T0963TS261-D2.pdb:A  SCOP d1loma_
  163           1          -0        2.26     0.000    82    2    0           1    0     82      5     82     10    T0963TS261-D2.pdb:A  SCOP d3ezma_
  164           1          -0  1.798e+308     0.000    82    1    0           1    0     82      5     82      3    T0963TS261-D2.pdb:A  SCOP d1r0ga_
  165           1          -0       2.313     0.000    82    2    0           1    0     82      5     82      8    T0963TS261-D2.pdb:A  SCOP d1ay9a_
  166           1          -0       2.313     0.000    82    2    0           1    0     82      5     82      8    T0963TS261-D2.pdb:A  SCOP d1umua_
  167           1          -0  1.798e+308     0.000    82    1    0           1    0     82      5     82      3    T0963TS261-D2.pdb:A  SCOP d1c09a_
  168           1          -0  1.798e+308     0.000    82    1    0           1    0     82      5     82      3    T0963TS261-D2.pdb:A  SCOP d1fhha_
  169           1          -0  1.798e+308     0.000    82    1    0           1    0     82      5     82      3    T0963TS261-D2.pdb:A  SCOP d1t9pa_
  170           1          -0       3.177     0.000    82    2    0           1    0     82      5     82      8    T0963TS261-D2.pdb:A  SCOP d1tcza_
  171           1          -0       3.177     0.000    82    2    0           1    0     82      5     82      8    T0963TS261-D2.pdb:A  SCOP d1c5ea_
  172           1          -0  1.798e+308     0.000    82    1    0           1    0     82      5     82      3    T0963TS261-D2.pdb:A  SCOP d3nlaa_
  173           1          -0  1.798e+308     0.000    82    1    0           1    0     82      5     82      3    T0963TS261-D2.pdb:A  SCOP d3rdna_
  174           1          -0  1.798e+308     0.000    82    1    0           1    0     82      5     82      3    T0963TS261-D2.pdb:A  SCOP d1ucsa_
  175           1          -0  1.798e+308     0.000    82    1    0           1    0     82      5     82      2    T0963TS261-D2.pdb:A  SCOP d1kdea_
  176           1          -0  1.798e+308     0.000    82    1    0           1    0     82      5     82      3    T0963TS261-D2.pdb:A  SCOP d1kdfa_
  177           1          -0  1.798e+308     0.000    82    1    0           1    0     82      5     82      3    T0963TS261-D2.pdb:A  SCOP d8msia_
  178           1          -0  1.798e+308     0.000    82    1    0           1    0     82      5     82      3    T0963TS261-D2.pdb:A  SCOP d9msia_
  179           1          -0  1.798e+308     0.000    82    1    0           1    0     82      5     82      3    T0963TS261-D2.pdb:A  SCOP d1b7ka_
  180           1          -0  1.798e+308     0.000    82    1    0           1    0     82      5     82      3    T0963TS261-D2.pdb:A  SCOP d3amea_
  181           1          -0  1.798e+308     0.000    82    1    0           1    0     82      5     82      3    T0963TS261-D2.pdb:A  SCOP d1msja_
  182           1          -0  1.798e+308     0.000    82    1    0           1    0     82      5     82      3    T0963TS261-D2.pdb:A  SCOP d2msja_
  183           1    0.002253        4.89     0.000    82    4    0           1    0     82      5     82      9    T0963TS261-D2.pdb:A  SCOP d1rxha_
  184           1          -0  1.798e+308     0.000    82    1    0           1    0     82      5     82      4    T0963TS261-D2.pdb:A  SCOP d1a57a_
  185           1   3.153e-09       3.336     0.000    82    3    0           1    0     82      5     82      9    T0963TS261-D2.pdb:A  SCOP d1xkia_
  186           1          -0      0.6921     0.000    82    3    0           1    0     82      5     82     13    T0963TS261-D2.pdb:A  SCOP d1euoa_
  187           1          -0      0.6921     0.000    82    3    0           1    0     82      5     82     13    T0963TS261-D2.pdb:A  SCOP d1peea_
  188           1      0.1111       3.686     0.000    82    3    0           1    0     82      5     82     13    T0963TS261-D2.pdb:A  SCOP d4np1a_
  189           1      0.1111       3.686     0.000    82    3    0           1    0     82      5     82     13    T0963TS261-D2.pdb:A  SCOP d3np1a_
  190           1      0.1111       3.686     0.000    82    3    0           1    0     82      5     82     13    T0963TS261-D2.pdb:A  SCOP d2np1a_
  191           1      0.1111       3.686     0.000    82    3    0           1    0     82      5     82     13    T0963TS261-D2.pdb:A  SCOP d1np1a_
  192           1   0.0001826       3.411     0.000    82    3    0           1    0     82      5     82     12    T0963TS261-D2.pdb:A  SCOP d1lnma_
  193           1   0.0001826       3.411     0.000    82    3    0           1    0     82      5     82     12    T0963TS261-D2.pdb:A  SCOP d1lkea_
  194           1   9.643e-17       2.814     0.000    82    3    0           1    0     82      5     82     13    T0963TS261-D2.pdb:A  SCOP d1jzua_
  195           1       0.451        4.97     0.000    82    4    0           1    0     82      5     82     12    T0963TS261-D2.pdb:A  SCOP d1i04a_
  196           1     0.02136       5.086     0.000    82    3    0           1    0     82      5     82     12    T0963TS261-D2.pdb:A  SCOP d1i06a_
  197           1     0.02136       5.086     0.000    82    3    0           1    0     82      5     82     12    T0963TS261-D2.pdb:A  SCOP d1i05a_
  198           1    5.16e-06       4.622     0.000    82    3    0           1    0     82      5     82     14    T0963TS261-D2.pdb:A  SCOP d1ew3a_
  199           1    0.003761       4.899     0.000    82    2    0           1    0     82      5     82     10    T0963TS261-D2.pdb:A  SCOP d1brqa_
  200           1    0.001706       4.899     0.000    82    2    0           1    0     82      5     82     10    T0963TS261-D2.pdb:A  SCOP d1brpa_
  201           1   0.0004484       4.765     0.000    82    2    0           1    0     82      5     82     10    T0963TS261-D2.pdb:A  SCOP d1fema_
  202           1          -0       2.531     0.000    82    2    0           1    0     82      5     82      8    T0963TS261-D2.pdb:A  SCOP d1r95a_
  203           1          -0       2.531     0.000    82    2    0           1    0     82      5     82      8    T0963TS261-D2.pdb:A  SCOP d1r94a_
  204           1          -0       3.979     0.000    82    2    0           1    0     82      5     82      9    T0963TS261-D2.pdb:A  SCOP d1wgua_
  205           1          -0  1.798e+308     0.000    82    1    0           1    0     82      5     82      3    T0963TS261-D2.pdb:A  SCOP d1r0ja_
  206           1          -0       3.581     0.000    82    2    0           1    0     82      5     82      9    T0963TS261-D2.pdb:A  SCOP d1pqha_
  207           1          -0       3.581     0.000    82    2    0           1    0     82      5     82     10    T0963TS261-D2.pdb:A  SCOP d1ppya_
  208           1          -0       3.073     0.000    82    2    0           1    0     82      5     82      9    T0963TS261-D2.pdb:A  SCOP d1baia_
  209           1          -0       2.986     0.000    82    2    0           1    0     82      5     82     10    T0963TS261-D2.pdb:A  SCOP d2rspa_
  210           1          -0  1.798e+308     0.000    82    1    0           1    0     82      5     82      4    T0963TS261-D2.pdb:A  SCOP d1brfa_
  211           1       0.578       5.331     0.000    82    2    0           1    0     82      5     82      7    T0963TS261-D2.pdb:A  SCOP d1sipa_
  212           1          -0  1.798e+308     0.000    82    1    0           1    0     82      5     82      5    T0963TS261-D2.pdb:A  SCOP d1ytja_
  213           1          -0  1.798e+308     0.000    82    1    0           1    0     82      5     82      3    T0963TS261-D2.pdb:A  SCOP d1laba_
  214           1          -0  1.798e+308     0.000    82    1    0           1    0     82      5     82      4    T0963TS261-D2.pdb:A  SCOP d1laca_
  215           1          -0        3.42     0.000    82    2    0           1    0     82      5     82      6    T0963TS261-D2.pdb:A  SCOP d1dcza_
  216           1          -0  1.798e+308     0.000    82    1    0           1    0     82      5     82      3    T0963TS261-D2.pdb:A  SCOP d3bdoa_
  217           1          -0  1.798e+308     0.000    82    1    0           1    0     82      5     82      3    T0963TS261-D2.pdb:A  SCOP d2bdoa_
  218           1          -0       2.059     0.000    82    2    0           1    0     82      5     82     10    T0963TS261-D2.pdb:A  SCOP d2araa_
  219           1          -0  1.798e+308     0.000    82    1    0           1    0     82      5     82      3    T0963TS261-D2.pdb:A  SCOP d1b2ja_
  220           1          -0  1.798e+308     0.000    82    1    0           1    0     82      5     82      3    T0963TS261-D2.pdb:A  SCOP d1be7a_
  221           1          -0  1.798e+308     0.000    82    1    0           1    0     82      5     82      3    T0963TS261-D2.pdb:A  SCOP d1fhma_
  222           1          -0  1.798e+308     0.000    82    1    0           1    0     82      5     82      3    T0963TS261-D2.pdb:A  SCOP d1b2oa_
  223           1          -0       2.198     0.000    82    3    0           1    0     82      5     82     15    T0963TS261-D2.pdb:A  SCOP d1fi2a_
  224           1          -0  1.798e+308     0.000    82    1    0           1    0     82      5     82      5    T0963TS261-D2.pdb:A  SCOP d1lkna_
  225           1          -0       2.663     0.000    82    3    0           1    0     82      5     82     15    T0963TS261-D2.pdb:A  SCOP d1epza_
  226           1     0.03694       2.272     0.000    82    1    0           1    0     82      5     82      2    T0963TS261-D2.pdb:A  SCOP d1ewwa_
  227           1          -0  1.798e+308     0.000    82    1    0           1    0     82      5     82      3    T0963TS261-D2.pdb:A  SCOP d1t9oa_
  228           1          -0       3.608     0.000    82    3    0           1    0     82      5     82     12    T0963TS261-D2.pdb:A  SCOP d1c3ka_
  229           1          -0       2.362     0.000    82    2    0           1    0     82      5     82      9    T0963TS261-D2.pdb:A  SCOP d1ut4a_
  230           1          -0       2.362     0.000    82    2    0           1    0     82      5     82      9    T0963TS261-D2.pdb:A  SCOP d1ut7a_
  231           1          -0  1.798e+308     0.000    82    1    0           1    0     82      5     82      4    T0963TS261-D2.pdb:A  SCOP d1ed7a_
  232           1          -0  1.798e+308     0.000    82    1    0           1    0     82      5     82      2    T0963TS261-D2.pdb:A  SCOP d1jmqa_
  233           1          -0       3.571     0.000    82    4    0           1    0     82      5     82     18    T0963TS261-D2.pdb:A  SCOP d1itva_
  234           1   2.958e-11       3.495     0.000    82    2    0           1    0     82      5     82     10    T0963TS261-D2.pdb:A  SCOP d1gqba_
  235           1          -0       5.713     0.000    82    2    0           1    0     82      5     82     10    T0963TS261-D2.pdb:A  SCOP d1ijaa_
  236           1          -0       3.177     0.000    82    2    0           1    0     82      5     82     10    T0963TS261-D2.pdb:A  SCOP d1t2oa_
  237           1          -0       3.177     0.000    82    2    0           1    0     82      5     82     10    T0963TS261-D2.pdb:A  SCOP d1t2wa_
  238           1    0.001997       4.758     0.000    82    2    0           1    0     82      5     82      8    T0963TS261-D2.pdb:A  SCOP d1qtta_
  239           1   7.594e-07       4.758     0.000    82    2    0           1    0     82      5     82      9    T0963TS261-D2.pdb:A  SCOP d1a1xa_
  240           1          -0  1.798e+308     0.000    82    1    0           1    0     82      5     82      3    T0963TS261-D2.pdb:A  SCOP d1t9qa_
  241           1          -0       2.382     0.000    82    2    0           1    0     82      5     82      8    T0963TS261-D2.pdb:A  SCOP d3cysa_
  242           1   9.643e-16       4.723     0.000    82    3    0           1    0     82      5     82     10    T0963TS261-D2.pdb:A  SCOP d1swfa_
  243           1          -0      0.9504     0.000    82    3    0           1    0     82      5     82     13    T0963TS261-D2.pdb:A  SCOP d3cnaa_
  244           1          -0       2.623     0.000    82    3    0           1    0     82      5     82     15    T0963TS261-D2.pdb:A  SCOP d1jyca_
  245           1          -0       1.853     0.000    82    3    0           1    0     82      5     82     15    T0963TS261-D2.pdb:A  SCOP d1dq2a_
  246           1          -0       3.427     0.000    82    3    0           1    0     82      5     82     12    T0963TS261-D2.pdb:A  SCOP d1o72a_
  247           1   1.168e-07       4.514     0.000    82    4    0           1    0     82      5     82     12    T0963TS261-D2.pdb:A  SCOP d1o71a_
  248           1   0.0005529       3.897     0.000    82    3    0           1    0     82      5     82     12    T0963TS261-D2.pdb:A  SCOP d1gwya_
  249           1          -0       4.581     0.000    82    3    0           1    0     82      5     82     11    T0963TS261-D2.pdb:A  SCOP d1kd6a_
  250           1          -0       4.159     0.000    82    2    0           1    0     82      5     82      9    T0963TS261-D2.pdb:A  SCOP d1sfpa_
  251           1          -0  1.798e+308     0.000    82    3    0           1    0     82      5     82     10    T0963TS261-D2.pdb:A  SCOP d1u5za_
  252           1          -0       0.708     0.000    82    2    0           1    0     82      5     82     10    T0963TS261-D2.pdb:A  SCOP d2tnfa_
  253           1   4.895e-12       3.373     0.000    82    2    0           1    0     82      5     82      7    T0963TS261-D2.pdb:A  SCOP d2tuna_
  254           1          -0       0.708     0.000    82    2    0           1    0     82      5     82      7    T0963TS261-D2.pdb:A  SCOP d1tnfa_
  255           1          -0      0.5021     0.000    82    2    0           1    0     82      5     82      6    T0963TS261-D2.pdb:A  SCOP d1a8ma_
  256           1          -0      0.5021     0.000    82    2    0           1    0     82      5     82     10    T0963TS261-D2.pdb:A  SCOP d5tswa_
  257           1          -0       1.909     0.000    82    2    0           1    0     82      5     82     10    T0963TS261-D2.pdb:A  SCOP d4tsva_
  258           1          -0  1.798e+308     0.000    82    1    0           1    0     82      5     82      4    T0963TS261-D2.pdb:A  SCOP d1we9a_
  259           1   8.719e-08       4.948     0.000    82    2    0           1    0     82      5     82      8    T0963TS261-D2.pdb:A  SCOP d1pm4a_
  260           1          -0  1.798e+308     0.000    82    1    0           1    0     82      5     82      3    T0963TS261-D2.pdb:A  SCOP d1uqxa_
  261           1          -0  1.798e+308     0.000    82    1    0           1    0     82      5     82      3    T0963TS261-D2.pdb:A  SCOP d1ouxa_
  262           1          -0  1.798e+308     0.000    82    1    0           1    0     82      5     82      3    T0963TS261-D2.pdb:A  SCOP d1ovsa_
  263           1          -0  1.798e+308     0.000    82    1    0           1    0     82      5     82      3    T0963TS261-D2.pdb:A  SCOP d1oura_
  264           1          -0  1.798e+308     0.000    82    1    0           1    0     82      5     82      3    T0963TS261-D2.pdb:A  SCOP d1ovpa_
  265           1          -0  1.798e+308     0.000    82    1    0           1    0     82      5     82      3    T0963TS261-D2.pdb:A  SCOP d1ousa_
  266           1          -0  1.798e+308     0.000    82    1    0           1    0     82      5     82      4    T0963TS261-D2.pdb:A  SCOP d1gzta_
  267           1          -0  1.798e+308     0.000    82    1    0           1    0     82      5     82      3    T0963TS261-D2.pdb:A  SCOP d1oxca_
  268           1          -0  1.798e+308     0.000    82    1    0           1    0     82      5     82      3    T0963TS261-D2.pdb:A  SCOP d1uzva_
  269           1          -0       3.005     0.000    82    3    0           1    0     82      5     82     11    T0963TS261-D2.pdb:A  SCOP d1ux7a_
  270           1          -0       3.005     0.000    82    3    0           1    0     82      5     82     11    T0963TS261-D2.pdb:A  SCOP d1w0na_
  271           1          -0       4.146     0.000    82    2    0           1    0     82      5     82      9    T0963TS261-D2.pdb:A  SCOP d1xoya_
  272           1          -0       5.713     0.000    82    3    0           1    0     82      5     82     12    T0963TS261-D2.pdb:A  SCOP d1wmxa_
  273           1          -0       3.177     0.000    82    3    0           1    0     82      5     82     12    T0963TS261-D2.pdb:A  SCOP d1uwwa_
  274           1          -0       2.698     0.000    82    3    0           1    0     82      5     82     12    T0963TS261-D2.pdb:A  SCOP d1ulea_
  275           1          -0  1.798e+308     0.000    82    1    0           1    0     82      5     82      4    T0963TS261-D2.pdb:A  SCOP d1vfya_
  276           1          -0       5.713     0.000    82    2    0           1    0     82      5     82     10    T0963TS261-D2.pdb:A  SCOP d1mvea_
  277           1          -0       5.713     0.000    82    4    0           1    0     82      5     82     10    T0963TS261-D2.pdb:A  SCOP d1maca_
  278           1          -0       2.907     0.000    82    4    0           1    0     82      5     82      8    T0963TS261-D2.pdb:A  SCOP d1byha_
  279           1          -0       2.907     0.000    82    4    0           1    0     82      5     82     10    T0963TS261-D2.pdb:A  SCOP d2ayha_
  280           1   3.048e-06       4.505     0.000    82    3    0           1    0     82      5     82     13    T0963TS261-D2.pdb:A  SCOP d1r1za_
  281           1          -0       4.431     0.000    82    3    0           1    0     82      5     82     11    T0963TS261-D2.pdb:A  SCOP d1gv9a_
  282           1          -0       1.665     0.000    82    3    0           1    0     82      5     82     15    T0963TS261-D2.pdb:A  SCOP d1g8wa_
  283           1          -0       2.623     0.000    82    4    0           1    0     82      5     82     15    T0963TS261-D2.pdb:A  SCOP d1fnza_
  284           1          -0       2.623     0.000    82    3    0           1    0     82      5     82     15    T0963TS261-D2.pdb:A  SCOP d1fnya_
  285           1          -0       2.623     0.000    82    4    0           1    0     82      5     82     16    T0963TS261-D2.pdb:A  SCOP d1dbna_
  286           1          -0       2.623     0.000    82    4    0           1    0     82      5     82     16    T0963TS261-D2.pdb:A  SCOP d1qosa_
  287           1          -0       3.581     0.000    82    3    0           1    0     82      5     82     15    T0963TS261-D2.pdb:A  SCOP d1sbea_
  288           1          -0       3.581     0.000    82    3    0           1    0     82      5     82     15    T0963TS261-D2.pdb:A  SCOP d2sbaa_
  289           1          -0      0.9391     0.000    82    4    0           1    0     82      5     82     15    T0963TS261-D2.pdb:A  SCOP d1v6oa_
  290           1          -0      0.9391     0.000    82    4    0           1    0     82      5     82     16    T0963TS261-D2.pdb:A  SCOP d1cr7a_
  291           1          -0      0.9391     0.000    82    4    0           1    0     82      5     82     16    T0963TS261-D2.pdb:A  SCOP d1v6ma_
  292           1          -0       1.381     0.000    82    4    0           1    0     82      5     82     16    T0963TS261-D2.pdb:A  SCOP d1ciwa_
  293           1          -0       1.381     0.000    82    4    0           1    0     82      5     82     16    T0963TS261-D2.pdb:A  SCOP d1v6ja_
  294           1          -0       1.381     0.000    82    4    0           1    0     82      5     82     16    T0963TS261-D2.pdb:A  SCOP d2tepa_
  295           1          -0       3.581     0.000    82    3    0           1    0     82      5     82     15    T0963TS261-D2.pdb:A  SCOP d1f9ka_
  296           1          -0       3.398     0.000    82    4    0           1    0     82      5     82     16    T0963TS261-D2.pdb:A  SCOP d1uzya_
  297           1          -0       3.398     0.000    82    4    0           1    0     82      5     82     16    T0963TS261-D2.pdb:A  SCOP d1gz9a_
  298           1          -0       3.398     0.000    82    4    0           1    0     82      5     82     16    T0963TS261-D2.pdb:A  SCOP d1v00a_
  299           1          -0       3.398     0.000    82    4    0           1    0     82      5     82     16    T0963TS261-D2.pdb:A  SCOP d1gzca_
  300           1          -0       3.398     0.000    82    3    0           1    0     82      5     82     15    T0963TS261-D2.pdb:A  SCOP d1sfya_
  301           1          -0       3.398     0.000    82    4    0           1    0     82      5     82     16    T0963TS261-D2.pdb:A  SCOP d1ax0a_
  302           1          -0       3.343     0.000    82    4    0           1    0     82      5     82     20    T0963TS261-D2.pdb:A  SCOP d1gsla_
  303           1          -0       3.343     0.000    82    4    0           1    0     82      5     82     20    T0963TS261-D2.pdb:A  SCOP d1leda_
  304           1          -0       3.177     0.000    82    2    0           1    0     82      5     82      9    T0963TS261-D2.pdb:A  SCOP d1dsla_
  305           1     0.04301       5.516     0.000    82    2    0           1    0     82      5     82      9    T0963TS261-D2.pdb:A  SCOP d1stma_
  306           1          -0  1.798e+308     0.000    82    1    0           1    0     82      5     82      4    T0963TS261-D2.pdb:A  SCOP d1wepa_
  307           1          -0  1.798e+308     0.000    82    1    0           1    0     82      5     82      4    T0963TS261-D2.pdb:A  SCOP d1wewa_
  308           1          -0       1.988     0.000    82    2    0           1    0     82      5     82      8    T0963TS261-D2.pdb:A  SCOP d1xb9a_
  309           1          -0       3.177     0.000    82    2    0           1    0     82      5     82      8    T0963TS261-D2.pdb:A  SCOP d1nlqa_
  310           1          -0  1.798e+308     0.000    82    1    0           1    0     82      5     82      2    T0963TS261-D2.pdb:A  SCOP d1bmwa_
  311           1      0.4785        4.36     0.000    82    3    0           1    0     82      5     82      9    T0963TS261-D2.pdb:A  SCOP d1wfja_
  312           1          -0       3.628     0.000    82    3    0           1    0     82      5     82      8    T0963TS261-D2.pdb:A  SCOP d1ugka_
  313           1          -0       2.947     0.000    82    2    0           1    0     82      5     82      9    T0963TS261-D2.pdb:A  SCOP d1bcia_
  314           1          -0       3.855     0.000    82    2    0           1    0     82      5     82      8    T0963TS261-D2.pdb:A  SCOP d1rlwa_
  315           1          -0       3.073     0.000    82    2    0           1    0     82      5     82     10    T0963TS261-D2.pdb:A  SCOP d1shwa_
  316           1   7.699e-05       4.878     0.000    82    3    0           1    0     82      5     82     11    T0963TS261-D2.pdb:A  SCOP d1ws7a_
  317           1   7.699e-05       4.878     0.000    82    3    0           1    0     82      5     82     10    T0963TS261-D2.pdb:A  SCOP d1ws8a_
  318           1          -0       1.121     0.000    82    3    0           1    0     82      5     82     10    T0963TS261-D2.pdb:A  SCOP d1jera_
  319           1          -0       5.713     0.000    82    3    0           1    0     82      5     82     12    T0963TS261-D2.pdb:A  SCOP d1a8za_
  320           1          -0       5.713     0.000    82    3    0           1    0     82      5     82     13    T0963TS261-D2.pdb:A  SCOP d1a3za_
  321           1          -0       5.713     0.000    82    3    0           1    0     82      5     82     13    T0963TS261-D2.pdb:A  SCOP d1rcya_
  322           1          -0       4.581     0.000    82    3    0           1    0     82      5     82     14    T0963TS261-D2.pdb:A  SCOP d1gy2a_
  323           1          -0       5.713     0.000    82    3    0           1    0     82      5     82     14    T0963TS261-D2.pdb:A  SCOP d1gy1a_
  324           1          -0       5.713     0.000    82    3    0           1    0     82      5     82     13    T0963TS261-D2.pdb:A  SCOP d1e30a_
  325           1          -0       3.535     0.000    82    2    0           1    0     82      5     82     10    T0963TS261-D2.pdb:A  SCOP d2cbpa_
  326           1          -0       2.382     0.000    82    2    0           1    0     82      5     82      5    T0963TS261-D2.pdb:A  SCOP d1fa4a_
  327           1   1.048e-08       5.713     0.000    82    2    0           1    0     82      5     82      8    T0963TS261-D2.pdb:A  SCOP d1nina_
  328           1          -0       0.746     0.000    82    2    0           1    0     82      5     82      9    T0963TS261-D2.pdb:A  SCOP d1plba_
  329           1          -0       2.777     0.000    82    2    0           1    0     82      5     82      6    T0963TS261-D2.pdb:A  SCOP d1sfha_
  330           1          -0       2.777     0.000    82    2    0           1    0     82      5     82      6    T0963TS261-D2.pdb:A  SCOP d1sfda_
  331           1          -0       1.916     0.000    82    4    0           1    0     82      5     82      7    T0963TS261-D2.pdb:A  SCOP d1tfpa_
  332           1          -0       1.916     0.000    82    4    0           1    0     82      5     82      8    T0963TS261-D2.pdb:A  SCOP d1ie4a_
  333           1          -0      0.6425     0.000    82    3    0           1    0     82      5     82      8    T0963TS261-D2.pdb:A  SCOP d5ttra_
  334           1     0.02185       3.742     0.000    82    2    0           1    0     82      5     82     10    T0963TS261-D2.pdb:A  SCOP d1w9wa_
  335           1   6.914e-14        3.42     0.000    82    2    0           1    0     82      5     82     10    T0963TS261-D2.pdb:A  SCOP d1w9ta_
  336           1   6.914e-14        3.42     0.000    82    2    0           1    0     82      5     82     10    T0963TS261-D2.pdb:A  SCOP d1w9sa_
  337           1          -0       1.853     0.000    82    2    0           1    0     82      5     82     10    T0963TS261-D2.pdb:A  SCOP d1o8pa_
  338           1          -0       4.146     0.000    82    2    0           1    0     82      5     82     10    T0963TS261-D2.pdb:A  SCOP d1naea_
  339           1          -0       3.398     0.000    82    2    0           1    0     82      5     82      9    T0963TS261-D2.pdb:A  SCOP d1uy3a_
  340           1          -0       3.398     0.000    82    2    0           1    0     82      5     82      9    T0963TS261-D2.pdb:A  SCOP d1uy1a_
  341           1          -0       3.398     0.000    82    2    0           1    0     82      5     82      9    T0963TS261-D2.pdb:A  SCOP d1uy2a_
  342           1          -0       3.398     0.000    82    2    0           1    0     82      5     82      9    T0963TS261-D2.pdb:A  SCOP d1uy4a_
  343           1          -0       1.766     0.000    82    2    0           1    0     82      5     82     10    T0963TS261-D2.pdb:A  SCOP d1o8sa_
  344           1          -0       4.037     0.000    82    2    0           1    0     82      5     82     10    T0963TS261-D2.pdb:A  SCOP d1od3a_
  345           1          -0       2.078     0.000    82    2    0           1    0     82      5     82     10    T0963TS261-D2.pdb:A  SCOP d1guia_
  346           1    0.000248       4.396     0.000    82    3    0           1    0     82      5     82     12    T0963TS261-D2.pdb:A  SCOP d1k45a_
  347           1          -0       2.516     0.000    82    2    0           1    0     82      5     82      8    T0963TS261-D2.pdb:A  SCOP d1uloa_
  348           1          -0  1.798e+308     0.000    82    1    0           1    0     82      5     82      4    T0963TS261-D2.pdb:A  SCOP d1xpwa_
  349           1          -0  1.798e+308     0.000    82    1    0           1    0     82      5     82      3    T0963TS261-D2.pdb:A  SCOP d1weea_
  350           1    0.001424      0.5803     0.000    82    1    0           1    0     82      5     82      3    T0963TS261-D2.pdb:A  SCOP d1czva_
  351           1     0.02559       1.102     0.000    82    1    0           1    0     82      5     82      3    T0963TS261-D2.pdb:A  SCOP d1czta_
  352           1     0.02559       1.102     0.000    82    1    0           1    0     82      5     82      3    T0963TS261-D2.pdb:A  SCOP d1czsa_
  353           1          -0       3.657     0.000    82    3    0           1    0     82      5     82     10    T0963TS261-D2.pdb:A  SCOP d1ecza_
  354           1          -0       2.623     0.000    82    2    0           1    0     82      5     82      9    T0963TS261-D2.pdb:A  SCOP d1ezua_
  355           1          -0       2.623     0.000    82    2    0           1    0     82      5     82      9    T0963TS261-D2.pdb:A  SCOP d1ifga_
  356           1          -0       2.623     0.000    82    2    0           1    0     82      5     82      8    T0963TS261-D2.pdb:A  SCOP d1ezsa_
  357           1          -0       2.623     0.000    82    2    0           1    0     82      5     82      8    T0963TS261-D2.pdb:A  SCOP d1slva_
  358           1          -0       2.623     0.000    82    2    0           1    0     82      5     82      8    T0963TS261-D2.pdb:A  SCOP d1slxa_
  359           1          -0       2.623     0.000    82    2    0           1    0     82      5     82      8    T0963TS261-D2.pdb:A  SCOP d1slwa_
  360           1          -0       2.623     0.000    82    2    0           1    0     82      5     82      8    T0963TS261-D2.pdb:A  SCOP d1slua_
  361           1          -0       2.623     0.000    82    2    0           1    0     82      5     82      6    T0963TS261-D2.pdb:A  SCOP d1wkta_
  362           1          -0       2.894     0.000    82    2    0           1    0     82      5     82      8    T0963TS261-D2.pdb:A  SCOP d1ha4a_
  363           1          -0       3.177     0.000    82    2    0           1    0     82      5     82      9    T0963TS261-D2.pdb:A  SCOP d1a7ha_
  364           1          -0  1.798e+308     0.000    82    1    0           1    0     82      5     82      5    T0963TS261-D2.pdb:A  SCOP d1i0ca_
  365           1          -0  1.798e+308     0.000    82    1    0           1    0     82      5     82      5    T0963TS261-D2.pdb:A  SCOP d1i07a_
  366           1          -0  1.798e+308     0.000    82    1    0           1    0     82      5     82      5    T0963TS261-D2.pdb:A  SCOP d1h92a_
  367           1          -0  1.798e+308     0.000    82    1    0           1    0     82      5     82      4    T0963TS261-D2.pdb:A  SCOP d1oeba_
  368           1          -0  1.798e+308     0.000    82    1    0           1    0     82      5     82      5    T0963TS261-D2.pdb:A  SCOP d1utia_
  369           1          -0       2.272     0.000    82    1    0           1    0     82      5     82      5    T0963TS261-D2.pdb:A  SCOP d1k76a_
  370           1          -0  1.798e+308     0.000    82    1    0           1    0     82      5     82      5    T0963TS261-D2.pdb:A  SCOP d1kfza_
  371           1          -0  1.798e+308     0.000    82    1    0           1    0     82      5     82      5    T0963TS261-D2.pdb:A  SCOP d3sema_
  372           1          -0  1.798e+308     0.000    82    1    0           1    0     82      5     82      5    T0963TS261-D2.pdb:A  SCOP d2sema_
  373           1          -0  1.798e+308     0.000    82    1    0           1    0     82      5     82      5    T0963TS261-D2.pdb:A  SCOP d1sema_
  374           1          -0  1.798e+308     0.000    82    1    0           1    0     82      5     82      4    T0963TS261-D2.pdb:A  SCOP d1gbra_
  375           1          -0  1.798e+308     0.000    82    1    0           1    0     82      5     82      5    T0963TS261-D2.pdb:A  SCOP d3gbqa_
  376           1          -0  1.798e+308     0.000    82    1    0           1    0     82      5     82      5    T0963TS261-D2.pdb:A  SCOP d1gbqa_
  377           1          -0  1.798e+308     0.000    82    1    0           1    0     82      5     82      5    T0963TS261-D2.pdb:A  SCOP d4gbqa_
  378           1          -0  1.798e+308     0.000    82    1    0           1    0     82      5     82      5    T0963TS261-D2.pdb:A  SCOP d2gbqa_
  379           1          -0  1.798e+308     0.000    82    1    0           1    0     82      5     82      3    T0963TS261-D2.pdb:A  SCOP d1ptqa_
  380           1          -0  1.798e+308     0.000    82    1    0           1    0     82      5     82      3    T0963TS261-D2.pdb:A  SCOP d1ptra_
  381           1          -0  1.798e+308     0.000    82    1    0           1    0     82      5     82      3    T0963TS261-D2.pdb:A  SCOP d1io6a_
  382           1          -0  1.798e+308     0.000    82    1    0           1    0     82      5     82      4    T0963TS261-D2.pdb:A  SCOP d1azea_
  383           1          -0  1.798e+308     0.000    82    1    0           1    0     82      5     82      5    T0963TS261-D2.pdb:A  SCOP d1gcqa_
  384           1          -0  1.798e+308     0.000    82    1    0           1    0     82      5     82      4    T0963TS261-D2.pdb:A  SCOP d1gl5a_
  385           1          -0  1.798e+308     0.000    82    1    0           1    0     82      5     82      4    T0963TS261-D2.pdb:A  SCOP d1awxa_
  386           1          -0  1.798e+308     0.000    82    1    0           1    0     82      5     82      4    T0963TS261-D2.pdb:A  SCOP d1qlya_
  387           1          -0  1.798e+308     0.000    82    1    0           1    0     82      5     82      2    T0963TS261-D2.pdb:A  SCOP d1awwa_
  388           1          -0  1.798e+308     0.000    82    1    0           1    0     82      5     82      5    T0963TS261-D2.pdb:A  SCOP d1qwea_
  389           1          -0  1.798e+308     0.000    82    1    0           1    0     82      5     82      3    T0963TS261-D2.pdb:A  SCOP d1qwfa_
  390           1          -0  1.798e+308     0.000    82    1    0           1    0     82      5     82      3    T0963TS261-D2.pdb:A  SCOP d1srla_
  391           1          -0       3.531     0.000    82    1    0           1    0     82      5     82      5    T0963TS261-D2.pdb:A  SCOP d1jega_
  392           1   6.316e-15       3.531     0.000    82    1    0           1    0     82      5     82      4    T0963TS261-D2.pdb:A  SCOP d1cska_
  393           1          -0  1.798e+308     0.000    82    1    0           1    0     82      5     82      5    T0963TS261-D2.pdb:A  SCOP d5hcka_
  394           1          -0  1.798e+308     0.000    82    1    0           1    0     82      5     82      5    T0963TS261-D2.pdb:A  SCOP d4hcka_
  395           1          -0  1.798e+308     0.000    82    1    0           1    0     82      5     82      5    T0963TS261-D2.pdb:A  SCOP d1eyfa_
  396           1          -0  1.798e+308     0.000    82    1    0           1    0     82      5     82      5    T0963TS261-D2.pdb:A  SCOP d1qmca_
  397           1          -0  1.798e+308     0.000    82    1    0           1    0     82      5     82      5    T0963TS261-D2.pdb:A  SCOP d1ihwa_
  398           1          -0  1.798e+308     0.000    82    1    0           1    0     82      5     82      5    T0963TS261-D2.pdb:A  SCOP d1ihva_
  399           1          -0  1.798e+308     0.000    82    1    0           1    0     82      5     82      5    T0963TS261-D2.pdb:A  SCOP d1qp3a_
  400           1          -0  1.798e+308     0.000    82    1    0           1    0     82      5     82      5    T0963TS261-D2.pdb:A  SCOP d1psea_
  401           1          -0  1.798e+308     0.000    82    1    0           1    0     82      5     82      5    T0963TS261-D2.pdb:A  SCOP d1psfa_
  402           1          -0  1.798e+308     0.000    82    1    0           1    0     82      5     82      3    T0963TS261-D2.pdb:A  SCOP d1whka_
  403           1          -0  1.798e+308     0.000    82    1    0           1    0     82      5     82      5    T0963TS261-D2.pdb:A  SCOP d1whla_
  404           1          -0  1.798e+308     0.000    82    1    0           1    0     82      5     82      5    T0963TS261-D2.pdb:A  SCOP d1whma_
  405           1          -0  1.798e+308     0.000    82    1    0           1    0     82      5     82      4    T0963TS261-D2.pdb:A  SCOP d1wgsa_
  406           1          -0  1.798e+308     0.000    82    1    0           1    0     82      5     82      4    T0963TS261-D2.pdb:A  SCOP d1s4za_
  407           1          -0  1.798e+308     0.000    82    1    0           1    0     82      5     82      4    T0963TS261-D2.pdb:A  SCOP d1dz1a_
  408           1          -0       2.416     0.000    82    1    0           1    0     82      5     82      4    T0963TS261-D2.pdb:A  SCOP d1spka_
  409           1          -0  1.798e+308     0.000    82    1    0           1    0     82      5     82      5    T0963TS261-D2.pdb:A  SCOP d1oota_
  410           1          -0  1.798e+308     0.000    82    1    0           1    0     82      5     82      4    T0963TS261-D2.pdb:A  SCOP d1uj0a_
  411           1          -0       2.416     0.000    82    1    0           1    0     82      5     82      4    T0963TS261-D2.pdb:A  SCOP d1ugva_
  412           1          -0  1.798e+308     0.000    82    1    0           1    0     82      5     82      5    T0963TS261-D2.pdb:A  SCOP d1uhca_
  413           1          -0  1.798e+308     0.000    82    1    0           1    0     82      5     82      5    T0963TS261-D2.pdb:A  SCOP d1ue9a_
  414           1          -0  1.798e+308     0.000    82    1    0           1    0     82      5     82      5    T0963TS261-D2.pdb:A  SCOP d1uffa_
  415           1   1.331e-07       2.947     0.000    82    1    0           1    0     82      5     82      3    T0963TS261-D2.pdb:A  SCOP d1udla_
  416           1          -0  1.798e+308     0.000    82    1    0           1    0     82      5     82      5    T0963TS261-D2.pdb:A  SCOP d1j3ta_
  417           1          -0  1.798e+308     0.000    82    1    0           1    0     82      5     82      5    T0963TS261-D2.pdb:A  SCOP d1nm7a_
  418           1          -0       2.623     0.000    82    2    0           1    0     82      5     82      6    T0963TS261-D2.pdb:A  SCOP d1n5za_
  419           1          -0  1.798e+308     0.000    82    1    0           1    0     82      5     82      5    T0963TS261-D2.pdb:A  SCOP d1jqqa_
  420           1          -0  1.798e+308     0.000    82    1    0           1    0     82      5     82      5    T0963TS261-D2.pdb:A  SCOP d1jo8a_
  421           1          -0       1.778     0.000    82    2    0           1    0     82      5     82      7    T0963TS261-D2.pdb:A  SCOP d1i1ja_
  422           1          -0  1.798e+308     0.000    82    1    0           1    0     82      5     82      5    T0963TS261-D2.pdb:A  SCOP d1k1za_
  423           1          -0  1.798e+308     0.000    82    1    0           1    0     82      5     82      5    T0963TS261-D2.pdb:A  SCOP d1gcpa_
  424           1          -0  1.798e+308     0.000    82    1    0           1    0     82      5     82      4    T0963TS261-D2.pdb:A  SCOP d1aoja_
  425           1          -0  1.798e+308     0.000    82    1    0           1    0     82      5     82      4    T0963TS261-D2.pdb:A  SCOP d1ckba_
  426           1          -0  1.798e+308     0.000    82    1    0           1    0     82      5     82      4    T0963TS261-D2.pdb:A  SCOP d1ckaa_
  427           1          -0  1.798e+308     0.000    82    1    0           1    0     82      5     82      5    T0963TS261-D2.pdb:A  SCOP d1igua_
  428           1          -0  1.798e+308     0.000    82    1    0           1    0     82      5     82      5    T0963TS261-D2.pdb:A  SCOP d1igqa_
  429           1          -0       2.958     0.000    82    3    0           1    0     82      5     82      9    T0963TS261-D2.pdb:A  SCOP d1sjga_
  430           1          -0        2.26     0.000    82    3    0           1    0     82      5     82      9    T0963TS261-D2.pdb:A  SCOP d1vm9a_
  431           1          -0        2.26     0.000    82    3    0           1    0     82      5     82      9    T0963TS261-D2.pdb:A  SCOP d1fqta_
  432           1          -0  1.798e+308     0.000    82    1    0           1    0     82      5     82      2    T0963TS261-D2.pdb:A  SCOP d1faqa_
  433           1          -0  1.798e+308     0.000    82    1    0           1    0     82      5     82      3    T0963TS261-D2.pdb:A  SCOP d1fara_
  434           1          -0       1.057     0.000    82    3    0           1    0     82      5     82     14    T0963TS261-D2.pdb:A  SCOP d1xyna_
  435           1          -0  1.798e+308     0.000    82    1    0           1    0     82      5     82      2    T0963TS261-D2.pdb:A  SCOP d1tboa_
  436           1          -0  1.798e+308     0.000    82    1    0           1    0     82      5     82      2    T0963TS261-D2.pdb:A  SCOP d1tbna_
  437           1          -0  1.798e+308     0.000    82    1    0           1    0     82      5     82      3    T0963TS261-D2.pdb:A  SCOP d1r79a_
  438           1          -0       2.465     0.000    82    3    0           1    0     82      5     82     13    T0963TS261-D2.pdb:A  SCOP d1lgna_
  439           1          -0       2.465     0.000    82    3    0           1    0     82      5     82     15    T0963TS261-D2.pdb:A  SCOP d1gyka_
  440           1          -0       2.465     0.000    82    3    0           1    0     82      5     82     13    T0963TS261-D2.pdb:A  SCOP d1saca_
  441           1          -0       3.944     0.000    82    3    0           1    0     82      5     82     13    T0963TS261-D2.pdb:A  SCOP d1kdma_
  442           1          -0       2.947     0.000    82    3    0           1    0     82      5     82     13    T0963TS261-D2.pdb:A  SCOP d1lhva_
  443           1          -0       2.947     0.000    82    3    0           1    0     82      5     82     14    T0963TS261-D2.pdb:A  SCOP d1lhna_
  444           1          -0       2.947     0.000    82    3    0           1    0     82      5     82     14    T0963TS261-D2.pdb:A  SCOP d1lhoa_
  445           1          -0       2.947     0.000    82    3    0           1    0     82      5     82     15    T0963TS261-D2.pdb:A  SCOP d1lhua_
  446           1          -0       2.947     0.000    82    3    0           1    0     82      5     82     14    T0963TS261-D2.pdb:A  SCOP d1lhwa_
  447           1          -0       2.947     0.000    82    3    0           1    0     82      5     82     13    T0963TS261-D2.pdb:A  SCOP d1kdka_
  448           1          -0       2.947     0.000    82    3    0           1    0     82      5     82     13    T0963TS261-D2.pdb:A  SCOP d1f5fa_
  449           1          -0       2.947     0.000    82    3    0           1    0     82      5     82     14    T0963TS261-D2.pdb:A  SCOP d1d2sa_
  450           1          -0       2.554     0.000    82    3    0           1    0     82      5     82     12    T0963TS261-D2.pdb:A  SCOP d1ulca_
  451           1          -0       2.554     0.000    82    3    0           1    0     82      5     82     12    T0963TS261-D2.pdb:A  SCOP d1ulfa_
  452           1          -0       2.554     0.000    82    3    0           1    0     82      5     82     12    T0963TS261-D2.pdb:A  SCOP d1ulga_
  453           1          -0       2.554     0.000    82    3    0           1    0     82      5     82     12    T0963TS261-D2.pdb:A  SCOP d1ul9a_
  454           1          -0       2.554     0.000    82    3    0           1    0     82      5     82     12    T0963TS261-D2.pdb:A  SCOP d1ulda_
  455           1          -0  1.798e+308     0.000    82    1    0           1    0     82      5     82      5    T0963TS261-D2.pdb:A  SCOP d1bu1a_
  456           1          -0  1.798e+308     0.000    82    1    0           1    0     82      5     82      5    T0963TS261-D2.pdb:A  SCOP d1tuca_
  457           1          -0  1.798e+308     0.000    82    1    0           1    0     82      5     82      5    T0963TS261-D2.pdb:A  SCOP d1tuda_
  458           1          -0  1.798e+308     0.000    82    1    0           1    0     82      5     82      5    T0963TS261-D2.pdb:A  SCOP d1g2ba_
  459           1          -0  1.798e+308     0.000    82    1    0           1    0     82      5     82      5    T0963TS261-D2.pdb:A  SCOP d1aeya_
  460           1          -0  1.798e+308     0.000    82    1    0           1    0     82      5     82      4    T0963TS261-D2.pdb:A  SCOP d1e7oa_
  461           1          -0       2.947     0.000    82    1    0           1    0     82      5     82      5    T0963TS261-D2.pdb:A  SCOP d1h8ka_
  462           1          -0       2.272     0.000    82    1    0           1    0     82      5     82      5    T0963TS261-D2.pdb:A  SCOP d1uuea_
  463           1          -0  1.798e+308     0.000    82    1    0           1    0     82      5     82      5    T0963TS261-D2.pdb:A  SCOP d1e6ga_
  464           1          -0  1.798e+308     0.000    82    1    0           1    0     82      5     82      5    T0963TS261-D2.pdb:A  SCOP d1e6ha_
  465           1          -0       2.272     0.000    82    1    0           1    0     82      5     82      5    T0963TS261-D2.pdb:A  SCOP d1nega_
  466           1          -0  1.798e+308     0.000    82    1    0           1    0     82      5     82      5    T0963TS261-D2.pdb:A  SCOP d1bk2a_
  467           1          -0       2.272     0.000    82    1    0           1    0     82      5     82      5    T0963TS261-D2.pdb:A  SCOP d1hd3a_
  468           1          -0       2.272     0.000    82    1    0           1    0     82      5     82      5    T0963TS261-D2.pdb:A  SCOP d1qkwa_
  469           1          -0  1.798e+308     0.000    82    1    0           1    0     82      5     82      5    T0963TS261-D2.pdb:A  SCOP d1shga_
  470           1          -0       2.272     0.000    82    1    0           1    0     82      5     82      5    T0963TS261-D2.pdb:A  SCOP d1qkxa_
  471           1          -0  1.798e+308     0.000    82    1    0           1    0     82      5     82      5    T0963TS261-D2.pdb:A  SCOP d1pwta_
  472           1          -0       2.078     0.000    82    2    0           1    0     82      5     82      7    T0963TS261-D2.pdb:A  SCOP d1phta_
  473           1   2.156e-05       3.743     0.000    82    2    0           1    0     82      5     82      5    T0963TS261-D2.pdb:A  SCOP d1awoa_
  474           1          -0  1.798e+308     0.000    82    1    0           1    0     82      5     82      4    T0963TS261-D2.pdb:A  SCOP d1neba_
  475           1          -0  1.798e+308     0.000    82    1    0           1    0     82      5     82      5    T0963TS261-D2.pdb:A  SCOP d1nyfa_
  476           1          -0  1.798e+308     0.000    82    1    0           1    0     82      5     82      5    T0963TS261-D2.pdb:A  SCOP d1nyga_
  477           1          -0       2.623     0.000    82    1    0           1    0     82      5     82      5    T0963TS261-D2.pdb:A  SCOP d1efna_
  478           1          -0  1.798e+308     0.000    82    1    0           1    0     82      5     82      5    T0963TS261-D2.pdb:A  SCOP d1fyna_
  479           1          -0  1.798e+308     0.000    82    1    0           1    0     82      5     82      5    T0963TS261-D2.pdb:A  SCOP d1shfa_
  480           1          -0  1.798e+308     0.000    82    1    0           1    0     82      5     82      5    T0963TS261-D2.pdb:A  SCOP d1m3aa_
  481           1          -0  1.798e+308     0.000    82    1    0           1    0     82      5     82      5    T0963TS261-D2.pdb:A  SCOP d1m3ba_
  482           1          -0  1.798e+308     0.000    82    1    0           1    0     82      5     82      5    T0963TS261-D2.pdb:A  SCOP d1m3ca_
  483           1          -0  1.798e+308     0.000    82    1    0           1    0     82      5     82      5    T0963TS261-D2.pdb:A  SCOP d1m30a_
  484           1          -0  1.798e+308     0.000    82    1    0           1    0     82      5     82      5    T0963TS261-D2.pdb:A  SCOP d1b07a_
  485           1          -0  1.798e+308     0.000    82    1    0           1    0     82      5     82      2    T0963TS261-D2.pdb:A  SCOP d1epha_
  486           1       1.929       5.353     0.000    82    3    0           1    0     82      5     82     12    T0963TS261-D2.pdb:A  SCOP d1xuva_
  487           1          -0       1.001     0.000    82    2    0           1    0     82      5     82     10    T0963TS261-D2.pdb:A  SCOP d1e09a_
  488           1          -0       1.089     0.000    82    2    0           1    0     82      5     82     10    T0963TS261-D2.pdb:A  SCOP d1qmra_
  489           1          -0       1.089     0.000    82    2    0           1    0     82      5     82     10    T0963TS261-D2.pdb:A  SCOP d1bv1a_
  490           1          -0  1.798e+308     0.000    82    1    0           1    0     82      5     82      2    T0963TS261-D2.pdb:A  SCOP d1egfa_
  491           1          -0  1.798e+308     0.000    82    1    0           1    0     82      5     82      2    T0963TS261-D2.pdb:A  SCOP d3egfa_
  492           1          -0  1.798e+308     0.000    82    1    0           1    0     82      5     82      2    T0963TS261-D2.pdb:A  SCOP d1epga_
  493           1          -0  1.798e+308     0.000    82    1    0           1    0     82      5     82      2    T0963TS261-D2.pdb:A  SCOP d1epia_
  494           1          -0  1.798e+308     0.000    82    1    0           1    0     82      5     82      2    T0963TS261-D2.pdb:A  SCOP d1epja_
