<html><head></head><body><pre style="word-wrap: break-word; white-space: pre-wrap;"> PDBe Fold v2.59. (src3) 14 Apr 2014 result file.

                   RESULT SUMMARY

   ##      Q-score      P-score     Z-score   RMSD    Nalgn Nsse Ngaps Seq-%     Nmd Nres-Q Nsse-Q Nres-T Nsse-T Query Target
    1           1          -0       2.714     0.000   116    4    0           1    0    116     11    116     16    T0968s2TS261-D1.pdb:A  SCOP d1pv5a_
    2           1          -0       3.922     0.000   116    3    0           1    0    116     11    116     15    T0968s2TS261-D1.pdb:A  SCOP d1br9a_
    3           1          -0       5.262     0.000   116    3    0           1    0    116     11    116     15    T0968s2TS261-D1.pdb:A  SCOP d1br9a_
    4           1          -0       3.901     0.000   116    3    0           1    0    116     11    116     10    T0968s2TS261-D1.pdb:A  SCOP d1wmma1
    5           1          -0       4.245     0.000   116    3    0           1    0    116     11    116     10    T0968s2TS261-D1.pdb:A  SCOP d1wmma1
    6           1          -0       2.357     0.000   116    3    0           1    0    116     11    116     14    T0968s2TS261-D1.pdb:A  SCOP d1gy1a_
    7           1       1.768       5.202     0.000   116    3    0           1    0    116     11    116      3    T0968s2TS261-D1.pdb:A  SCOP d1mm0a_
    8      0.9828          -0       2.183     0.000   115    3    1           1    0    116     11    116     14    T0968s2TS261-D1.pdb:A  SCOP d1gy2a_
    9      0.9828          -0       2.043     0.000   115    3    1           1    0    116     11    116     12    T0968s2TS261-D1.pdb:A  SCOP d1cura_
   10      0.9828          -0       2.183     0.000   115    3    1           1    0    116     11    116     14    T0968s2TS261-D1.pdb:A  SCOP d1gy2a_
   11      0.9828          -0       2.183     0.000   115    4    1           1    0    116     11    116     14    T0968s2TS261-D1.pdb:A  SCOP d1gy2a_
   12      0.9828          -0       2.043     0.000   115    4    1           1    0    116     11    116     12    T0968s2TS261-D1.pdb:A  SCOP d1cura_
   13      0.9828          -0       2.183     0.000   115    3    1           1    0    116     11    116     14    T0968s2TS261-D1.pdb:A  SCOP d1gy2a_
   14      0.9828          -0       3.263     0.000   114    4    0           1    0    116     11    114     17    T0968s2TS261-D1.pdb:A  SCOP d1jz0a3
   15      0.9828          -0       3.263     0.000   114    4    0           1    0    116     11    114     19    T0968s2TS261-D1.pdb:A  SCOP d1f49a3
   16      0.9828          -0       3.263     0.000   114    4    0           1    0    116     11    114     19    T0968s2TS261-D1.pdb:A  SCOP d1f49a3
   17      0.9828          -0       3.263     0.000   114    4    0           1    0    116     11    114     18    T0968s2TS261-D1.pdb:A  SCOP d1jyya3
   18      0.9828          -0       3.263     0.000   114    4    0           1    0    116     11    114     18    T0968s2TS261-D1.pdb:A  SCOP d1jyya3
   19      0.9828          -0       3.263     0.000   114    4    0           1    0    116     11    114     18    T0968s2TS261-D1.pdb:A  SCOP d1jyya3
   20      0.9828          -0       3.263     0.000   114    4    0           1    0    116     11    114     17    T0968s2TS261-D1.pdb:A  SCOP d1jz0a3
   21      0.9658          -0       4.788     0.000   114    3    1           1    0    116     11    116     13    T0968s2TS261-D1.pdb:A  SCOP d1euoa_
   22      0.9658          -0       4.702     0.000   114    3    2           1    0    116     11    116     11    T0968s2TS261-D1.pdb:A  SCOP d1vpka1
   23      0.9658          -0        4.97     0.000   114    3    1           1    0    116     11    116     13    T0968s2TS261-D1.pdb:A  SCOP d1peea_
   24      0.9489          -0       5.713     0.000   113    3    1           1    0    116     11    116     15    T0968s2TS261-D1.pdb:A  SCOP d1braa_
   25      0.9489          -0       5.713     0.000   113    3    1           1    0    116     11    116     15    T0968s2TS261-D1.pdb:A  SCOP d1braa_
   26      0.9489          -0       5.213     0.000   113    3    1           1    0    116     11    116     15    T0968s2TS261-D1.pdb:A  SCOP d1braa_
   27      0.9489          -0       5.713     0.000   113    3    1           1    0    116     11    116     15    T0968s2TS261-D1.pdb:A  SCOP d1anea_
   28      0.9489          -0       5.713     0.000   113    3    1           1    0    116     11    116     15    T0968s2TS261-D1.pdb:A  SCOP d1ghza_
   29      0.9489          -0       5.713     0.000   113    3    1           1    0    116     11    116     15    T0968s2TS261-D1.pdb:A  SCOP d1anea_
   30      0.9489          -0       5.713     0.000   113    3    1           1    0    116     11    116     15    T0968s2TS261-D1.pdb:A  SCOP d1gi1a_
   31      0.9489          -0       5.713     0.000   113    3    1           1    0    116     11    116     15    T0968s2TS261-D1.pdb:A  SCOP d1c5ta_
   32      0.9489          -0       5.713     0.000   113    3    1           1    0    116     11    116     15    T0968s2TS261-D1.pdb:A  SCOP d1j16a_
   33      0.9489          -0       5.713     0.000   113    3    1           1    0    116     11    116     15    T0968s2TS261-D1.pdb:A  SCOP d1j16a_
   34      0.9489          -0       5.213     0.000   113    3    1           1    0    116     11    116     15    T0968s2TS261-D1.pdb:A  SCOP d1j16a_
   35      0.9489          -0       5.713     0.000   113    3    1           1    0    116     11    116     15    T0968s2TS261-D1.pdb:A  SCOP d1c5ta_
   36      0.9489          -0       5.713     0.000   113    3    1           1    0    116     11    116     15    T0968s2TS261-D1.pdb:A  SCOP d1j15a_
   37      0.9489          -0       5.713     0.000   113    3    1           1    0    116     11    116     15    T0968s2TS261-D1.pdb:A  SCOP d1c1pa_
   38      0.9489          -0       5.713     0.000   113    3    1           1    0    116     11    116     15    T0968s2TS261-D1.pdb:A  SCOP d1c1pa_
   39      0.9489          -0       5.713     0.000   113    3    1           1    0    116     11    116     15    T0968s2TS261-D1.pdb:A  SCOP d1j15a_
   40      0.9489          -0       5.213     0.000   113    3    1           1    0    116     11    116     15    T0968s2TS261-D1.pdb:A  SCOP d1j15a_
   41      0.9489          -0       4.252     0.000   113    3    1           1    0    116     11    116     11    T0968s2TS261-D1.pdb:A  SCOP d1tnra_
   42      0.9489          -0       5.713     0.000   113    3    1           1    0    116     11    116     15    T0968s2TS261-D1.pdb:A  SCOP d1anca_
   43      0.9489          -0       5.713     0.000   113    3    1           1    0    116     11    116     15    T0968s2TS261-D1.pdb:A  SCOP d1anca_
   44      0.9489          -0  1.798e+308     0.000   113    4    1           1    0    116     11    116     13    T0968s2TS261-D1.pdb:A  SCOP d1knba_
   45      0.9489          -0       5.213     0.000   113    3    1           1    0    116     11    116     15    T0968s2TS261-D1.pdb:A  SCOP d1anca_
   46      0.9489          -0       5.713     0.000   113    3    1           1    0    116     11    116     15    T0968s2TS261-D1.pdb:A  SCOP d1braa_
   47      0.9489          -0       5.713     0.000   113    3    1           1    0    116     11    116     15    T0968s2TS261-D1.pdb:A  SCOP d1c5ua_
   48      0.9489          -0       5.713     0.000   113    3    1           1    0    116     11    116     15    T0968s2TS261-D1.pdb:A  SCOP d1hj8a_
   49      0.9489          -0       6.373     0.000   113    3    1           1    0    116     11    116     15    T0968s2TS261-D1.pdb:A  SCOP d1h4wa_
   50      0.9489          -0       6.077     0.000   113    3    1           1    0    116     11    116     15    T0968s2TS261-D1.pdb:A  SCOP d1h4wa_
   51      0.9489          -0       5.713     0.000   113    3    1           1    0    116     11    116     15    T0968s2TS261-D1.pdb:A  SCOP d1c1qa_
   52      0.9489          -0       5.713     0.000   113    3    1           1    0    116     11    116     15    T0968s2TS261-D1.pdb:A  SCOP d1gi2a_
   53      0.9489          -0  1.798e+308     0.000   113    4    1           1    0    116     11    116     12    T0968s2TS261-D1.pdb:A  SCOP d1umia_
   54      0.9489          -0       4.431     0.000   113    3    1           1    0    116     11    116     15    T0968s2TS261-D1.pdb:A  SCOP d2trma_
   55      0.9489          -0       4.431     0.000   113    3    1           1    0    116     11    116     15    T0968s2TS261-D1.pdb:A  SCOP d2trma_
   56      0.9489          -0  1.798e+308     0.000   113    4    1           1    0    116     11    116     12    T0968s2TS261-D1.pdb:A  SCOP d1umia_
   57      0.9489          -0       5.213     0.000   113    3    1           1    0    116     11    116     15    T0968s2TS261-D1.pdb:A  SCOP d1anba_
   58      0.9489          -0       5.713     0.000   113    3    1           1    0    116     11    116     15    T0968s2TS261-D1.pdb:A  SCOP d1anba_
   59      0.9489          -0       6.077     0.000   113    3    1           1    0    116     11    116     15    T0968s2TS261-D1.pdb:A  SCOP d1gi2a_
   60      0.9489          -0       6.373     0.000   113    3    1           1    0    116     11    116     15    T0968s2TS261-D1.pdb:A  SCOP d1gi2a_
   61      0.9489          -0       5.713     0.000   113    3    1           1    0    116     11    116     15    T0968s2TS261-D1.pdb:A  SCOP d1anba_
   62      0.9489          -0       6.373     0.000   113    3    1           1    0    116     11    116     15    T0968s2TS261-D1.pdb:A  SCOP d1gi2a_
   63      0.9489          -0       5.213     0.000   113    3    1           1    0    116     11    116     15    T0968s2TS261-D1.pdb:A  SCOP d1j14a_
   64      0.9489          -0       5.713     0.000   113    3    1           1    0    116     11    116     15    T0968s2TS261-D1.pdb:A  SCOP d1j14a_
   65      0.9489          -0       5.713     0.000   113    3    1           1    0    116     11    116     15    T0968s2TS261-D1.pdb:A  SCOP d1j14a_
   66      0.9489          -0  1.798e+308     0.000   113    4    1           1    0    116     11    116     17    T0968s2TS261-D1.pdb:A  SCOP d1mqba_
   67      0.9489          -0       5.703     0.000   113    3    1           1    0    116     11    116     15    T0968s2TS261-D1.pdb:A  SCOP d1trma_
   68      0.9489          -0       5.703     0.000   113    3    1           1    0    116     11    116     15    T0968s2TS261-D1.pdb:A  SCOP d1trma_
   69      0.9489          -0       5.213     0.000   113    3    1           1    0    116     11    116     15    T0968s2TS261-D1.pdb:A  SCOP d1anda_
   70      0.9489          -0       5.713     0.000   113    3    1           1    0    116     11    116     15    T0968s2TS261-D1.pdb:A  SCOP d1anda_
   71      0.9489          -0       5.713     0.000   113    3    1           1    0    116     11    116     15    T0968s2TS261-D1.pdb:A  SCOP d1anda_
   72      0.9489          -0       5.713     0.000   113    3    1           1    0    116     11    116     15    T0968s2TS261-D1.pdb:A  SCOP d1anda_
   73      0.9489          -0       5.213     0.000   113    3    1           1    0    116     11    116     15    T0968s2TS261-D1.pdb:A  SCOP d1s6ha_
   74      0.9489          -0       5.213     0.000   113    3    1           1    0    116     11    116     15    T0968s2TS261-D1.pdb:A  SCOP d1ql9a_
   75      0.9489          -0       5.713     0.000   113    3    1           1    0    116     11    116     15    T0968s2TS261-D1.pdb:A  SCOP d1ql9a_
   76      0.9489          -0       5.213     0.000   113    3    1           1    0    116     11    116     15    T0968s2TS261-D1.pdb:A  SCOP d1s6ha_
   77      0.9489          -0       5.713     0.000   113    3    1           1    0    116     11    116     15    T0968s2TS261-D1.pdb:A  SCOP d1ql9a_
   78      0.9489          -0       5.213     0.000   113    3    1           1    0    116     11    116     15    T0968s2TS261-D1.pdb:A  SCOP d1anea_
   79      0.9489      0.6102       6.547     0.000   113    3    1           1    0    116     11    116      6    T0968s2TS261-D1.pdb:A  SCOP d1jica_
   80      0.9489          -0       5.213     0.000   113    3    1           1    0    116     11    116     15    T0968s2TS261-D1.pdb:A  SCOP d1fn6a_
   81      0.9489          -0       3.725     0.000   113    3    1           1    0    116     11    116     12    T0968s2TS261-D1.pdb:A  SCOP d1ww9a1
   82      0.9489          -0       5.213     0.000   113    3    1           1    0    116     11    116     15    T0968s2TS261-D1.pdb:A  SCOP d1fn6a_
   83      0.9489          -0       5.396     0.000   113    3    1           1    0    116     11    116     12    T0968s2TS261-D1.pdb:A  SCOP d1ww9a1
   84      0.9489          -0       4.396     0.000   113    3    1           1    0    116     11    116     12    T0968s2TS261-D1.pdb:A  SCOP d1ww9a1
   85      0.9489          -0       4.774     0.000   113    4    1           1    0    116     11    116     12    T0968s2TS261-D1.pdb:A  SCOP d1ww9a1
   86      0.9489          -0       5.213     0.000   113    3    1           1    0    116     11    116     15    T0968s2TS261-D1.pdb:A  SCOP d1qqua_
   87      0.9489          -0       6.077     0.000   113    3    1           1    0    116     11    116     15    T0968s2TS261-D1.pdb:A  SCOP d1o3ka_
   88      0.9489          -0       5.213     0.000   113    3    1           1    0    116     11    116     15    T0968s2TS261-D1.pdb:A  SCOP d1qqua_
   89      0.9489          -0       5.713     0.000   113    3    1           1    0    116     11    116     15    T0968s2TS261-D1.pdb:A  SCOP d1tppa_
   90      0.9489          -0       5.713     0.000   113    3    1           1    0    116     11    116     15    T0968s2TS261-D1.pdb:A  SCOP d1tppa_
   91      0.9489          -0       5.713     0.000   113    3    1           1    0    116     11    116     15    T0968s2TS261-D1.pdb:A  SCOP d1btya_
   92      0.9489          -0       5.213     0.000   113    3    1           1    0    116     11    116     15    T0968s2TS261-D1.pdb:A  SCOP d1fnia_
   93      0.9489          -0       5.213     0.000   113    3    1           1    0    116     11    116     15    T0968s2TS261-D1.pdb:A  SCOP d1fnia_
   94      0.9489          -0       6.077     0.000   113    3    1           1    0    116     11    116     15    T0968s2TS261-D1.pdb:A  SCOP d1btya_
   95      0.9489          -0       6.373     0.000   113    3    1           1    0    116     11    116     15    T0968s2TS261-D1.pdb:A  SCOP d1btya_
   96      0.9489          -0       6.373     0.000   113    3    1           1    0    116     11    116     15    T0968s2TS261-D1.pdb:A  SCOP d1btya_
   97      0.9489          -0       5.713     0.000   113    3    1           1    0    116     11    116     15    T0968s2TS261-D1.pdb:A  SCOP d1c2ia_
   98      0.9489          -0       4.245     0.000   113    3    1           1    0    116     11    116     15    T0968s2TS261-D1.pdb:A  SCOP d1mcta_
   99      0.9489          -0       5.713     0.000   113    3    1           1    0    116     11    116     15    T0968s2TS261-D1.pdb:A  SCOP d1c2ma_
  100      0.9489          -0       5.713     0.000   113    3    1           1    0    116     11    116     15    T0968s2TS261-D1.pdb:A  SCOP d1c2ja_
  101      0.9489          -0       6.077     0.000   113    3    1           1    0    116     11    116     15    T0968s2TS261-D1.pdb:A  SCOP d1gi3a_
  102      0.9489          -0       5.713     0.000   113    3    1           1    0    116     11    116     15    T0968s2TS261-D1.pdb:A  SCOP d1c1oa_
  103      0.9489          -0       4.819     0.000   113    3    1           1    0    116     11    116     15    T0968s2TS261-D1.pdb:A  SCOP d1ql8a_
  104      0.9489          -0       5.213     0.000   113    3    1           1    0    116     11    116     15    T0968s2TS261-D1.pdb:A  SCOP d1ql8a_
  105      0.9489          -0       4.431     0.000   113    3    1           1    0    116     11    116     15    T0968s2TS261-D1.pdb:A  SCOP d1d6ra_
  106      0.9489          -0       4.431     0.000   113    3    1           1    0    116     11    116     15    T0968s2TS261-D1.pdb:A  SCOP d1d6ra_
  107      0.9489          -0       5.713     0.000   113    3    1           1    0    116     11    116     15    T0968s2TS261-D1.pdb:A  SCOP d1c5pa_
  108      0.9489          -0       5.213     0.000   113    3    1           1    0    116     11    116     15    T0968s2TS261-D1.pdb:A  SCOP d1s85a_
  109      0.9489          -0       5.213     0.000   113    3    1           1    0    116     11    116     15    T0968s2TS261-D1.pdb:A  SCOP d1s85a_
  110      0.9489          -0       5.213     0.000   113    3    1           1    0    116     11    116     15    T0968s2TS261-D1.pdb:A  SCOP d1dpoa_
  111      0.9489          -0       5.713     0.000   113    3    1           1    0    116     11    116     15    T0968s2TS261-D1.pdb:A  SCOP d1dpoa_
  112      0.9489          -0       5.713     0.000   113    3    1           1    0    116     11    116     15    T0968s2TS261-D1.pdb:A  SCOP d1dpoa_
  113      0.9489          -0       6.077     0.000   113    3    1           1    0    116     11    116     15    T0968s2TS261-D1.pdb:A  SCOP d1gi1a_
  114      0.9489          -0       6.373     0.000   113    3    1           1    0    116     11    116     15    T0968s2TS261-D1.pdb:A  SCOP d1gi1a_
  115      0.9489          -0       5.713     0.000   113    3    1           1    0    116     11    116     15    T0968s2TS261-D1.pdb:A  SCOP d1dpoa_
  116      0.9489          -0       6.373     0.000   113    3    1           1    0    116     11    116     15    T0968s2TS261-D1.pdb:A  SCOP d1gi1a_
  117      0.9489          -0       5.713     0.000   113    3    1           1    0    116     11    116     15    T0968s2TS261-D1.pdb:A  SCOP d1c5sa_
  118      0.9489          -0       5.213     0.000   113    3    1           1    0    116     11    116     15    T0968s2TS261-D1.pdb:A  SCOP d1ejaa_
  119      0.9489          -0       5.213     0.000   113    3    1           1    0    116     11    116     15    T0968s2TS261-D1.pdb:A  SCOP d1ejaa_
  120      0.9489          -0       5.213     0.000   113    3    1           1    0    116     11    116     15    T0968s2TS261-D1.pdb:A  SCOP d1ejaa_
  121      0.9489          -0       5.713     0.000   113    3    1           1    0    116     11    116     15    T0968s2TS261-D1.pdb:A  SCOP d1c5sa_
  122      0.9489          -0       5.213     0.000   113    3    1           1    0    116     11    116     15    T0968s2TS261-D1.pdb:A  SCOP d1ejaa_
  123      0.9489          -0       5.213     0.000   113    3    1           1    0    116     11    116     15    T0968s2TS261-D1.pdb:A  SCOP d1tfxa_
  124      0.9489          -0       5.213     0.000   113    3    1           1    0    116     11    116     15    T0968s2TS261-D1.pdb:A  SCOP d1tfxa_
  125      0.9489          -0       5.213     0.000   113    3    1           1    0    116     11    116     15    T0968s2TS261-D1.pdb:A  SCOP d1tfxa_
  126      0.9489          -0       5.213     0.000   113    3    1           1    0    116     11    116     15    T0968s2TS261-D1.pdb:A  SCOP d1tfxa_
  127      0.9489          -0       5.213     0.000   113    3    1           1    0    116     11    116     15    T0968s2TS261-D1.pdb:A  SCOP d1tfxa_
  128      0.9489          -0       5.213     0.000   113    3    1           1    0    116     11    116     15    T0968s2TS261-D1.pdb:A  SCOP d1tfxa_
  129      0.9489          -0       5.213     0.000   113    3    1           1    0    116     11    116     15    T0968s2TS261-D1.pdb:A  SCOP d1avxa_
  130      0.9489          -0       5.213     0.000   113    3    1           1    0    116     11    116     15    T0968s2TS261-D1.pdb:A  SCOP d1avxa_
  131      0.9489          -0       5.213     0.000   113    3    1           1    0    116     11    116     15    T0968s2TS261-D1.pdb:A  SCOP d1avxa_
  132      0.9489          -0       5.213     0.000   113    3    1           1    0    116     11    116     15    T0968s2TS261-D1.pdb:A  SCOP d1avxa_
  133      0.9489          -0       5.713     0.000   113    3    1           1    0    116     11    116     15    T0968s2TS261-D1.pdb:A  SCOP d1c1na_
  134      0.9489          -0       5.213     0.000   113    3    1           1    0    116     11    116     15    T0968s2TS261-D1.pdb:A  SCOP d1fmga_
  135      0.9489          -0       5.713     0.000   113    3    1           1    0    116     11    116     15    T0968s2TS261-D1.pdb:A  SCOP d1gi0a_
  136      0.9489          -0       5.213     0.000   113    3    1           1    0    116     11    116     15    T0968s2TS261-D1.pdb:A  SCOP d1fmga_
  137      0.9489          -0       5.713     0.000   113    3    1           1    0    116     11    116     15    T0968s2TS261-D1.pdb:A  SCOP d1c2ha_
  138      0.9489          -0       4.431     0.000   113    3    1           1    0    116     11    116     15    T0968s2TS261-D1.pdb:A  SCOP d1aks.1
  139      0.9489          -0       5.213     0.000   113    3    1           1    0    116     11    116     15    T0968s2TS261-D1.pdb:A  SCOP d1ept.1
  140      0.9489          -0       5.713     0.000   113    3    1           1    0    116     11    116     15    T0968s2TS261-D1.pdb:A  SCOP d1c1ra_
  141      0.9489          -0       4.255     0.000   113    3    1           1    0    116     11    116     15    T0968s2TS261-D1.pdb:A  SCOP d1l2ea_
  142      0.9489          -0       5.213     0.000   113    3    1           1    0    116     11    116     15    T0968s2TS261-D1.pdb:A  SCOP d1p2ja_
  143      0.9489          -0       2.974     0.000   113    3    1           1    0    116     11    116     10    T0968s2TS261-D1.pdb:A  SCOP d1ox9a_
  144      0.9489          -0       5.713     0.000   113    3    1           1    0    116     11    116     15    T0968s2TS261-D1.pdb:A  SCOP d1p2ja_
  145      0.9489          -0       5.713     0.000   113    3    1           1    0    116     11    116     15    T0968s2TS261-D1.pdb:A  SCOP d1p2ja_
  146      0.9489          -0       5.713     0.000   113    3    1           1    0    116     11    116     15    T0968s2TS261-D1.pdb:A  SCOP d1utpa_
  147      0.9489          -0       4.431     0.000   113    3    1           1    0    116     11    116     15    T0968s2TS261-D1.pdb:A  SCOP d1g2ma_
  148      0.9489          -0       5.213     0.000   113    3    1           1    0    116     11    116     15    T0968s2TS261-D1.pdb:A  SCOP d1s83a_
  149      0.9489          -0       5.213     0.000   113    3    1           1    0    116     11    116     15    T0968s2TS261-D1.pdb:A  SCOP d1s83a_
  150      0.9489          -0       6.219     0.000   113    3    1           1    0    116     11    116     15    T0968s2TS261-D1.pdb:A  SCOP d1orfa_
  151      0.9489          -0       6.219     0.000   113    3    1           1    0    116     11    116     15    T0968s2TS261-D1.pdb:A  SCOP d1orfa_
  152      0.9489          -0       6.219     0.000   113    3    1           1    0    116     11    116     15    T0968s2TS261-D1.pdb:A  SCOP d1orfa_
  153      0.9489          -0       5.713     0.000   113    3    1           1    0    116     11    116     15    T0968s2TS261-D1.pdb:A  SCOP d1j8aa_
  154      0.9489          -0       4.202     0.000   113    3    1           1    0    116     11    116     15    T0968s2TS261-D1.pdb:A  SCOP d1fi8a_
  155      0.9489          -0       5.713     0.000   113    3    1           1    0    116     11    116     15    T0968s2TS261-D1.pdb:A  SCOP d1utoa_
  156      0.9489          -0       3.851     0.000   113    3    1           1    0    116     11    116     15    T0968s2TS261-D1.pdb:A  SCOP d1fi8a_
  157      0.9489          -0       3.851     0.000   113    3    1           1    0    116     11    116     15    T0968s2TS261-D1.pdb:A  SCOP d1fi8a_
  158      0.9489          -0       5.213     0.000   113    3    1           1    0    116     11    116     15    T0968s2TS261-D1.pdb:A  SCOP d1p2ja_
  159      0.9489          -0       5.213     0.000   113    3    1           1    0    116     11    116     15    T0968s2TS261-D1.pdb:A  SCOP d1p2ja_
  160      0.9489          -0       5.713     0.000   113    3    1           1    0    116     11    116     15    T0968s2TS261-D1.pdb:A  SCOP d1n6xa_
  161      0.9489          -0       6.077     0.000   113    3    1           1    0    116     11    116     15    T0968s2TS261-D1.pdb:A  SCOP d1n6xa_
  162      0.9489          -0       6.077     0.000   113    3    1           1    0    116     11    116     15    T0968s2TS261-D1.pdb:A  SCOP d1n6xa_
  163      0.9489          -0       6.077     0.000   113    3    1           1    0    116     11    116     15    T0968s2TS261-D1.pdb:A  SCOP d1n6xa_
  164      0.9489          -0       1.496     0.000   113    3    1           1    0    116     11    116     15    T0968s2TS261-D1.pdb:A  SCOP d1hia.1
  165      0.9489          -0       4.255     0.000   113    3    1           1    0    116     11    116     15    T0968s2TS261-D1.pdb:A  SCOP d1hia.1
  166      0.9489          -0       1.496     0.000   113    3    1           1    0    116     11    116     15    T0968s2TS261-D1.pdb:A  SCOP d2pka.1
  167      0.9489          -0       4.255     0.000   113    3    1           1    0    116     11    116     15    T0968s2TS261-D1.pdb:A  SCOP d2pka.1
  168      0.9489          -0       1.496     0.000   113    3    1           1    0    116     11    116     15    T0968s2TS261-D1.pdb:A  SCOP d2pka.1
  169      0.9489          -0       3.073     0.000   113    3    1           1    0    116     11    116     15    T0968s2TS261-D1.pdb:A  SCOP d1jc9a_
  170      0.9489          -0       6.373     0.000   113    3    1           1    0    116     11    116     15    T0968s2TS261-D1.pdb:A  SCOP d1n6xa_
  171      0.9489          -0       5.599     0.000   113    3    1           1    0    116     11    116     15    T0968s2TS261-D1.pdb:A  SCOP d1au8a_
  172      0.9489          -0       5.713     0.000   113    3    1           1    0    116     11    116     15    T0968s2TS261-D1.pdb:A  SCOP d1au8a_
  173      0.9489          -0       5.713     0.000   113    3    1           1    0    116     11    116     15    T0968s2TS261-D1.pdb:A  SCOP d1au8a_
  174      0.9489          -0       6.077     0.000   113    3    1           1    0    116     11    116     15    T0968s2TS261-D1.pdb:A  SCOP d1utna_
  175      0.9489          -0       5.542     0.000   113    3    1           1    0    116     11    116     15    T0968s2TS261-D1.pdb:A  SCOP d1utna_
  176      0.9489          -0       3.875     0.000   113    3    1           1    0    116     11    116     11    T0968s2TS261-D1.pdb:A  SCOP d1e02a_
  177      0.9489          -0       4.242     0.000   113    3    1           1    0    116     11    116     11    T0968s2TS261-D1.pdb:A  SCOP d1e00a_
  178      0.9489          -0        4.05     0.000   113    3    1           1    0    116     11    116     11    T0968s2TS261-D1.pdb:A  SCOP d1a3ya_
  179      0.9489          -0       4.405     0.000   113    3    1           1    0    116     11    116     11    T0968s2TS261-D1.pdb:A  SCOP d1e06a_
  180      0.9489          -0       4.405     0.000   113    3    1           1    0    116     11    116     11    T0968s2TS261-D1.pdb:A  SCOP d1dzma_
  181      0.9489          -0       4.405     0.000   113    3    1           1    0    116     11    116     11    T0968s2TS261-D1.pdb:A  SCOP d1dzja_
  182      0.9489          -0       4.405     0.000   113    3    1           1    0    116     11    116     11    T0968s2TS261-D1.pdb:A  SCOP d1dzpa_
  183      0.9489          -0       4.405     0.000   113    3    1           1    0    116     11    116     11    T0968s2TS261-D1.pdb:A  SCOP d1dzka_
  184      0.9489          -0       3.839     0.000   113    3    1           1    0    116     11    116     10    T0968s2TS261-D1.pdb:A  SCOP d1iiua_
  185      0.9489   8.383e-05       4.495     0.000   113    3    1           1    0    116     11    116     10    T0968s2TS261-D1.pdb:A  SCOP d1brqa_
  186      0.9489   7.655e-08       4.243     0.000   113    3    1           1    0    116     11    116     10    T0968s2TS261-D1.pdb:A  SCOP d1brpa_
  187      0.9489          -0       3.392     0.000   113    3    1           1    0    116     11    116     10    T0968s2TS261-D1.pdb:A  SCOP d1aqba_
  188      0.9489          -0  1.798e+308     0.000   113    4    1           1    0    116     11    116     14    T0968s2TS261-D1.pdb:A  SCOP d1tsra_
  189      0.9489          -0  1.798e+308     0.000   113    4    1           1    0    116     11    116     14    T0968s2TS261-D1.pdb:A  SCOP d1tupa_
  190      0.9489          -0        4.97     0.000   113    3    1           1    0    116     11    116      8    T0968s2TS261-D1.pdb:A  SCOP d1upqa_
  191      0.9489          -0       5.592     0.000   113    3    1           1    0    116     11    116     14    T0968s2TS261-D1.pdb:A  SCOP d1q31a_
  192      0.9489          -0       4.638     0.000   113    3    1           1    0    116     11    116     14    T0968s2TS261-D1.pdb:A  SCOP d1q31a_
  193      0.9489          -0       6.101     0.000   113    3    1           1    0    116     11    116     14    T0968s2TS261-D1.pdb:A  SCOP d1q31a_
  194      0.9489          -0       6.373     0.000   113    3    1           1    0    116     11    116     15    T0968s2TS261-D1.pdb:A  SCOP d1utna_
  195      0.9489          -0       5.713     0.000   113    3    1           1    0    116     11    116     15    T0968s2TS261-D1.pdb:A  SCOP d1utqa_
  196      0.9489          -0       5.634     0.000   113    3    1           1    0    116     11    116     15    T0968s2TS261-D1.pdb:A  SCOP d1iaua_
  197      0.9489          -0       5.634     0.000   113    3    1           1    0    116     11    116     15    T0968s2TS261-D1.pdb:A  SCOP d1iaua_
  198      0.9489      0.1629         5.3     0.000   113    4    1           1    0    116     11    116      6    T0968s2TS261-D1.pdb:A  SCOP d1whoa_
  199      0.9489      0.1629         5.3     0.000   113    4    1           1    0    116     11    116      6    T0968s2TS261-D1.pdb:A  SCOP d1whpa_
  200      0.9489          -0       4.202     0.000   113    3    1           1    0    116     11    116     15    T0968s2TS261-D1.pdb:A  SCOP d1fi8a_
  201      0.9489          -0       3.851     0.000   113    3    1           1    0    116     11    116     15    T0968s2TS261-D1.pdb:A  SCOP d1fi8a_
  202      0.9489          -0       4.202     0.000   113    3    1           1    0    116     11    116     15    T0968s2TS261-D1.pdb:A  SCOP d1fi8a_
  203      0.9489          -0       4.202     0.000   113    3    1           1    0    116     11    116     15    T0968s2TS261-D1.pdb:A  SCOP d1fi8a_
  204      0.9489          -0       3.485     0.000   113    3    1           1    0    116     11    116      9    T0968s2TS261-D1.pdb:A  SCOP d1tsfa_
  205      0.9489          -0       4.202     0.000   113    3    1           1    0    116     11    116     15    T0968s2TS261-D1.pdb:A  SCOP d1fi8a_
  206      0.9489          -0       5.213     0.000   113    3    1           1    0    116     11    116     15    T0968s2TS261-D1.pdb:A  SCOP d1gcda_
  207      0.9489          -0       5.713     0.000   113    3    1           1    0    116     11    116     15    T0968s2TS261-D1.pdb:A  SCOP d5ptpa_
  208      0.9489          -0       4.693     0.000   113    3    1           1    0    116     11    116     11    T0968s2TS261-D1.pdb:A  SCOP d1ulpa_
  209      0.9489          -0       6.077     0.000   113    3    1           1    0    116     11    116     15    T0968s2TS261-D1.pdb:A  SCOP d5ptpa_
  210      0.9489          -0  1.798e+308     0.000   113    3    1           1    0    116     11    116      7    T0968s2TS261-D1.pdb:A  SCOP d1l6oa_
  211      0.9489          -0       5.703     0.000   113    3    1           1    0    116     11    116     15    T0968s2TS261-D1.pdb:A  SCOP d1bita_
  212      0.9489          -0  1.798e+308     0.000   113    3    1           1    0    116     11    116     10    T0968s2TS261-D1.pdb:A  SCOP d1bfea_
  213      0.9489          -0       6.373     0.000   113    3    1           1    0    116     11    116     15    T0968s2TS261-D1.pdb:A  SCOP d5ptpa_
  214      0.9489          -0       1.909     0.000   113    3    1           1    0    116     11    116      9    T0968s2TS261-D1.pdb:A  SCOP d1cx1a_
  215      0.9489          -0       4.151     0.000   113    3    1           1    0    116     11    116     15    T0968s2TS261-D1.pdb:A  SCOP d1utja_
  216      0.9489          -0  1.798e+308     0.000   113    3    1           1    0    116     11    116     10    T0968s2TS261-D1.pdb:A  SCOP d1bfea_
  217      0.9489          -0       6.373     0.000   113    3    1           1    0    116     11    116     15    T0968s2TS261-D1.pdb:A  SCOP d5ptpa_
  218      0.9489          -0       5.713     0.000   113    3    1           1    0    116     11    116     15    T0968s2TS261-D1.pdb:A  SCOP d1n6ya_
  219      0.9489          -0       6.373     0.000   113    3    1           1    0    116     11    116     15    T0968s2TS261-D1.pdb:A  SCOP d1utka_
  220      0.9489          -0       6.373     0.000   113    3    1           1    0    116     11    116     15    T0968s2TS261-D1.pdb:A  SCOP d1utka_
  221      0.9489          -0       6.077     0.000   113    3    1           1    0    116     11    116     15    T0968s2TS261-D1.pdb:A  SCOP d1utka_
  222      0.9489          -0       6.077     0.000   113    3    1           1    0    116     11    116     15    T0968s2TS261-D1.pdb:A  SCOP d1utka_
  223      0.9489          -0       6.077     0.000   113    3    1           1    0    116     11    116     15    T0968s2TS261-D1.pdb:A  SCOP d1utka_
  224      0.9489          -0       6.077     0.000   113    3    1           1    0    116     11    116     15    T0968s2TS261-D1.pdb:A  SCOP d1n6ya_
  225      0.9489          -0       6.077     0.000   113    3    1           1    0    116     11    116     15    T0968s2TS261-D1.pdb:A  SCOP d1n6ya_
  226      0.9489          -0       5.713     0.000   113    3    1           1    0    116     11    116     15    T0968s2TS261-D1.pdb:A  SCOP d1utka_
  227      0.9489          -0       6.077     0.000   113    3    1           1    0    116     11    116     15    T0968s2TS261-D1.pdb:A  SCOP d1n6ya_
  228      0.9489          -0       4.324     0.000   113    3    1           1    0    116     11    116     10    T0968s2TS261-D1.pdb:A  SCOP d1w9wa_
  229      0.9489          -0       6.373     0.000   113    3    1           1    0    116     11    116     15    T0968s2TS261-D1.pdb:A  SCOP d1n6ya_
  230      0.9489          -0       6.373     0.000   113    3    1           1    0    116     11    116     15    T0968s2TS261-D1.pdb:A  SCOP d1n6ya_
  231      0.9489          -0       6.373     0.000   113    3    1           1    0    116     11    116     15    T0968s2TS261-D1.pdb:A  SCOP d1hj8a_
  232      0.9489          -0       6.373     0.000   113    3    1           1    0    116     11    116     15    T0968s2TS261-D1.pdb:A  SCOP d1hj8a_
  233      0.9489          -0       6.077     0.000   113    3    1           1    0    116     11    116     15    T0968s2TS261-D1.pdb:A  SCOP d1hj8a_
  234      0.9489          -0       6.077     0.000   113    3    1           1    0    116     11    116     15    T0968s2TS261-D1.pdb:A  SCOP d1hj8a_
  235      0.9489          -0       5.213     0.000   113    3    1           1    0    116     11    116     15    T0968s2TS261-D1.pdb:A  SCOP d1s5sa_
  236      0.9489          -0       5.213     0.000   113    3    1           1    0    116     11    116     15    T0968s2TS261-D1.pdb:A  SCOP d1s5sa_
  237      0.9489          -0       5.713     0.000   113    3    1           1    0    116     11    116     15    T0968s2TS261-D1.pdb:A  SCOP d1c1ta_
  238      0.9489          -0       5.713     0.000   113    3    1           1    0    116     11    116     15    T0968s2TS261-D1.pdb:A  SCOP d1au8a_
  239      0.9489          -0       6.373     0.000   113    3    1           1    0    116     11    116     15    T0968s2TS261-D1.pdb:A  SCOP d1n6xa_
  240      0.9489          -0       5.213     0.000   113    3    1           1    0    116     11    116     15    T0968s2TS261-D1.pdb:A  SCOP d1cgha_
  241      0.9489          -0       4.202     0.000   113    3    1           1    0    116     11    116     15    T0968s2TS261-D1.pdb:A  SCOP d1cgha_
  242      0.9489          -0       3.851     0.000   113    3    1           1    0    116     11    116     15    T0968s2TS261-D1.pdb:A  SCOP d1cgha_
  243      0.9489          -0       4.202     0.000   113    3    1           1    0    116     11    116     15    T0968s2TS261-D1.pdb:A  SCOP d1cgha_
  244      0.9489          -0       3.851     0.000   113    3    1           1    0    116     11    116     15    T0968s2TS261-D1.pdb:A  SCOP d1cgha_
  245      0.9489   1.013e-05       5.237     0.000   113    3    1           1    0    116     11    116      7    T0968s2TS261-D1.pdb:A  SCOP d1nc7a_
  246      0.9489          -0       3.851     0.000   113    3    1           1    0    116     11    116     15    T0968s2TS261-D1.pdb:A  SCOP d1cgha_
  247      0.9489          -0       4.202     0.000   113    3    1           1    0    116     11    116     15    T0968s2TS261-D1.pdb:A  SCOP d1cgha_
  248      0.9489          -0       4.202     0.000   113    3    1           1    0    116     11    116     15    T0968s2TS261-D1.pdb:A  SCOP d1cgha_
  249      0.9489          -0       5.351     0.000   113    3    1           1    0    116     11    116     15    T0968s2TS261-D1.pdb:A  SCOP d1a0la_
  250      0.9489          -0       2.183     0.000   113    3    1           1    0    116     11    116     15    T0968s2TS261-D1.pdb:A  SCOP d1fy1a_
  251      0.9489          -0       2.183     0.000   113    3    1           1    0    116     11    116     15    T0968s2TS261-D1.pdb:A  SCOP d1fy1a_
  252      0.9489          -0       2.183     0.000   113    4    1           1    0    116     11    116     15    T0968s2TS261-D1.pdb:A  SCOP d1fy1a_
  253      0.9489          -0       2.183     0.000   113    4    1           1    0    116     11    116     15    T0968s2TS261-D1.pdb:A  SCOP d1fy1a_
  254      0.9489          -0       2.183     0.000   113    4    1           1    0    116     11    116     16    T0968s2TS261-D1.pdb:A  SCOP d1ae5a_
  255      0.9489          -0       2.183     0.000   113    4    1           1    0    116     11    116     16    T0968s2TS261-D1.pdb:A  SCOP d1ae5a_
  256      0.9489          -0       2.183     0.000   113    4    1           1    0    116     11    116     16    T0968s2TS261-D1.pdb:A  SCOP d1ae5a_
  257      0.9489          -0       2.183     0.000   113    3    1           1    0    116     11    116     15    T0968s2TS261-D1.pdb:A  SCOP d1fy3a_
  258      0.9489          -0       2.183     0.000   113    4    1           1    0    116     11    116     15    T0968s2TS261-D1.pdb:A  SCOP d1fy3a_
  259      0.9489          -0       2.183     0.000   113    4    1           1    0    116     11    116     15    T0968s2TS261-D1.pdb:A  SCOP d1fy3a_
  260      0.9489          -0       2.183     0.000   113    4    1           1    0    116     11    116     15    T0968s2TS261-D1.pdb:A  SCOP d1fy3a_
  261      0.9489          -0       1.856     0.000   113    4    1           1    0    116     11    116     15    T0968s2TS261-D1.pdb:A  SCOP d1a7sa_
  262      0.9489          -0       1.856     0.000   113    3    1           1    0    116     11    116     15    T0968s2TS261-D1.pdb:A  SCOP d1a7sa_
  263      0.9489          -0       1.856     0.000   113    4    1           1    0    116     11    116     15    T0968s2TS261-D1.pdb:A  SCOP d1a7sa_
  264      0.9489          -0       1.314     0.000   113    3    1           1    0    116     11    116     15    T0968s2TS261-D1.pdb:A  SCOP d1a7sa_
  265      0.9489          -0       1.856     0.000   113    4    1           1    0    116     11    116     15    T0968s2TS261-D1.pdb:A  SCOP d1a7sa_
  266      0.9489          -0       1.496     0.000   113    3    1           1    0    116     11    116     14    T0968s2TS261-D1.pdb:A  SCOP d1b0fa_
  267      0.9489          -0       3.887     0.000   113    3    1           1    0    116     11    116     14    T0968s2TS261-D1.pdb:A  SCOP d1b0fa_
  268      0.9489          -0      0.2012     0.000   113    3    1           1    0    116     11    116     15    T0968s2TS261-D1.pdb:A  SCOP d1eq9a_
  269      0.9489          -0      0.2012     0.000   113    3    1           1    0    116     11    116     15    T0968s2TS261-D1.pdb:A  SCOP d1eq9a_
  270      0.9489          -0       5.213     0.000   113    3    1           1    0    116     11    116     15    T0968s2TS261-D1.pdb:A  SCOP d1mtsa_
  271      0.9489          -0       4.123     0.000   113    3    1           1    0    116     11    116     15    T0968s2TS261-D1.pdb:A  SCOP d1qbna_
  272      0.9489          -0       4.123     0.000   113    4    1           1    0    116     11    116     15    T0968s2TS261-D1.pdb:A  SCOP d1qbna_
  273      0.9489          -0       1.925     0.000   113    4    1           1    0    116     11    116     12    T0968s2TS261-D1.pdb:A  SCOP d1d7da_
  274      0.9489          -0       4.123     0.000   113    3    1           1    0    116     11    116     15    T0968s2TS261-D1.pdb:A  SCOP d1qbna_
  275      0.9489          -0       5.713     0.000   113    3    1           1    0    116     11    116     15    T0968s2TS261-D1.pdb:A  SCOP d1ntpa_
  276      0.9489          -0       5.713     0.000   113    3    1           1    0    116     11    116     15    T0968s2TS261-D1.pdb:A  SCOP d1c2ka_
  277      0.9489          -0       6.077     0.000   113    3    1           1    0    116     11    116     15    T0968s2TS261-D1.pdb:A  SCOP d1ntpa_
  278      0.9489          -0       6.373     0.000   113    3    1           1    0    116     11    116     15    T0968s2TS261-D1.pdb:A  SCOP d1ntpa_
  279      0.9489          -0       3.531     0.000   113    4    1           1    0    116     11    116     16    T0968s2TS261-D1.pdb:A  SCOP d1qosa_
  280      0.9489          -0       6.373     0.000   113    3    1           1    0    116     11    116     15    T0968s2TS261-D1.pdb:A  SCOP d1ntpa_
  281      0.9489          -0       5.713     0.000   113    3    1           1    0    116     11    116     15    T0968s2TS261-D1.pdb:A  SCOP d1tnia_
  282      0.9489          -0       5.713     0.000   113    3    1           1    0    116     11    116     15    T0968s2TS261-D1.pdb:A  SCOP d1bjua_
  283      0.9489          -0       6.077     0.000   113    3    1           1    0    116     11    116     15    T0968s2TS261-D1.pdb:A  SCOP d1tnia_
  284      0.9489          -0       6.373     0.000   113    3    1           1    0    116     11    116     15    T0968s2TS261-D1.pdb:A  SCOP d1tnia_
  285      0.9489          -0       6.373     0.000   113    3    1           1    0    116     11    116     15    T0968s2TS261-D1.pdb:A  SCOP d1tnia_
  286      0.9489          -0       3.531     0.000   113    4    1           1    0    116     11    116     16    T0968s2TS261-D1.pdb:A  SCOP d1qosa_
  287      0.9489          -0       5.213     0.000   113    3    1           1    0    116     11    116     15    T0968s2TS261-D1.pdb:A  SCOP d1mtsa_
  288      0.9489          -0       5.713     0.000   113    3    1           1    0    116     11    116     15    T0968s2TS261-D1.pdb:A  SCOP d1mtsa_
  289      0.9489          -0       5.713     0.000   113    3    1           1    0    116     11    116     15    T0968s2TS261-D1.pdb:A  SCOP d1mtsa_
  290      0.9489          -0       5.713     0.000   113    3    1           1    0    116     11    116     15    T0968s2TS261-D1.pdb:A  SCOP d1mtsa_
  291      0.9489          -0       5.713     0.000   113    3    1           1    0    116     11    116     15    T0968s2TS261-D1.pdb:A  SCOP d1c2fa_
  292      0.9489          -0       5.713     0.000   113    3    1           1    0    116     11    116     15    T0968s2TS261-D1.pdb:A  SCOP d1c2fa_
  293      0.9489          -0       4.197     0.000   113    4    1           1    0    116     11    116     14    T0968s2TS261-D1.pdb:A  SCOP d1avba_
  294      0.9489          -0       5.713     0.000   113    3    1           1    0    116     11    116     15    T0968s2TS261-D1.pdb:A  SCOP d1mtsa_
  295      0.9489          -0      0.4953     0.000   113    4    1           1    0    116     11    116     15    T0968s2TS261-D1.pdb:A  SCOP d1g8wa_
  296      0.9489          -0       5.713     0.000   113    3    1           1    0    116     11    116     15    T0968s2TS261-D1.pdb:A  SCOP d1tnja_
  297      0.9489          -0       1.395     0.000   113    4    1           1    0    116     11    116     15    T0968s2TS261-D1.pdb:A  SCOP d1g8wa_
  298      0.9489          -0       1.925     0.000   113    4    1           1    0    116     11    116     12    T0968s2TS261-D1.pdb:A  SCOP d1d7ba_
  299      0.9489          -0       1.925     0.000   113    4    1           1    0    116     11    116     12    T0968s2TS261-D1.pdb:A  SCOP d1d7ba_
  300      0.9489          -0       6.077     0.000   113    3    1           1    0    116     11    116     15    T0968s2TS261-D1.pdb:A  SCOP d1tnja_
  301      0.9489          -0       6.373     0.000   113    3    1           1    0    116     11    116     15    T0968s2TS261-D1.pdb:A  SCOP d1tnja_
  302      0.9489          -0       6.373     0.000   113    3    1           1    0    116     11    116     15    T0968s2TS261-D1.pdb:A  SCOP d1tnja_
  303      0.9489          -0       5.713     0.000   113    3    1           1    0    116     11    116     15    T0968s2TS261-D1.pdb:A  SCOP d1mtva_
  304      0.9489          -0       4.123     0.000   113    3    1           1    0    116     11    116     15    T0968s2TS261-D1.pdb:A  SCOP d1qb6a_
  305      0.9489          -0       4.123     0.000   113    4    1           1    0    116     11    116     15    T0968s2TS261-D1.pdb:A  SCOP d1qb6a_
  306      0.9489          -0       4.123     0.000   113    3    1           1    0    116     11    116     15    T0968s2TS261-D1.pdb:A  SCOP d1qb6a_
  307      0.9489          -0       5.213     0.000   113    3    1           1    0    116     11    116     15    T0968s2TS261-D1.pdb:A  SCOP d1s84a_
  308      0.9489          -0       1.925     0.000   113    4    1           1    0    116     11    116     12    T0968s2TS261-D1.pdb:A  SCOP d1d7ca_
  309      0.9489          -0       5.213     0.000   113    3    1           1    0    116     11    116     15    T0968s2TS261-D1.pdb:A  SCOP d1jrta_
  310      0.9489          -0       5.213     0.000   113    3    1           1    0    116     11    116     15    T0968s2TS261-D1.pdb:A  SCOP d1mtua_
  311      0.9489          -0       5.213     0.000   113    3    1           1    0    116     11    116     15    T0968s2TS261-D1.pdb:A  SCOP d1mtua_
  312      0.9489          -0       5.713     0.000   113    3    1           1    0    116     11    116     15    T0968s2TS261-D1.pdb:A  SCOP d1mtua_
  313      0.9489          -0       5.713     0.000   113    3    1           1    0    116     11    116     15    T0968s2TS261-D1.pdb:A  SCOP d1mtua_
  314      0.9489          -0       5.713     0.000   113    3    1           1    0    116     11    116     15    T0968s2TS261-D1.pdb:A  SCOP d1mtua_
  315      0.9489          -0       5.713     0.000   113    3    1           1    0    116     11    116     15    T0968s2TS261-D1.pdb:A  SCOP d1tnka_
  316      0.9489          -0       2.508     0.000   113    4    1           1    0    116     11    116     19    T0968s2TS261-D1.pdb:A  SCOP d1lu1a_
  317      0.9489          -0       6.077     0.000   113    3    1           1    0    116     11    116     15    T0968s2TS261-D1.pdb:A  SCOP d1tnka_
  318      0.9489          -0       5.713     0.000   113    3    1           1    0    116     11    116     15    T0968s2TS261-D1.pdb:A  SCOP d1mtua_
  319      0.9489          -0       6.373     0.000   113    3    1           1    0    116     11    116     15    T0968s2TS261-D1.pdb:A  SCOP d1az8a_
  320      0.9489          -0       6.373     0.000   113    3    1           1    0    116     11    116     15    T0968s2TS261-D1.pdb:A  SCOP d1az8a_
  321      0.9489          -0       6.077     0.000   113    3    1           1    0    116     11    116     15    T0968s2TS261-D1.pdb:A  SCOP d1az8a_
  322      0.9489          -0       6.373     0.000   113    3    1           1    0    116     11    116     15    T0968s2TS261-D1.pdb:A  SCOP d1tnka_
  323      0.9489          -0       5.713     0.000   113    3    1           1    0    116     11    116     15    T0968s2TS261-D1.pdb:A  SCOP d1az8a_
  324      0.9489          -0       6.373     0.000   113    3    1           1    0    116     11    116     15    T0968s2TS261-D1.pdb:A  SCOP d1tnka_
  325      0.9489    6.75e-16        6.05     0.000   113    4    1           1    0    116     11    116     11    T0968s2TS261-D1.pdb:A  SCOP d1is3a_
  326      0.9489          -0       5.713     0.000   113    3    1           1    0    116     11    116     15    T0968s2TS261-D1.pdb:A  SCOP d1tnha_
  327      0.9489          -0       6.077     0.000   113    3    1           1    0    116     11    116     15    T0968s2TS261-D1.pdb:A  SCOP d1tnha_
  328      0.9489          -0       6.373     0.000   113    3    1           1    0    116     11    116     15    T0968s2TS261-D1.pdb:A  SCOP d1tnha_
  329      0.9489          -0       6.373     0.000   113    3    1           1    0    116     11    116     15    T0968s2TS261-D1.pdb:A  SCOP d1tnha_
  330      0.9489          -0       6.373     0.000   113    3    1           1    0    116     11    116     15    T0968s2TS261-D1.pdb:A  SCOP d1tnla_
  331      0.9489          -0       6.373     0.000   113    3    1           1    0    116     11    116     15    T0968s2TS261-D1.pdb:A  SCOP d1tnla_
  332      0.9489          -0       6.077     0.000   113    3    1           1    0    116     11    116     15    T0968s2TS261-D1.pdb:A  SCOP d1tnla_
  333      0.9489          -0       1.925     0.000   113    4    1           1    0    116     11    116     12    T0968s2TS261-D1.pdb:A  SCOP d1d7da_
  334      0.9489          -0       5.713     0.000   113    3    1           1    0    116     11    116     15    T0968s2TS261-D1.pdb:A  SCOP d1tgta_
  335      0.9489          -0       5.713     0.000   113    3    1           1    0    116     11    116     15    T0968s2TS261-D1.pdb:A  SCOP d1g36a_
  336      0.9489          -0       5.713     0.000   113    3    1           1    0    116     11    116     15    T0968s2TS261-D1.pdb:A  SCOP d1g36a_
  337      0.9489          -0       5.713     0.000   113    3    1           1    0    116     11    116     15    T0968s2TS261-D1.pdb:A  SCOP d1g36a_
  338      0.9489          -0       6.077     0.000   113    3    1           1    0    116     11    116     15    T0968s2TS261-D1.pdb:A  SCOP d1tnga_
  339      0.9489          -0       6.373     0.000   113    3    1           1    0    116     11    116     15    T0968s2TS261-D1.pdb:A  SCOP d1tnga_
  340      0.9489          -0       5.713     0.000   113    3    1           1    0    116     11    116     15    T0968s2TS261-D1.pdb:A  SCOP d1g36a_
  341      0.9489          -0       2.416     0.000   113    3    1           1    0    116     11    116     15    T0968s2TS261-D1.pdb:A  SCOP d1qboa_
  342      0.9489          -0       2.416     0.000   113    3    1           1    0    116     11    116     15    T0968s2TS261-D1.pdb:A  SCOP d1qboa_
  343      0.9489          -0       6.373     0.000   113    3    1           1    0    116     11    116     15    T0968s2TS261-D1.pdb:A  SCOP d1tnga_
  344      0.9489          -0       5.713     0.000   113    3    1           1    0    116     11    116     15    T0968s2TS261-D1.pdb:A  SCOP d1btza_
  345      0.9489          -0       5.713     0.000   113    3    1           1    0    116     11    116     15    T0968s2TS261-D1.pdb:A  SCOP d1tgca_
  346      0.9489          -0       5.713     0.000   113    3    1           1    0    116     11    116     15    T0968s2TS261-D1.pdb:A  SCOP d1tgca_
  347      0.9489          -0       6.077     0.000   113    3    1           1    0    116     11    116     15    T0968s2TS261-D1.pdb:A  SCOP d1btza_
  348      0.9489          -0       6.373     0.000   113    3    1           1    0    116     11    116     15    T0968s2TS261-D1.pdb:A  SCOP d1btza_
  349      0.9489          -0       5.213     0.000   113    3    1           1    0    116     11    116     15    T0968s2TS261-D1.pdb:A  SCOP d1tawa_
  350      0.9489          -0       6.373     0.000   113    3    1           1    0    116     11    116     15    T0968s2TS261-D1.pdb:A  SCOP d1btza_
  351      0.9489          -0       5.713     0.000   113    3    1           1    0    116     11    116     15    T0968s2TS261-D1.pdb:A  SCOP d1maya_
  352      0.9489          -0       5.713     0.000   113    3    1           1    0    116     11    116     15    T0968s2TS261-D1.pdb:A  SCOP d1maya_
  353      0.9489          -0       5.213     0.000   113    3    1           1    0    116     11    116     15    T0968s2TS261-D1.pdb:A  SCOP d1s82a_
  354      0.9489          -0       5.213     0.000   113    3    1           1    0    116     11    116     15    T0968s2TS261-D1.pdb:A  SCOP d1s82a_
  355      0.9489          -0       5.713     0.000   113    3    1           1    0    116     11    116     15    T0968s2TS261-D1.pdb:A  SCOP d1xuka_
  356      0.9489          -0       6.077     0.000   113    3    1           1    0    116     11    116     15    T0968s2TS261-D1.pdb:A  SCOP d1xuka_
  357      0.9489          -0       6.373     0.000   113    3    1           1    0    116     11    116     15    T0968s2TS261-D1.pdb:A  SCOP d1xuka_
  358      0.9489          -0       5.713     0.000   113    3    1           1    0    116     11    116     15    T0968s2TS261-D1.pdb:A  SCOP d1k1pa_
  359      0.9489          -0       4.123     0.000   113    3    1           1    0    116     11    116     15    T0968s2TS261-D1.pdb:A  SCOP d1qa0a_
  360      0.9489          -0       4.123     0.000   113    4    1           1    0    116     11    116     15    T0968s2TS261-D1.pdb:A  SCOP d1qa0a_
  361      0.9489          -0       4.123     0.000   113    3    1           1    0    116     11    116     15    T0968s2TS261-D1.pdb:A  SCOP d1qa0a_
  362      0.9489          -0       6.373     0.000   113    3    1           1    0    116     11    116     15    T0968s2TS261-D1.pdb:A  SCOP d1xuka_
  363      0.9489          -0       5.713     0.000   113    3    1           1    0    116     11    116     15    T0968s2TS261-D1.pdb:A  SCOP d1mtwa_
  364      0.9489          -0       6.077     0.000   113    3    1           1    0    116     11    116     15    T0968s2TS261-D1.pdb:A  SCOP d1mtwa_
  365      0.9489          -0       6.373     0.000   113    3    1           1    0    116     11    116     15    T0968s2TS261-D1.pdb:A  SCOP d1mtwa_
  366      0.9489          -0       6.373     0.000   113    3    1           1    0    116     11    116     15    T0968s2TS261-D1.pdb:A  SCOP d1mtwa_
  367      0.9489          -0       5.213     0.000   113    3    1           1    0    116     11    116     15    T0968s2TS261-D1.pdb:A  SCOP d1oyqa_
  368      0.9489          -0       5.213     0.000   113    3    1           1    0    116     11    116     15    T0968s2TS261-D1.pdb:A  SCOP d1oyqa_
  369      0.9489          -0       5.713     0.000   113    3    1           1    0    116     11    116     15    T0968s2TS261-D1.pdb:A  SCOP d1oyqa_
  370      0.9489          -0       5.713     0.000   113    3    1           1    0    116     11    116     15    T0968s2TS261-D1.pdb:A  SCOP d1oyqa_
  371      0.9489          -0       5.713     0.000   113    3    1           1    0    116     11    116     15    T0968s2TS261-D1.pdb:A  SCOP d1oyqa_
  372      0.9489          -0       5.988     0.000   113    3    1           1    0    116     11    116     11    T0968s2TS261-D1.pdb:A  SCOP d1i8aa_
  373      0.9489          -0       5.713     0.000   113    3    1           1    0    116     11    116     15    T0968s2TS261-D1.pdb:A  SCOP d2tgta_
  374      0.9489          -0       5.713     0.000   113    4    1           1    0    116     11    116      9    T0968s2TS261-D1.pdb:A  SCOP d1gbga_
  375      0.9489          -0       5.713     0.000   113    4    1           1    0    116     11    116     10    T0968s2TS261-D1.pdb:A  SCOP d1glha_
  376      0.9489          -0       2.907     0.000   113    4    1           1    0    116     11    116     10    T0968s2TS261-D1.pdb:A  SCOP d1maca_
  377      0.9489          -0       5.713     0.000   113    3    1           1    0    116     11    116     15    T0968s2TS261-D1.pdb:A  SCOP d1oyqa_
  378      0.9489          -0       5.988     0.000   113    3    1           1    0    116     11    116     11    T0968s2TS261-D1.pdb:A  SCOP d1i8ua_
  379      0.9489          -0       5.713     0.000   113    3    1           1    0    116     11    116     15    T0968s2TS261-D1.pdb:A  SCOP d3ptna_
  380      0.9489          -0       5.713     0.000   113    3    1           1    0    116     11    116     15    T0968s2TS261-D1.pdb:A  SCOP d1nc6a_
  381      0.9489          -0       5.713     0.000   113    3    1           1    0    116     11    116     15    T0968s2TS261-D1.pdb:A  SCOP d1xuja_
  382      0.9489          -0       5.988     0.000   113    3    1           1    0    116     11    116     11    T0968s2TS261-D1.pdb:A  SCOP d1i82a_
  383      0.9489          -0       5.713     0.000   113    3    1           1    0    116     11    116     15    T0968s2TS261-D1.pdb:A  SCOP d1xuja_
  384      0.9489          -0       6.077     0.000   113    3    1           1    0    116     11    116     15    T0968s2TS261-D1.pdb:A  SCOP d1ce5a_
  385      0.9489          -0  1.798e+308     0.000   113    4    1           1    0    116     11    116     19    T0968s2TS261-D1.pdb:A  SCOP d1o4ya_
  386      0.9489          -0       4.342     0.000   113    3    1           1    0    116     11    116     15    T0968s2TS261-D1.pdb:A  SCOP d1qb1a_
  387      0.9489          -0       4.342     0.000   113    3    1           1    0    116     11    116     15    T0968s2TS261-D1.pdb:A  SCOP d1qb1a_
  388      0.9489          -0       4.342     0.000   113    4    1           1    0    116     11    116     15    T0968s2TS261-D1.pdb:A  SCOP d1qb1a_
  389      0.9489          -0       2.416     0.000   113    3    1           1    0    116     11    116     15    T0968s2TS261-D1.pdb:A  SCOP d1qb9a_
  390      0.9489          -0       2.416     0.000   113    3    1           1    0    116     11    116     15    T0968s2TS261-D1.pdb:A  SCOP d1qb9a_
  391      0.9489          -0       2.416     0.000   113    3    1           1    0    116     11    116     15    T0968s2TS261-D1.pdb:A  SCOP d1qb9a_
  392      0.9489          -0       6.373     0.000   113    3    1           1    0    116     11    116     15    T0968s2TS261-D1.pdb:A  SCOP d1ce5a_
  393      0.9489          -0       6.373     0.000   113    3    1           1    0    116     11    116     15    T0968s2TS261-D1.pdb:A  SCOP d1ce5a_
  394      0.9489          -0       5.713     0.000   113    3    1           1    0    116     11    116     15    T0968s2TS261-D1.pdb:A  SCOP d1tnga_
  395      0.9489          -0       5.213     0.000   113    3    1           1    0    116     11    116     15    T0968s2TS261-D1.pdb:A  SCOP d1g36a_
  396      0.9489          -0       3.066     0.000   113    3    1           1    0    116     11    116      7    T0968s2TS261-D1.pdb:A  SCOP d2fnba_
  397      0.9489          -0       5.213     0.000   113    3    1           1    0    116     11    116     15    T0968s2TS261-D1.pdb:A  SCOP d1g36a_
  398      0.9489          -0       5.077     0.000   113    4    1           1    0    116     11    116     10    T0968s2TS261-D1.pdb:A  SCOP d1hlca_
  399      0.9489          -0       3.531     0.000   113    4    1           1    0    116     11    116     16    T0968s2TS261-D1.pdb:A  SCOP d1gz9a_
  400      0.9489          -0        2.19     0.000   113    3    1           1    0    116     11    116      7    T0968s2TS261-D1.pdb:A  SCOP d1wica_
  401      0.9489          -0       3.531     0.000   113    4    1           1    0    116     11    116     16    T0968s2TS261-D1.pdb:A  SCOP d1gzca_
  402      0.9489          -0  1.798e+308     0.000   113    3    1           1    0    116     11    116     10    T0968s2TS261-D1.pdb:A  SCOP d1y28a_
  403      0.9489          -0       3.531     0.000   113    4    1           1    0    116     11    116     19    T0968s2TS261-D1.pdb:A  SCOP d1gnza_
  404      0.9489          -0       5.713     0.000   113    3    1           1    0    116     11    116     15    T0968s2TS261-D1.pdb:A  SCOP d1rxpa_
  405      0.9489          -0       5.713     0.000   113    3    1           1    0    116     11    116     15    T0968s2TS261-D1.pdb:A  SCOP d1rxpa_
  406      0.9489          -0       5.713     0.000   113    3    1           1    0    116     11    116     15    T0968s2TS261-D1.pdb:A  SCOP d1c2ga_
  407      0.9489          -0       5.713     0.000   113    3    1           1    0    116     11    116     15    T0968s2TS261-D1.pdb:A  SCOP d2ptna_
  408      0.9489          -0       5.713     0.000   113    3    1           1    0    116     11    116     15    T0968s2TS261-D1.pdb:A  SCOP d2ptna_
  409      0.9489          -0       5.213     0.000   113    3    1           1    0    116     11    116     15    T0968s2TS261-D1.pdb:A  SCOP d1sfia_
  410      0.9489          -0       5.713     0.000   113    3    1           1    0    116     11    116     15    T0968s2TS261-D1.pdb:A  SCOP d1sfia_
  411      0.9489          -0       5.713     0.000   113    3    1           1    0    116     11    116     15    T0968s2TS261-D1.pdb:A  SCOP d1k1ia_
  412      0.9489          -0       5.713     0.000   113    3    1           1    0    116     11    116     15    T0968s2TS261-D1.pdb:A  SCOP d1k1ma_
  413      0.9489          -0       5.713     0.000   113    3    1           1    0    116     11    116     15    T0968s2TS261-D1.pdb:A  SCOP d1c5va_
  414      0.9489          -0       5.713     0.000   113    3    1           1    0    116     11    116     15    T0968s2TS261-D1.pdb:A  SCOP d1k1ma_
  415      0.9489          -0       5.713     0.000   113    3    1           1    0    116     11    116     15    T0968s2TS261-D1.pdb:A  SCOP d1k1ma_
  416      0.9489          -0       5.213     0.000   113    3    1           1    0    116     11    116     15    T0968s2TS261-D1.pdb:A  SCOP d2tgda_
  417      0.9489          -0       3.531     0.000   113    4    1           1    0    116     11    116     16    T0968s2TS261-D1.pdb:A  SCOP d1uzza_
  418      0.9489          -0       1.009     0.000   113    4    1           1    0    116     11    116     16    T0968s2TS261-D1.pdb:A  SCOP d1wbfa_
  419      0.9489          -0       5.213     0.000   113    3    1           1    0    116     11    116     15    T0968s2TS261-D1.pdb:A  SCOP d2tgda_
  420      0.9489          -0      0.7098     0.000   113    4    1           1    0    116     11    116     16    T0968s2TS261-D1.pdb:A  SCOP d2dtwa1
  421      0.9489          -0      0.7098     0.000   113    4    1           1    0    116     11    116     16    T0968s2TS261-D1.pdb:A  SCOP d1wbla_
  422      0.9489          -0       0.708     0.000   113    4    1           1    0    116     11    116     13    T0968s2TS261-D1.pdb:A  SCOP d1lgna_
  423      0.9489          -0      0.7098     0.000   113    4    1           1    0    116     11    116     16    T0968s2TS261-D1.pdb:A  SCOP d2e7ta1
  424      0.9489          -0      0.7098     0.000   113    4    1           1    0    116     11    116     16    T0968s2TS261-D1.pdb:A  SCOP d2du1a1
  425      0.9489          -0      0.7098     0.000   113    4    1           1    0    116     11    116     16    T0968s2TS261-D1.pdb:A  SCOP d2dtya1
  426      0.9489          -0      0.7098     0.000   113    4    1           1    0    116     11    116     16    T0968s2TS261-D1.pdb:A  SCOP d2du0a1
  427      0.9489          -0      0.7098     0.000   113    4    1           1    0    116     11    116     16    T0968s2TS261-D1.pdb:A  SCOP d2e7qa1
  428      0.9489          -0       4.498     0.000   113    4    1           1    0    116     11    116     13    T0968s2TS261-D1.pdb:A  SCOP d2apsa_
  429      0.9489          -0       5.713     0.000   113    3    1           1    0    116     11    116     15    T0968s2TS261-D1.pdb:A  SCOP d1p2ka_
  430      0.9489          -0       5.713     0.000   113    3    1           1    0    116     11    116     15    T0968s2TS261-D1.pdb:A  SCOP d1p2ka_
  431      0.9489          -0       5.713     0.000   113    3    1           1    0    116     11    116     15    T0968s2TS261-D1.pdb:A  SCOP d1qcpa_
  432      0.9489          -0       5.713     0.000   113    3    1           1    0    116     11    116     15    T0968s2TS261-D1.pdb:A  SCOP d1xuia_
  433      0.9489          -0      0.6245     0.000   113    4    1           1    0    116     11    116     16    T0968s2TS261-D1.pdb:A  SCOP d2ifwa1
  434      0.9489          -0       5.713     0.000   113    3    1           1    0    116     11    116     15    T0968s2TS261-D1.pdb:A  SCOP d1c5ra_
  435      0.9489          -0       5.213     0.000   113    3    1           1    0    116     11    116     15    T0968s2TS261-D1.pdb:A  SCOP d1k1la_
  436      0.9489          -0       5.213     0.000   113    3    1           1    0    116     11    116     15    T0968s2TS261-D1.pdb:A  SCOP d1k1la_
  437      0.9489          -0       5.713     0.000   113    3    1           1    0    116     11    116     15    T0968s2TS261-D1.pdb:A  SCOP d1k1la_
  438      0.9489          -0       5.713     0.000   113    3    1           1    0    116     11    116     15    T0968s2TS261-D1.pdb:A  SCOP d1k1la_
  439      0.9489          -0       5.713     0.000   113    3    1           1    0    116     11    116     15    T0968s2TS261-D1.pdb:A  SCOP d1k1la_
  440      0.9489          -0       5.713     0.000   113    3    1           1    0    116     11    116     15    T0968s2TS261-D1.pdb:A  SCOP d1c5ra_
  441      0.9489          -0       5.713     0.000   113    3    1           1    0    116     11    116     15    T0968s2TS261-D1.pdb:A  SCOP d1k1la_
  442      0.9489          -0         3.7     0.000   113    3    1           1    0    116     11    116     11    T0968s2TS261-D1.pdb:A  SCOP d1h0ba_
  443      0.9489          -0       2.947     0.000   113    3    1           1    0    116     11    116     11    T0968s2TS261-D1.pdb:A  SCOP d1h0ba_
  444      0.9489          -0       6.373     0.000   113    3    1           1    0    116     11    116     15    T0968s2TS261-D1.pdb:A  SCOP d1ql7a_
  445      0.9489          -0       6.373     0.000   113    3    1           1    0    116     11    116     15    T0968s2TS261-D1.pdb:A  SCOP d1ql7a_
  446      0.9489          -0       6.077     0.000   113    3    1           1    0    116     11    116     15    T0968s2TS261-D1.pdb:A  SCOP d1ql7a_
  447      0.9489          -0       5.713     0.000   113    3    1           1    0    116     11    116     15    T0968s2TS261-D1.pdb:A  SCOP d1ql7a_
  448      0.9489          -0       3.686     0.000   113    3    1           1    0    116     11    116     11    T0968s2TS261-D1.pdb:A  SCOP d1oa4a_
  449      0.9489          -0       6.373     0.000   113    3    1           1    0    116     11    116     15    T0968s2TS261-D1.pdb:A  SCOP d1auja_
  450      0.9489          -0       6.373     0.000   113    3    1           1    0    116     11    116     15    T0968s2TS261-D1.pdb:A  SCOP d1auja_
  451      0.9489          -0       6.077     0.000   113    3    1           1    0    116     11    116     15    T0968s2TS261-D1.pdb:A  SCOP d1auja_
  452      0.9489          -0       2.396     0.000   113    3    1           1    0    116     11    116     11    T0968s2TS261-D1.pdb:A  SCOP d1nlra_
  453      0.9489          -0       5.713     0.000   113    3    1           1    0    116     11    116     15    T0968s2TS261-D1.pdb:A  SCOP d1auja_
  454      0.9489          -0       2.396     0.000   113    3    1           1    0    116     11    116     11    T0968s2TS261-D1.pdb:A  SCOP d2nlra_
  455      0.9489          -0       5.213     0.000   113    3    1           1    0    116     11    116     15    T0968s2TS261-D1.pdb:A  SCOP d1k1ja_
  456      0.9489          -0       5.213     0.000   113    3    1           1    0    116     11    116     15    T0968s2TS261-D1.pdb:A  SCOP d1k1ja_
  457      0.9489          -0       5.713     0.000   113    3    1           1    0    116     11    116     15    T0968s2TS261-D1.pdb:A  SCOP d1k1ja_
  458      0.9489          -0       5.713     0.000   113    3    1           1    0    116     11    116     15    T0968s2TS261-D1.pdb:A  SCOP d1k1ja_
  459      0.9489          -0       5.713     0.000   113    3    1           1    0    116     11    116     15    T0968s2TS261-D1.pdb:A  SCOP d1k1ja_
  460      0.9489          -0       5.713     0.000   113    3    1           1    0    116     11    116     15    T0968s2TS261-D1.pdb:A  SCOP d1c2la_
  461      0.9489          -0       5.213     0.000   113    3    1           1    0    116     11    116     15    T0968s2TS261-D1.pdb:A  SCOP d1k1ma_
  462      0.9489          -0       5.213     0.000   113    3    1           1    0    116     11    116     15    T0968s2TS261-D1.pdb:A  SCOP d1k1ma_
  463      0.9489          -0       5.713     0.000   113    3    1           1    0    116     11    116     15    T0968s2TS261-D1.pdb:A  SCOP d1k1ma_
  464      0.9489          -0       3.531     0.000   113    4    1           1    0    116     11    116     16    T0968s2TS261-D1.pdb:A  SCOP d2dvba1
  465      0.9489          -0       4.023     0.000   113    4    1           1    0    116     11    116     16    T0968s2TS261-D1.pdb:A  SCOP d1v6ja_
  466      0.9489          -0       5.713     0.000   113    3    1           1    0    116     11    116     15    T0968s2TS261-D1.pdb:A  SCOP d1c2ea_
  467      0.9489          -0       3.531     0.000   113    4    1           1    0    116     11    116     16    T0968s2TS261-D1.pdb:A  SCOP d1v6ma_
  468      0.9489    6.75e-16        6.05     0.000   113    4    1           1    0    116     11    116     11    T0968s2TS261-D1.pdb:A  SCOP d1is5a_
  469      0.9489          -0       3.531     0.000   113    4    1           1    0    116     11    116     16    T0968s2TS261-D1.pdb:A  SCOP d1cr7a_
  470      0.9489          -0       3.531     0.000   113    4    1           1    0    116     11    116     16    T0968s2TS261-D1.pdb:A  SCOP d2dvfa1
  471      0.9489          -0       3.531     0.000   113    4    1           1    0    116     11    116     15    T0968s2TS261-D1.pdb:A  SCOP d1rira_
  472      0.9489          -0       5.213     0.000   113    3    1           1    0    116     11    116     15    T0968s2TS261-D1.pdb:A  SCOP d1jira_
  473      0.9489          -0       1.925     0.000   113    4    1           1    0    116     11    116     12    T0968s2TS261-D1.pdb:A  SCOP d1pl3a_
  474      0.9489          -0       1.925     0.000   113    4    1           1    0    116     11    116     12    T0968s2TS261-D1.pdb:A  SCOP d1pl3a_
  475      0.9489          -0       3.531     0.000   113    4    1           1    0    116     11    116     15    T0968s2TS261-D1.pdb:A  SCOP d1rita_
  476      0.9489          -0       5.213     0.000   113    3    1           1    0    116     11    116     15    T0968s2TS261-D1.pdb:A  SCOP d1s6fa_
  477      0.9489          -0       5.213     0.000   113    3    1           1    0    116     11    116     15    T0968s2TS261-D1.pdb:A  SCOP d1s6fa_
  478      0.9489    6.75e-16        6.05     0.000   113    4    1           1    0    116     11    116     11    T0968s2TS261-D1.pdb:A  SCOP d1is4a_
  479      0.9489          -0       5.713     0.000   113    3    1           1    0    116     11    116     15    T0968s2TS261-D1.pdb:A  SCOP d1bjva_
  480      0.9489          -0       5.713     0.000   113    3    1           1    0    116     11    116     15    T0968s2TS261-D1.pdb:A  SCOP d1tpoa_
  481      0.9489          -0       5.713     0.000   113    3    1           1    0    116     11    116     15    T0968s2TS261-D1.pdb:A  SCOP d1btxa_
  482      0.9489          -0       5.713     0.000   113    3    1           1    0    116     11    116     15    T0968s2TS261-D1.pdb:A  SCOP d2tgaa_
  483      0.9489          -0       5.213     0.000   113    3    1           1    0    116     11    116     15    T0968s2TS261-D1.pdb:A  SCOP d1tyna_
  484      0.9489          -0       6.373     0.000   113    3    1           1    0    116     11    116     15    T0968s2TS261-D1.pdb:A  SCOP d1btxa_
  485      0.9489          -0       3.531     0.000   113    4    1           1    0    116     11    116     15    T0968s2TS261-D1.pdb:A  SCOP d1v6oa_
  486      0.9489          -0       5.713     0.000   113    3    1           1    0    116     11    116     15    T0968s2TS261-D1.pdb:A  SCOP d1sbwa_
  487      0.9489          -0       5.213     0.000   113    3    1           1    0    116     11    116     15    T0968s2TS261-D1.pdb:A  SCOP d1sbwa_
  488      0.9489          -0       5.713     0.000   113    3    1           1    0    116     11    116     15    T0968s2TS261-D1.pdb:A  SCOP d1c2da_
  489      0.9489          -0       6.373     0.000   113    3    1           1    0    116     11    116     15    T0968s2TS261-D1.pdb:A  SCOP d1tioa_
  490      0.9489          -0       6.373     0.000   113    3    1           1    0    116     11    116     15    T0968s2TS261-D1.pdb:A  SCOP d1tioa_
  491      0.9489          -0       6.077     0.000   113    3    1           1    0    116     11    116     15    T0968s2TS261-D1.pdb:A  SCOP d1tioa_
  492      0.9489    6.75e-16        6.05     0.000   113    4    1           1    0    116     11    116     11    T0968s2TS261-D1.pdb:A  SCOP d1is6a_
  493      0.9489          -0       5.713     0.000   113    3    1           1    0    116     11    116     15    T0968s2TS261-D1.pdb:A  SCOP d1tioa_
  494      0.9489          -0       1.925     0.000   113    4    1           1    0    116     11    116     12    T0968s2TS261-D1.pdb:A  SCOP d1d7ca_
