<html><head></head><body><pre style="word-wrap: break-word; white-space: pre-wrap;"> PDBe Fold v2.59. (src3) 14 Apr 2014 result file.

                   RESULT SUMMARY

   ##      Q-score      P-score     Z-score   RMSD    Nalgn Nsse Ngaps Seq-%     Nmd Nres-Q Nsse-Q Nres-T Nsse-T Query Target
    1      0.6527          -0       3.885     0.000   286    4    7           1    0    354     17    354     11    T0969TS197-D1.pdb:A  SCOP d1ygha_
    2      0.6359          -0        1.89     0.550   287    4   11      0.9826    0    354     17    354     20    T0969TS197-D1.pdb:A  SCOP d2fbpa_
    3      0.5817          -0       2.501     0.000   270    5   12           1    0    354     17    354     23    T0969TS197-D1.pdb:A  SCOP d1ouya_
    4      0.5817          -0       2.501     0.000   270    5   12           1    0    354     17    354     23    T0969TS197-D1.pdb:A  SCOP d1ouya_
    5      0.5731          -0       2.571     0.000   268    4   10           1    0    354     17    354     16    T0969TS197-D1.pdb:A  SCOP d1jwza_
    6      0.5689          -0       2.431     0.000   267    4   10           1    0    354     17    354     17    T0969TS197-D1.pdb:A  SCOP d1li0a_
    7      0.5689          -0       2.443     0.000   267    4   10           1    0    354     17    354     17    T0969TS197-D1.pdb:A  SCOP d1pzpa_
    8      0.5689          -0        2.29     0.000   267    4   10           1    0    354     17    354     20    T0969TS197-D1.pdb:A  SCOP d1o7ea_
    9      0.5689          -0       2.431     0.000   267    4   10           1    0    354     17    354     17    T0969TS197-D1.pdb:A  SCOP d1jwva_
   10      0.5646          -0       2.431     0.000   266    4   10           1    0    354     17    354     17    T0969TS197-D1.pdb:A  SCOP d1btla_
   11      0.5646          -0       2.431     0.000   266    4   10           1    0    354     17    354     17    T0969TS197-D1.pdb:A  SCOP d1jwpa_
   12      0.5646          -0       2.431     0.000   266    4   10           1    0    354     17    354     17    T0969TS197-D1.pdb:A  SCOP d1jvja_
   13      0.5646          -0       2.431     0.000   266    4   10           1    0    354     17    354     17    T0969TS197-D1.pdb:A  SCOP d1tema_
   14      0.5646          -0       2.431     0.000   266    4   10           1    0    354     17    354     17    T0969TS197-D1.pdb:A  SCOP d1bt5a_
   15      0.5646          -0       2.431     0.000   266    4   10           1    0    354     17    354     17    T0969TS197-D1.pdb:A  SCOP d1xpba_
   16      0.5646          -0       2.431     0.000   266    4   10           1    0    354     17    354     17    T0969TS197-D1.pdb:A  SCOP d1esua_
   17      0.5646          -0       2.431     0.000   266    4   10           1    0    354     17    354     17    T0969TS197-D1.pdb:A  SCOP d1ck3a_
   18      0.5646          -0       3.291     0.000   266    5   12           1    0    354     17    354     25    T0969TS197-D1.pdb:A  SCOP d1ovea_
   19      0.5646          -0       2.431     0.000   266    4   10           1    0    354     17    354     18    T0969TS197-D1.pdb:A  SCOP d1tdla_
   20      0.5646          -0       2.431     0.000   266    4   10           1    0    354     17    354     18    T0969TS197-D1.pdb:A  SCOP d1tdga_
   21      0.5604          -0       2.564     0.000   265    4   11           1    0    354     17    354     16    T0969TS197-D1.pdb:A  SCOP d1jwza_
   22      0.5604          -0       2.431     0.000   265    4   10           1    0    354     17    354     17    T0969TS197-D1.pdb:A  SCOP d1pzoa_
   23      0.5604          -0       2.431     0.000   265    4   10           1    0    354     17    354     17    T0969TS197-D1.pdb:A  SCOP d1li9a_
   24       0.552          -0       2.409     0.000   263    4   11           1    0    354     17    354     16    T0969TS197-D1.pdb:A  SCOP d1axba_
   25      0.5472          -0       3.406     0.465   265    4   10      0.9849    0    354     17    354     17    T0969TS197-D1.pdb:A  SCOP d1jtda_
   26       0.543          -0       3.406     0.466   264    4   10      0.9848    0    354     17    354     17    T0969TS197-D1.pdb:A  SCOP d1jtga_
   27      0.5389          -0       3.406     0.467   263    4   10      0.9848    0    354     17    354     17    T0969TS197-D1.pdb:A  SCOP d1erma_
   28      0.5389          -0       3.406     0.467   263    4   10      0.9848    0    354     17    354     17    T0969TS197-D1.pdb:A  SCOP d1erqa_
   29      0.5389          -0       3.406     0.467   263    4   10      0.9848    0    354     17    354     17    T0969TS197-D1.pdb:A  SCOP d1fqga_
   30      0.5236          -0       1.831     1.072   272    4   10      0.9816    0    354     17    354     10    T0969TS197-D1.pdb:A  SCOP d1mh6a_
   31      0.5224          -0       3.485     0.471   259    4   11      0.9846    0    354     17    354     16    T0969TS197-D1.pdb:A  SCOP d1eroa_
   32      0.5207          -0        3.03     1.027   270    5   11      0.9926    0    354     17    354     25    T0969TS197-D1.pdb:A  SCOP d1v8ka_
   33      0.4997          -0     0.07036     1.558   282    5    9      0.9645    0    354     17    354     24    T0969TS197-D1.pdb:A  SCOP d1xtoa_
   34      0.4984          -0       1.363     0.666   256    4   10      0.9883    0    354     17    354     17    T0969TS197-D1.pdb:A  SCOP d1n0wa_
   35       0.495          -0      0.9541     1.192   268    4    8      0.9888    0    354     17    354     16    T0969TS197-D1.pdb:A  SCOP d1ppza_
   36       0.495          -0      0.9541     1.192   268    4    8      0.9888    0    354     17    354     16    T0969TS197-D1.pdb:A  SCOP d1pqaa_
   37       0.495          -0      0.9541     1.192   268    4    8      0.9888    0    354     17    354     16    T0969TS197-D1.pdb:A  SCOP d1pq8a_
   38       0.495          -0      0.9541     1.192   268    4    8      0.9888    0    354     17    354     16    T0969TS197-D1.pdb:A  SCOP d1pq5a_
   39       0.495          -0      0.9541     1.192   268    4    8      0.9888    0    354     17    354     16    T0969TS197-D1.pdb:A  SCOP d1pq7a_
   40      0.4908          -0      0.1708     1.465   276    5    9      0.9746    0    354     17    354     22    T0969TS197-D1.pdb:A  SCOP d1l7ja_
   41      0.4908          -0      0.1708     1.465   276    5    9      0.9746    0    354     17    354     24    T0969TS197-D1.pdb:A  SCOP d1ns2a_
   42      0.4908          -0      0.1708     1.465   276    5    9      0.9746    0    354     17    354     24    T0969TS197-D1.pdb:A  SCOP d1l7ka_
   43      0.4908          -0      0.1708     1.465   276    5    9      0.9746    0    354     17    354     24    T0969TS197-D1.pdb:A  SCOP d1mn0a_
   44      0.4908          -0      0.1708     1.465   276    5    9      0.9746    0    354     17    354     24    T0969TS197-D1.pdb:A  SCOP d1mmya_
   45      0.4908          -0      0.1708     1.465   276    5    9      0.9746    0    354     17    354     24    T0969TS197-D1.pdb:A  SCOP d1nssa_
   46      0.4908          -0      0.1708     1.465   276    5    9      0.9746    0    354     17    354     24    T0969TS197-D1.pdb:A  SCOP d1nsza_
   47      0.4908          -0      0.1708     1.465   276    5    9      0.9746    0    354     17    354     24    T0969TS197-D1.pdb:A  SCOP d1nsxa_
   48      0.4908          -0      0.1708     1.465   276    5    9      0.9746    0    354     17    354     24    T0969TS197-D1.pdb:A  SCOP d1nsra_
   49      0.4908          -0      0.1708     1.465   276    5    9      0.9746    0    354     17    354     25    T0969TS197-D1.pdb:A  SCOP d1mmua_
   50      0.4908          -0      0.1708     1.465   276    5    9      0.9746    0    354     17    354     24    T0969TS197-D1.pdb:A  SCOP d1nsva_
   51      0.4908          -0      0.1708     1.465   276    5    9      0.9746    0    354     17    354     24    T0969TS197-D1.pdb:A  SCOP d1mmxa_
   52      0.4908          -0      0.1708     1.465   276    5    9      0.9746    0    354     17    354     24    T0969TS197-D1.pdb:A  SCOP d1nsua_
   53      0.4908          -0      0.1708     1.465   276    5    9      0.9746    0    354     17    354     24    T0969TS197-D1.pdb:A  SCOP d1ns8a_
   54      0.4908          -0      0.1708     1.465   276    5    9      0.9746    0    354     17    354     24    T0969TS197-D1.pdb:A  SCOP d1mmza_
   55      0.4908          -0      0.1708     1.465   276    5    9      0.9746    0    354     17    354     24    T0969TS197-D1.pdb:A  SCOP d1ns0a_
   56      0.4908          -0      0.1708     1.465   276    5    9      0.9746    0    354     17    354     24    T0969TS197-D1.pdb:A  SCOP d1ns4a_
   57      0.4908          -0      0.1708     1.465   276    5    9      0.9746    0    354     17    354     24    T0969TS197-D1.pdb:A  SCOP d1ns7a_
   58      0.4908          -0      0.1708     1.465   276    5    9      0.9746    0    354     17    354     24    T0969TS197-D1.pdb:A  SCOP d1nsma_
   59      0.4901          -0      0.1043     1.297   270    4    6      0.9926    0    354     17    354     17    T0969TS197-D1.pdb:A  SCOP d1cjla_
   60      0.4891          -0       2.801     1.244   268    4    8      0.9925    0    354     17    354     16    T0969TS197-D1.pdb:A  SCOP d1gdqa_
   61      0.4888          -0       2.837     1.042   262    5   11      0.9924    0    354     17    354     25    T0969TS197-D1.pdb:A  SCOP d1v8ka_
   62      0.4885          -0       1.544     1.691   284    5    9      0.9824    0    354     17    354     17    T0969TS197-D1.pdb:A  SCOP d1jfra_
   63      0.4809          -0       3.161     1.047   260    5   11      0.9923    0    354     17    354     25    T0969TS197-D1.pdb:A  SCOP d1v8ja_
   64      0.4783          -0       3.003     1.764   284    4   14      0.9754    0    354     17    354     19    T0969TS197-D1.pdb:A  SCOP d1fpua_
   65      0.4743          -0      0.3365     1.000   257    4    7      0.9883    0    354     17    354     19    T0969TS197-D1.pdb:A  SCOP d1bd7a_
   66      0.4743          -0      0.3365     1.000   257    4    7      0.9883    0    354     17    354     19    T0969TS197-D1.pdb:A  SCOP d1bd7a_
   67      0.4743          -0      0.3365     1.000   257    4    7      0.9883    0    354     17    354     19    T0969TS197-D1.pdb:A  SCOP d1bd7a_
   68      0.4735          -0        1.33     1.221   263    4    9      0.9848    0    354     17    354     18    T0969TS197-D1.pdb:A  SCOP d1a9oa_
   69      0.4735          -0        1.33     1.221   263    4    9      0.9848    0    354     17    354     15    T0969TS197-D1.pdb:A  SCOP d1ulaa_
   70       0.471          -0      0.9383     1.338   266    4    7      0.9887    0    354     17    354     20    T0969TS197-D1.pdb:A  SCOP d1lvba_
   71       0.468          -0       2.191     1.450   269    4    8      0.9703    0    354     17    354     16    T0969TS197-D1.pdb:A  SCOP d1la1a_
   72      0.4649          -0        1.33     1.360   265    4    9      0.9849    0    354     17    354     17    T0969TS197-D1.pdb:A  SCOP d1v48a_
   73      0.4545          -0      0.2228     1.017   252    4    7      0.9881    0    354     17    354     20    T0969TS197-D1.pdb:A  SCOP d1sq4a_
   74      0.4502          -0       2.963     1.063   252    5   11      0.9921    0    354     17    354     25    T0969TS197-D1.pdb:A  SCOP d1v8ja_
   75      0.4418          -0       1.007     1.469   262    4   10      0.9695    0    354     17    354     16    T0969TS197-D1.pdb:A  SCOP d1kida_
   76      0.4368          -0       1.561     1.596   265    5   11      0.9774    0    354     17    354     25    T0969TS197-D1.pdb:A  SCOP d1v8ka_
   77      0.4328          -0       2.358     0.847   242    5   11      0.9835    0    354     17    354     25    T0969TS197-D1.pdb:A  SCOP d1p8fa_
   78      0.4293          -0       1.666     1.838   272    4   10      0.9743    0    354     17    354     19    T0969TS197-D1.pdb:A  SCOP d1j7xa_
   79      0.4268          -0       1.902     1.513   259    4   10      0.9807    0    354     17    354     11    T0969TS197-D1.pdb:A  SCOP d1pgva_
   80      0.4172          -0       1.245     2.028   276    4   11      0.9746    0    354     17    354     18    T0969TS197-D1.pdb:A  SCOP d1qpda_
   81      0.4172          -0       1.245     2.028   276    4   11      0.9746    0    354     17    354     18    T0969TS197-D1.pdb:A  SCOP d1qpea_
   82      0.4172          -0       1.245     2.028   276    4   11      0.9746    0    354     17    354     17    T0969TS197-D1.pdb:A  SCOP d3lcka_
   83      0.4172          -0       1.442     2.028   276    4   11      0.9746    0    354     17    354     17    T0969TS197-D1.pdb:A  SCOP d1qpca_
   84      0.4145          -0       1.174     1.564   257    4   10      0.9767    0    354     17    354     18    T0969TS197-D1.pdb:A  SCOP d1skfa_
   85      0.4145          -0       1.174     1.564   257    4   10      0.9767    0    354     17    354     18    T0969TS197-D1.pdb:A  SCOP d1es5a_
   86      0.4145          -0       1.174     1.564   257    4   10      0.9767    0    354     17    354     18    T0969TS197-D1.pdb:A  SCOP d1j9ma_
   87      0.4145          -0       1.174     1.564   257    4   10      0.9767    0    354     17    354     18    T0969TS197-D1.pdb:A  SCOP d1es2a_
   88      0.4145          -0       1.174     1.564   257    4   10      0.9767    0    354     17    354     18    T0969TS197-D1.pdb:A  SCOP d1es4a_
   89      0.4142          -0       1.805     1.566   257    4   10      0.9767    0    354     17    354     18    T0969TS197-D1.pdb:A  SCOP d1es3a_
   90      0.4129          -0       6.639     0.000   151    4    2           1    0    354     17    156     13    T0969TS197-D1.pdb:A  SCOP d1lgta2
   91      0.4129          -0       6.639     0.000   151    4    2           1    0    354     17    156     13    T0969TS197-D1.pdb:A  SCOP d1lkda2
   92      0.4129     8.1e-15       6.914     0.000   151    4    2           1    0    354     17    156     12    T0969TS197-D1.pdb:A  SCOP d1dhya2
   93      0.4122          -0       2.728     1.276   247    5    9      0.9838    0    354     17    354     24    T0969TS197-D1.pdb:A  SCOP d1ry6a_
   94      0.4119          -0      0.7098     2.092   277    5    9      0.9819    0    354     17    354     15    T0969TS197-D1.pdb:A  SCOP d1qtn.1
   95      0.4113          -0       1.985     1.217   245    4   10      0.9878    0    354     17    354     20    T0969TS197-D1.pdb:A  SCOP d1nioa_
   96      0.4103          -0       6.639     0.000   151    4    2           1    0    354     17    157     13    T0969TS197-D1.pdb:A  SCOP d1knfa2
   97      0.4103          -0       6.639     0.000   151    4    2           1    0    354     17    157     13    T0969TS197-D1.pdb:A  SCOP d1knda2
   98      0.4103          -0       6.639     0.000   151    4    2           1    0    354     17    157     13    T0969TS197-D1.pdb:A  SCOP d1kmya2
   99      0.4103          -0       6.639     0.000   151    4    2           1    0    354     17    157     13    T0969TS197-D1.pdb:A  SCOP d1hana2
  100      0.4103          -0       6.914     0.000   151    4    2           1    0    354     17    157     13    T0969TS197-D1.pdb:A  SCOP d1eiqa2
  101      0.4103          -0       6.914     0.000   151    4    2           1    0    354     17    157     13    T0969TS197-D1.pdb:A  SCOP d1eira2
  102      0.4103          -0       6.914     0.000   151    4    2           1    0    354     17    157     13    T0969TS197-D1.pdb:A  SCOP d1eila2
  103      0.4085          -0      0.5074     1.502   253    4   10      0.9723    0    354     17    354     20    T0969TS197-D1.pdb:A  SCOP d2fbpa_
  104      0.4081          -0       1.815     1.755   262    5    8      0.9771    0    354     17    354     18    T0969TS197-D1.pdb:A  SCOP d1ymea_
  105      0.4081          -0       1.815     1.755   262    5    8      0.9771    0    354     17    354     20    T0969TS197-D1.pdb:A  SCOP d1arma_
  106      0.4081          -0       1.815     1.755   262    5    8      0.9771    0    354     17    354     18    T0969TS197-D1.pdb:A  SCOP d3cpaa_
  107      0.4081          -0       1.815     1.755   262    5    8      0.9771    0    354     17    354     18    T0969TS197-D1.pdb:A  SCOP d1iy7a_
  108      0.4071          -0       1.176     1.484   252    5   10      0.9563    0    354     17    354     23    T0969TS197-D1.pdb:A  SCOP d1bg2a_
  109      0.4071          -0       1.176     1.484   252    5   10      0.9563    0    354     17    354     23    T0969TS197-D1.pdb:A  SCOP d1bg2a_
  110      0.4071          -0       1.176     1.484   252    5   10      0.9563    0    354     17    354     23    T0969TS197-D1.pdb:A  SCOP d1bg2a_
  111      0.4046          -0       1.815     1.759   261    5    8       0.977    0    354     17    354     18    T0969TS197-D1.pdb:A  SCOP d1m4la_
  112      0.4046          -0       1.815     1.759   261    5    8       0.977    0    354     17    354     19    T0969TS197-D1.pdb:A  SCOP d1hdqa_
  113      0.4046          -0       1.815     1.759   261    5    8       0.977    0    354     17    354     18    T0969TS197-D1.pdb:A  SCOP d2ctba_
  114      0.4046          -0       1.815     1.759   261    5    8       0.977    0    354     17    354     18    T0969TS197-D1.pdb:A  SCOP d5cpaa_
  115      0.4046          -0       1.815     1.759   261    5    8       0.977    0    354     17    354     17    T0969TS197-D1.pdb:A  SCOP d1bava_
  116      0.4046          -0       1.815     1.759   261    5    8       0.977    0    354     17    354     19    T0969TS197-D1.pdb:A  SCOP d1arla_
  117      0.4044          -0      0.8544     0.560   229    5   10      0.9913    0    354     17    354     23    T0969TS197-D1.pdb:A  SCOP d1r5ja_
  118      0.4044          -0      0.8544     0.560   229    5   10      0.9913    0    354     17    354     23    T0969TS197-D1.pdb:A  SCOP d1r5ja_
  119      0.4044          -0      0.8544     0.560   229    5   10      0.9913    0    354     17    354     23    T0969TS197-D1.pdb:A  SCOP d1r5ja_
  120      0.4044          -0      0.8544     0.560   229    5   10      0.9913    0    354     17    354     23    T0969TS197-D1.pdb:A  SCOP d1r5ja_
  121      0.4011          -0       1.681     1.626   255    5   11      0.9765    0    354     17    354     25    T0969TS197-D1.pdb:A  SCOP d1v8ja_
  122      0.3979          -0      0.5622     1.626   254    4   13      0.9606    0    354     17    354     15    T0969TS197-D1.pdb:A  SCOP d1c81a_
  123      0.3889          -0      0.4834     1.652   252    4   11      0.9722    0    354     17    354     20    T0969TS197-D1.pdb:A  SCOP d1uu3a_
  124      0.3889          -0      0.4834     1.652   252    4   11      0.9722    0    354     17    354     20    T0969TS197-D1.pdb:A  SCOP d1okza_
  125      0.3889          -0      0.4834     1.652   252    4   10      0.9722    0    354     17    354     18    T0969TS197-D1.pdb:A  SCOP d1uvra_
  126      0.3866          -0       2.082     1.234   238    4    9      0.9874    0    354     17    354     20    T0969TS197-D1.pdb:A  SCOP d1ahca_
  127      0.3866          -0       2.082     1.234   238    4    9      0.9874    0    354     17    354     20    T0969TS197-D1.pdb:A  SCOP d1ahaa_
  128      0.3855          -0      0.4834     1.655   251    4   11      0.9721    0    354     17    354     20    T0969TS197-D1.pdb:A  SCOP d1h1wa_
  129      0.3825          -0    0.009138     1.596   248    4   11      0.9637    0    354     17    354     19    T0969TS197-D1.pdb:A  SCOP d1i4ea_
  130      0.3809          -0       2.244     1.582   247    5   13      0.9717    0    354     17    354     24    T0969TS197-D1.pdb:A  SCOP d1idma_
  131        0.38          -0      0.6881     1.840   256    4    9      0.9688    0    354     17    354     12    T0969TS197-D1.pdb:A  SCOP d1kxga_
  132        0.38          -0      0.6881     1.840   256    4    9      0.9688    0    354     17    354     12    T0969TS197-D1.pdb:A  SCOP d1osga_
  133      0.3788          -0      0.6056     1.418   241    4   11      0.9751    0    354     17    354     18    T0969TS197-D1.pdb:A  SCOP d1puua_
  134      0.3788          -0      0.6056     1.418   241    4   11      0.9751    0    354     17    354     19    T0969TS197-D1.pdb:A  SCOP d1puma_
  135      0.3787          -0      0.4103     1.573   246    5   11      0.9837    0    354     17    354     21    T0969TS197-D1.pdb:A  SCOP d1qtra_
  136      0.3787          -0      0.4834     1.661   249    4   11      0.9719    0    354     17    354     20    T0969TS197-D1.pdb:A  SCOP d1uu9a_
  137      0.3787          -0      0.4834     1.661   249    4   11      0.9719    0    354     17    354     20    T0969TS197-D1.pdb:A  SCOP d1uu7a_
  138      0.3776          -0      0.9295     1.989   261    4   10      0.9617    0    354     17    354     14    T0969TS197-D1.pdb:A  SCOP d1fy9a_
  139      0.3776          -0     0.03501     1.672   249    4   11      0.9679    0    354     17    354     13    T0969TS197-D1.pdb:A  SCOP d1is7a_
  140      0.3743          -0      0.9514     1.993   260    4   10      0.9615    0    354     17    354     16    T0969TS197-D1.pdb:A  SCOP d1kida_
  141      0.3723          -0       1.548     1.803   252    4   10      0.9881    0    354     17    354     20    T0969TS197-D1.pdb:A  SCOP d1o7ea_
  142      0.3719          -0      0.4103     1.580   244    5   11      0.9836    0    354     17    354     21    T0969TS197-D1.pdb:A  SCOP d1wm1a_
  143      0.3718          -0       2.713     0.827   193    4   11      0.9845    0    354     17    263     15    T0969TS197-D1.pdb:A  SCOP d1w7va2
  144      0.3718          -0       2.713     0.827   193    4   11      0.9845    0    354     17    263     15    T0969TS197-D1.pdb:A  SCOP d1wbqa2
  145      0.3687          -0     0.03643     1.427   238    4   12      0.9748    0    354     17    354     18    T0969TS197-D1.pdb:A  SCOP d1sz6a_
  146      0.3666          -0      0.6428     1.959   256    4   11      0.9609    0    354     17    354     11    T0969TS197-D1.pdb:A  SCOP d1mkpa_
  147      0.3654          -0       1.815     1.701   246    4    9      0.9837    0    354     17    354     19    T0969TS197-D1.pdb:A  SCOP d1bzaa_
  148      0.3621          -0       2.045     1.705   245    4    9      0.9837    0    354     17    354     16    T0969TS197-D1.pdb:A  SCOP d1buea_
  149      0.3621          -0       2.045     1.705   245    4    9      0.9837    0    354     17    354     16    T0969TS197-D1.pdb:A  SCOP d1bula_
  150      0.3617          -0      0.5529     1.900   252    4    7      0.9802    0    354     17    354     12    T0969TS197-D1.pdb:A  SCOP d1umha_
  151      0.3617          -0      0.5529     1.900   252    4    7      0.9802    0    354     17    354     12    T0969TS197-D1.pdb:A  SCOP d1umia_
  152      0.3586          -0       2.372     0.834   190    4   11      0.9842    0    354     17    264     15    T0969TS197-D1.pdb:A  SCOP d1m35a2
  153      0.3573          -0       1.536     1.966   253    4   11      0.9881    0    354     17    354     19    T0969TS197-D1.pdb:A  SCOP d1blpa_
  154      0.3573          -0       1.536     1.966   253    4   11      0.9881    0    354     17    354     20    T0969TS197-D1.pdb:A  SCOP d1blha_
  155      0.3573          -0       1.536     1.966   253    4   11      0.9881    0    354     17    354     19    T0969TS197-D1.pdb:A  SCOP d1ghia_
  156      0.3573          -0       1.536     1.966   253    4   11      0.9881    0    354     17    354     20    T0969TS197-D1.pdb:A  SCOP d1kgga_
  157      0.3573          -0       1.536     1.966   253    4   11      0.9881    0    354     17    354     20    T0969TS197-D1.pdb:A  SCOP d1kgea_
  158      0.3573          -0       1.536     1.966   253    4   11      0.9881    0    354     17    354     20    T0969TS197-D1.pdb:A  SCOP d1ghma_
  159      0.3573          -0       1.536     1.966   253    4   11      0.9881    0    354     17    354     20    T0969TS197-D1.pdb:A  SCOP d3blma_
  160      0.3573          -0       1.536     1.966   253    4   11      0.9881    0    354     17    354     20    T0969TS197-D1.pdb:A  SCOP d1djaa_
  161       0.356          -0       2.372     0.836   189    4   11      0.9841    0    354     17    263     15    T0969TS197-D1.pdb:A  SCOP d2bhca2
  162       0.356          -0       2.372     0.836   189    4   11      0.9841    0    354     17    263     15    T0969TS197-D1.pdb:A  SCOP d1w2ma2
  163       0.356          -0       2.372     0.836   189    4   11      0.9841    0    354     17    263     15    T0969TS197-D1.pdb:A  SCOP d2bh3a2
  164       0.356          -0       2.372     0.836   189    4   11      0.9841    0    354     17    263     15    T0969TS197-D1.pdb:A  SCOP d2bn7a2
  165       0.356          -0       2.372     0.836   189    4   11      0.9841    0    354     17    263     15    T0969TS197-D1.pdb:A  SCOP d2bhda2
  166      0.3541          -0       1.536     1.970   252    4   11      0.9881    0    354     17    354     20    T0969TS197-D1.pdb:A  SCOP d1blca_
  167      0.3541          -0       1.536     1.970   252    4   11      0.9881    0    354     17    354     20    T0969TS197-D1.pdb:A  SCOP d1kgfa_
  168      0.3541          -0       1.524     1.970   252    4   11      0.9881    0    354     17    354     20    T0969TS197-D1.pdb:A  SCOP d1djba_
  169      0.3541          -0       1.524     1.970   252    4   11      0.9881    0    354     17    354     20    T0969TS197-D1.pdb:A  SCOP d1djca_
  170      0.3541          -0       1.524     1.970   252    4   11      0.9881    0    354     17    354     20    T0969TS197-D1.pdb:A  SCOP d1ghpa_
  171       0.354          -0       1.419     1.970   252    4   10      0.9881    0    354     17    354     16    T0969TS197-D1.pdb:A  SCOP d1jwza_
  172       0.354          -0       1.668     1.970   252    5   10      0.9881    0    354     17    354     18    T0969TS197-D1.pdb:A  SCOP d1nxya_
  173      0.3527          -0     0.02883     1.400   232    4   11      0.9784    0    354     17    354     18    T0969TS197-D1.pdb:A  SCOP d1onka_
  174      0.3523          -0        1.56     1.715   242    4    9      0.9835    0    354     17    354     18    T0969TS197-D1.pdb:A  SCOP d1nyma_
  175      0.3523          -0       1.273     1.715   242    4    9      0.9835    0    354     17    354     18    T0969TS197-D1.pdb:A  SCOP d1nyma_
  176      0.3519          -0      0.3378     1.830   246    4   10      0.9756    0    354     17    354     18    T0969TS197-D1.pdb:A  SCOP d1fota_
  177      0.3508          -0       1.431     1.974   251    4   10       0.988    0    354     17    354     17    T0969TS197-D1.pdb:A  SCOP d1pzpa_
  178      0.3508          -0       1.419     1.974   251    4   10       0.988    0    354     17    354     17    T0969TS197-D1.pdb:A  SCOP d1jwva_
  179      0.3508          -0       1.419     1.974   251    4   10       0.988    0    354     17    354     17    T0969TS197-D1.pdb:A  SCOP d1li0a_
  180      0.3508          -0       1.788     1.974   251    5   10       0.988    0    354     17    354     17    T0969TS197-D1.pdb:A  SCOP d1htza_
  181      0.3494          -0       2.794     0.570   213    5   11      0.9906    0    354     17    354     23    T0969TS197-D1.pdb:A  SCOP d1rlza_
  182      0.3491          -0      0.4808     1.745   242    4   10      0.9628    0    354     17    354     17    T0969TS197-D1.pdb:A  SCOP d1m6ka_
  183       0.349          -0       1.886     1.600   237    4   12      0.9831    0    354     17    354     17    T0969TS197-D1.pdb:A  SCOP d1gxwa_
  184      0.3488          -0      0.7611     0.585   213    4    5      0.9859    0    354     17    354     18    T0969TS197-D1.pdb:A  SCOP d1gq9a_
  185      0.3488          -0      0.7611     0.585   213    4    5      0.9859    0    354     17    354     19    T0969TS197-D1.pdb:A  SCOP d1h7ga_
  186      0.3488          -0      0.7611     0.585   213    4    5      0.9859    0    354     17    354     19    T0969TS197-D1.pdb:A  SCOP d1h7ta_
  187      0.3488          -0      0.7611     0.585   213    4    5      0.9859    0    354     17    354     19    T0969TS197-D1.pdb:A  SCOP d1h7fa_
  188      0.3476          -0       2.326     1.978   250    4   11       0.988    0    354     17    354     19    T0969TS197-D1.pdb:A  SCOP d1g6aa_
  189      0.3476          -0       2.326     1.978   250    4   11       0.988    0    354     17    354     19    T0969TS197-D1.pdb:A  SCOP d1g68a_
  190      0.3476          -0       1.419     1.978   250    4   10       0.988    0    354     17    354     17    T0969TS197-D1.pdb:A  SCOP d1tema_
  191      0.3476          -0       1.419     1.978   250    4   10       0.988    0    354     17    354     17    T0969TS197-D1.pdb:A  SCOP d1jwpa_
  192      0.3476          -0       1.419     1.978   250    4   10       0.988    0    354     17    354     17    T0969TS197-D1.pdb:A  SCOP d1bt5a_
  193      0.3476          -0       1.419     1.978   250    4   10       0.988    0    354     17    354     17    T0969TS197-D1.pdb:A  SCOP d1btla_
  194      0.3476          -0       1.419     1.978   250    4   10       0.988    0    354     17    354     17    T0969TS197-D1.pdb:A  SCOP d1xpba_
  195      0.3476          -0       1.655     1.978   250    5   10       0.988    0    354     17    354     16    T0969TS197-D1.pdb:A  SCOP d1axba_
  196      0.3476          -0       1.655     1.978   250    5   10       0.988    0    354     17    354     17    T0969TS197-D1.pdb:A  SCOP d1nyya_
  197      0.3476          -0       1.419     1.978   250    4   10       0.988    0    354     17    354     17    T0969TS197-D1.pdb:A  SCOP d1jvja_
  198      0.3476          -0       1.419     1.978   250    4   10       0.988    0    354     17    354     17    T0969TS197-D1.pdb:A  SCOP d1esua_
  199      0.3476          -0       1.482     1.978   250    5   10       0.988    0    354     17    354     17    T0969TS197-D1.pdb:A  SCOP d1n9ba_
  200      0.3476          -0       1.419     1.978   250    4   10       0.988    0    354     17    354     18    T0969TS197-D1.pdb:A  SCOP d1tdla_
  201      0.3476          -0       1.419     1.978   250    4   10       0.988    0    354     17    354     18    T0969TS197-D1.pdb:A  SCOP d1tdga_
  202      0.3476          -0       1.655     1.978   250    5   10       0.988    0    354     17    354     17    T0969TS197-D1.pdb:A  SCOP d1vm1a_
  203      0.3476          -0      0.6289     1.978   250    4   10       0.988    0    354     17    354     16    T0969TS197-D1.pdb:A  SCOP d1rcja_
  204      0.3476          -0       1.419     1.978   250    4   10       0.988    0    354     17    354     17    T0969TS197-D1.pdb:A  SCOP d1ck3a_
  205      0.3467          -0       2.805     2.797   285    4    8      0.9789    0    354     17    354     11    T0969TS197-D1.pdb:A  SCOP d1bxda_
  206      0.3458          -0       2.035     1.722   240    4    9      0.9833    0    354     17    354     16    T0969TS197-D1.pdb:A  SCOP d1axba_
  207      0.3458          -0       2.035     1.722   240    4    9      0.9833    0    354     17    354     16    T0969TS197-D1.pdb:A  SCOP d1rcja_
  208      0.3457          -0       1.204     1.603   236    4   12      0.9831    0    354     17    354     18    T0969TS197-D1.pdb:A  SCOP d1kl6a_
  209      0.3444          -0       1.419     1.982   249    4   10       0.988    0    354     17    354     17    T0969TS197-D1.pdb:A  SCOP d1pzoa_
  210      0.3444          -0       1.419     1.982   249    4   10       0.988    0    354     17    354     17    T0969TS197-D1.pdb:A  SCOP d1li9a_
  211      0.3444          -0       1.176     2.034   251    4   11      0.9721    0    354     17    354     20    T0969TS197-D1.pdb:A  SCOP d1pioa_
  212      0.3444          -0       1.176     2.034   251    4   11      0.9721    0    354     17    354     19    T0969TS197-D1.pdb:A  SCOP d1iyoa_
  213      0.3437          -0      0.2811     0.551   211    4    6      0.9858    0    354     17    354     19    T0969TS197-D1.pdb:A  SCOP d1jg3a_
  214      0.3437          -0      0.4348     0.551   211    4    6      0.9858    0    354     17    354     13    T0969TS197-D1.pdb:A  SCOP d3cnaa_
  215      0.3437          -0      0.4348     0.551   211    4    6      0.9858    0    354     17    354     13    T0969TS197-D1.pdb:A  SCOP d3cnaa_
  216      0.3437          -0      0.3163     0.551   211    4    6      0.9858    0    354     17    354     16    T0969TS197-D1.pdb:A  SCOP d1mvqa_
  217      0.3437          -0      0.2811     0.551   211    4    6      0.9858    0    354     17    354     18    T0969TS197-D1.pdb:A  SCOP d1r18a_
  218      0.3437          -0      0.3163     0.551   211    4    6      0.9858    0    354     17    354     16    T0969TS197-D1.pdb:A  SCOP d1mvqa_
  219      0.3426          -0       3.354     1.725   239    4    9      0.9833    0    354     17    354     16    T0969TS197-D1.pdb:A  SCOP d1eroa_
  220      0.3425          -0       1.805     1.725   239    4    9      0.9833    0    354     17    354     16    T0969TS197-D1.pdb:A  SCOP d1lhya_
  221      0.3424          -0       1.795     1.607   235    4   12       0.983    0    354     17    354     17    T0969TS197-D1.pdb:A  SCOP d1qf2a_
  222      0.3412          -0       1.176     2.038   250    4   11       0.972    0    354     17    354     19    T0969TS197-D1.pdb:A  SCOP d1bzaa_
  223      0.3381          -0        1.56     1.989   247    4   11      0.9879    0    354     17    354     17    T0969TS197-D1.pdb:A  SCOP d1onga_
  224      0.3381          -0        1.56     1.989   247    4   11      0.9879    0    354     17    354     17    T0969TS197-D1.pdb:A  SCOP d1q2pa_
  225      0.3381          -0        1.56     1.989   247    4   11      0.9879    0    354     17    354     17    T0969TS197-D1.pdb:A  SCOP d1shva_
  226       0.338          -0       1.199     2.043   249    4   10      0.9719    0    354     17    354     17    T0969TS197-D1.pdb:A  SCOP d1jtda_
  227      0.3379          -0      0.7697     1.327   225    4   10      0.9644    0    354     17    354     10    T0969TS197-D1.pdb:A  SCOP d1mh6a_
  228      0.3376          -0       2.477     1.803   240    4    9       0.975    0    354     17    354     19    T0969TS197-D1.pdb:A  SCOP d1g6aa_
  229      0.3376          -0       2.477     1.803   240    4    9       0.975    0    354     17    354     19    T0969TS197-D1.pdb:A  SCOP d1g68a_
  230      0.3368          -0       1.314     2.028   248    5   15      0.9637    0    354     17    354     25    T0969TS197-D1.pdb:A  SCOP d4mbpa_
  231      0.3361          -0       2.045     1.929   244    4    9      0.9836    0    354     17    354     19    T0969TS197-D1.pdb:A  SCOP d1iysa_
  232      0.3349          -0       2.379     2.047   248    5   10      0.9718    0    354     17    354     17    T0969TS197-D1.pdb:A  SCOP d1s0wa_
  233      0.3349          -0       1.199     2.047   248    4   10      0.9718    0    354     17    354     17    T0969TS197-D1.pdb:A  SCOP d1jtga_
  234      0.3346          -0       2.055     1.748   237    4    9      0.9747    0    354     17    354     20    T0969TS197-D1.pdb:A  SCOP d1bo1a_
  235      0.3331          -0       2.617     1.613   232    4    9      0.9784    0    354     17    354     18    T0969TS197-D1.pdb:A  SCOP d1dc1a_
  236      0.3329          -0       1.916     1.933   243    4    8      0.9835    0    354     17    354     16    T0969TS197-D1.pdb:A  SCOP d1dy6a_
  237      0.3318          -0       1.199     2.051   247    4   10      0.9717    0    354     17    354     17    T0969TS197-D1.pdb:A  SCOP d1fqga_
  238      0.3318          -0       1.199     2.051   247    4   10      0.9717    0    354     17    354     17    T0969TS197-D1.pdb:A  SCOP d1erqa_
  239      0.3318          -0       1.199     2.051   247    4   10      0.9717    0    354     17    354     17    T0969TS197-D1.pdb:A  SCOP d1erma_
  240      0.3287          -0       2.566     2.055   246    5   10      0.9715    0    354     17    354     16    T0969TS197-D1.pdb:A  SCOP d1eroa_
  241      0.3286          -0      0.5182     2.331   257    5   11      0.9572    0    354     17    354     22    T0969TS197-D1.pdb:A  SCOP d1odza_
  242      0.3286          -0      0.5182     2.331   257    5   11      0.9572    0    354     17    354     22    T0969TS197-D1.pdb:A  SCOP d1gvya_
  243       0.327          -0      0.4415     2.465   262    4   10      0.9656    0    354     17    354     20    T0969TS197-D1.pdb:A  SCOP d1ktaa_
  244      0.3257          -0    0.009184     1.366   222    4    9      0.9865    0    354     17    354     16    T0969TS197-D1.pdb:A  SCOP d1f5qa_
  245      0.3256          -0      0.5182     2.336   256    5   11       0.957    0    354     17    354     22    T0969TS197-D1.pdb:A  SCOP d1gw1a_
  246      0.3253          -0       3.451     0.801   209    4    5      0.9904    0    354     17    354     20    T0969TS197-D1.pdb:A  SCOP d1bo1a_
  247      0.3253          -0       2.661     0.801   209    4    5      0.9904    0    354     17    354     20    T0969TS197-D1.pdb:A  SCOP d1bo1a_
  248      0.3247          -0     0.08278     2.369   257    4   11      0.9533    0    354     17    354     17    T0969TS197-D1.pdb:A  SCOP d1bkoa_
  249       0.324          -0     0.07036     2.470   261    4   10      0.9655    0    354     17    354     20    T0969TS197-D1.pdb:A  SCOP d1ekva_
  250      0.3237          -0        1.21     1.861   237    6   14       0.962    0    354     17    354     25    T0969TS197-D1.pdb:A  SCOP d1w0da_
  251      0.3237          -0        1.21     1.861   237    5   14       0.962    0    354     17    354     25    T0969TS197-D1.pdb:A  SCOP d1w0da_
  252      0.3205          -0       2.193     1.949   239    4    9      0.9833    0    354     17    354     16    T0969TS197-D1.pdb:A  SCOP d1jwza_
  253      0.3184          -0       1.372     1.274   217    5   11      0.9816    0    354     17    354     25    T0969TS197-D1.pdb:A  SCOP d1v8ka_
  254      0.3171          -0       2.381     1.290   217    5   11      0.9724    0    354     17    354     22    T0969TS197-D1.pdb:A  SCOP d1jpha_
  255       0.317          -0       1.571     2.144   245    5   12      0.9796    0    354     17    354     25    T0969TS197-D1.pdb:A  SCOP d1g2ua_
  256       0.317          -0       1.524     2.144   245    5   12      0.9796    0    354     17    354     25    T0969TS197-D1.pdb:A  SCOP d1gc9a_
  257      0.3157          -0     0.08278     2.382   254    4   11      0.9528    0    354     17    354     18    T0969TS197-D1.pdb:A  SCOP d1b02a_
  258      0.3151          -0       3.807     1.095   157    4    7      0.9554    0    354     17    195     13    T0969TS197-D1.pdb:A  SCOP d1yj5a1
  259      0.3137          -0      0.9313     2.522   259    5   12      0.9344    0    354     17    354     18    T0969TS197-D1.pdb:A  SCOP d1ne7a_
  260      0.3107          -0       1.029     1.855   232    4    9      0.9655    0    354     17    354     20    T0969TS197-D1.pdb:A  SCOP d2fbpa_
  261      0.3104          -0       1.508     1.517   221    4    8      0.9819    0    354     17    354     17    T0969TS197-D1.pdb:A  SCOP d1ulba_
  262      0.3104          -0       1.508     1.517   221    4    8      0.9819    0    354     17    354     17    T0969TS197-D1.pdb:A  SCOP d1ulba_
  263      0.3061          -0       2.501     2.017   236    5   11      0.9746    0    354     17    354     24    T0969TS197-D1.pdb:A  SCOP d1qyia_
  264      0.3058          -0       2.165     2.805   268    5   11      0.9776    0    354     17    354     22    T0969TS197-D1.pdb:A  SCOP d1oxwa_
  265      0.3058          -0     0.02064     1.965   234    4    8      0.9829    0    354     17    354     18    T0969TS197-D1.pdb:A  SCOP d1h28a_
  266      0.3058          -0     0.02064     1.965   234    4    8      0.9829    0    354     17    354     18    T0969TS197-D1.pdb:A  SCOP d1pf8a_
  267      0.3057          -0      0.4888     2.553   257    5    9      0.9455    0    354     17    354     14    T0969TS197-D1.pdb:A  SCOP d1fyaa_
  268      0.3031          -0     0.01241     1.791   227    4   11      0.9692    0    354     17    354     17    T0969TS197-D1.pdb:A  SCOP d1ddua_
  269      0.3024          -0       1.575     2.110   238    5   11       0.979    0    354     17    354     13    T0969TS197-D1.pdb:A  SCOP d1q0pa_
  270       0.301          -0       1.689     1.988   233    4   10        0.97    0    354     17    354     18    T0969TS197-D1.pdb:A  SCOP d1uvra_
  271      0.3001          -0     0.01241     1.795   226    4   11       0.969    0    354     17    354     18    T0969TS197-D1.pdb:A  SCOP d1syna_
  272      0.3001          -0     0.01241     1.795   226    4   11       0.969    0    354     17    354     18    T0969TS197-D1.pdb:A  SCOP d2bbqa_
  273      0.2983          -0       1.314     1.529   217    4    8      0.9816    0    354     17    354     15    T0969TS197-D1.pdb:A  SCOP d1ulaa_
  274       0.298          -0       1.689     1.993   232    4   10      0.9698    0    354     17    354     20    T0969TS197-D1.pdb:A  SCOP d1uu3a_
  275       0.298          -0       2.366     1.993   232    4   10      0.9698    0    354     17    354     20    T0969TS197-D1.pdb:A  SCOP d1h1wa_
  276       0.298          -0       1.689     1.993   232    4   10      0.9698    0    354     17    354     20    T0969TS197-D1.pdb:A  SCOP d1okza_
  277      0.2977          -0    0.002287     1.792   225    4    9      0.9689    0    354     17    354     15    T0969TS197-D1.pdb:A  SCOP d1ybfa_
  278      0.2976          -0       1.973     0.540   146    4    9      0.9795    0    354     17    196     13    T0969TS197-D1.pdb:A  SCOP d1lfwa2
  279      0.2972          -0     0.01241     1.799   225    4   10      0.9689    0    354     17    354     18    T0969TS197-D1.pdb:A  SCOP d1tdua_
  280      0.2967          -0       2.067     1.846   201    4   10      0.9502    0    354     17    279     18    T0969TS197-D1.pdb:A  SCOP d1z01a2
  281      0.2947          -0       2.407     2.826   264    5   11      0.9773    0    354     17    354     22    T0969TS197-D1.pdb:A  SCOP d1oxwa_
  282      0.2942          -0       2.126     1.892   227    5    7       0.978    0    354     17    354     24    T0969TS197-D1.pdb:A  SCOP d1eqca_
  283      0.2942          -0       2.126     1.892   227    5    7       0.978    0    354     17    354     24    T0969TS197-D1.pdb:A  SCOP d1eqpa_
  284      0.2942          -0     0.01241     1.803   224    4   10      0.9688    0    354     17    354     18    T0969TS197-D1.pdb:A  SCOP d2tsca_
  285      0.2934          -0     0.04812     1.486   214    6   11       0.986    0    354     17    354     22    T0969TS197-D1.pdb:A  SCOP d1xfka_
  286      0.2922          -0       1.689     2.001   230    4   10      0.9696    0    354     17    354     20    T0969TS197-D1.pdb:A  SCOP d1uu9a_
  287      0.2922          -0       1.689     2.001   230    4   10      0.9696    0    354     17    354     20    T0969TS197-D1.pdb:A  SCOP d1uu7a_
  288      0.2921          -0      0.1952     1.944   228    6   14      0.9342    0    354     17    354     24    T0969TS197-D1.pdb:A  SCOP d1wpwa_
  289      0.2908          -0     0.00411     1.930   227    4   10      0.9559    0    354     17    354     17    T0969TS197-D1.pdb:A  SCOP d1oe6a_
  290      0.2902          -0      0.7387     1.966   228    4    9      0.9605    0    354     17    354     18    T0969TS197-D1.pdb:A  SCOP d1j9ma_
  291      0.2902          -0      0.7387     1.966   228    4    9      0.9605    0    354     17    354     18    T0969TS197-D1.pdb:A  SCOP d1es5a_
  292      0.2898          -0      0.2443     1.883   225    5   10      0.9644    0    354     17    354     23    T0969TS197-D1.pdb:A  SCOP d1eyia_
  293      0.2898          -0      0.2443     1.883   225    5   10      0.9644    0    354     17    354     24    T0969TS197-D1.pdb:A  SCOP d1cnqa_
  294      0.2884          -0   0.0003414     2.586   251    4   11      0.9522    0    354     17    354     12    T0969TS197-D1.pdb:A  SCOP d1p4pa_
  295      0.2876          -0       1.501     1.304   207    5   11      0.9807    0    354     17    354     25    T0969TS197-D1.pdb:A  SCOP d1v8ja_
  296      0.2873          -0      0.2781     2.694   255    5    9      0.9686    0    354     17    354     15    T0969TS197-D1.pdb:A  SCOP d1qtn.1
  297      0.2861          -0      0.6001     2.012   228    5   15      0.9605    0    354     17    354     23    T0969TS197-D1.pdb:A  SCOP d1eqna_
  298      0.2846          -0        1.89     1.914   224    5   10      0.9688    0    354     17    354     24    T0969TS197-D1.pdb:A  SCOP d1ry6a_
  299      0.2838          -0      0.2683     1.863   222    4   12       0.955    0    354     17    354     16    T0969TS197-D1.pdb:A  SCOP d1o0ra_
  300      0.2836          -0    0.006498     2.097   230    4    9      0.9609    0    354     17    354     19    T0969TS197-D1.pdb:A  SCOP d1i4ea_
  301      0.2833          -0      0.4415     2.016   227    5   16      0.9604    0    354     17    354     24    T0969TS197-D1.pdb:A  SCOP d1dd9a_
  302      0.2831          -0     0.09914     1.716   217    4    5      0.9862    0    354     17    354     14    T0969TS197-D1.pdb:A  SCOP d1iaea_
  303      0.2831          -0     0.09914     1.716   217    4    5      0.9862    0    354     17    354     13    T0969TS197-D1.pdb:A  SCOP d1iada_
  304      0.2831          -0     0.09914     1.716   217    4    5      0.9862    0    354     17    354     13    T0969TS197-D1.pdb:A  SCOP d1qjia_
  305      0.2831          -0     0.09914     1.716   217    4    5      0.9862    0    354     17    354     14    T0969TS197-D1.pdb:A  SCOP d1iaca_
  306      0.2831          -0     0.09914     1.716   217    4    5      0.9862    0    354     17    354     13    T0969TS197-D1.pdb:A  SCOP d1iaaa_
  307      0.2831          -0     0.09914     1.716   217    4    5      0.9862    0    354     17    354     13    T0969TS197-D1.pdb:A  SCOP d1qjja_
  308      0.2831          -0     0.09914     1.716   217    4    5      0.9862    0    354     17    354     13    T0969TS197-D1.pdb:A  SCOP d1iaba_
  309      0.2831          -0     0.09914     1.716   217    4    5      0.9862    0    354     17    354     14    T0969TS197-D1.pdb:A  SCOP d1asta_
  310      0.2823          -0      0.3513     1.850   221    4   10      0.9683    0    354     17    354     18    T0969TS197-D1.pdb:A  SCOP d1fota_
  311      0.2823          -0       3.343     0.000   117    4    2           1    0    354     17    137     15    T0969TS197-D1.pdb:A  SCOP d1hkwa1
  312      0.2823          -0       3.343     0.000   117    4    2           1    0    354     17    137     15    T0969TS197-D1.pdb:A  SCOP d1hkwa1
  313      0.2816          -0      0.3536     2.562   247    5   10      0.9595    0    354     17    354     15    T0969TS197-D1.pdb:A  SCOP d1xdga_
  314      0.2816          -0      0.3453     2.562   247    5   10      0.9595    0    354     17    354     15    T0969TS197-D1.pdb:A  SCOP d1xdda_
  315      0.2809          -0      0.4463     2.289   236    5   11      0.9576    0    354     17    354     25    T0969TS197-D1.pdb:A  SCOP d1mhm.1
  316        0.28          -0       2.044     2.979   264    4    8      0.9735    0    354     17    354     11    T0969TS197-D1.pdb:A  SCOP d1id0a_
  317      0.2786          -0       1.504     2.667   250    5    7        0.98    0    354     17    354     17    T0969TS197-D1.pdb:A  SCOP d1jfra_
  318      0.2768          -0      0.2269     2.413   239    4   12      0.9665    0    354     17    354     16    T0969TS197-D1.pdb:A  SCOP d1sw6a_
  319      0.2755          -0       1.762     1.659   183    4   11      0.9672    0    354     17    263     15    T0969TS197-D1.pdb:A  SCOP d2bhca2
  320      0.2755          -0       1.762     1.659   183    4   11      0.9672    0    354     17    263     15    T0969TS197-D1.pdb:A  SCOP d2bn7a2
  321      0.2755          -0       1.762     1.659   183    4   11      0.9672    0    354     17    263     15    T0969TS197-D1.pdb:A  SCOP d2bh3a2
  322      0.2727          -0     0.00107     1.936   220    4   10      0.9727    0    354     17    354     18    T0969TS197-D1.pdb:A  SCOP d1onka_
  323       0.272          -0       3.202     1.895   176    4   10      0.9545    0    354     17    230     14    T0969TS197-D1.pdb:A  SCOP d1sqda2
  324      0.2716          -0       1.007     2.496   240    4   10       0.975    0    354     17    354     19    T0969TS197-D1.pdb:A  SCOP d1o6la_
  325      0.2716          -0       1.007     2.496   240    4   10       0.975    0    354     17    354     18    T0969TS197-D1.pdb:A  SCOP d1o6ka_
  326      0.2702          -0   0.0001011     2.855   254    5   11      0.9685    0    354     17    354     15    T0969TS197-D1.pdb:A  SCOP d1qtn.1
  327      0.2696          -0       2.629     2.364   234    4    7      0.9701    0    354     17    354     11    T0969TS197-D1.pdb:A  SCOP d1r54a_
  328      0.2696          -0       2.629     2.364   234    4    7      0.9701    0    354     17    354     12    T0969TS197-D1.pdb:A  SCOP d1r55a_
  329      0.2685          -0      0.4896     1.896   217    4   12      0.9539    0    354     17    354     15    T0969TS197-D1.pdb:A  SCOP d1c81a_
  330      0.2684          -0   0.0001431     2.731   248    4   10      0.9677    0    354     17    354     15    T0969TS197-D1.pdb:A  SCOP d1qtn.1
  331      0.2683          -0    0.008131     1.707   211    4   11      0.9526    0    354     17    354     18    T0969TS197-D1.pdb:A  SCOP d1sz6a_
  332      0.2683          -0    0.002287     1.989   220    4   10      0.9682    0    354     17    354     18    T0969TS197-D1.pdb:A  SCOP d1sz6a_
  333      0.2659          -0      0.8539     2.105   223    4    9      0.9552    0    354     17    354     18    T0969TS197-D1.pdb:A  SCOP d1es4a_
  334      0.2659          -0      0.8539     2.105   223    4    9      0.9552    0    354     17    354     18    T0969TS197-D1.pdb:A  SCOP d1esia_
  335      0.2659          -0      0.8539     2.105   223    4    9      0.9552    0    354     17    354     18    T0969TS197-D1.pdb:A  SCOP d1j9ma_
  336      0.2659          -0      0.8539     2.105   223    4    9      0.9552    0    354     17    354     18    T0969TS197-D1.pdb:A  SCOP d1skfa_
  337      0.2659          -0      0.8539     2.105   223    4    9      0.9552    0    354     17    354     18    T0969TS197-D1.pdb:A  SCOP d1es5a_
  338      0.2653          -0      0.5716     2.643   243    4    8       0.963    0    354     17    354     19    T0969TS197-D1.pdb:A  SCOP d1i7ea_
  339      0.2624          -0     0.01869     1.686   208    6   11      0.9615    0    354     17    354     24    T0969TS197-D1.pdb:A  SCOP d1qo5a_
  340      0.2616          -0      0.9955     2.684   236    4   10      0.9746    0    354     17    334     20    T0969TS197-D1.pdb:A  SCOP d2uw9a1
  341      0.2613          -0      0.1014     2.015   199    5   15      0.9598    0    354     17    295     23    T0969TS197-D1.pdb:A  SCOP d1t1ea1
  342      0.2611          -0       1.689     2.383   231    4    8       0.961    0    354     17    354     18    T0969TS197-D1.pdb:A  SCOP d1hxna_
  343      0.2607          -0      0.1709     2.306   228    4   10      0.9561    0    354     17    354     20    T0969TS197-D1.pdb:A  SCOP d1h1wa_
  344      0.2607          -0      0.1709     2.306   228    4   10      0.9561    0    354     17    354     20    T0969TS197-D1.pdb:A  SCOP d1okza_
  345      0.2591          -0       2.023     2.740   228    5   11      0.9605    0    354     17    309     18    T0969TS197-D1.pdb:A  SCOP d1jdfa1
  346      0.2584          -0      0.3133     1.900   213    4   12      0.9531    0    354     17    354     16    T0969TS197-D1.pdb:A  SCOP d1tw1a_
  347       0.258          -0       1.444     2.473   212    5   12      0.9434    0    354     17    293     25    T0969TS197-D1.pdb:A  SCOP d2b9ea1
  348      0.2569          -0   0.0001469     2.690   241    5   11      0.9419    0    354     17    354     17    T0969TS197-D1.pdb:A  SCOP d1u7fa_
  349      0.2563          -0       1.131     2.746   227    5   12      0.9604    0    354     17    309     18    T0969TS197-D1.pdb:A  SCOP d1ec9a1
  350      0.2557          -0    0.001268     2.474   232    5    9      0.9526    0    354     17    354     25    T0969TS197-D1.pdb:A  SCOP d1iuca_
  351      0.2557          -0    0.001268     2.474   232    5    9      0.9526    0    354     17    354     25    T0969TS197-D1.pdb:A  SCOP d1iuba_
  352      0.2557          -0    0.001268     2.474   232    5    9      0.9526    0    354     17    354     25    T0969TS197-D1.pdb:A  SCOP d1ofza_
  353      0.2554          -0      0.1709     2.316   226    4   10      0.9558    0    354     17    354     20    T0969TS197-D1.pdb:A  SCOP d1uu7a_
  354      0.2552          -0     0.05925     2.291   225    4   11      0.9511    0    354     17    354     20    T0969TS197-D1.pdb:A  SCOP d1leva_
  355      0.2519          -0      0.9624     2.162   219    4   11      0.9726    0    354     17    354     16    T0969TS197-D1.pdb:A  SCOP d1gzoa_
  356      0.2516          -0     0.04327     2.469   230    5   10       0.987    0    354     17    354     21    T0969TS197-D1.pdb:A  SCOP d1ls6a_
  357      0.2512          -0    0.009443     1.702   204    6   11      0.9608    0    354     17    354     22    T0969TS197-D1.pdb:A  SCOP d1ewea_
  358      0.2512          -0     0.01869     1.702   204    6   11      0.9608    0    354     17    354     22    T0969TS197-D1.pdb:A  SCOP d4alda_
  359      0.2512          -0       1.164     2.528   232    6    8      0.9569    0    354     17    354     19    T0969TS197-D1.pdb:A  SCOP d4cpaa_
  360      0.2512          -0        1.04     2.528   232    6    8      0.9569    0    354     17    354     17    T0969TS197-D1.pdb:A  SCOP d2ctca_
  361      0.2512          -0        1.04     2.528   232    6    8      0.9569    0    354     17    354     17    T0969TS197-D1.pdb:A  SCOP d1cbxa_
  362      0.2512          -0        1.04     2.528   232    6    8      0.9569    0    354     17    354     17    T0969TS197-D1.pdb:A  SCOP d8cpaa_
  363      0.2511          -0       1.293     2.229   221    5   11      0.9683    0    354     17    354     24    T0969TS197-D1.pdb:A  SCOP d1wpwa_
  364      0.2511          -0      0.5182     3.122   256    5   12      0.9648    0    354     17    354     25    T0969TS197-D1.pdb:A  SCOP d1v8ka_
  365      0.2511          -0     0.00308     1.772   206    6   11      0.9417    0    354     17    354     23    T0969TS197-D1.pdb:A  SCOP d1fbaa_
  366      0.2504          -0       2.917     2.817   243    4    7      0.9753    0    354     17    354     18    T0969TS197-D1.pdb:A  SCOP d1hxna_
  367      0.2503          -0       2.477     2.538   232    4   11      0.9741    0    354     17    354     19    T0969TS197-D1.pdb:A  SCOP d1o6la_
  368      0.2503          -0       2.477     2.538   232    4   11      0.9741    0    354     17    354     18    T0969TS197-D1.pdb:A  SCOP d1o6ka_
  369      0.2485          -0     0.01755     1.706   203    6   12      0.9606    0    354     17    354     23    T0969TS197-D1.pdb:A  SCOP d1ex5a_
  370      0.2485          -0     0.01869     1.706   203    6   11      0.9606    0    354     17    354     22    T0969TS197-D1.pdb:A  SCOP d6alda_
  371      0.2485          -0     0.01869     1.706   203    6   11      0.9606    0    354     17    354     22    T0969TS197-D1.pdb:A  SCOP d2alda_
  372      0.2479          -0       1.655     2.823   242    4    8      0.9876    0    354     17    354     17    T0969TS197-D1.pdb:A  SCOP d1bi8a_
  373      0.2468          -0    0.003801     2.909   245    6   14      0.9265    0    354     17    354     22    T0969TS197-D1.pdb:A  SCOP d1g0ca_
  374      0.2468          -0    0.008421     2.339   223    4    8      0.9596    0    354     17    354     18    T0969TS197-D1.pdb:A  SCOP d1v83a_
  375      0.2468          -0    0.001417     2.634   234    4    8      0.9744    0    354     17    354     15    T0969TS197-D1.pdb:A  SCOP d1qtn.1
  376      0.2466          -0   1.335e-05     2.864   243    4   11      0.9465    0    354     17    354     17    T0969TS197-D1.pdb:A  SCOP d1mk2a_
  377       0.244          -0      0.9624     2.176   216    4   12      0.9722    0    354     17    354     16    T0969TS197-D1.pdb:A  SCOP d1mrva_
  378      0.2438          -0     0.05805     2.485   227    4    9      0.9868    0    354     17    354     17    T0969TS197-D1.pdb:A  SCOP d1cjma_
  379      0.2438          -0     0.05805     2.485   227    4    9      0.9868    0    354     17    354     17    T0969TS197-D1.pdb:A  SCOP d1cjma_
  380      0.2431          -0      0.2849     2.413   224    5   10      0.9598    0    354     17    354     24    T0969TS197-D1.pdb:A  SCOP d1ry6a_
  381      0.2427          -0      0.2092     2.221   217    4   11      0.9585    0    354     17    354     18    T0969TS197-D1.pdb:A  SCOP d1uvra_
  382      0.2416          -0      0.9955     2.582   223    4    9      0.9731    0    354     17    334     20    T0969TS197-D1.pdb:A  SCOP d2jdra1
  383      0.2416          -0      0.9955     2.582   223    4    9      0.9731    0    354     17    334     20    T0969TS197-D1.pdb:A  SCOP d2uw9a1
  384      0.2416          -0      0.9955     2.582   223    4    9      0.9731    0    354     17    334     19    T0969TS197-D1.pdb:A  SCOP d2jdoa1
  385      0.2413          -0        1.76     2.623   231    4    9      0.9784    0    354     17    354     11    T0969TS197-D1.pdb:A  SCOP d1pgva_
  386      0.2413          -0      0.9624     2.181   215    4   12      0.9721    0    354     17    354     16    T0969TS197-D1.pdb:A  SCOP d1mrya_
  387      0.2402          -0     0.00308     1.789   202    6   11      0.9406    0    354     17    354     23    T0969TS197-D1.pdb:A  SCOP d1j4ea_
  388      0.2401          -0      0.2034     2.226   216    4   11      0.9583    0    354     17    354     20    T0969TS197-D1.pdb:A  SCOP d1uu3a_
  389      0.2401          -0      0.2034     2.226   216    4   11      0.9583    0    354     17    354     20    T0969TS197-D1.pdb:A  SCOP d1okza_
  390      0.2398          -0      0.1283     2.372   221    4   11      0.9548    0    354     17    354     18    T0969TS197-D1.pdb:A  SCOP d1fota_
  391      0.2391          -0   1.335e-05     2.881   240    4   11      0.9458    0    354     17    354     16    T0969TS197-D1.pdb:A  SCOP d1mjsa_
  392      0.2383          -0      0.2918     2.892   240    4    9      0.9625    0    354     17    354     18    T0969TS197-D1.pdb:A  SCOP d1hxna_
  393      0.2383          -0       2.104     2.162   213    4    9      0.9671    0    354     17    354     19    T0969TS197-D1.pdb:A  SCOP d1ozpa_
  394      0.2383          -0       2.104     2.162   213    4    9      0.9671    0    354     17    354     19    T0969TS197-D1.pdb:A  SCOP d1p0ha_
  395      0.2377          -0       1.748     2.668   231    4    9       0.974    0    354     17    354     11    T0969TS197-D1.pdb:A  SCOP d1pgva_
  396      0.2375          -0      0.2034     2.231   215    4   11      0.9581    0    354     17    354     20    T0969TS197-D1.pdb:A  SCOP d1h1wa_
  397      0.2364          -0     0.05432     2.097   210    5   13      0.9667    0    354     17    354     25    T0969TS197-D1.pdb:A  SCOP d1fmla_
  398      0.2361          -0        1.04     2.191   213    4   11      0.9718    0    354     17    354     18    T0969TS197-D1.pdb:A  SCOP d1o6ka_
  399      0.2361          -0        1.04     2.191   213    4   11      0.9718    0    354     17    354     19    T0969TS197-D1.pdb:A  SCOP d1o6la_
  400       0.236          -0   0.0007763     2.477   223    4    7      0.9686    0    354     17    354     19    T0969TS197-D1.pdb:A  SCOP d1mzva_
  401      0.2356          -0      0.2683     2.721   232    4   13      0.9569    0    354     17    354     16    T0969TS197-D1.pdb:A  SCOP d1o0ra_
  402       0.235          -0      0.4295     3.008   243    4   11       0.963    0    354     17    354     15    T0969TS197-D1.pdb:A  SCOP d1c81a_
  403      0.2345          -0      0.7886     3.232   252    4   12      0.9683    0    354     17    354     18    T0969TS197-D1.pdb:A  SCOP d1jbka_
  404      0.2338          -0     0.00421     2.899   238    6   13      0.9202    0    354     17    354     22    T0969TS197-D1.pdb:A  SCOP d1g01a_
  405      0.2334          -0      0.2923     2.698   230    4   10      0.9696    0    354     17    354     18    T0969TS197-D1.pdb:A  SCOP d1fota_
  406      0.2326          -0       1.607     3.088   245    4   10      0.9796    0    354     17    354     12    T0969TS197-D1.pdb:A  SCOP d1r55a_
  407      0.2325          -0       0.895     1.898   202    6   15      0.9752    0    354     17    354     30    T0969TS197-D1.pdb:A  SCOP d1lona_
  408      0.2325          -0       1.695     2.630   227    5    7       0.978    0    354     17    354     18    T0969TS197-D1.pdb:A  SCOP d1hdua_
  409      0.2325          -0       1.695     2.630   227    5    7       0.978    0    354     17    354     18    T0969TS197-D1.pdb:A  SCOP d1heea_
  410      0.2324          -0      0.2034     2.241   213    4   11      0.9577    0    354     17    354     20    T0969TS197-D1.pdb:A  SCOP d1uu7a_
  411      0.2324          -0      0.2034     2.241   213    4   11      0.9577    0    354     17    354     20    T0969TS197-D1.pdb:A  SCOP d1uu9a_
  412       0.231          -0       2.526     3.133   246    5    9      0.9634    0    354     17    354     23    T0969TS197-D1.pdb:A  SCOP d1sr8a_
  413      0.2306          -0      0.2903     2.681   228    5   14      0.9605    0    354     17    354     23    T0969TS197-D1.pdb:A  SCOP d1eqna_
  414      0.2306          -0       2.352     2.812   233    4   12        0.97    0    354     17    354     20    T0969TS197-D1.pdb:A  SCOP d1h1wa_
  415      0.2306          -0       1.701     2.812   233    4   12        0.97    0    354     17    354     20    T0969TS197-D1.pdb:A  SCOP d1okza_
  416      0.2306          -0        1.21     2.812   233    4   12        0.97    0    354     17    354     20    T0969TS197-D1.pdb:A  SCOP d1h1wa_
  417      0.2306          -0      0.4225     2.812   233    4   12        0.97    0    354     17    354     20    T0969TS197-D1.pdb:A  SCOP d1uu7a_
  418      0.2306          -0       1.701     2.812   233    4   12        0.97    0    354     17    354     20    T0969TS197-D1.pdb:A  SCOP d1uu7a_
  419      0.2306          -0       1.701     2.812   233    4   12        0.97    0    354     17    354     20    T0969TS197-D1.pdb:A  SCOP d1uu3a_
  420      0.2306          -0      0.4225     2.812   233    4   12        0.97    0    354     17    354     20    T0969TS197-D1.pdb:A  SCOP d1uu3a_
  421      0.2306          -0      0.4225     2.812   233    4   12        0.97    0    354     17    354     20    T0969TS197-D1.pdb:A  SCOP d1okza_
  422      0.2306          -0      0.4225     2.812   233    4   12        0.97    0    354     17    354     20    T0969TS197-D1.pdb:A  SCOP d1uu9a_
  423      0.2306          -0       1.701     2.812   233    4   12        0.97    0    354     17    354     20    T0969TS197-D1.pdb:A  SCOP d1uu9a_
  424      0.2302          -0       1.595     3.094   244    4   10      0.9795    0    354     17    354     11    T0969TS197-D1.pdb:A  SCOP d1r54a_
  425      0.2291          -0      0.1429     2.648   226    6   15      0.9469    0    354     17    354     25    T0969TS197-D1.pdb:A  SCOP d1ddea_
  426       0.229          -0       3.523     2.115   178    6    9      0.9775    0    354     17    261     23    T0969TS197-D1.pdb:A  SCOP d1cr6a2
  427       0.228          -0       1.222     2.464   186    4    9      0.9624    0    354     17    256     18    T0969TS197-D1.pdb:A  SCOP d2of4a1
  428       0.228          -0       1.222     2.464   186    4    9      0.9624    0    354     17    256     18    T0969TS197-D1.pdb:A  SCOP d2of2a1
  429       0.228          -0       1.419     2.464   186    4    9      0.9624    0    354     17    256     16    T0969TS197-D1.pdb:A  SCOP d2ofua1
  430      0.2276          -0       1.303     2.641   225    5    8      0.9778    0    354     17    354     18    T0969TS197-D1.pdb:A  SCOP d1cpxa_
  431      0.2272          -0      0.5083     3.182   246    5   12      0.9634    0    354     17    354     25    T0969TS197-D1.pdb:A  SCOP d1v8ja_
  432      0.2264          -0       1.233     2.789   230    5   11      0.9739    0    354     17    354     25    T0969TS197-D1.pdb:A  SCOP d1osja_
  433      0.2264          -0       1.233     2.789   230    5   11      0.9739    0    354     17    354     25    T0969TS197-D1.pdb:A  SCOP d1osja_
  434      0.2259          -0      0.4508     2.206   162    4   11      0.9383    0    354     17    213     14    T0969TS197-D1.pdb:A  SCOP d1bcca2
  435      0.2259          -0      0.4231     2.206   162    4   11      0.9383    0    354     17    213     14    T0969TS197-D1.pdb:A  SCOP d3bcca2
  436      0.2258          -0      0.1899     2.692   226    5   15      0.9602    0    354     17    354     24    T0969TS197-D1.pdb:A  SCOP d1dd9a_
  437      0.2242          -0       2.191     1.264   118    4    6      0.9746    0    354     17    149      9    T0969TS197-D1.pdb:A  SCOP d2ia5a1
  438      0.2242          -0       1.419     2.471   185    4    8      0.9622    0    354     17    257     18    T0969TS197-D1.pdb:A  SCOP d2hk5a1
  439      0.2235          -0      0.8591     2.448   216    5   10      0.9583    0    354     17    354     13    T0969TS197-D1.pdb:A  SCOP d1q0pa_
  440      0.2233          -0    0.001078     2.306   211    5    9      0.9526    0    354     17    354     24    T0969TS197-D1.pdb:A  SCOP d1ojia_
  441      0.2233          -0      0.2034     3.308   249    4    9      0.9679    0    354     17    354      7    T0969TS197-D1.pdb:A  SCOP d1svqa_
  442      0.2228          -0       2.138     1.907   198    4    7      0.9747    0    354     17    354     17    T0969TS197-D1.pdb:A  SCOP d1qpja_
  443      0.2227          -0      0.6881     2.515   218    5   11      0.9541    0    354     17    354     24    T0969TS197-D1.pdb:A  SCOP d1wpwa_
  444      0.2227          -0      0.6881     2.515   218    5   11      0.9541    0    354     17    354     24    T0969TS197-D1.pdb:A  SCOP d1wpwa_
  445      0.2227          -0     0.06746     2.487   217    4   10      0.9631    0    354     17    354     12    T0969TS197-D1.pdb:A  SCOP d1umia_
  446      0.2227          -0     0.06746     2.487   217    4   10      0.9631    0    354     17    354     12    T0969TS197-D1.pdb:A  SCOP d1umha_
  447      0.2225          -0       0.208     3.072   239    5   11      0.9498    0    354     17    354     18    T0969TS197-D1.pdb:A  SCOP d1jbka_
  448      0.2212          -0       2.477     2.628   215    4   10      0.9721    0    354     17    334     20    T0969TS197-D1.pdb:A  SCOP d2jdra1
  449      0.2212          -0       2.477     2.628   215    4   10      0.9721    0    354     17    334     19    T0969TS197-D1.pdb:A  SCOP d2jdoa1
  450      0.2212          -0       2.477     2.628   215    4   10      0.9721    0    354     17    334     20    T0969TS197-D1.pdb:A  SCOP d2uw9a1
  451      0.2205          -0       1.164     2.842   229    5   11      0.9694    0    354     17    354     25    T0969TS197-D1.pdb:A  SCOP d1dpza_
  452      0.2205          -0       1.164     2.842   229    5   11      0.9694    0    354     17    354     25    T0969TS197-D1.pdb:A  SCOP d1dpza_
  453      0.2203          -0      0.1727     2.740   225    5   12      0.9378    0    354     17    354     25    T0969TS197-D1.pdb:A  SCOP d1i7b.1
  454      0.2198          -0      0.8465     1.925   141    4    7      0.9574    0    354     17    181     18    T0969TS197-D1.pdb:A  SCOP d1vhoa2
  455      0.2197          -0       2.349     2.879   230    4   10       0.987    0    354     17    354     19    T0969TS197-D1.pdb:A  SCOP d1t8ua_
  456      0.2196          -0       1.935     1.637   189    5   12       0.963    0    354     17    354     24    T0969TS197-D1.pdb:A  SCOP d1idma_
  457      0.2195          -0     0.06746     2.241   207    4   11      0.9517    0    354     17    354     20    T0969TS197-D1.pdb:A  SCOP d2fbpa_
  458      0.2193          -0       1.154     2.617   220    4    9      0.9727    0    354     17    354     20    T0969TS197-D1.pdb:A  SCOP d3prna_
  459      0.2193          -0       1.154     2.617   220    4    9      0.9727    0    354     17    354     20    T0969TS197-D1.pdb:A  SCOP d6prna_
  460       0.219          -0   1.335e-05     3.653   261    4   10       0.954    0    354     17    354     10    T0969TS197-D1.pdb:A  SCOP d1h7za_
  461      0.2181          -0     0.09754     2.408   212    4   12      0.9387    0    354     17    354     16    T0969TS197-D1.pdb:A  SCOP d1o0ra_
  462      0.2179          -0      0.1542     2.497   215    4   11       0.986    0    354     17    354     19    T0969TS197-D1.pdb:A  SCOP d1s20a_
  463      0.2179          -0      0.1727     2.746   224    5   12      0.9375    0    354     17    354     25    T0969TS197-D1.pdb:A  SCOP d1i7m.1
  464      0.2175          -0      0.3453     1.919   196    4    9      0.9541    0    354     17    354     16    T0969TS197-D1.pdb:A  SCOP d1tvya_
  465      0.2175          -0     0.01988     1.919   196    4   10      0.9541    0    354     17    354     15    T0969TS197-D1.pdb:A  SCOP d1fgxa_
  466      0.2173          -0       3.514     2.138   174    6    9       0.977    0    354     17    261     23    T0969TS197-D1.pdb:A  SCOP d1cqza2
  467      0.2171          -0      0.1565     1.925   196    6   15      0.9745    0    354     17    354     30    T0969TS197-D1.pdb:A  SCOP d1mf1a_
  468      0.2168          -0       1.194     3.200   241    5   10      0.9627    0    354     17    354     11    T0969TS197-D1.pdb:A  SCOP d1pgva_
  469      0.2164          -0   4.768e-05     2.546   216    5   12      0.9398    0    354     17    354     25    T0969TS197-D1.pdb:A  SCOP d1t8qa_
  470      0.2162          -0   0.0002384     2.549   216    4   10      0.9398    0    354     17    354     13    T0969TS197-D1.pdb:A  SCOP d1b5sa_
  471      0.2155          -0   0.0001621     2.358   209    4   12       0.933    0    354     17    354     15    T0969TS197-D1.pdb:A  SCOP d1fgxa_
  472      0.2151          -0       2.173     2.891   228    4   10      0.9868    0    354     17    354     19    T0969TS197-D1.pdb:A  SCOP d1t8ta_
  473       0.215          -0      0.3453     1.924   195    4   10      0.9538    0    354     17    354     15    T0969TS197-D1.pdb:A  SCOP d1tw5a_
  474       0.215          -0      0.3453     1.924   195    4   10      0.9538    0    354     17    354     16    T0969TS197-D1.pdb:A  SCOP d1tw1a_
  475       0.215          -0     0.01869     1.924   195    4   10      0.9538    0    354     17    354     15    T0969TS197-D1.pdb:A  SCOP d1fr8a_
  476      0.2145          -0      0.5888     2.820   225    5   11      0.9733    0    354     17    354     25    T0969TS197-D1.pdb:A  SCOP d1g2ua_
  477      0.2145          -0      0.5888     2.820   225    5   11      0.9733    0    354     17    354     25    T0969TS197-D1.pdb:A  SCOP d1g2ua_
  478      0.2145          -0       2.477     2.143   173    5    9      0.9769    0    354     17    261     23    T0969TS197-D1.pdb:A  SCOP d1ek1a2
  479      0.2145          -0       2.477     2.143   173    5    9      0.9769    0    354     17    261     23    T0969TS197-D1.pdb:A  SCOP d1ek1a2
  480      0.2144          -0   0.0001049     2.602   217    4   16      0.9355    0    354     17    354     17    T0969TS197-D1.pdb:A  SCOP d1u54a_
  481      0.2143          -0     0.01349     2.093   155    4   12      0.9355    0    354     17    213     14    T0969TS197-D1.pdb:A  SCOP d1l0la2
  482       0.214          -0     0.02681     3.164   238    4   13      0.9496    0    354     17    354     11    T0969TS197-D1.pdb:A  SCOP d1io0a_
  483      0.2137          -0      0.2979     2.911   228    4   11      0.9649    0    354     17    354     16    T0969TS197-D1.pdb:A  SCOP d1ypta_
  484      0.2136          -0       1.302     2.234   204    5   15      0.9559    0    354     17    354     24    T0969TS197-D1.pdb:A  SCOP d1a7la_
  485       0.213          -0   0.0001621     2.363   208    4   12      0.9327    0    354     17    354     15    T0969TS197-D1.pdb:A  SCOP d1fr8a_
  486      0.2127          -0   0.0004063     2.683   219    5   10      0.9452    0    354     17    354     25    T0969TS197-D1.pdb:A  SCOP d1jen.3
  487      0.2127          -0   0.0004063     2.683   219    5   10      0.9452    0    354     17    354     25    T0969TS197-D1.pdb:A  SCOP d1i79.1
  488      0.2124          -0      0.3967     2.902   227    4   10      0.9559    0    354     17    354     11    T0969TS197-D1.pdb:A  SCOP d1mkpa_
  489      0.2122          -0   1.907e-06     3.087   234    5    9      0.9487    0    354     17    354     15    T0969TS197-D1.pdb:A  SCOP d1qtn.1
  490      0.2122          -0       0.104     2.905   227    4   11      0.9559    0    354     17    354     18    T0969TS197-D1.pdb:A  SCOP d1fota_
  491      0.2117          -0      0.7285     3.221   239    4    8       0.954    0    354     17    354     14    T0969TS197-D1.pdb:A  SCOP d1fy9a_
  492      0.2113          -0       2.299     2.144   200    4    9       0.975    0    354     17    354     16    T0969TS197-D1.pdb:A  SCOP d1ypta_
  493      0.2103          -0   0.0004063     2.689   218    5   10       0.945    0    354     17    354     25    T0969TS197-D1.pdb:A  SCOP d1i7m.1
  494      0.2102          -0      0.9186     3.038   231    4   12      0.9654    0    354     17    354     18    T0969TS197-D1.pdb:A  SCOP d1r7va_
