<html><head></head><body><pre style="word-wrap: break-word; white-space: pre-wrap;"> PDBe Fold v2.59. (src3) 14 Apr 2014 result file.

                   RESULT SUMMARY

   ##      Q-score      P-score     Z-score   RMSD    Nalgn Nsse Ngaps Seq-%     Nmd Nres-Q Nsse-Q Nres-T Nsse-T Query Target
    1      0.7423          -0       4.206     0.000   305    3    8           1    0    354     15    354     11    T0969TS354-D1.pdb:A  SCOP d1ygha_
    2      0.7039          -0  1.798e+308     0.000   297    3    9           1    0    354     15    354     15    T0969TS354-D1.pdb:A  SCOP d1iega_
    3      0.6804          -0  1.798e+308     0.000   292    3    6           1    0    354     15    354      6    T0969TS354-D1.pdb:A  SCOP d1a5ma_
    4      0.6804          -0  1.798e+308     0.000   292    3    6           1    0    354     15    354      6    T0969TS354-D1.pdb:A  SCOP d1ejwa_
    5      0.6804          -0  1.798e+308     0.000   292    3    6           1    0    354     15    354     11    T0969TS354-D1.pdb:A  SCOP d1bkza_
    6      0.6804          -0  1.798e+308     0.000   292    3    6           1    0    354     15    354      6    T0969TS354-D1.pdb:A  SCOP d1a5na_
    7      0.6804          -0  1.798e+308     0.000   292    3    6           1    0    354     15    354      6    T0969TS354-D1.pdb:A  SCOP d1kraa_
    8      0.6804          -0  1.798e+308     0.000   292    3    6           1    0    354     15    354     11    T0969TS354-D1.pdb:A  SCOP d4gala_
    9      0.6804          -0  1.798e+308     0.000   292    3    6           1    0    354     15    354      6    T0969TS354-D1.pdb:A  SCOP d1fwha_
   10      0.6804          -0  1.798e+308     0.000   292    3    6           1    0    354     15    354      6    T0969TS354-D1.pdb:A  SCOP d1fwja_
   11      0.6804          -0  1.798e+308     0.000   292    3    6           1    0    354     15    354      7    T0969TS354-D1.pdb:A  SCOP d1vipa_
   12      0.6804          -0  1.798e+308     0.000   292    3    6           1    0    354     15    354     15    T0969TS354-D1.pdb:A  SCOP d2pka.1
   13      0.6804          -0  1.798e+308     0.000   292    3    6           1    0    354     15    354     11    T0969TS354-D1.pdb:A  SCOP d5gala_
   14      0.6804          -0  1.798e+308     0.000   292    3    6           1    0    354     15    354      6    T0969TS354-D1.pdb:A  SCOP d2kaua_
   15      0.6804          -0  1.798e+308     0.000   292    3    6           1    0    354     15    354      6    T0969TS354-D1.pdb:A  SCOP d1ejsa_
   16      0.6804          -0  1.798e+308     0.000   292    3    6           1    0    354     15    354      6    T0969TS354-D1.pdb:A  SCOP d1ejta_
   17      0.6804          -0  1.798e+308     0.000   292    3    6           1    0    354     15    354      6    T0969TS354-D1.pdb:A  SCOP d1fwaa_
   18      0.6804          -0  1.798e+308     0.000   292    3    6           1    0    354     15    354     11    T0969TS354-D1.pdb:A  SCOP d1kb5a_
   19      0.6804          -0  1.798e+308     0.000   292    3    6           1    0    354     15    354      6    T0969TS354-D1.pdb:A  SCOP d1fwba_
   20      0.6804          -0  1.798e+308     0.000   292    3    6           1    0    354     15    354      6    T0969TS354-D1.pdb:A  SCOP d1fwca_
   21      0.6804          -0  1.798e+308     0.000   292    3    6           1    0    354     15    354      6    T0969TS354-D1.pdb:A  SCOP d1fwda_
   22      0.6573          -0       3.979     0.000   287    3    7           1    0    354     15    354     15    T0969TS354-D1.pdb:A  SCOP d1itoa_
   23      0.6436          -0  1.798e+308     0.000   284    3    8           1    0    354     15    354     10    T0969TS354-D1.pdb:A  SCOP d1vska_
   24      0.6301          -0  1.798e+308     0.000   281    3    8           1    0    354     15    354     10    T0969TS354-D1.pdb:A  SCOP d1vsma_
   25      0.6301          -0  1.798e+308     0.000   281    3    8           1    0    354     15    354     10    T0969TS354-D1.pdb:A  SCOP d1cxua_
   26      0.6256          -0       3.152     0.000   280    5   10           1    0    354     15    354     19    T0969TS354-D1.pdb:A  SCOP d1pc3a_
   27      0.6256          -0  1.798e+308     0.000   280    3    8           1    0    354     15    354     10    T0969TS354-D1.pdb:A  SCOP d1cz9a_
   28      0.6123          -0  1.798e+308     0.000   277    3    8           1    0    354     15    354     11    T0969TS354-D1.pdb:A  SCOP d1lxaa_
   29      0.6123          -0  1.798e+308     0.000   277    3    7           1    0    354     15    354      5    T0969TS354-D1.pdb:A  SCOP d1lk3a_
   30      0.6121          -0       2.535     0.855   288    3    8      0.9896    0    354     15    354     12    T0969TS354-D1.pdb:A  SCOP d1s9aa_
   31       0.611          -0       4.059     0.387   279    3   10      0.9892    0    354     15    354     14    T0969TS354-D1.pdb:A  SCOP d1udza_
   32      0.6079          -0  1.798e+308     0.000   276    3   10           1    0    354     15    354     15    T0969TS354-D1.pdb:A  SCOP d1pc8a_
   33      0.6035          -0       3.165     0.000   275    5   12           1    0    354     15    354     25    T0969TS354-D1.pdb:A  SCOP d1ouka_
   34      0.5991          -0       3.165     0.000   274    5   12           1    0    354     15    354     23    T0969TS354-D1.pdb:A  SCOP d1kv1a_
   35      0.5904          -0       2.237     0.000   272    5   12           1    0    354     15    354     22    T0969TS354-D1.pdb:A  SCOP d1bl6a_
   36      0.5817          -0  1.798e+308     0.000   270    3    8           1    0    354     15    354     10    T0969TS354-D1.pdb:A  SCOP d1jfma_
   37      0.5739          -0       3.495     0.730   276    3    8      0.9855    0    354     15    354     15    T0969TS354-D1.pdb:A  SCOP d1fica_
   38      0.5696          -0       3.495     0.731   275    3    8      0.9855    0    354     15    354     15    T0969TS354-D1.pdb:A  SCOP d1fiba_
   39      0.5696          -0       3.495     0.731   275    3    8      0.9855    0    354     15    354     15    T0969TS354-D1.pdb:A  SCOP d3fiba_
   40      0.5696          -0       3.476     0.731   275    3    9      0.9855    0    354     15    354     15    T0969TS354-D1.pdb:A  SCOP d1fida_
   41       0.559          -0       1.514     0.846   275    3    8      0.9745    0    354     15    354     12    T0969TS354-D1.pdb:A  SCOP d1srva_
   42      0.5267          -0      0.3245     1.386   283    3   11      0.9788    0    354     15    354      8    T0969TS354-D1.pdb:A  SCOP d1jd4a_
   43      0.5146          -0       2.721     1.151   272    3    7      0.9926    0    354     15    354     15    T0969TS354-D1.pdb:A  SCOP d1dfpa_
   44      0.5146          -0       2.721     1.151   272    3    7      0.9926    0    354     15    354     15    T0969TS354-D1.pdb:A  SCOP d1dica_
   45      0.5048          -0      0.2518     1.468   280    3   11      0.9643    0    354     15    354      9    T0969TS354-D1.pdb:A  SCOP d1jd6a_
   46      0.5025          -0      0.2583     0.980   264    5   15      0.9773    0    354     15    354     25    T0969TS354-D1.pdb:A  SCOP d1ofha_
   47      0.4983          -0       4.226     1.378   275    4    5      0.9891    0    354     15    354     12    T0969TS354-D1.pdb:A  SCOP d1p4pa_
   48      0.4969          -0      0.2518     1.473   278    3   11       0.964    0    354     15    354      9    T0969TS354-D1.pdb:A  SCOP d1jd5a_
   49      0.4896          -0      0.2611     0.491   251    3    7       0.988    0    354     15    354     15    T0969TS354-D1.pdb:A  SCOP d1g9fa_
   50      0.4896          -0      0.2611     0.491   251    3    7       0.988    0    354     15    354     15    T0969TS354-D1.pdb:A  SCOP d1sbfa_
   51      0.4884          -0      0.4243     0.514   251    3    7       0.992    0    354     15    354     13    T0969TS354-D1.pdb:A  SCOP d3cnaa_
   52       0.486          -0     0.04812     1.105   263    5    8      0.9886    0    354     15    354     25    T0969TS354-D1.pdb:A  SCOP d3kin.1
   53      0.4856          -0      0.7136     0.683   253    5   11       0.996    0    354     15    354     23    T0969TS354-D1.pdb:A  SCOP d1r5ja_
   54      0.4806          -0       1.395     1.122   262    3    9      0.9885    0    354     15    354     15    T0969TS354-D1.pdb:A  SCOP d1xa7a_
   55      0.4703          -0       2.232     1.403   268    4    9      0.9627    0    354     15    354     16    T0969TS354-D1.pdb:A  SCOP d1kida_
   56      0.4651          -0     0.07331     1.131   258    3    9      0.9884    0    354     15    354     15    T0969TS354-D1.pdb:A  SCOP d1xd3a_
   57      0.4627          -0      0.1043     1.522   270    3    6      0.9889    0    354     15    354     14    T0969TS354-D1.pdb:A  SCOP d1fh0a_
   58      0.4567          -0      0.8119     1.400   264    4   11      0.9621    0    354     15    354     14    T0969TS354-D1.pdb:A  SCOP d1fy9a_
   59      0.4404          -0      0.5638     1.538   264    3    8      0.9773    0    354     15    354      7    T0969TS354-D1.pdb:A  SCOP d1mzka_
   60      0.4287          -0       2.687     1.178   249    5    9      0.9799    0    354     15    354     24    T0969TS354-D1.pdb:A  SCOP d1cz1a_
   61       0.427          -0      0.8372     1.481   258    4   10      0.9767    0    354     15    354     18    T0969TS354-D1.pdb:A  SCOP d1es4a_
   62       0.427          -0      0.8372     1.481   258    4   10      0.9767    0    354     15    354     18    T0969TS354-D1.pdb:A  SCOP d1j9ma_
   63       0.427          -0      0.8372     1.481   258    4   10      0.9767    0    354     15    354     18    T0969TS354-D1.pdb:A  SCOP d1es2a_
   64       0.427          -0      0.8372     1.481   258    4   10      0.9767    0    354     15    354     18    T0969TS354-D1.pdb:A  SCOP d1es5a_
   65       0.427          -0      0.8372     1.481   258    4   10      0.9767    0    354     15    354     18    T0969TS354-D1.pdb:A  SCOP d1skfa_
   66       0.418          -0    0.007196     1.382   252    4    8      0.9762    0    354     15    354     19    T0969TS354-D1.pdb:A  SCOP d1sv6a_
   67      0.4171          -0       0.108     1.191   246    3    8      0.9715    0    354     15    354     15    T0969TS354-D1.pdb:A  SCOP d1gvca_
   68      0.4159          -0       0.507     2.038   276    3    9      0.9783    0    354     15    354      7    T0969TS354-D1.pdb:A  SCOP d1u0sa_
   69      0.4008          -0       3.157     1.390   247    3    9      0.9838    0    354     15    354     13    T0969TS354-D1.pdb:A  SCOP d1ue0a_
   70      0.3996          -0       1.193     2.001   269    5   12      0.9926    0    354     15    354     23    T0969TS354-D1.pdb:A  SCOP d1dhsa_
   71      0.3967          -0      0.3378     1.976   267    3   12       0.985    0    354     15    354      9    T0969TS354-D1.pdb:A  SCOP d1l8ra_
   72      0.3951          -0    0.003393     1.787   259    3    7       0.973    0    354     15    354     14    T0969TS354-D1.pdb:A  SCOP d1kzna_
   73      0.3864          -0    0.000761     2.133   270    3    9       0.963    0    354     15    354      7    T0969TS354-D1.pdb:A  SCOP d1xbda_
   74      0.3832          -0      0.7594     1.731   253    5   12      0.9605    0    354     15    354     20    T0969TS354-D1.pdb:A  SCOP d1hjqa_
   75      0.3818          -0       1.326     1.797   255    6   15      0.9804    0    354     15    354     30    T0969TS354-D1.pdb:A  SCOP d1lona_
   76      0.3785          -0       1.326     1.801   254    6   16      0.9803    0    354     15    354     30    T0969TS354-D1.pdb:A  SCOP d1mf1a_
   77      0.3763          -0       2.545     2.309   274    3    9      0.9854    0    354     15    354     11    T0969TS354-D1.pdb:A  SCOP d1id0a_
   78      0.3635          -0      0.3467     0.909   223    3    6      0.9865    0    354     15    354     14    T0969TS354-D1.pdb:A  SCOP d1aj6a_
   79      0.3624          -0      0.9313     1.920   253    5   14      0.9486    0    354     15    354     20    T0969TS354-D1.pdb:A  SCOP d1hjua_
   80      0.3624          -0      0.9313     1.920   253    5   14      0.9486    0    354     15    354     20    T0969TS354-D1.pdb:A  SCOP d1hjsa_
   81       0.352          -0    0.006498     1.964   251    3    9      0.9602    0    354     15    354      8    T0969TS354-D1.pdb:A  SCOP d1a09a_
   82       0.352          -0    0.006498     1.964   251    3    9      0.9602    0    354     15    354      8    T0969TS354-D1.pdb:A  SCOP d1a07a_
   83      0.3517          -0    0.008421     2.287   264    3   10      0.9659    0    354     15    354     14    T0969TS354-D1.pdb:A  SCOP d1jd0a_
   84      0.3517          -0    0.008421     2.287   264    3   10      0.9659    0    354     15    354     14    T0969TS354-D1.pdb:A  SCOP d1jcza_
   85      0.3495          -0       3.506     0.000   142    3    7           1    0    354     15    163     14    T0969TS354-D1.pdb:A  SCOP d1kfsa1
   86      0.3495          -0       3.707     0.000   142    3    7           1    0    354     15    163     13    T0969TS354-D1.pdb:A  SCOP d1krpa1
   87      0.3495          -0       3.707     0.000   142    3    7           1    0    354     15    163     14    T0969TS354-D1.pdb:A  SCOP d1d9da1
   88      0.3495          -0       3.707     0.000   142    3    7           1    0    354     15    163     13    T0969TS354-D1.pdb:A  SCOP d1d8ya1
   89      0.3495          -0       3.707     0.000   142    3    7           1    0    354     15    163     14    T0969TS354-D1.pdb:A  SCOP d1kspa1
   90      0.3495          -0       3.506     0.000   142    3    7           1    0    354     15    163     13    T0969TS354-D1.pdb:A  SCOP d1qsla1
   91      0.3482          -0    0.002226     2.271   262    3   11      0.9695    0    354     15    354      8    T0969TS354-D1.pdb:A  SCOP d1ja3a_
   92      0.3476          -0     0.02115     1.614   237    5   16      0.9705    0    354     15    354     25    T0969TS354-D1.pdb:A  SCOP d1g41a_
   93      0.3473          -0      0.4613     0.618   213    4    9      0.9859    0    354     15    354     19    T0969TS354-D1.pdb:A  SCOP d1xvia_
   94      0.3445          -0       3.341     0.000   141    3    7           1    0    354     15    163     14    T0969TS354-D1.pdb:A  SCOP d2kzma1
   95      0.3445          -0       3.506     0.000   141    3    7           1    0    354     15    163     13    T0969TS354-D1.pdb:A  SCOP d1kfda1
   96      0.3445          -0       3.341     0.000   141    3    7           1    0    354     15    163     13    T0969TS354-D1.pdb:A  SCOP d2kfza1
   97      0.3445          -0       3.341     0.000   141    3    7           1    0    354     15    163     13    T0969TS354-D1.pdb:A  SCOP d2kfna1
   98      0.3445          -0       3.506     0.000   141    3    7           1    0    354     15    163     14    T0969TS354-D1.pdb:A  SCOP d1d9fa1
   99      0.3445          -0       3.506     0.000   141    3    7           1    0    354     15    163     13    T0969TS354-D1.pdb:A  SCOP d1klna1
  100       0.344          -0      0.3365     0.619   212    4    6      0.9858    0    354     15    354     16    T0969TS354-D1.pdb:A  SCOP d1gkba_
  101       0.344          -0      0.3365     0.619   212    4    6      0.9858    0    354     15    354     17    T0969TS354-D1.pdb:A  SCOP d1joja_
  102       0.344          -0      0.3365     0.619   212    4    6      0.9858    0    354     15    354     18    T0969TS354-D1.pdb:A  SCOP d1qdoa_
  103       0.344          -0      0.3365     0.619   212    4    6      0.9858    0    354     15    354     16    T0969TS354-D1.pdb:A  SCOP d1h9wa_
  104       0.344          -0      0.3365     0.619   212    3    6      0.9858    0    354     15    354     14    T0969TS354-D1.pdb:A  SCOP d1fuja_
  105       0.344          -0      0.3878     0.619   212    4    6      0.9858    0    354     15    354     16    T0969TS354-D1.pdb:A  SCOP d1i3ha_
  106       0.344          -0      0.3878     0.619   212    4    6      0.9858    0    354     15    354     16    T0969TS354-D1.pdb:A  SCOP d1jbca_
  107       0.344          -0      0.3878     0.619   212    4    6      0.9858    0    354     15    354     16    T0969TS354-D1.pdb:A  SCOP d1nlsa_
  108       0.344          -0      0.3878     0.619   212    4    6      0.9858    0    354     15    354     16    T0969TS354-D1.pdb:A  SCOP d1vala_
  109       0.344          -0      0.3365     0.619   212    3    6      0.9858    0    354     15    354     15    T0969TS354-D1.pdb:A  SCOP d2cnaa_
  110       0.344          -0      0.3365     0.619   212    4    6      0.9858    0    354     15    354     15    T0969TS354-D1.pdb:A  SCOP d1jyca_
  111       0.344          -0      0.3365     0.619   212    4    6      0.9858    0    354     15    354     16    T0969TS354-D1.pdb:A  SCOP d1bxha_
  112       0.344          -0      0.3365     0.619   212    4    6      0.9858    0    354     15    354     16    T0969TS354-D1.pdb:A  SCOP d1vlna_
  113       0.344          -0      0.3365     0.619   212    4    6      0.9858    0    354     15    354     18    T0969TS354-D1.pdb:A  SCOP d1jyia_
  114       0.344          -0      0.3878     0.619   212    4    6      0.9858    0    354     15    354     16    T0969TS354-D1.pdb:A  SCOP d1vama_
  115       0.344          -0      0.3365     0.619   212    4    6      0.9858    0    354     15    354     16    T0969TS354-D1.pdb:A  SCOP d1c57a_
  116       0.344          -0      0.3365     0.619   212    4    6      0.9858    0    354     15    354     16    T0969TS354-D1.pdb:A  SCOP d1dq1a_
  117       0.344          -0      0.3878     0.619   212    4    6      0.9858    0    354     15    354     18    T0969TS354-D1.pdb:A  SCOP d5cnaa_
  118       0.344          -0      0.3365     0.619   212    4    6      0.9858    0    354     15    354     16    T0969TS354-D1.pdb:A  SCOP d1dq5a_
  119       0.344          -0      0.3365     0.619   212    4    6      0.9858    0    354     15    354     16    T0969TS354-D1.pdb:A  SCOP d1xqna_
  120       0.344          -0      0.3365     0.619   212    4    6      0.9858    0    354     15    354     18    T0969TS354-D1.pdb:A  SCOP d2enra_
  121       0.344          -0      0.3365     0.619   212    4    6      0.9858    0    354     15    354     18    T0969TS354-D1.pdb:A  SCOP d1gica_
  122       0.344          -0      0.3365     0.619   212    4    6      0.9858    0    354     15    354     16    T0969TS354-D1.pdb:A  SCOP d1teia_
  123       0.344          -0      0.3878     0.619   212    4    6      0.9858    0    354     15    354     16    T0969TS354-D1.pdb:A  SCOP d1qgla_
  124       0.344          -0      0.3365     0.619   212    4    6      0.9858    0    354     15    354     15    T0969TS354-D1.pdb:A  SCOP d1apna_
  125       0.344          -0      0.3365     0.619   212    4    6      0.9858    0    354     15    354     16    T0969TS354-D1.pdb:A  SCOP d1onaa_
  126       0.344          -0      0.3365     0.619   212    4    6      0.9858    0    354     15    354     16    T0969TS354-D1.pdb:A  SCOP d1cona_
  127       0.344          -0      0.3365     0.619   212    4    6      0.9858    0    354     15    354     16    T0969TS354-D1.pdb:A  SCOP d1scra_
  128       0.344          -0      0.3365     0.619   212    4    6      0.9858    0    354     15    354     16    T0969TS354-D1.pdb:A  SCOP d1scsa_
  129       0.344          -0      0.3365     0.619   212    4    6      0.9858    0    354     15    354     16    T0969TS354-D1.pdb:A  SCOP d2ctva_
  130       0.344          -0      0.3365     0.619   212    4    6      0.9858    0    354     15    354     18    T0969TS354-D1.pdb:A  SCOP d1dq6a_
  131       0.344          -0      0.3365     0.619   212    4    6      0.9858    0    354     15    354     16    T0969TS354-D1.pdb:A  SCOP d1enra_
  132       0.344          -0      0.3365     0.619   212    4    6      0.9858    0    354     15    354     16    T0969TS354-D1.pdb:A  SCOP d1qnya_
  133       0.344          -0      0.3365     0.619   212    4    6      0.9858    0    354     15    354     18    T0969TS354-D1.pdb:A  SCOP d1dq0a_
  134      0.3433          -0    0.008421     2.268   260    3    9      0.9654    0    354     15    354     12    T0969TS354-D1.pdb:A  SCOP d1keqa_
  135      0.3433          -0    0.008421     2.268   260    3    9      0.9654    0    354     15    354     12    T0969TS354-D1.pdb:A  SCOP d1dmxa_
  136      0.3433          -0     0.01069     2.268   260    3    9      0.9654    0    354     15    354     14    T0969TS354-D1.pdb:A  SCOP d1flja_
  137      0.3407          -0      0.3365     0.621   211    3    7      0.9858    0    354     15    354     15    T0969TS354-D1.pdb:A  SCOP d1l2ea_
  138      0.3397          -0        3.17     0.000   140    3    7           1    0    354     15    163     13    T0969TS354-D1.pdb:A  SCOP d2kzza1
  139      0.3379          -0       1.056     1.857   242    3    7      0.9752    0    354     15    354     13    T0969TS354-D1.pdb:A  SCOP d1uxea_
  140      0.3379          -0       1.056     1.857   242    3    7      0.9752    0    354     15    354     13    T0969TS354-D1.pdb:A  SCOP d1uxba_
  141      0.3379          -0       1.056     1.857   242    3    7      0.9752    0    354     15    354     12    T0969TS354-D1.pdb:A  SCOP d1uxaa_
  142      0.3374          -0      0.3878     0.622   210    3    7      0.9857    0    354     15    354     15    T0969TS354-D1.pdb:A  SCOP d1fy5a_
  143      0.3368          -0      0.4719     0.925   215    3    5       0.986    0    354     15    354     10    T0969TS354-D1.pdb:A  SCOP d1cn1a_
  144      0.3362          -0      0.4052     2.260   257    5   10      0.9455    0    354     15    354     14    T0969TS354-D1.pdb:A  SCOP d1fyaa_
  145      0.3362          -0      0.3062     0.714   211    3    5      0.9905    0    354     15    354     11    T0969TS354-D1.pdb:A  SCOP d2nlra_
  146       0.334          -0     0.02064     1.604   232    3    7      0.9871    0    354     15    354     11    T0969TS354-D1.pdb:A  SCOP d1ghea_
  147      0.3332          -0       1.224     1.704   235    3    8      0.9702    0    354     15    354     12    T0969TS354-D1.pdb:A  SCOP d1rj7a_
  148      0.3313          -0        1.76     1.602   231    4   10       0.961    0    354     15    354     18    T0969TS354-D1.pdb:A  SCOP d1dc1a_
  149      0.3273          -0      0.8591     1.766   235    6   12      0.9574    0    354     15    354     25    T0969TS354-D1.pdb:A  SCOP d1lt8a_
  150      0.3242          -0      0.8003     1.769   234    5   12      0.9573    0    354     15    354     20    T0969TS354-D1.pdb:A  SCOP d1lt7a_
  151      0.3203     0.01511       6.978     0.000   133    4    2           1    0    354     15    156     12    T0969TS354-D1.pdb:A  SCOP d1dhya2
  152      0.3203   9.643e-17       6.018     0.000   133    4    2           1    0    354     15    156     13    T0969TS354-D1.pdb:A  SCOP d1lkda2
  153      0.3203   6.021e-09       6.018     0.000   133    4    2           1    0    354     15    156     13    T0969TS354-D1.pdb:A  SCOP d1lgta2
  154      0.3189          -0       3.428     0.872   176    4   10      0.9773    0    354     15    253     18    T0969TS354-D1.pdb:A  SCOP d2ceaa2
  155      0.3189          -0       3.428     0.872   176    5   10      0.9773    0    354     15    253     18    T0969TS354-D1.pdb:A  SCOP d2ce7a2
  156      0.3183   9.643e-17       6.018     0.000   133    4    2           1    0    354     15    157     13    T0969TS354-D1.pdb:A  SCOP d1knfa2
  157      0.3183    0.002174       6.978     0.000   133    4    2           1    0    354     15    157     13    T0969TS354-D1.pdb:A  SCOP d1eira2
  158      0.3183   9.643e-17       6.018     0.000   133    4    2           1    0    354     15    157     13    T0969TS354-D1.pdb:A  SCOP d1hana2
  159      0.3183   9.643e-17       6.018     0.000   133    4    2           1    0    354     15    157     13    T0969TS354-D1.pdb:A  SCOP d1knda2
  160      0.3183    0.002174       6.978     0.000   133    4    2           1    0    354     15    157     13    T0969TS354-D1.pdb:A  SCOP d1eila2
  161      0.3183    0.002174       6.978     0.000   133    4    2           1    0    354     15    157     13    T0969TS354-D1.pdb:A  SCOP d1eiqa2
  162      0.3183   7.125e-10       6.018     0.000   133    4    2           1    0    354     15    157     13    T0969TS354-D1.pdb:A  SCOP d1kmya2
  163      0.3175          -0       3.588     0.529   148    3    6      0.9797    0    354     15    189     15    T0969TS354-D1.pdb:A  SCOP d1ilea2
  164      0.3175          -0       4.069     0.529   148    3    6      0.9797    0    354     15    189     15    T0969TS354-D1.pdb:A  SCOP d1jzqa2
  165      0.3155          -0     0.00308     1.861   234    5   16      0.9402    0    354     15    354     23    T0969TS354-D1.pdb:A  SCOP d1im2a_
  166      0.3131          -0    0.002226     2.456   256    3    8      0.9648    0    354     15    354     12    T0969TS354-D1.pdb:A  SCOP d1p8ta_
  167      0.3116          -0      0.0282     2.173   244    4   12      0.9508    0    354     15    354     11    T0969TS354-D1.pdb:A  SCOP d1io0a_
  168      0.3086          -0       1.464     2.524   257    3    7      0.9728    0    354     15    354     11    T0969TS354-D1.pdb:A  SCOP d1dk7a_
  169      0.3078          -0      0.9536     2.484   255    5   11      0.9647    0    354     15    354     22    T0969TS354-D1.pdb:A  SCOP d1g01a_
  170      0.3078          -0      0.2755     2.484   255    5   11      0.9647    0    354     15    354     22    T0969TS354-D1.pdb:A  SCOP d1g0ca_
  171      0.3074          -0       1.204     1.225   212    3    6      0.9811    0    354     15    354      7    T0969TS354-D1.pdb:A  SCOP d1l6oa_
  172      0.3057          -0       1.313     2.529   256    3    7      0.9727    0    354     15    354     11    T0969TS354-D1.pdb:A  SCOP d1jona_
  173       0.305          -0       0.108     1.445   217    3    7      0.9677    0    354     15    354     15    T0969TS354-D1.pdb:A  SCOP d1k49a_
  174      0.3033          -0    0.009893     2.671   261    3    9      0.9617    0    354     15    354     14    T0969TS354-D1.pdb:A  SCOP d1v9ea_
  175      0.3029          -0       1.689     1.506   218    3   13      0.9725    0    354     15    354     15    T0969TS354-D1.pdb:A  SCOP d1nrla_
  176      0.3022          -0       0.233     2.516   254    4   12      0.9685    0    354     15    354     18    T0969TS354-D1.pdb:A  SCOP d1jbka_
  177      0.2979          -0       2.044     1.966   231    4   13       0.974    0    354     15    354     17    T0969TS354-D1.pdb:A  SCOP d1oc7a_
  178       0.293          -0      0.5392     2.236   239    3    7      0.9749    0    354     15    354      7    T0969TS354-D1.pdb:A  SCOP d1pd6a_
  179      0.2921          -0      0.7277     1.539   215    3   10      0.9674    0    354     15    354     14    T0969TS354-D1.pdb:A  SCOP d1em2a_
  180      0.2899          -0       2.032     3.010   270    5   10      0.9778    0    354     15    354     22    T0969TS354-D1.pdb:A  SCOP d1oxwa_
  181      0.2885          -0     0.02488     2.098   232    4    7      0.9871    0    354     15    354     20    T0969TS354-D1.pdb:A  SCOP d1rwla_
  182      0.2847          -0     0.01274     1.791   220    3    7      0.9955    0    354     15    354     15    T0969TS354-D1.pdb:A  SCOP d1bk1a_
  183      0.2829          -0       4.259     1.445   209    5   10      0.9809    0    354     15    354     22    T0969TS354-D1.pdb:A  SCOP d1jpha_
  184      0.2818          -0      0.0638     1.732   217    4   11      0.9493    0    354     15    354     20    T0969TS354-D1.pdb:A  SCOP d1nw6a_
  185      0.2818          -0   0.0001316     2.583   248    4   10      0.9556    0    354     15    354     17    T0969TS354-D1.pdb:A  SCOP d1u7fa_
  186      0.2807          -0       2.477     1.912   182    4   10      0.9615    0    354     15    237     14    T0969TS354-D1.pdb:A  SCOP d1hr9a2
  187      0.2807          -0       2.477     1.912   182    4   10      0.9615    0    354     15    237     14    T0969TS354-D1.pdb:A  SCOP d1hr8a2
  188      0.2788          -0       1.936     2.206   232    5    9      0.9569    0    354     15    354     24    T0969TS354-D1.pdb:A  SCOP d1eqca_
  189      0.2787          -0       1.001     2.097   228    5   15      0.9254    0    354     15    354     23    T0969TS354-D1.pdb:A  SCOP d1eqna_
  190      0.2778          -0      0.8354     2.244   233    5    9      0.9485    0    354     15    354     22    T0969TS354-D1.pdb:A  SCOP d1rdya_
  191      0.2776          -0      0.8354     2.246   233    5    9      0.9485    0    354     15    354     22    T0969TS354-D1.pdb:A  SCOP d1fj9a_
  192      0.2776          -0      0.8354     2.246   233    5    9      0.9485    0    354     15    354     23    T0969TS354-D1.pdb:A  SCOP d1ftaa_
  193      0.2776          -0      0.8354     2.246   233    5    9      0.9485    0    354     15    354     20    T0969TS354-D1.pdb:A  SCOP d1leva_
  194      0.2761          -0    0.004896     2.669   249    3    9      0.9598    0    354     15    354     13    T0969TS354-D1.pdb:A  SCOP d1vcpa_
  195       0.276          -0      0.4078     1.538   209    3   13      0.9713    0    354     15    354     14    T0969TS354-D1.pdb:A  SCOP d1ilha_
  196      0.2744          -0    0.001951     2.174   229    3   15      0.9563    0    354     15    354     13    T0969TS354-D1.pdb:A  SCOP d1p7da_
  197      0.2744          -0       1.755     2.016   194    3    8      0.9691    0    354     15    267     15    T0969TS354-D1.pdb:A  SCOP d1w93a3
  198      0.2742          -0       2.419     2.441   239    4   11      0.9749    0    354     15    354     16    T0969TS354-D1.pdb:A  SCOP d1qz0a_
  199      0.2731          -0      0.4078     1.542   208    3   14      0.9712    0    354     15    354     14    T0969TS354-D1.pdb:A  SCOP d1ilga_
  200      0.2709          -0       1.474     1.004   137    3    6      0.9781    0    354     15    176     12    T0969TS354-D1.pdb:A  SCOP d1f1va2
  201      0.2709          -0       1.474     1.004   137    3    6      0.9781    0    354     15    176     13    T0969TS354-D1.pdb:A  SCOP d1f1ra2
  202      0.2707          -0       1.018     0.570   128    3    5      0.9844    0    354     15    165     11    T0969TS354-D1.pdb:A  SCOP d2cvoa2
  203      0.2701          -0    0.004427     2.305   232    3   10      0.9569    0    354     15    354      6    T0969TS354-D1.pdb:A  SCOP d1fyla_
  204      0.2693          -0      0.1513     2.094   224    6   15      0.9688    0    354     15    354     30    T0969TS354-D1.pdb:A  SCOP d1pbga_
  205      0.2692          -0       1.474     1.145   133    4    8      0.9549    0    354     15    162     13    T0969TS354-D1.pdb:A  SCOP d1hyua1
  206      0.2686          -0   0.0001926     2.015   221    4    8      0.9548    0    354     15    354     18    T0969TS354-D1.pdb:A  SCOP d1es3a_
  207      0.2683          -0       1.407     1.007   136    3    6      0.9779    0    354     15    175     12    T0969TS354-D1.pdb:A  SCOP d2ig9a2
  208      0.2683          -0       1.474     1.007   136    3    6      0.9779    0    354     15    175     12    T0969TS354-D1.pdb:A  SCOP d2igaa2
  209      0.2671          -0       2.349     2.496   238    3    6      0.9748    0    354     15    354      8    T0969TS354-D1.pdb:A  SCOP d1sk3a_
  210      0.2668          -0       2.477     1.933   178    4   10      0.9607    0    354     15    237     14    T0969TS354-D1.pdb:A  SCOP d1hr6a2
  211      0.2663          -0        1.04     3.153   265    4   11      0.9774    0    354     15    354     16    T0969TS354-D1.pdb:A  SCOP d1gzoa_
  212      0.2659          -0       0.801     2.273   229    3    9      0.9607    0    354     15    354     10    T0969TS354-D1.pdb:A  SCOP d1ae9a_
  213      0.2638          -0       1.636     2.096   178    3   11      0.9382    0    354     15    228     14    T0969TS354-D1.pdb:A  SCOP d1tfza2
  214       0.263          -0    0.008707     1.964   217    4   15      0.9539    0    354     15    354     18    T0969TS354-D1.pdb:A  SCOP d1ixza_
  215      0.2626          -0   0.0002537     2.365   231    3    8       0.961    0    354     15    354     15    T0969TS354-D1.pdb:A  SCOP d1avxa_
  216      0.2619          -0       3.176     1.541   150    3    5      0.9733    0    354     15    192     14    T0969TS354-D1.pdb:A  SCOP d1obca2
  217      0.2613          -0       1.108     3.164   263    4   12      0.9772    0    354     15    354     19    T0969TS354-D1.pdb:A  SCOP d1o6la_
  218       0.261          -0       1.615     1.175   126    4    7      0.9524    0    354     15    149     12    T0969TS354-D1.pdb:A  SCOP d1fl2a1
  219      0.2609          -0       1.095     1.339   171    3    8      0.9766    0    354     15    264     15    T0969TS354-D1.pdb:A  SCOP d2bwwa2
  220      0.2609          -0       1.095     1.339   171    3    8      0.9766    0    354     15    264     15    T0969TS354-D1.pdb:A  SCOP d2bwya2
  221        0.26          -0       2.477     1.944   176    4   10      0.9602    0    354     15    237     14    T0969TS354-D1.pdb:A  SCOP d1hr7a2
  222      0.2591          -0      0.5311     2.511   235    3    7      0.9745    0    354     15    354     10    T0969TS354-D1.pdb:A  SCOP d1twqa_
  223      0.2588          -0      0.4078     1.560   203    3   14      0.9704    0    354     15    354     15    T0969TS354-D1.pdb:A  SCOP d1m13a_
  224      0.2581          -0       3.176     1.546   149    3    5      0.9732    0    354     15    192     14    T0969TS354-D1.pdb:A  SCOP d1h3na2
  225      0.2579          -0     0.06782     2.778   245    5   13      0.9429    0    354     15    354     25    T0969TS354-D1.pdb:A  SCOP d1t8qa_
  226      0.2579          -0    0.002024     2.202   223    4   13      0.9507    0    354     15    354     15    T0969TS354-D1.pdb:A  SCOP d1pzta_
  227      0.2576          -0      0.9887     1.343   170    3    8      0.9765    0    354     15    264     15    T0969TS354-D1.pdb:A  SCOP d2bwua2
  228      0.2576          -0      0.9887     1.343   170    3    8      0.9765    0    354     15    264     15    T0969TS354-D1.pdb:A  SCOP d2bwta2
  229      0.2553          -0      0.9887     1.347   169    3    8      0.9763    0    354     15    263     15    T0969TS354-D1.pdb:A  SCOP d2bhaa2
  230      0.2545          -0       1.896     2.300   225    5    8      0.9644    0    354     15    354     24    T0969TS354-D1.pdb:A  SCOP d1eqpa_
  231      0.2516          -0        2.64     1.638   149    3    6       0.953    0    354     15    192     13    T0969TS354-D1.pdb:A  SCOP d1obha2
  232      0.2516          -0    0.006498     2.470   230    3    9      0.9696    0    354     15    354     10    T0969TS354-D1.pdb:A  SCOP d1si3a_
  233      0.2516          -0    0.006498     2.470   230    3    9      0.9696    0    354     15    354     11    T0969TS354-D1.pdb:A  SCOP d1si2a_
  234      0.2503          -0    0.004946     2.892   246    4   11      0.9472    0    354     15    354     16    T0969TS354-D1.pdb:A  SCOP d1mjsa_
  235      0.2502          -0     0.01658     2.352   225    3    6      0.9867    0    354     15    354     14    T0969TS354-D1.pdb:A  SCOP d2ahja_
  236      0.2493          -0    0.008707     2.307   223    4   15      0.9417    0    354     15    354     18    T0969TS354-D1.pdb:A  SCOP d1iy2a_
  237      0.2492          -0       2.409     1.926   210    5    7       0.981    0    354     15    354     24    T0969TS354-D1.pdb:A  SCOP d1ry6a_
  238      0.2483          -0       1.074     1.810   206    5   12      0.9563    0    354     15    354     25    T0969TS354-D1.pdb:A  SCOP d1r3sa_
  239      0.2483          -0       1.074     1.810   206    5   12      0.9563    0    354     15    354     25    T0969TS354-D1.pdb:A  SCOP d1r3wa_
  240      0.2483          -0       1.074     1.810   206    5   12      0.9563    0    354     15    354     25    T0969TS354-D1.pdb:A  SCOP d1r3va_
  241      0.2478          -0   3.624e-05     2.898   245    4   11      0.9469    0    354     15    354     17    T0969TS354-D1.pdb:A  SCOP d1mk2a_
  242      0.2463          -0       1.156     1.523   197    4    5      0.9848    0    354     15    354     16    T0969TS354-D1.pdb:A  SCOP d4apea_
  243      0.2458          -0       1.923     3.163   255    5    9      0.9686    0    354     15    354     23    T0969TS354-D1.pdb:A  SCOP d1sr8a_
  244      0.2449          -0       1.802     2.124   173    3   10      0.9364    0    354     15    230     14    T0969TS354-D1.pdb:A  SCOP d1sqda2
  245      0.2444          -0      0.7886     2.171   216    5    8      0.9444    0    354     15    354     23    T0969TS354-D1.pdb:A  SCOP d1fbga_
  246      0.2444          -0      0.7886     2.171   216    5    8      0.9444    0    354     15    354     24    T0969TS354-D1.pdb:A  SCOP d1fpka_
  247      0.2444          -0      0.7886     2.171   216    5    8      0.9444    0    354     15    354     23    T0969TS354-D1.pdb:A  SCOP d1fbca_
  248      0.2444          -0      0.7886     2.171   216    5    8      0.9444    0    354     15    354     24    T0969TS354-D1.pdb:A  SCOP d1fbda_
  249      0.2438          -0      0.4985     2.174   174    3   11      0.9195    0    354     15    230     13    T0969TS354-D1.pdb:A  SCOP d1tg5a2
  250      0.2428          -0   7.057e-05     2.709   235    3   11      0.9617    0    354     15    354     11    T0969TS354-D1.pdb:A  SCOP d1ksya_
  251      0.2422          -0       3.525     1.822   174    4    9      0.9655    0    354     15    258     20    T0969TS354-D1.pdb:A  SCOP d1s3sa2
  252      0.2404          -0       1.819     2.789   237    4   12      0.9789    0    354     15    354     17    T0969TS354-D1.pdb:A  SCOP d1ytwa_
  253      0.2382          -0     0.07494     1.458   149    3    9      0.9597    0    354     15    213     14    T0969TS354-D1.pdb:A  SCOP d1l0la2
  254      0.2376          -0     0.00308     2.288   217    4   13      0.9539    0    354     15    354     16    T0969TS354-D1.pdb:A  SCOP d1o0ra_
  255      0.2376          -0     0.00308     2.288   217    4   13      0.9539    0    354     15    354     16    T0969TS354-D1.pdb:A  SCOP d1tw1a_
  256      0.2365          -0      0.4912     2.185   213    3   10      0.9718    0    354     15    354     15    T0969TS354-D1.pdb:A  SCOP d1e2oa_
  257      0.2357          -0       1.805     3.635   270    3    6      0.9778    0    354     15    354      9    T0969TS354-D1.pdb:A  SCOP d1sk4a_
  258      0.2355          -0       1.748     2.749   233    4    8      0.9571    0    354     15    354     18    T0969TS354-D1.pdb:A  SCOP d1hxna_
  259       0.234          -0       1.108     3.269   246    4   11      0.9756    0    354     15    334     20    T0969TS354-D1.pdb:A  SCOP d2uw9a1
  260       0.234          -0       1.108     3.269   246    4   11      0.9756    0    354     15    334     19    T0969TS354-D1.pdb:A  SCOP d2jdoa1
  261       0.233          -0       2.232     2.729   231    5   12       0.974    0    354     15    354     25    T0969TS354-D1.pdb:A  SCOP d1r3ra_
  262       0.233          -0       2.232     2.729   231    5   12       0.974    0    354     15    354     25    T0969TS354-D1.pdb:A  SCOP d1r3qa_
  263       0.233          -0       2.232     2.729   231    5   12       0.974    0    354     15    354     25    T0969TS354-D1.pdb:A  SCOP d1r3ya_
  264       0.233          -0       2.232     2.729   231    5   12       0.974    0    354     15    354     25    T0969TS354-D1.pdb:A  SCOP d1r3ta_
  265      0.2329          -0     0.00474     2.599   226    3    7       0.969    0    354     15    354     15    T0969TS354-D1.pdb:A  SCOP d1ro5a_
  266      0.2321          -0      0.6056     3.045   243    3    8      0.9753    0    354     15    354     11    T0969TS354-D1.pdb:A  SCOP d1tjma_
  267      0.2321          -0      0.6056     3.045   243    3    8      0.9753    0    354     15    354     10    T0969TS354-D1.pdb:A  SCOP d1uova_
  268      0.2301          -0     0.06819     1.545   191    4   10      0.9843    0    354     15    354     20    T0969TS354-D1.pdb:A  SCOP d1ezpa_
  269      0.2294          -0       1.184     2.828   233    3    8      0.9742    0    354     15    354     13    T0969TS354-D1.pdb:A  SCOP d1rj8a_
  270      0.2287          -0       1.363     3.064   242    4    9      0.9752    0    354     15    354     19    T0969TS354-D1.pdb:A  SCOP d1p0ha_
  271      0.2279          -0     0.01167     2.555   222    4   14      0.9505    0    354     15    354     19    T0969TS354-D1.pdb:A  SCOP d1iy0a_
  272      0.2251          -0     0.01533     1.769   195    5   10      0.9436    0    354     15    354     24    T0969TS354-D1.pdb:A  SCOP d1mkja_
  273      0.2249          -0       1.119     2.540   220    4    9      0.9727    0    354     15    354     16    T0969TS354-D1.pdb:A  SCOP d1mrva_
  274      0.2244          -0     0.07205     1.478   145    3    9      0.9586    0    354     15    213     15    T0969TS354-D1.pdb:A  SCOP d1nu1a2
  275      0.2243          -0      0.2337     2.465   217    5    8      0.9355    0    354     15    354     22    T0969TS354-D1.pdb:A  SCOP d1e0xa_
  276      0.2243          -0      0.2337     2.465   217    5    8      0.9355    0    354     15    354     22    T0969TS354-D1.pdb:A  SCOP d1v0na_
  277      0.2243          -0      0.2337     2.465   217    5    8      0.9355    0    354     15    354     22    T0969TS354-D1.pdb:A  SCOP d1od8a_
  278      0.2243          -0      0.2337     2.465   217    5    8      0.9355    0    354     15    354     22    T0969TS354-D1.pdb:A  SCOP d1v0ma_
  279      0.2243          -0      0.2337     2.465   217    5    8      0.9355    0    354     15    354     22    T0969TS354-D1.pdb:A  SCOP d1v0la_
  280      0.2236          -0      0.2271     2.475   217    5    9      0.9309    0    354     15    354     22    T0969TS354-D1.pdb:A  SCOP d1e0va_
  281      0.2236          -0       1.217     1.648   191    3    6      0.9843    0    354     15    354     11    T0969TS354-D1.pdb:A  SCOP d1kcta_
  282      0.2221          -0    0.003393     2.382   213    3    7      0.9671    0    354     15    354     14    T0969TS354-D1.pdb:A  SCOP d1vkia_
  283      0.2219          -0      0.2337     2.470   216    5    8      0.9352    0    354     15    354     22    T0969TS354-D1.pdb:A  SCOP d1v0ka_
  284      0.2213          -0      0.6755     2.671   223    5    8      0.9462    0    354     15    354     20    T0969TS354-D1.pdb:A  SCOP d2fbpa_
  285      0.2198          -0       3.338     1.041   101    3    3      0.9703    0    354     15    117     10    T0969TS354-D1.pdb:A  SCOP d1onfa2
  286      0.2195          -0      0.0762     2.960   233    7   14      0.9614    0    354     15    354     30    T0969TS354-D1.pdb:A  SCOP d1dj2a_
  287      0.2192          -0   4.768e-05     2.646   221    5    7      0.9548    0    354     15    354     15    T0969TS354-D1.pdb:A  SCOP d1rhu.1
  288      0.2189          -0      0.5483     2.677   222    5    9      0.9459    0    354     15    354     22    T0969TS354-D1.pdb:A  SCOP d1fbea_
  289      0.2188          -0       2.858     3.608   259    6   10      0.9768    0    354     15    354     22    T0969TS354-D1.pdb:A  SCOP d1qnoa_
  290      0.2188          -0       2.858     3.608   259    6   10      0.9768    0    354     15    354     22    T0969TS354-D1.pdb:A  SCOP d1qnra_
  291      0.2177          -0     0.06648     1.640   146    3    9      0.9589    0    354     15    213     15    T0969TS354-D1.pdb:A  SCOP d1sqba2
  292      0.2177          -0     0.06648     1.640   146    3    9      0.9589    0    354     15    213     15    T0969TS354-D1.pdb:A  SCOP d1sqpa2
  293      0.2177          -0       1.187     2.557   217    4    8      0.9724    0    354     15    354     18    T0969TS354-D1.pdb:A  SCOP d1o6ka_
  294      0.2167          -0       2.858     3.614   258    6   10      0.9767    0    354     15    354     22    T0969TS354-D1.pdb:A  SCOP d1qnpa_
  295      0.2167          -0       2.858     3.614   258    6   10      0.9767    0    354     15    354     22    T0969TS354-D1.pdb:A  SCOP d1qnsa_
  296      0.2167          -0       2.858     3.614   258    6   10      0.9767    0    354     15    354     22    T0969TS354-D1.pdb:A  SCOP d1qnqa_
  297      0.2166          -0      0.4323     2.683   221    5    9      0.9457    0    354     15    354     21    T0969TS354-D1.pdb:A  SCOP d3fbpa_
  298      0.2154          -0       1.302     2.077   155    3   12      0.9419    0    354     15    213     13    T0969TS354-D1.pdb:A  SCOP d2bcca2
  299      0.2154          -0   0.0003414     2.939   230    4   12      0.9478    0    354     15    354     11    T0969TS354-D1.pdb:A  SCOP d1m3ga_
  300      0.2151          -0    0.009138     1.583   144    3   10      0.9375    0    354     15    213     14    T0969TS354-D1.pdb:A  SCOP d1ntma2
  301      0.2144          -0       3.364     1.778   145    3    5      0.9724    0    354     15    205     14    T0969TS354-D1.pdb:A  SCOP d1yf2a2
  302      0.2125          -0     0.00107     2.516   213    3    7      0.9671    0    354     15    354     13    T0969TS354-D1.pdb:A  SCOP d1qhla_
  303      0.2114          -0       0.581     1.676   161    4    9      0.9565    0    354     15    264     15    T0969TS354-D1.pdb:A  SCOP d1n51a2
  304      0.2112          -0       1.108     2.730   220    4    9      0.9727    0    354     15    354     16    T0969TS354-D1.pdb:A  SCOP d1mrya_
  305      0.2108          -0    0.001471     2.764   221    3    8      0.9593    0    354     15    354      7    T0969TS354-D1.pdb:A  SCOP d1sl4a_
  306      0.2102          -0       3.134     1.754   188    5   10      0.9468    0    354     15    354     25    T0969TS354-D1.pdb:A  SCOP d1uroa_
  307      0.2096          -0   0.0004749     2.558   213    4   14      0.9296    0    354     15    354     17    T0969TS354-D1.pdb:A  SCOP d1lv7a_
  308      0.2092          -0       0.581     1.681   160    4    9      0.9563    0    354     15    263     15    T0969TS354-D1.pdb:A  SCOP d2bhba2
  309      0.2092          -0   4.768e-05     2.787   221    4    7      0.9502    0    354     15    354     14    T0969TS354-D1.pdb:A  SCOP d1rhr.1
  310      0.2086          -0     0.05564     3.138   234    7   16      0.9615    0    354     15    354     32    T0969TS354-D1.pdb:A  SCOP d1dj3a_
  311      0.2085          -0      0.4896     1.681   160    4    9      0.9563    0    354     15    264     15    T0969TS354-D1.pdb:A  SCOP d1jawa2
  312      0.2084          -0      0.4985     1.681   160    4    9      0.9563    0    354     15    264     15    T0969TS354-D1.pdb:A  SCOP d2bwva2
  313      0.2084          -0      0.4985     1.681   160    4    9      0.9563    0    354     15    264     15    T0969TS354-D1.pdb:A  SCOP d2bwxa2
  314      0.2084          -0      0.4985     1.681   160    4    9      0.9563    0    354     15    264     15    T0969TS354-D1.pdb:A  SCOP d2bwsa2
  315      0.2084          -0      0.4985     1.681   160    4    9      0.9563    0    354     15    264     15    T0969TS354-D1.pdb:A  SCOP d1m35a2
  316      0.2063          -0      0.4985     1.687   159    4    9       0.956    0    354     15    263     15    T0969TS354-D1.pdb:A  SCOP d1wl6a2
  317      0.2063          -0      0.4985     1.687   159    4    9       0.956    0    354     15    263     15    T0969TS354-D1.pdb:A  SCOP d1w2ma2
  318      0.2063          -0      0.4985     1.687   159    4    9       0.956    0    354     15    263     15    T0969TS354-D1.pdb:A  SCOP d1wl9a2
  319      0.2063          -0      0.4985     1.687   159    4    9       0.956    0    354     15    263     15    T0969TS354-D1.pdb:A  SCOP d2bhca2
  320      0.2063          -0      0.4985     1.687   159    4    9       0.956    0    354     15    263     15    T0969TS354-D1.pdb:A  SCOP d2bh3a2
  321      0.2063          -0      0.4985     1.687   159    4    9       0.956    0    354     15    263     15    T0969TS354-D1.pdb:A  SCOP d1wbqa2
  322      0.2063          -0      0.4985     1.687   159    4    9       0.956    0    354     15    263     15    T0969TS354-D1.pdb:A  SCOP d2bhda2
  323      0.2063          -0      0.4985     1.687   159    4    9       0.956    0    354     15    263     15    T0969TS354-D1.pdb:A  SCOP d1wlra2
  324      0.2063          -0      0.4985     1.687   159    4    9       0.956    0    354     15    263     15    T0969TS354-D1.pdb:A  SCOP d1w7va2
  325      0.2063          -0      0.4985     1.687   159    4    9       0.956    0    354     15    263     15    T0969TS354-D1.pdb:A  SCOP d2bn7a2
  326      0.2052          -0      0.8003     3.315   239    5   10      0.9582    0    354     15    354     12    T0969TS354-D1.pdb:A  SCOP d1r55a_
  327      0.2031          -0      0.8003     3.322   238    5   10       0.958    0    354     15    354     11    T0969TS354-D1.pdb:A  SCOP d1r54a_
  328      0.2025          -0   7.057e-05     3.203   233    3   10      0.9657    0    354     15    354     15    T0969TS354-D1.pdb:A  SCOP d1y08a_
  329      0.2024          -0      0.1958     3.048   227    4   10      0.9383    0    354     15    354     18    T0969TS354-D1.pdb:A  SCOP d1spia_
  330      0.2023          -0       1.199     2.281   200    4    7        0.95    0    354     15    354     18    T0969TS354-D1.pdb:A  SCOP d1gzja_
  331      0.2023          -0       1.199     2.281   200    4    7        0.95    0    354     15    354     18    T0969TS354-D1.pdb:A  SCOP d1h1na_
  332      0.2006          -0       0.176     1.309   173    5    6      0.9884    0    354     15    354     22    T0969TS354-D1.pdb:A  SCOP d1suxa_
  333      0.2002          -0   0.0003262     3.106   228    3    9      0.9605    0    354     15    354     13    T0969TS354-D1.pdb:A  SCOP d1h6ea_
  334      0.2001          -0    0.004896     2.467   205    4   12      0.9805    0    354     15    354     18    T0969TS354-D1.pdb:A  SCOP d1rpta_
  335      0.1999          -0   0.0002537     2.286   199    4   12      0.9497    0    354     15    354     17    T0969TS354-D1.pdb:A  SCOP d1s0wa_
  336      0.1989          -0   9.537e-06     2.303   199    3   16      0.9397    0    354     15    354     15    T0969TS354-D1.pdb:A  SCOP d1n94a_
  337      0.1984          -0       2.673     1.877   186    4    5      0.9731    0    354     15    354     18    T0969TS354-D1.pdb:A  SCOP d1qpea_
  338      0.1984          -0       2.872     1.877   186    4    5      0.9731    0    354     15    354     17    T0969TS354-D1.pdb:A  SCOP d1qpca_
  339      0.1974          -0       1.814     2.491   186    6   10      0.9462    0    354     15    293     25    T0969TS354-D1.pdb:A  SCOP d2b9ea1
  340       0.197          -0     0.02667     2.194   151    4   13      0.9338    0    354     15    213     14    T0969TS354-D1.pdb:A  SCOP d1ntka2
  341      0.1951          -0       1.062     2.590   186    5   12      0.9624    0    354     15    287     24    T0969TS354-D1.pdb:A  SCOP d1o7aa1
  342      0.1951          -0        1.08     2.747   212    5   10      0.9387    0    354     15    354     21    T0969TS354-D1.pdb:A  SCOP d1eoma_
  343      0.1943          -0       1.092     2.759   212    5   10      0.9387    0    354     15    354     21    T0969TS354-D1.pdb:A  SCOP d1eoka_
  344      0.1942          -0      0.6289     2.200   149    3   10      0.9463    0    354     15    210     15    T0969TS354-D1.pdb:A  SCOP d2a06a2
  345      0.1936          -0       1.173     2.883   216    6   11      0.9583    0    354     15    354     29    T0969TS354-D1.pdb:A  SCOP d1o20a_
  346      0.1933          -0   0.0009708     2.969   219    5   12      0.9269    0    354     15    354     22    T0969TS354-D1.pdb:A  SCOP d1edga_
  347       0.193          -0     0.02378     2.299   152    4   13      0.9342    0    354     15    213     14    T0969TS354-D1.pdb:A  SCOP d1bcca2
  348       0.193          -0     0.01755     2.299   152    4   13      0.9342    0    354     15    213     14    T0969TS354-D1.pdb:A  SCOP d3bcca2
  349       0.193          -0     0.02378     2.299   152    4   13      0.9342    0    354     15    213     14    T0969TS354-D1.pdb:A  SCOP d1sqqa2
  350      0.1919          -0      0.2012     1.395   171    5    5      0.9825    0    354     15    354     22    T0969TS354-D1.pdb:A  SCOP d1qdsa_
  351       0.191          -0      0.7547     2.466   155    3    8      0.9613    0    354     15    212     14    T0969TS354-D1.pdb:A  SCOP d1q0oa2
  352      0.1877          -0      0.2923     3.112   221    3    7      0.9729    0    354     15    354     11    T0969TS354-D1.pdb:A  SCOP d1be9a_
  353      0.1876          -0       1.685     2.343   168    3   11      0.9643    0    354     15    264     15    T0969TS354-D1.pdb:A  SCOP d1a16a2
  354      0.1871          -0     0.02378     2.314   150    4   13      0.9333    0    354     15    213     14    T0969TS354-D1.pdb:A  SCOP d1l0na2
  355      0.1871          -0     0.02378     2.314   150    4   13      0.9333    0    354     15    213     14    T0969TS354-D1.pdb:A  SCOP d1ntza2
  356       0.187          -0      0.4231     2.529   180    5   13      0.9278    0    354     15    286     19    T0969TS354-D1.pdb:A  SCOP d1fqva2
  357       0.187          -0     0.09717     2.205   190    4   11      0.9421    0    354     15    354     20    T0969TS354-D1.pdb:A  SCOP d2aata_
  358       0.187          -0      0.1006     3.571   238    6   14      0.9622    0    354     15    354     22    T0969TS354-D1.pdb:A  SCOP d1j5xa_
  359      0.1861          -0       1.283     1.301   121    3    7      0.9835    0    354     15    187     13    T0969TS354-D1.pdb:A  SCOP d1bpxa4
  360      0.1858          -0      0.5164     3.410   231    5   12      0.9481    0    354     15    354     23    T0969TS354-D1.pdb:A  SCOP d1rlza_
  361      0.1856          -0      0.2923     3.119   220    3    7      0.9727    0    354     15    354     10    T0969TS354-D1.pdb:A  SCOP d1bfea_
  362      0.1854          -0     0.02242     1.806   138    4   11       0.942    0    354     15    213     14    T0969TS354-D1.pdb:A  SCOP d1sqva2
  363      0.1854          -0    0.007742     3.150   221    3    7      0.9593    0    354     15    354     11    T0969TS354-D1.pdb:A  SCOP d1fl0a_
  364      0.1835          -0      0.1404     1.335   166    3    5       0.988    0    354     15    354     15    T0969TS354-D1.pdb:A  SCOP d1bioa_
  365      0.1835          -0     0.09914     1.335   166    4    5       0.988    0    354     15    354     16    T0969TS354-D1.pdb:A  SCOP d1mvqa_
  366      0.1835          -0     0.09914     1.335   166    3    5       0.988    0    354     15    354     15    T0969TS354-D1.pdb:A  SCOP d1orfa_
  367      0.1825          -0      0.9514     2.918   211    5   12      0.9573    0    354     15    354     23    T0969TS354-D1.pdb:A  SCOP d1jpka_
  368      0.1825          -0      0.9514     2.918   211    5   12      0.9573    0    354     15    354     22    T0969TS354-D1.pdb:A  SCOP d1jpia_
  369      0.1823          -0    0.004427     2.253   189    3    9      0.9418    0    354     15    354      8    T0969TS354-D1.pdb:A  SCOP d1nw9a_
  370      0.1819          -0       1.194     2.929   190    5   11      0.9526    0    354     15    287     24    T0969TS354-D1.pdb:A  SCOP d1np0a1
  371      0.1818          -0    0.004896     2.261   189    3    9      0.9418    0    354     15    354      8    T0969TS354-D1.pdb:A  SCOP d1xb0a_
  372      0.1817          -0      0.2612     3.450   230    5   13      0.9304    0    354     15    354     24    T0969TS354-D1.pdb:A  SCOP d1roza_
  373      0.1817          -0    0.001699     3.100   217    3    8      0.9585    0    354     15    354      8    T0969TS354-D1.pdb:A  SCOP d1my5a_
  374      0.1817          -0    0.001699     3.100   217    3    8      0.9585    0    354     15    354      8    T0969TS354-D1.pdb:A  SCOP d1my7a_
  375      0.1817          -0    0.001699     3.100   217    3    8      0.9585    0    354     15    354      9    T0969TS354-D1.pdb:A  SCOP d1bfta_
  376      0.1817          -0    0.001699     3.100   217    3    8      0.9585    0    354     15    354     10    T0969TS354-D1.pdb:A  SCOP d1k3za_
  377      0.1812          -0     0.09914     1.339   165    3    6      0.9879    0    354     15    354     15    T0969TS354-D1.pdb:A  SCOP d1ao5a_
  378      0.1811          -0    0.004896     2.273   189    3    9      0.9418    0    354     15    354      8    T0969TS354-D1.pdb:A  SCOP d1xb1a_
  379      0.1807          -0      0.4819     2.804   206    3    8      0.9515    0    354     15    354     15    T0969TS354-D1.pdb:A  SCOP d1trma_
  380      0.1803          -0   0.0002537     3.039   214    3    8      0.9533    0    354     15    354     11    T0969TS354-D1.pdb:A  SCOP d1r4ka_
  381      0.1799          -0      0.2012     1.415   166    5    6      0.9819    0    354     15    354     22    T0969TS354-D1.pdb:A  SCOP d1aw1a_
  382      0.1795          -0       1.194     2.937   189    5   11      0.9524    0    354     15    287     24    T0969TS354-D1.pdb:A  SCOP d1noua1
  383      0.1794          -0       1.176     2.853   201    4    7      0.9701    0    354     15    334     20    T0969TS354-D1.pdb:A  SCOP d2jdra1
  384      0.1786          -0      0.3055     2.601   198    5   13      0.9293    0    354     15    354     24    T0969TS354-D1.pdb:A  SCOP d1ofia_
  385      0.1781          -0       1.504     2.218   131    3    6      0.9466    0    354     15    176     12    T0969TS354-D1.pdb:A  SCOP d1pcqa2
  386      0.1779          -0     0.02317     3.327   223    4   16      0.9462    0    354     15    354     19    T0969TS354-D1.pdb:A  SCOP d1ny6a_
  387      0.1778          -0      0.2612     3.465   228    5   13      0.9298    0    354     15    354     23    T0969TS354-D1.pdb:A  SCOP d1rqda_
  388      0.1777          -0       1.343     1.442   112    3    5      0.9732    0    354     15    162     13    T0969TS354-D1.pdb:A  SCOP d2grea2
  389      0.1773          -0    0.000761     2.861   206    3    7      0.9563    0    354     15    354     10    T0969TS354-D1.pdb:A  SCOP d1iqaa_
  390      0.1772          -0       1.194     2.944   188    5   11      0.9521    0    354     15    287     24    T0969TS354-D1.pdb:A  SCOP d1nowa1
  391       0.177          -0     0.01542     2.903   163    4    7      0.9202    0    354     15    219     18    T0969TS354-D1.pdb:A  SCOP d1om6a1
  392      0.1757          -0      0.3548     1.459   165    4    6      0.9636    0    354     15    354     15    T0969TS354-D1.pdb:A  SCOP d1pjpa_
  393      0.1753          -0      0.2612     3.560   230    5   11      0.9391    0    354     15    354     22    T0969TS354-D1.pdb:A  SCOP d1v6ya_
  394       0.175          -0       0.507     3.016   210    3    8      0.9762    0    354     15    354     12    T0969TS354-D1.pdb:A  SCOP d1akza_
  395       0.175          -0      0.4415     2.412   146    4    9      0.9384    0    354     15    209     15    T0969TS354-D1.pdb:A  SCOP d1ppja2
  396      0.1738          -0    0.001078     2.980   208    3    9      0.9615    0    354     15    354     11    T0969TS354-D1.pdb:A  SCOP d1fhxa_
  397      0.1737          -0       3.242     1.799   127    3    6      0.9685    0    354     15    193     11    T0969TS354-D1.pdb:A  SCOP d1mg7a2
  398      0.1735          -0       3.903     1.222   138    3   10      0.9855    0    354     15    266     14    T0969TS354-D1.pdb:A  SCOP d1hxaa2
  399      0.1722          -0      0.4508     2.420   145    4    9      0.9379    0    354     15    209     15    T0969TS354-D1.pdb:A  SCOP d1pp9a2
  400      0.1717          -0  1.798e+308     0.000    98    6    6           1    0    354     15    158     17    T0969TS354-D1.pdb:A  SCOP d1bhga3
  401      0.1717          -0    0.001078     2.987   207    3    9      0.9614    0    354     15    354     10    T0969TS354-D1.pdb:A  SCOP d1fgza_
  402      0.1717          -0    0.001078     2.987   207    3    9      0.9614    0    354     15    354     10    T0969TS354-D1.pdb:A  SCOP d1fgya_
  403      0.1713          -0      0.8354     3.789   236    5   11      0.9492    0    354     15    354     25    T0969TS354-D1.pdb:A  SCOP d1j93a_
  404      0.1686          -0      0.4078     1.793   153    3   13      0.9608    0    354     15    289     13    T0969TS354-D1.pdb:A  SCOP d1skxa1
  405      0.1683          -0      0.3791     1.436   161    5    6      0.9814    0    354     15    354     20    T0969TS354-D1.pdb:A  SCOP d1ll0a_
  406      0.1672          -0      0.3062     1.364   159    5    6      0.9874    0    354     15    354     20    T0969TS354-D1.pdb:A  SCOP d1ll2a_
  407      0.1668          -0       1.784     2.817   177    4   10      0.9661    0    354     15    282     15    T0969TS354-D1.pdb:A  SCOP d1xxva1
  408       0.165          -0       0.176     1.366   158    3    7      0.9873    0    354     15    354     13    T0969TS354-D1.pdb:A  SCOP d1dmga_
  409      0.1645          -0       1.748     3.144   208    4   10      0.9663    0    354     15    354     17    T0969TS354-D1.pdb:A  SCOP d1qpja_
  410      0.1632          -0       0.184     3.590   223    5   13      0.9417    0    354     15    354     20    T0969TS354-D1.pdb:A  SCOP d1tr9a_
  411      0.1622          -0   0.0001011     2.891   198    4    9      0.9444    0    354     15    354     17    T0969TS354-D1.pdb:A  SCOP d1htza_
  412      0.1617          -0       1.548     2.188   155    4   12      0.9742    0    354     15    274     16    T0969TS354-D1.pdb:A  SCOP d1l1fa1
  413      0.1614          -0       2.161     2.488   135    4    6      0.9556    0    354     15    189     16    T0969TS354-D1.pdb:A  SCOP d1jzsa2
  414      0.1613          -0       0.184     3.598   222    5   13      0.9414    0    354     15    354     21    T0969TS354-D1.pdb:A  SCOP d1y65a_
  415      0.1611          -0     0.02064     3.031   202    3    5      0.9901    0    354     15    354      6    T0969TS354-D1.pdb:A  SCOP d1c7wa_
  416      0.1605          -0   0.0005131     2.576   145    3   11      0.9448    0    354     15    213     15    T0969TS354-D1.pdb:A  SCOP d1be3a2
  417      0.1602          -0   5.531e-05     3.996   236    5   14      0.9364    0    354     15    354     24    T0969TS354-D1.pdb:A  SCOP d1p0ka_
  418        0.16          -0      0.1479     1.937   114    3    7      0.9386    0    354     15    162     13    T0969TS354-D1.pdb:A  SCOP d1mpya2
  419      0.1599          -0   4.768e-05     2.874   196    4    8      0.9439    0    354     15    354     20    T0969TS354-D1.pdb:A  SCOP d1o7ea_
  420      0.1598          -0       1.513     1.836    97    3    5      0.8969    0    354     15    121      9    T0969TS354-D1.pdb:A  SCOP d1w5fa2
  421      0.1597          -0       1.314     2.348   108    3    3      0.9352    0    354     15    128     11    T0969TS354-D1.pdb:A  SCOP d1zata1
  422      0.1593          -0      0.2761     1.454   157    5    6      0.9809    0    354     15    354     20    T0969TS354-D1.pdb:A  SCOP d1ll3a_
  423      0.1592          -0    0.003321     3.037   201    3    6        0.99    0    354     15    354     11    T0969TS354-D1.pdb:A  SCOP d1ntva_
  424      0.1592          -0    0.003321     3.037   201    3    6        0.99    0    354     15    354     11    T0969TS354-D1.pdb:A  SCOP d1nu2a_
  425      0.1592          -0    0.005991     3.038   201    3    6        0.99    0    354     15    354     10    T0969TS354-D1.pdb:A  SCOP d1coba_
  426      0.1592          -0    0.003321     3.038   201    3    6        0.99    0    354     15    354     12    T0969TS354-D1.pdb:A  SCOP d1j4pa_
  427      0.1592          -0    0.003321     3.038   201    3    6        0.99    0    354     15    354     10    T0969TS354-D1.pdb:A  SCOP d1g6ga_
  428      0.1592          -0    0.001375     3.038   201    3    6        0.99    0    354     15    354     14    T0969TS354-D1.pdb:A  SCOP d1qk4a_
  429      0.1592          -0    0.001375     3.038   201    3    6        0.99    0    354     15    354     14    T0969TS354-D1.pdb:A  SCOP d1qk5a_
  430      0.1592          -0    0.005991     3.038   201    3    6        0.99    0    354     15    354     10    T0969TS354-D1.pdb:A  SCOP d1xsoa_
  431      0.1592          -0    0.003321     3.038   201    3    6        0.99    0    354     15    354     12    T0969TS354-D1.pdb:A  SCOP d1j4oa_
  432      0.1592          -0    0.005991     3.038   201    3    6        0.99    0    354     15    354     10    T0969TS354-D1.pdb:A  SCOP d1cb4a_
  433      0.1592          -0     0.01274     3.038   201    3    6        0.99    0    354     15    354      9    T0969TS354-D1.pdb:A  SCOP d1k3ea_
  434      0.1576          -0      0.3964     2.670   160    5   11      0.9187    0    354     15    256     17    T0969TS354-D1.pdb:A  SCOP d1fs2a2
  435      0.1576          -0      0.1848     1.789    98    3    6      0.9286    0    354     15    127     13    T0969TS354-D1.pdb:A  SCOP d1uhva1
  436      0.1576          -0      0.1848     1.789    98    3    6      0.9286    0    354     15    127     13    T0969TS354-D1.pdb:A  SCOP d1px8a1
  437      0.1573          -0      0.2583     1.851   116    4   11      0.9224    0    354     15    175     13    T0969TS354-D1.pdb:A  SCOP d1zpda1
  438      0.1572          -0    0.001375     3.045   200    3    6        0.99    0    354     15    354     13    T0969TS354-D1.pdb:A  SCOP d1x99a_
  439       0.157          -0       2.321     2.842   164    5   10      0.9329    0    354     15    255     25    T0969TS354-D1.pdb:A  SCOP d1lrta1
  440      0.1564          -0      0.7801     2.664   132    3    7      0.9545    0    354     15    176     13    T0969TS354-D1.pdb:A  SCOP d1f1ua2
  441      0.1563          -0     0.03873     2.427   180    5    8      0.9444    0    354     15    354     20    T0969TS354-D1.pdb:A  SCOP d1esna_
  442       0.156          -0   0.0002117     3.475   214    3    7      0.9813    0    354     15    354     13    T0969TS354-D1.pdb:A  SCOP d1mqta_
  443       0.156          -0   0.0002117     3.475   214    3    7      0.9813    0    354     15    354     14    T0969TS354-D1.pdb:A  SCOP d1oopa_
  444      0.1553          -0      0.7367     1.973   122    3    4      0.9098    0    354     15    189     15    T0969TS354-D1.pdb:A  SCOP d1mwua2
  445      0.1551          -0      0.8861     3.407   211    4   10      0.9573    0    354     15    354     16    T0969TS354-D1.pdb:A  SCOP d1hkga_
  446      0.1547          -0   2.861e-05     4.080   235    5   14      0.9404    0    354     15    354     24    T0969TS354-D1.pdb:A  SCOP d1p0na_
  447      0.1544          -0      0.7801     2.674   131    3    7      0.9542    0    354     15    175     12    T0969TS354-D1.pdb:A  SCOP d1q0ca2
  448      0.1544          -0       1.051     2.674   131    3    7      0.9542    0    354     15    175     13    T0969TS354-D1.pdb:A  SCOP d1f1xa2
  449      0.1543          -0     0.03873     2.432   179    5    8      0.9441    0    354     15    354     19    T0969TS354-D1.pdb:A  SCOP d1esma_
  450       0.154          -0      0.5473     1.994   103    3    5      0.9417    0    354     15    135     11    T0969TS354-D1.pdb:A  SCOP d1t6la2
  451       0.153          -0    0.005991     3.066   198    3    6      0.9848    0    354     15    354     12    T0969TS354-D1.pdb:A  SCOP d1oqda_
  452       0.153          -0    0.005991     3.066   198    3    6      0.9848    0    354     15    354     12    T0969TS354-D1.pdb:A  SCOP d1oqea_
  453      0.1526          -0       2.032     2.603   159    3   13       0.956    0    354     15    267     14    T0969TS354-D1.pdb:A  SCOP d2j14a1
  454      0.1511          -0       2.138     2.842   164    5   10      0.9329    0    354     15    265     25    T0969TS354-D1.pdb:A  SCOP d1me8a1
  455      0.1509          -0   9.537e-06     3.940   227    5   10      0.9471    0    354     15    354     15    T0969TS354-D1.pdb:A  SCOP d1qtn.1
  456      0.1498          -0       3.783     1.771   126    3    7      0.9683    0    354     15    222     12    T0969TS354-D1.pdb:A  SCOP d1mb4a2
  457      0.1498          -0       3.833     2.573   140    4    5      0.9643    0    354     15    213     18    T0969TS354-D1.pdb:A  SCOP d1qhua2
  458      0.1496          -0    0.008421     2.886   190    3   15      0.9526    0    354     15    354     13    T0969TS354-D1.pdb:A  SCOP d1m7wa_
  459       0.149          -0      0.6658     2.441   142    3    8      0.9577    0    354     15    230     15    T0969TS354-D1.pdb:A  SCOP d1t8ia3
  460      0.1485          -0       2.824     1.861   126    3    7      0.9683    0    354     15    218     15    T0969TS354-D1.pdb:A  SCOP d1p84a2
  461      0.1471          -0      0.7547     3.481   208    3    7       0.976    0    354     15    354     12    T0969TS354-D1.pdb:A  SCOP d1kxga_
  462      0.1466          -0       1.164     2.447   141    3    8      0.9574    0    354     15    230     14    T0969TS354-D1.pdb:A  SCOP d1tl8a3
  463      0.1466          -0       2.547     1.552    97    3    5      0.9691    0    354     15    143     13    T0969TS354-D1.pdb:A  SCOP d1hzpa2
  464      0.1466          -0       2.547     1.552    97    3    5      0.9691    0    354     15    143     10    T0969TS354-D1.pdb:A  SCOP d1hn9a2
  465      0.1463          -0       1.846     1.807   120    3    5        0.95    0    354     15    204     15    T0969TS354-D1.pdb:A  SCOP d1pk8a2
  466      0.1463          -0       1.846     1.807   120    3    5        0.95    0    354     15    204     15    T0969TS354-D1.pdb:A  SCOP d1auva2
  467       0.146          -0       0.581     2.714   129    4    5      0.9225    0    354     15    177     15    T0969TS354-D1.pdb:A  SCOP d1upca1
  468      0.1458          -0     0.01241     2.242   112    3    7      0.9286    0    354     15    156      9    T0969TS354-D1.pdb:A  SCOP d1flca1
  469      0.1456          -0       2.728     1.786   102    3    4      0.9706    0    354     15    149      9    T0969TS354-D1.pdb:A  SCOP d1ub7a2
  470      0.1452          -0       1.523     3.826   213    6   15      0.9484    0    354     15    336     22    T0969TS354-D1.pdb:A  SCOP d1jaka1
  471      0.1452          -0       1.523     3.826   213    6   15      0.9484    0    354     15    336     22    T0969TS354-D1.pdb:A  SCOP d1m03a1
  472      0.1449          -0    0.008421     2.886   187    3   15      0.9519    0    354     15    354     13    T0969TS354-D1.pdb:A  SCOP d1pzla_
  473      0.1448          -0       1.318     3.835   213    6   15      0.9484    0    354     15    336     22    T0969TS354-D1.pdb:A  SCOP d1m01a1
  474      0.1448          -0       1.491     3.835   213    6   15      0.9484    0    354     15    336     22    T0969TS354-D1.pdb:A  SCOP d1hp4a1
  475      0.1442          -0   0.0006275     2.096   164    3   12      0.9573    0    354     15    354     13    T0969TS354-D1.pdb:A  SCOP d1lbda_
  476      0.1438          -0       2.138     2.876   160    5    9      0.9313    0    354     15    262     24    T0969TS354-D1.pdb:A  SCOP d1mewa1
  477      0.1438          -0       2.138     2.876   160    5    9      0.9313    0    354     15    262     25    T0969TS354-D1.pdb:A  SCOP d1ak5a1
  478      0.1438          -0       2.138     2.876   160    5    9      0.9313    0    354     15    262     25    T0969TS354-D1.pdb:A  SCOP d1meia1
  479      0.1438          -0   0.0001469     2.779   183    5   12      0.9344    0    354     15    354     20    T0969TS354-D1.pdb:A  SCOP d1ofaa_
  480      0.1435          -0       1.689     3.074   192    4   11      0.9583    0    354     15    354     15    T0969TS354-D1.pdb:A  SCOP d1ytsa_
  481      0.1435          -0       1.689     3.074   192    4   11      0.9583    0    354     15    354     17    T0969TS354-D1.pdb:A  SCOP d1ytna_
  482      0.1432          -0       2.675     1.562    96    3    5      0.9688    0    354     15    143     10    T0969TS354-D1.pdb:A  SCOP d1hnja2
  483      0.1432          -0       2.675     1.562    96    3    5      0.9688    0    354     15    143     10    T0969TS354-D1.pdb:A  SCOP d2efta2
  484      0.1432          -0       2.721     1.562    96    3    5      0.9688    0    354     15    143     10    T0969TS354-D1.pdb:A  SCOP d1hnha2
  485      0.1432          -0       2.512     1.562    96    3    5      0.9688    0    354     15    143     10    T0969TS354-D1.pdb:A  SCOP d1mzsa2
  486      0.1432          -0       2.675     1.562    96    3    5      0.9688    0    354     15    143     10    T0969TS354-D1.pdb:A  SCOP d1hnda2
  487      0.1432          -0       2.594     1.562    96    3    5      0.9688    0    354     15    143     12    T0969TS354-D1.pdb:A  SCOP d1u6sa2
  488      0.1429          -0       1.725     3.023   190    4   11      0.9579    0    354     15    354     17    T0969TS354-D1.pdb:A  SCOP d1lyva_
  489      0.1425          -0   0.0002537     3.549   207    5   11      0.9565    0    354     15    354     24    T0969TS354-D1.pdb:A  SCOP d1tz9a_
  490      0.1424          -0      0.1277     3.622   204    6   14      0.9412    0    354     15    336     22    T0969TS354-D1.pdb:A  SCOP d1hp5a1
  491      0.1424          -0     0.07777     3.622   204    6   14      0.9412    0    354     15    336     22    T0969TS354-D1.pdb:A  SCOP d1m04a1
  492      0.1423          -0     0.05375     3.583   208    3    7      0.9567    0    354     15    354     12    T0969TS354-D1.pdb:A  SCOP d1i9ma_
  493      0.1421          -0       3.383     2.022   126    3    7      0.9683    0    354     15    217     15    T0969TS354-D1.pdb:A  SCOP d1kyoa2
  494       0.142          -0      0.3378     1.728   107    3    6      0.9159    0    354     15    171     12    T0969TS354-D1.pdb:A  SCOP d1ydwa2
