<html><head></head><body><pre style="word-wrap: break-word; white-space: pre-wrap;"> PDBe Fold v2.59. (src3) 14 Apr 2014 result file.

                   RESULT SUMMARY

   ##      Q-score      P-score     Z-score   RMSD    Nalgn Nsse Ngaps Seq-%     Nmd Nres-Q Nsse-Q Nres-T Nsse-T Query Target
    1      0.9833     0.09066       4.899     0.000   118    2    1           1    0    119      7    119      7    T0968s1TS354-D1.pdb:A  SCOP d1qdda_
    2      0.9833       0.143       5.074     0.000   118    2    1           1    0    119      7    119      6    T0968s1TS354-D1.pdb:A  SCOP d1lita_
    3      0.9833       3.373       5.482     0.000   118    2    1           1    0    119      7    119      2    T0968s1TS354-D1.pdb:A  SCOP d1irqa_
    4      0.9833       3.958       6.001     0.000   118    2    1           1    0    119      7    119      4    T0968s1TS354-D1.pdb:A  SCOP d1v66a_
    5      0.9833       3.795       5.578     0.000   118    2    1           1    0    119      7    119      3    T0968s1TS354-D1.pdb:A  SCOP d1hmfa_
    6      0.9833       3.558       5.389     0.000   118    2    1           1    0    119      7    119      4    T0968s1TS354-D1.pdb:A  SCOP d1uzca_
    7      0.9667    0.000121       3.718     0.000   117    2    2           1    0    119      7    119      9    T0968s1TS354-D1.pdb:A  SCOP d1uv0a_
    8      0.9667       3.795       5.578     0.000   117    2    1           1    0    119      7    119      3    T0968s1TS354-D1.pdb:A  SCOP d1hmaa_
    9      0.9502       4.443       6.346     0.000   116    2    1           1    0    119      7    119      5    T0968s1TS354-D1.pdb:A  SCOP d1mj2a_
   10      0.9502       4.443       6.346     0.000   116    2    1           1    0    119      7    119      6    T0968s1TS354-D1.pdb:A  SCOP d1mjoa_
   11      0.9339       2.749        5.83     0.000   115    2    2           1    0    119      7    119      4    T0968s1TS354-D1.pdb:A  SCOP d1cmca_
   12      0.9339       2.563       5.641     0.000   115    2    2           1    0    119      7    119      4    T0968s1TS354-D1.pdb:A  SCOP d1mjma_
   13      0.9339        3.75       5.847     0.000   115    2    1           1    0    119      7    119      4    T0968s1TS354-D1.pdb:A  SCOP d2utga_
   14      0.9339       2.025       5.648     0.000   115    2    2           1    0    119      7    119      5    T0968s1TS354-D1.pdb:A  SCOP d1mjpa_
   15      0.9339       1.728       5.053     0.000   115    2    3           1    0    119      7    119      4    T0968s1TS354-D1.pdb:A  SCOP d1e7ja_
   16      0.9177      0.8647       4.295     0.000   114    2    3           1    0    119      7    119      4    T0968s1TS354-D1.pdb:A  SCOP d1tiza_
   17      0.9177       2.199        5.83     0.000   114    2    2           1    0    119      7    119      4    T0968s1TS354-D1.pdb:A  SCOP d1cmaa_
   18      0.9177       2.031       5.648     0.000   114    2    2           1    0    119      7    119      5    T0968s1TS354-D1.pdb:A  SCOP d1mjqa_
   19      0.9017        2.22       4.423     0.000   113    3    3           1    0    119      7    119      4    T0968s1TS354-D1.pdb:A  SCOP d1ryka_
   20      0.8858      0.5744       4.487     0.000   112    2    3           1    0    119      7    119      8    T0968s1TS354-D1.pdb:A  SCOP d4fapa_
   21      0.8858          -0       4.317     0.000   112    3    3           1    0    119      7    119     14    T0968s1TS354-D1.pdb:A  SCOP d1ctea_
   22      0.8858   2.335e-06       3.492     0.000   112    2    3           1    0    119      7    119      7    T0968s1TS354-D1.pdb:A  SCOP d1kp6a_
   23      0.8858          -0       4.317     0.000   112    3    3           1    0    119      7    119     14    T0968s1TS354-D1.pdb:A  SCOP d1thea_
   24      0.8858          -0       4.317     0.000   112    3    3           1    0    119      7    119     15    T0968s1TS354-D1.pdb:A  SCOP d1cpja_
   25      0.8858      0.6026       4.906     0.000   112    2    3           1    0    119      7    119      7    T0968s1TS354-D1.pdb:A  SCOP d1w4ma_
   26      0.8701       1.103       6.073     0.000   111    2    3           1    0    119      7    119      8    T0968s1TS354-D1.pdb:A  SCOP d1eksa_
   27      0.8701      0.8755       3.707     0.000   111    2    2           1    0    119      7    119      3    T0968s1TS354-D1.pdb:A  SCOP d1wi3a_
   28      0.8701      0.7466       3.528     0.000   111    2    2           1    0    119      7    119      3    T0968s1TS354-D1.pdb:A  SCOP d1ocpa_
   29      0.8701          -0       3.865     0.000   111    3    4           1    0    119      7    119     13    T0968s1TS354-D1.pdb:A  SCOP d1qx6a_
   30      0.8701          -0       3.635     0.000   111    3    4           1    0    119      7    119     14    T0968s1TS354-D1.pdb:A  SCOP d1qxaa_
   31      0.8545       1.289       4.116     0.000   110    2    3           1    0    119      7    119      3    T0968s1TS354-D1.pdb:A  SCOP d1a7wa_
   32      0.8545       1.289       4.116     0.000   110    2    3           1    0    119      7    119      3    T0968s1TS354-D1.pdb:A  SCOP d1b6wa_
   33      0.8545      0.8561       3.551     0.000   110    2    4           1    0    119      7    119      5    T0968s1TS354-D1.pdb:A  SCOP d1d8ja_
   34      0.8545    2.56e-05       4.723     0.000   110    2    3           1    0    119      7    119      8    T0968s1TS354-D1.pdb:A  SCOP d1ekra_
   35      0.8545   2.117e-14       4.531     0.000   110    2    3           1    0    119      7    119     10    T0968s1TS354-D1.pdb:A  SCOP d1assa_
   36      0.8545    0.002576       2.986     0.000   110    2    3           1    0    119      7    119      5    T0968s1TS354-D1.pdb:A  SCOP d1sjqa_
   37      0.8545      0.7708       4.166     0.000   110    2    3           1    0    119      7    119      4    T0968s1TS354-D1.pdb:A  SCOP d1beaa_
   38      0.8545      0.7708       4.166     0.000   110    2    3           1    0    119      7    119      4    T0968s1TS354-D1.pdb:A  SCOP d1bfaa_
   39       0.839      0.5732       3.836     0.000   109    2    3           1    0    119      7    119      4    T0968s1TS354-D1.pdb:A  SCOP d1b1ua_
   40       0.839      0.7801       3.908     0.000   109    2    4           1    0    119      7    119      4    T0968s1TS354-D1.pdb:A  SCOP d1h8ba_
   41       0.839      0.3656        3.17     0.000   109    2    3           1    0    119      7    119      5    T0968s1TS354-D1.pdb:A  SCOP d1s6ja_
   42       0.839       1.765       4.793     0.000   109    2    1           1    0    119      7    119      3    T0968s1TS354-D1.pdb:A  SCOP d1uxca_
   43       0.839       2.106       4.545     0.000   109    2    1           1    0    119      7    119      4    T0968s1TS354-D1.pdb:A  SCOP d1uxda_
   44       0.839          -0        3.32     0.000   109    2    4           1    0    119      7    119      7    T0968s1TS354-D1.pdb:A  SCOP d1ln4a_
   45       0.839          -0       2.252     0.000   109    2    5           1    0    119      7    119      8    T0968s1TS354-D1.pdb:A  SCOP d1j5ua_
   46       0.839      0.2558       3.908     0.000   109    2    4           1    0    119      7    119      6    T0968s1TS354-D1.pdb:A  SCOP d1uhwa_
   47       0.839       1.141       3.994     0.000   109    2    4           1    0    119      7    119      3    T0968s1TS354-D1.pdb:A  SCOP d1ku5a_
   48       0.839       1.028       3.714     0.000   109    2    4           1    0    119      7    119      3    T0968s1TS354-D1.pdb:A  SCOP d1b67a_
   49      0.8237       1.278       4.224     0.000   108    2    2           1    0    119      7    119      3    T0968s1TS354-D1.pdb:A  SCOP d1i11a_
   50      0.8237   3.385e-05       3.765     0.000   108    2    2           1    0    119      7    119      7    T0968s1TS354-D1.pdb:A  SCOP d2av9a1
   51      0.8237       2.034       5.088     0.000   108    2    2           1    0    119      7    119      3    T0968s1TS354-D1.pdb:A  SCOP d1j47a_
   52      0.8237       2.034       5.088     0.000   108    2    2           1    0    119      7    119      3    T0968s1TS354-D1.pdb:A  SCOP d1j46a_
   53      0.8237      0.3312       5.165     0.000   108    2    1           1    0    119      7    119      6    T0968s1TS354-D1.pdb:A  SCOP d1d8za_
   54      0.8237       2.244        4.51     0.000   108    2    2           1    0    119      7    119      6    T0968s1TS354-D1.pdb:A  SCOP d1uhra_
   55      0.8237       2.275       6.481     0.000   108    3    1           1    0    119      7    119      9    T0968s1TS354-D1.pdb:A  SCOP d1vh5a_
   56      0.8237   1.585e-09       2.584     0.000   108    2    2           1    0    119      7    119      5    T0968s1TS354-D1.pdb:A  SCOP d1n5ha_
   57      0.8237      0.7134       4.927     0.000   108    2    1           1    0    119      7    119      5    T0968s1TS354-D1.pdb:A  SCOP d1afia_
   58      0.8237       1.656       4.324     0.000   108    2    1           1    0    119      7    119      6    T0968s1TS354-D1.pdb:A  SCOP d2sxla_
   59      0.8237   7.189e-08       3.029     0.000   108    2    2           1    0    119      7    119      6    T0968s1TS354-D1.pdb:A  SCOP d1n5pa_
   60      0.8237          -0       2.516     0.000   108    2    6           1    0    119      7    119      7    T0968s1TS354-D1.pdb:A  SCOP d1vm0a_
   61      0.8237       1.645       4.735     0.000   108    2    3           1    0    119      7    119      7    T0968s1TS354-D1.pdb:A  SCOP d1wg4a_
   62      0.8237      0.2556       4.016     0.000   108    2    1           1    0    119      7    119      5    T0968s1TS354-D1.pdb:A  SCOP d1s6oa_
   63      0.8237      0.3207       4.395     0.000   108    2    1           1    0    119      7    119      6    T0968s1TS354-D1.pdb:A  SCOP d1s6ua_
   64      0.8237      0.6612       4.545     0.000   108    2    1           1    0    119      7    119      6    T0968s1TS354-D1.pdb:A  SCOP d2aw0a_
   65      0.8237      0.6612       4.545     0.000   108    2    1           1    0    119      7    119      6    T0968s1TS354-D1.pdb:A  SCOP d1jwwa_
   66      0.8237       2.022       5.648     0.000   108    2    3           1    0    119      7    119      5    T0968s1TS354-D1.pdb:A  SCOP d1hssa_
   67      0.8237      0.5054       3.435     0.000   108    2    4           1    0    119      7    119      4    T0968s1TS354-D1.pdb:A  SCOP d1bipa_
   68      0.8237    0.003711       3.521     0.000   108    2    2           1    0    119      7    119      7    T0968s1TS354-D1.pdb:A  SCOP d1wjna_
   69      0.8237      0.1588       3.908     0.000   108    2    5           1    0    119      7    119      7    T0968s1TS354-D1.pdb:A  SCOP d1ig6a_
   70      0.8115   4.029e-05       5.255     0.000   104    3    2           1    0    119      7    112     12    T0968s1TS354-D1.pdb:A  SCOP d1y5ea1
   71      0.8085      0.1551       4.195     0.000   107    2    2           1    0    119      7    119      5    T0968s1TS354-D1.pdb:A  SCOP d1dhma_
   72      0.8085   1.763e-06       4.288     0.000   107    2    2           1    0    119      7    119      7    T0968s1TS354-D1.pdb:A  SCOP d2saka_
   73      0.8085      0.2629       4.202     0.000   107    2    2           1    0    119      7    119      5    T0968s1TS354-D1.pdb:A  SCOP d1afja_
   74      0.8085   2.216e-06       2.692     0.000   107    2    4           1    0    119      7    119      6    T0968s1TS354-D1.pdb:A  SCOP d1viga_
   75      0.8085   2.216e-06       2.692     0.000   107    2    4           1    0    119      7    119      6    T0968s1TS354-D1.pdb:A  SCOP d1viha_
   76      0.8085       2.008       5.291     0.000   107    2    2           1    0    119      7    119      7    T0968s1TS354-D1.pdb:A  SCOP d1fkba_
   77      0.8085      0.4395       4.899     0.000   107    2    2           1    0    119      7    119      7    T0968s1TS354-D1.pdb:A  SCOP d3fapa_
   78      0.8085      0.4395       4.899     0.000   107    2    2           1    0    119      7    119      7    T0968s1TS354-D1.pdb:A  SCOP d1fkia_
   79      0.8085      0.4395       4.899     0.000   107    2    2           1    0    119      7    119      7    T0968s1TS354-D1.pdb:A  SCOP d1eyma_
   80      0.8085      0.4395       4.899     0.000   107    2    2           1    0    119      7    119      7    T0968s1TS354-D1.pdb:A  SCOP d1nsga_
   81      0.8085      0.4395       4.899     0.000   107    2    2           1    0    119      7    119      7    T0968s1TS354-D1.pdb:A  SCOP d2fapa_
   82      0.8085       2.008       5.291     0.000   107    2    2           1    0    119      7    119      7    T0968s1TS354-D1.pdb:A  SCOP d1j4ha_
   83      0.8085       2.008       5.291     0.000   107    2    2           1    0    119      7    119      7    T0968s1TS354-D1.pdb:A  SCOP d1c9ha_
   84      0.8085       2.008       5.291     0.000   107    2    2           1    0    119      7    119      7    T0968s1TS354-D1.pdb:A  SCOP d1fkla_
   85      0.8085      0.4395       4.899     0.000   107    2    2           1    0    119      7    119      7    T0968s1TS354-D1.pdb:A  SCOP d1qpfa_
   86      0.8085      0.4765       4.545     0.000   107    2    2           1    0    119      7    119      5    T0968s1TS354-D1.pdb:A  SCOP d1mwza_
   87      0.8085      0.3084       4.367     0.000   107    2    2           1    0    119      7    119      6    T0968s1TS354-D1.pdb:A  SCOP d1mwya_
   88      0.8085       1.013       4.559     0.000   107    2    3           1    0    119      7    119      6    T0968s1TS354-D1.pdb:A  SCOP d1v31a_
   89      0.8085       1.444       5.427     0.000   107    2    4           1    0    119      7    119      5    T0968s1TS354-D1.pdb:A  SCOP d1mn8a_
   90      0.8085       1.331       4.723     0.000   107    2    2           1    0    119      7    119      5    T0968s1TS354-D1.pdb:A  SCOP d1k0va_
   91      0.8085      0.6935       3.449     0.000   107    2    4           1    0    119      7    119      3    T0968s1TS354-D1.pdb:A  SCOP d1vnda_
   92      0.8085      0.5757        4.73     0.000   107    2    2           1    0    119      7    119      5    T0968s1TS354-D1.pdb:A  SCOP d1osda_
   93      0.8085       4.255       6.298     0.000   107    4    2           1    0    119      7    119     10    T0968s1TS354-D1.pdb:A  SCOP d1tu1a_
   94      0.8085       0.688       4.495     0.000   107    2    5           1    0    119      7    119      5    T0968s1TS354-D1.pdb:A  SCOP d1k9ua_
   95      0.8085       1.257       4.631     0.000   107    2    2           1    0    119      7    119      7    T0968s1TS354-D1.pdb:A  SCOP d1j8ca_
   96      0.8085       1.088       5.565     0.000   107    3    3           1    0    119      7    119     12    T0968s1TS354-D1.pdb:A  SCOP d1xuva_
   97      0.8075          -0       3.307     0.934   112    3    4      0.9732    0    119      7    119     15    T0968s1TS354-D1.pdb:A  SCOP d1c7za_
   98      0.7934   2.071e-09       2.167     0.000   106    2    4           1    0    119      7    119      6    T0968s1TS354-D1.pdb:A  SCOP d1wexa_
   99      0.7934    2.29e-08       2.134     0.000   106    2    3           1    0    119      7    119      9    T0968s1TS354-D1.pdb:A  SCOP d1su2a_
  100      0.7934       3.758       5.781     0.000   106    2    1           1    0    119      7    119      3    T0968s1TS354-D1.pdb:A  SCOP d1aila_
  101      0.7934   1.093e-05       2.656     0.000   106    2    4           1    0    119      7    119      8    T0968s1TS354-D1.pdb:A  SCOP d1sh4a_
  102      0.7934     0.01875       4.166     0.000   106    2    2           1    0    119      7    119      6    T0968s1TS354-D1.pdb:A  SCOP d1fvqa_
  103      0.7934          -0       2.623     0.000   106    2    3           1    0    119      7    119      8    T0968s1TS354-D1.pdb:A  SCOP d1e57a_
  104      0.7934      0.8431       3.427     0.000   106    2    3           1    0    119      7    119      5    T0968s1TS354-D1.pdb:A  SCOP d1v38a_
  105      0.7934       0.012       1.957     0.000   106    2    3           1    0    119      7    119      3    T0968s1TS354-D1.pdb:A  SCOP d2afpa_
  106      0.7934          -0       3.043     0.000   106    2    3           1    0    119      7    119     10    T0968s1TS354-D1.pdb:A  SCOP d1bo4a_
  107      0.7934          -0       2.229     0.000   106    2    3           1    0    119      7    119      7    T0968s1TS354-D1.pdb:A  SCOP d1fjca_
  108      0.7934     0.01868       3.435     0.000   106    2    2           1    0    119      7    119      6    T0968s1TS354-D1.pdb:A  SCOP d1opza_
  109      0.7934      0.1203       4.702     0.000   106    2    3           1    0    119      7    119      8    T0968s1TS354-D1.pdb:A  SCOP d1f40a_
  110      0.7934          -0       2.374     0.000   106    2    3           1    0    119      7    119      7    T0968s1TS354-D1.pdb:A  SCOP d1klva_
  111      0.7934   6.473e-12       2.786     0.000   106    2    3           1    0    119      7    119      7    T0968s1TS354-D1.pdb:A  SCOP d1km7a_
  112      0.7934      0.1203       4.702     0.000   106    2    3           1    0    119      7    119      8    T0968s1TS354-D1.pdb:A  SCOP d1fkda_
  113      0.7934      0.1203       4.702     0.000   106    2    3           1    0    119      7    119      8    T0968s1TS354-D1.pdb:A  SCOP d2fkea_
  114      0.7934    0.007375       3.994     0.000   106    2    2           1    0    119      7    119      6    T0968s1TS354-D1.pdb:A  SCOP d1kqka_
  115      0.7934      0.3646       4.702     0.000   106    2    3           1    0    119      7    119      7    T0968s1TS354-D1.pdb:A  SCOP d1bl4a_
  116      0.7934      0.1203       4.702     0.000   106    2    3           1    0    119      7    119      8    T0968s1TS354-D1.pdb:A  SCOP d1fkga_
  117      0.7934     0.03505       2.508     0.000   106    2    3           1    0    119      7    119      6    T0968s1TS354-D1.pdb:A  SCOP d1pvea_
  118      0.7934          -0       3.218     0.000   106    2    3           1    0    119      7    119      9    T0968s1TS354-D1.pdb:A  SCOP d1n13.1
  119      0.7934     0.02755       3.435     0.000   106    2    2           1    0    119      7    119      5    T0968s1TS354-D1.pdb:A  SCOP d1oq3a_
  120      0.7934     0.01183       3.348     0.000   106    2    3           1    0    119      7    119      6    T0968s1TS354-D1.pdb:A  SCOP d1oq6a_
  121      0.7934          -0       3.218     0.000   106    2    3           1    0    119      7    119      9    T0968s1TS354-D1.pdb:A  SCOP d1mt1.1
  122      0.7785          -0       2.486     0.000   105    2    3           1    0    119      7    119      8    T0968s1TS354-D1.pdb:A  SCOP d1wmya_
  123      0.7785   1.929e-16       1.725     0.000   105    3    4           1    0    119      7    119      7    T0968s1TS354-D1.pdb:A  SCOP d1apsa_
  124      0.7785       1.623       4.694     0.000   105    2    2           1    0    119      7    119      4    T0968s1TS354-D1.pdb:A  SCOP d1irja_
  125      0.7785      0.2403       4.623     0.000   105    2    2           1    0    119      7    119      5    T0968s1TS354-D1.pdb:A  SCOP d1y2ia_
  126      0.7785       0.137       3.456     0.000   105    2    5           1    0    119      7    119      6    T0968s1TS354-D1.pdb:A  SCOP d1c3za_
  127      0.7785     0.06448       3.456     0.000   105    2    5           1    0    119      7    119      6    T0968s1TS354-D1.pdb:A  SCOP d1c3ya_
  128      0.7785      0.4993       4.474     0.000   105    2    2           1    0    119      7    119      6    T0968s1TS354-D1.pdb:A  SCOP d2u2fa_
  129      0.7785      0.2456       5.793     0.000   105    3    3           1    0    119      7    119      9    T0968s1TS354-D1.pdb:A  SCOP d1sbka_
  130      0.7785      0.8011       3.607     0.000   105    2    3           1    0    119      7    119      3    T0968s1TS354-D1.pdb:A  SCOP d1aaba_
  131      0.7785      0.4273       2.065     0.000   105    2    4           1    0    119      7    119      5    T0968s1TS354-D1.pdb:A  SCOP d1sgga_
  132      0.7785      0.7001       3.071     0.000   105    2    3           1    0    119      7    119      4    T0968s1TS354-D1.pdb:A  SCOP d1pzwa_
  133      0.7785      0.6053       4.772     0.000   105    2    2           1    0    119      7    119      5    T0968s1TS354-D1.pdb:A  SCOP d1p8ga_
  134      0.7785   1.787e-07       2.844     0.000   105    2    3           1    0    119      7    119      6    T0968s1TS354-D1.pdb:A  SCOP d1fesa_
  135      0.7785   0.0008976       3.966     0.000   105    2    2           1    0    119      7    119      6    T0968s1TS354-D1.pdb:A  SCOP d1cc7a_
  136      0.7785    0.003734       4.145     0.000   105    2    2           1    0    119      7    119      6    T0968s1TS354-D1.pdb:A  SCOP d1cc8a_
  137      0.7748          -0        3.09     0.625   107    2    3      0.9813    0    119      7    119      9    T0968s1TS354-D1.pdb:A  SCOP d1wgua_
  138      0.7702          -0      0.2587     0.521   106    2    4      0.9811    0    119      7    119      6    T0968s1TS354-D1.pdb:A  SCOP d1pfpa_
  139      0.7639      0.1904       2.434     0.725   107    2    4       0.972    0    119      7    119      3    T0968s1TS354-D1.pdb:A  SCOP d1fafa_
  140      0.7638   0.0007847       2.661     0.000   104    3    6           1    0    119      7    119     11    T0968s1TS354-D1.pdb:A  SCOP d1ozja_
  141      0.7638     0.08785        2.09     0.000   104    2    4           1    0    119      7    119      3    T0968s1TS354-D1.pdb:A  SCOP d1kx7a_
  142      0.7638   9.946e-06       2.508     0.000   104    2    5           1    0    119      7    119      6    T0968s1TS354-D1.pdb:A  SCOP d1fhta_
  143      0.7638          -0       2.085     0.000   104    2    5           1    0    119      7    119      8    T0968s1TS354-D1.pdb:A  SCOP d1v7pa_
  144      0.7638      0.6589       3.944     0.000   104    2    4           1    0    119      7    119      4    T0968s1TS354-D1.pdb:A  SCOP d1wjza_
  145      0.7638   3.819e-06       3.248     0.000   104    2    2           1    0    119      7    119      7    T0968s1TS354-D1.pdb:A  SCOP d1vk8a_
  146      0.7638    0.008978       5.413     0.000   104    2    4           1    0    119      7    119     10    T0968s1TS354-D1.pdb:A  SCOP d1s7ia_
  147      0.7638      0.5735       3.022     0.000   104    2    2           1    0    119      7    119      5    T0968s1TS354-D1.pdb:A  SCOP d1f0ma_
  148      0.7638      0.7051       4.502     0.000   104    2    5           1    0    119      7    119      5    T0968s1TS354-D1.pdb:A  SCOP d1uhua_
  149      0.7638      0.2861        3.65     0.000   104    2    3           1    0    119      7    119      6    T0968s1TS354-D1.pdb:A  SCOP d1v32a_
  150      0.7638      0.3093        4.97     0.000   104    4    3           1    0    119      7    119     17    T0968s1TS354-D1.pdb:A  SCOP d1ofna_
  151      0.7638      0.3093        4.97     0.000   104    4    3           1    0    119      7    119     17    T0968s1TS354-D1.pdb:A  SCOP d1oi6a_
  152      0.7638    0.006639        4.15     0.000   104    4    3           1    0    119      7    119     15    T0968s1TS354-D1.pdb:A  SCOP d1rtva_
  153      0.7638      0.1688       4.735     0.000   104    4    3           1    0    119      7    119     16    T0968s1TS354-D1.pdb:A  SCOP d1upia_
  154      0.7638          -0       2.043     0.000   104    2    5           1    0    119      7    119      9    T0968s1TS354-D1.pdb:A  SCOP d1bvqa_
  155      0.7638       1.211       4.145     0.000   104    2    3           1    0    119      7    119      3    T0968s1TS354-D1.pdb:A  SCOP d2lefa_
  156      0.7638          -0       2.457     0.000   104    2    4           1    0    119      7    119     10    T0968s1TS354-D1.pdb:A  SCOP d1edya_
  157      0.7638          -0       2.358     0.000   104    2    3           1    0    119      7    119      7    T0968s1TS354-D1.pdb:A  SCOP d1wmza_
  158      0.7638      0.5266       3.363     0.000   104    2    2           1    0    119      7    119      6    T0968s1TS354-D1.pdb:A  SCOP d1iqza_
  159      0.7638      0.5266       3.363     0.000   104    2    2           1    0    119      7    119      6    T0968s1TS354-D1.pdb:A  SCOP d1ir0a_
  160      0.7594     0.06355       2.967     0.635   106    2    3      0.9717    0    119      7    119      7    T0968s1TS354-D1.pdb:A  SCOP d1raxa_
  161      0.7492          -0       2.434     0.000   103    2    4           1    0    119      7    119      9    T0968s1TS354-D1.pdb:A  SCOP d1xsca_
  162      0.7492     0.05081       3.585     0.000   103    2    2           1    0    119      7    119      5    T0968s1TS354-D1.pdb:A  SCOP d1sb6a_
  163      0.7492      0.6649       4.295     0.000   103    2    5           1    0    119      7    119      7    T0968s1TS354-D1.pdb:A  SCOP d1h67a_
  164      0.7492      0.2677       3.779     0.000   103    2    4           1    0    119      7    119      6    T0968s1TS354-D1.pdb:A  SCOP d1e68a_
  165      0.7492   3.384e-06       4.195     0.000   103    2    3           1    0    119      7    119      9    T0968s1TS354-D1.pdb:A  SCOP d1we7a_
  166      0.7492     0.01765       5.627     0.000   103    2    3           1    0    119      7    119     10    T0968s1TS354-D1.pdb:A  SCOP d2tgia_
  167      0.7492   4.822e-16       2.853     0.000   103    3    4           1    0    119      7    119     14    T0968s1TS354-D1.pdb:A  SCOP d2bfra_
  168      0.7492          -0        2.48     0.000   103    2    5           1    0    119      7    119      9    T0968s1TS354-D1.pdb:A  SCOP d1gp1a_
  169      0.7492     0.09305       3.808     0.000   103    2    2           1    0    119      7    119      6    T0968s1TS354-D1.pdb:A  SCOP d1cpza_
  170      0.7492    0.001469       3.779     0.000   103    2    3           1    0    119      7    119      7    T0968s1TS354-D1.pdb:A  SCOP d2buna1
  171      0.7492          -0       1.957     0.000   103    2    5           1    0    119      7    119      7    T0968s1TS354-D1.pdb:A  SCOP d1jh3a_
  172      0.7492          -0       4.793     0.000   103    2    3           1    0    119      7    119     10    T0968s1TS354-D1.pdb:A  SCOP d1vmfa_
  173      0.7492          -0       1.862     0.000   103    2    5           1    0    119      7    119      9    T0968s1TS354-D1.pdb:A  SCOP d1lo8a_
  174      0.7492   1.218e-05       3.549     0.000   103    2    2           1    0    119      7    119      6    T0968s1TS354-D1.pdb:A  SCOP d1wh9a_
  175      0.7492          -0       1.778     0.000   103    4    3           1    0    119      7    119     16    T0968s1TS354-D1.pdb:A  SCOP d1dsua_
  176      0.7492     0.05691       3.614     0.000   103    2    2           1    0    119      7    119      6    T0968s1TS354-D1.pdb:A  SCOP d1ghha_
  177      0.7469   5.912e-11       2.366     0.618   105    2    4      0.9714    0    119      7    119      7    T0968s1TS354-D1.pdb:A  SCOP d1vjka_
  178      0.7454      0.2998       4.387     0.000   101    2    4           1    0    119      7    115     10    T0968s1TS354-D1.pdb:A  SCOP d2f64a1
  179      0.7448          -0       0.373     0.639   105    2    5      0.9714    0    119      7    119      6    T0968s1TS354-D1.pdb:A  SCOP d1kwia_
  180       0.742       1.906       6.547     0.000    99    3    2           1    0    119      7    111      6    T0968s1TS354-D1.pdb:A  SCOP d2cy9a1
  181       0.742          -0       2.144     0.000    99    3    3           1    0    119      7    111     13    T0968s1TS354-D1.pdb:A  SCOP d1o7fa2
  182      0.7371   2.507e-10       4.853     0.000   100    4    4           1    0    119      7    114     18    T0968s1TS354-D1.pdb:A  SCOP d2erfa1
  183      0.7371   2.507e-10       4.853     0.000   100    4    4           1    0    119      7    114     18    T0968s1TS354-D1.pdb:A  SCOP d1z78a1
  184      0.7347   9.643e-17       2.584     0.000   102    3    3           1    0    119      7    119     10    T0968s1TS354-D1.pdb:A  SCOP d1i12a_
  185      0.7347       1.344       5.386     0.000   102    2    4           1    0    119      7    119      6    T0968s1TS354-D1.pdb:A  SCOP d2hmxa_
  186      0.7347   9.643e-17       2.584     0.000   102    3    3           1    0    119      7    119     10    T0968s1TS354-D1.pdb:A  SCOP d1i1da_
  187      0.7347      0.4509       4.552     0.000   102    2    6           1    0    119      7    119     10    T0968s1TS354-D1.pdb:A  SCOP d1dz3a_
  188      0.7347   1.256e-05       2.627     0.000   102    2    3           1    0    119      7    119      6    T0968s1TS354-D1.pdb:A  SCOP d1kvja_
  189      0.7347      0.3934       3.765     0.000   102    2    6           1    0    119      7    119     10    T0968s1TS354-D1.pdb:A  SCOP d1mj0a_
  190      0.7347          -0       2.584     0.000   102    3    3           1    0    119      7    119     10    T0968s1TS354-D1.pdb:A  SCOP d1i21a_
  191      0.7347       1.644       4.659     0.000   102    2    2           1    0    119      7    119      3    T0968s1TS354-D1.pdb:A  SCOP d1q8ha_
  192      0.7347          -0       1.765     0.000   102    2    5           1    0    119      7    119      9    T0968s1TS354-D1.pdb:A  SCOP d1umra_
  193      0.7347      0.1357       3.071     0.000   102    2    3           1    0    119      7    119      5    T0968s1TS354-D1.pdb:A  SCOP d1o6xa_
  194      0.7347          -0       1.525     0.000   102    2    5           1    0    119      7    119      9    T0968s1TS354-D1.pdb:A  SCOP d1c3aa_
  195      0.7347   2.411e-16        1.63     0.000   102    2    4           1    0    119      7    119      7    T0968s1TS354-D1.pdb:A  SCOP d1weya_
  196      0.7347          -0       1.613     0.000   102    2    5           1    0    119      7    119      9    T0968s1TS354-D1.pdb:A  SCOP d1lo9a_
  197      0.7347          -0       1.314     0.000   102    2    5           1    0    119      7    119      8    T0968s1TS354-D1.pdb:A  SCOP d1gz2a_
  198      0.7347          -0       1.798     0.000   102    2    5           1    0    119      7    119      8    T0968s1TS354-D1.pdb:A  SCOP d1lo7a_
  199      0.7347   3.463e-08       2.174     0.000   102    3    3           1    0    119      7    119      7    T0968s1TS354-D1.pdb:A  SCOP d2acya_
  200      0.7347          -0        2.16     0.000   102    2    4           1    0    119      7    119      7    T0968s1TS354-D1.pdb:A  SCOP d1gxua_
  201      0.7347          -0        2.16     0.000   102    2    4           1    0    119      7    119      7    T0968s1TS354-D1.pdb:A  SCOP d1gxta_
  202      0.7347      0.4798        2.88     0.000   102    2    2           1    0    119      7    119      5    T0968s1TS354-D1.pdb:A  SCOP d1b4fa_
  203      0.7347      0.2198       2.972     0.000   102    2    5           1    0    119      7    119      4    T0968s1TS354-D1.pdb:A  SCOP d1iyra_
  204      0.7347       0.205       3.191     0.000   102    2    4           1    0    119      7    119      4    T0968s1TS354-D1.pdb:A  SCOP d1j7ra_
  205      0.7347    6.47e-07       2.678     0.000   102    2    3           1    0    119      7    119      5    T0968s1TS354-D1.pdb:A  SCOP d1wm2a_
  206      0.7347    0.000459       4.281     0.000   102    2    2           1    0    119      7    119     10    T0968s1TS354-D1.pdb:A  SCOP d1v9wa_
  207      0.7329       2.147       4.342     1.506   114    3    2      0.9649    0    119      7    119      4    T0968s1TS354-D1.pdb:A  SCOP d1utra_
  208       0.732   6.027e-15        1.75     0.625   104    2    4      0.9808    0    119      7    119      8    T0968s1TS354-D1.pdb:A  SCOP d1xo3a_
  209      0.7311          -0       1.383     0.634   104    2    4      0.9808    0    119      7    119     10    T0968s1TS354-D1.pdb:A  SCOP d1k26a_
  210      0.7306      0.8287       4.649     0.639   104    4    4      0.9712    0    119      7    119     16    T0968s1TS354-D1.pdb:A  SCOP d1dzta_
  211      0.7306      0.8318       4.649     0.639   104    4    4      0.9712    0    119      7    119     15    T0968s1TS354-D1.pdb:A  SCOP d1dzra_
  212      0.7289   5.207e-07       4.853     0.000    99    4    4           1    0    119      7    113     18    T0968s1TS354-D1.pdb:A  SCOP d1za4a1
  213      0.7235       1.142       3.015     1.116   108    2    3       0.963    0    119      7    119      5    T0968s1TS354-D1.pdb:A  SCOP d1ucva_
  214      0.7204   1.062e-09       3.134     0.000   101    2    3           1    0    119      7    119      6    T0968s1TS354-D1.pdb:A  SCOP d1itpa_
  215      0.7204   1.886e-05       1.725     0.000   101    2    3           1    0    119      7    119      8    T0968s1TS354-D1.pdb:A  SCOP d1lj0a_
  216      0.7204    0.002954       4.631     0.000   101    2    4           1    0    119      7    119     10    T0968s1TS354-D1.pdb:A  SCOP d1u11a_
  217      0.7204   1.158e-05       1.615     0.000   101    2    3           1    0    119      7    119      7    T0968s1TS354-D1.pdb:A  SCOP d1m2ma_
  218      0.7204   2.682e-08       1.645     0.000   101    2    4           1    0    119      7    119      7    T0968s1TS354-D1.pdb:A  SCOP d1f03a_
  219      0.7204   0.0001455       1.876     0.000   101    2    3           1    0    119      7    119      8    T0968s1TS354-D1.pdb:A  SCOP d1icca_
  220      0.7204          -0       3.157     0.000   101    3    2           1    0    119      7    119      9    T0968s1TS354-D1.pdb:A  SCOP d1iq6a_
  221      0.7204       0.548       3.987     0.000   101    2    4           1    0    119      7    119      5    T0968s1TS354-D1.pdb:A  SCOP d1ufza_
  222      0.7204          -0       2.282     0.000   101    3    3           1    0    119      7    119     12    T0968s1TS354-D1.pdb:A  SCOP d1b6ba_
  223      0.7204          -0       3.043     0.000   101    2    4           1    0    119      7    119      9    T0968s1TS354-D1.pdb:A  SCOP d1sf9a_
  224      0.7204          -0       4.273     0.000   101    2    3           1    0    119      7    119     10    T0968s1TS354-D1.pdb:A  SCOP d1pzma_
  225      0.7204      0.3003        2.09     0.000   101    2    3           1    0    119      7    119      3    T0968s1TS354-D1.pdb:A  SCOP d1daqa_
  226      0.7204     0.07315       3.923     0.000   101    2    3           1    0    119      7    119      8    T0968s1TS354-D1.pdb:A  SCOP d1lspa_
  227      0.7204      0.1208       2.434     0.000   101    2    5           1    0    119      7    119      5    T0968s1TS354-D1.pdb:A  SCOP d1impa_
  228      0.7204   5.961e-10       1.878     0.000   101    2    5           1    0    119      7    119      7    T0968s1TS354-D1.pdb:A  SCOP d1ycqa_
  229      0.7204      0.1999       3.119     0.000   101    3    5           1    0    119      7    119      7    T0968s1TS354-D1.pdb:A  SCOP d1cy5a_
  230      0.7204          -0       4.032     0.000   101    3    4           1    0    119      7    119     14    T0968s1TS354-D1.pdb:A  SCOP d2atfa1
  231      0.7204      0.7567       4.684     0.000   101    2    3           1    0    119      7    119      7    T0968s1TS354-D1.pdb:A  SCOP d1lxna_
  232      0.7204          -0        2.75     0.000   101    3    4           1    0    119      7    119     14    T0968s1TS354-D1.pdb:A  SCOP d2q4sa1
  233      0.7204   5.039e-08       2.494     0.000   101    2    3           1    0    119      7    119      5    T0968s1TS354-D1.pdb:A  SCOP d1vjqa_
  234      0.7204          -0       2.907     0.000   101    3    2           1    0    119      7    119     14    T0968s1TS354-D1.pdb:A  SCOP d1su1a_
  235      0.7194   0.0007349       2.972     0.745   104    2    3      0.9615    0    119      7    119      6    T0968s1TS354-D1.pdb:A  SCOP d1fj7a_
  236      0.7178    0.000751       2.853     0.627   103    2    4      0.9806    0    119      7    119      6    T0968s1TS354-D1.pdb:A  SCOP d1iuja_
  237      0.7162          -0       2.538     0.000    99    2    6           1    0    119      7    115     10    T0968s1TS354-D1.pdb:A  SCOP d2f62a1
  238      0.7162          -0       2.538     0.000    99    2    6           1    0    119      7    115     10    T0968s1TS354-D1.pdb:A  SCOP d2a0ka1
  239      0.7155    0.005654       3.204     0.990   106    2    3      0.9717    0    119      7    119      7    T0968s1TS354-D1.pdb:A  SCOP d1n88a_
  240      0.7142     0.02988       4.281     0.000    98    2    3           1    0    119      7    113      9    T0968s1TS354-D1.pdb:A  SCOP d1woqa1
  241      0.7097       1.689       3.504     1.119   107    2    4      0.9626    0    119      7    119      5    T0968s1TS354-D1.pdb:A  SCOP d1rg6a_
  242      0.7079   1.013e-15       4.853     0.000    98    4    4           1    0    119      7    114     18    T0968s1TS354-D1.pdb:A  SCOP d2es3a1
  243      0.7062        1.55       5.489     0.000   100    2    4           1    0    119      7    119      6    T0968s1TS354-D1.pdb:A  SCOP d1ecwa_
  244      0.7062        1.55       5.489     0.000   100    2    4           1    0    119      7    119      6    T0968s1TS354-D1.pdb:A  SCOP d1ed1a_
  245      0.7062      0.4149       5.992     0.000   100    2    3           1    0    119      7    119     10    T0968s1TS354-D1.pdb:A  SCOP d1v4pa_
  246      0.7062       0.134       2.381     0.000   100    2    4           1    0    119      7    119      3    T0968s1TS354-D1.pdb:A  SCOP d1wgla_
  247      0.7062   0.0001602       1.735     0.000   100    2    4           1    0    119      7    119      6    T0968s1TS354-D1.pdb:A  SCOP d1ib7a_
  248      0.7062      0.1964       4.288     0.000   100    2    3           1    0    119      7    119      8    T0968s1TS354-D1.pdb:A  SCOP d154la_
  249      0.7062      0.2748       4.209     0.000   100    2    5           1    0    119      7    119      7    T0968s1TS354-D1.pdb:A  SCOP d1a5ea_
  250      0.7062      0.1964       4.288     0.000   100    2    3           1    0    119      7    119      8    T0968s1TS354-D1.pdb:A  SCOP d153la_
  251      0.7062      0.2012       4.109     0.000   100    2    3           1    0    119      7    119      8    T0968s1TS354-D1.pdb:A  SCOP d1gbsa_
  252      0.7062     0.03585       2.865     0.000   100    2    6           1    0    119      7    119      5    T0968s1TS354-D1.pdb:A  SCOP d1ej5a_
  253      0.7062     0.05583        3.56     0.000   100    2    5           1    0    119      7    119      8    T0968s1TS354-D1.pdb:A  SCOP d1di0a_
  254      0.7062          -0       2.479     0.000   100    3    5           1    0    119      7    119     10    T0968s1TS354-D1.pdb:A  SCOP d1ojga_
  255      0.7062          -0       1.565     0.000   100    2    3           1    0    119      7    119      9    T0968s1TS354-D1.pdb:A  SCOP d1aqza_
  256      0.7062          -0         1.6     0.000   100    3    4           1    0    119      7    119      8    T0968s1TS354-D1.pdb:A  SCOP d1kve.1
  257      0.7062          -0       1.266     0.000   100    2    4           1    0    119      7    119      7    T0968s1TS354-D1.pdb:A  SCOP d1vc5a_
  258      0.7062          -0       1.266     0.000   100    2    4           1    0    119      7    119      7    T0968s1TS354-D1.pdb:A  SCOP d1vbza_
  259      0.7062          -0       1.266     0.000   100    2    4           1    0    119      7    119      7    T0968s1TS354-D1.pdb:A  SCOP d1vc6a_
  260      0.7062          -0       1.266     0.000   100    2    4           1    0    119      7    119      7    T0968s1TS354-D1.pdb:A  SCOP d1sjfa_
  261      0.7062          -0         1.6     0.000   100    3    4           1    0    119      7    119      7    T0968s1TS354-D1.pdb:A  SCOP d1kvd.1
  262      0.7062          -0       3.262     0.000   100    2    2           1    0    119      7    119      6    T0968s1TS354-D1.pdb:A  SCOP d1rhwa_
  263      0.7062          -0       1.266     0.000   100    2    4           1    0    119      7    119      7    T0968s1TS354-D1.pdb:A  SCOP d1vbxa_
  264      0.7062          -0       1.266     0.000   100    2    4           1    0    119      7    119      7    T0968s1TS354-D1.pdb:A  SCOP d1vc0a_
  265      0.7062          -0       1.266     0.000   100    2    4           1    0    119      7    119      7    T0968s1TS354-D1.pdb:A  SCOP d1vc7a_
  266      0.7062          -0       1.375     0.000   100    2    4           1    0    119      7    119      9    T0968s1TS354-D1.pdb:A  SCOP d1clha_
  267      0.7062      0.7211       4.324     0.000   100    2    6           1    0    119      7    119      7    T0968s1TS354-D1.pdb:A  SCOP d1rssa_
  268      0.7062        1.55       5.158     0.000   100    2    4           1    0    119      7    119      5    T0968s1TS354-D1.pdb:A  SCOP d1rr7a_
  269       0.704          -0       2.957     0.626   102    3    5      0.9706    0    119      7    119     13    T0968s1TS354-D1.pdb:A  SCOP d1wv4a_
  270      0.6997          -0       2.409     0.000    97    2    4           1    0    119      7    113      9    T0968s1TS354-D1.pdb:A  SCOP d1bbwa1
  271      0.6997          -0       2.409     0.000    97    2    4           1    0    119      7    113      9    T0968s1TS354-D1.pdb:A  SCOP d1bbua1
  272      0.6977    0.001649       3.054     0.000    96    3    3           1    0    119      7    111      8    T0968s1TS354-D1.pdb:A  SCOP d1cjya1
  273      0.6921    0.009897       1.615     0.000    99    2    4           1    0    119      7    119      7    T0968s1TS354-D1.pdb:A  SCOP d1f04a_
  274      0.6921          -0       4.173     0.000    99    3    4           1    0    119      7    119     14    T0968s1TS354-D1.pdb:A  SCOP d2b5ha1
  275      0.6921   2.325e-05       3.194     0.000    99    3    4           1    0    119      7    119     11    T0968s1TS354-D1.pdb:A  SCOP d1y23a_
  276      0.6921          -0       4.173     0.000    99    3    4           1    0    119      7    119     14    T0968s1TS354-D1.pdb:A  SCOP d2gh2a1
  277      0.6921    9.78e-05       3.456     0.000    99    2    3           1    0    119      7    119      6    T0968s1TS354-D1.pdb:A  SCOP d1bcga_
  278      0.6921   0.0001588       3.958     0.000    99    2    5           1    0    119      7    119      9    T0968s1TS354-D1.pdb:A  SCOP d1xnea_
  279      0.6921   3.531e-11       1.678     0.000    99    2    3           1    0    119      7    119      7    T0968s1TS354-D1.pdb:A  SCOP d1m59a_
  280      0.6921   3.531e-11       1.678     0.000    99    2    3           1    0    119      7    119      7    T0968s1TS354-D1.pdb:A  SCOP d1es1a_
  281      0.6921   1.929e-16       1.678     0.000    99    2    3           1    0    119      7    119      7    T0968s1TS354-D1.pdb:A  SCOP d1lr6a_
  282      0.6921      0.3513       4.573     0.000    99    3    5           1    0    119      7    119     11    T0968s1TS354-D1.pdb:A  SCOP d1ux1a_
  283      0.6921   2.845e-15       2.449     0.000    99    2    3           1    0    119      7    119      6    T0968s1TS354-D1.pdb:A  SCOP d1tl5a_
  284      0.6921          -0       2.313     0.000    99    2    3           1    0    119      7    119      6    T0968s1TS354-D1.pdb:A  SCOP d1feea_
  285      0.6921          -0       2.313     0.000    99    2    3           1    0    119      7    119      6    T0968s1TS354-D1.pdb:A  SCOP d1fe4a_
  286      0.6921          -0       2.313     0.000    99    2    3           1    0    119      7    119      6    T0968s1TS354-D1.pdb:A  SCOP d1fe0a_
  287      0.6921      0.3029       2.938     0.000    99    3    5           1    0    119      7    119      6    T0968s1TS354-D1.pdb:A  SCOP d1a1wa_
  288      0.6921          -0       2.471     0.000    99    3    4           1    0    119      7    119     14    T0968s1TS354-D1.pdb:A  SCOP d1bama_
  289      0.6921          -0      0.9856     0.000    99    2    5           1    0    119      7    119     10    T0968s1TS354-D1.pdb:A  SCOP d1v4la_
  290      0.6921       1.381       4.417     0.000    99    2    4           1    0    119      7    119      5    T0968s1TS354-D1.pdb:A  SCOP d1om2a_
  291      0.6896   0.0001935       3.015     0.634   101    3    4      0.9802    0    119      7    119      9    T0968s1TS354-D1.pdb:A  SCOP d1k9da2
  292      0.6889          -0        1.87     1.082   105    2    3      0.9714    0    119      7    119     10    T0968s1TS354-D1.pdb:A  SCOP d1uria_
  293      0.6889          -0        1.87     1.082   105    2    3      0.9714    0    119      7    119     10    T0968s1TS354-D1.pdb:A  SCOP d1azba_
  294      0.6875          -0       3.085     0.000    97    3    4           1    0    119      7    115     14    T0968s1TS354-D1.pdb:A  SCOP d1z5ca3
  295      0.6875          -0       3.085     0.000    97    3    4           1    0    119      7    115     14    T0968s1TS354-D1.pdb:A  SCOP d1z5ba3
  296      0.6875   5.787e-09       4.317     0.000    97    2    4           1    0    119      7    115     10    T0968s1TS354-D1.pdb:A  SCOP d1k35a1
  297      0.6875   5.787e-09       4.317     0.000    97    2    4           1    0    119      7    115     10    T0968s1TS354-D1.pdb:A  SCOP d2fkfa1
  298      0.6786          -0       3.569     0.650    96    3    3      0.9792    0    119      7    109     15    T0968s1TS354-D1.pdb:A  SCOP d1hska1
  299      0.6784     0.02881       2.393     0.746   101    2    4      0.9703    0    119      7    119      6    T0968s1TS354-D1.pdb:A  SCOP d1cfea_
  300      0.6782          -0       4.245     0.000    98    3    3           1    0    119      7    119     15    T0968s1TS354-D1.pdb:A  SCOP d1k4oa_
  301      0.6782          -0       4.245     0.000    98    3    3           1    0    119      7    119     15    T0968s1TS354-D1.pdb:A  SCOP d1k4la_
  302      0.6782          -0       4.245     0.000    98    3    3           1    0    119      7    119     15    T0968s1TS354-D1.pdb:A  SCOP d1k4ia_
  303      0.6782   5.142e-05        1.87     0.000    98    2    4           1    0    119      7    119      8    T0968s1TS354-D1.pdb:A  SCOP d1do9a_
  304      0.6782      0.1938       4.438     0.000    98    3    3           1    0    119      7    119     10    T0968s1TS354-D1.pdb:A  SCOP d1icxa_
  305      0.6782          -0        2.29     0.000    98    2    3           1    0    119      7    119      6    T0968s1TS354-D1.pdb:A  SCOP d1tl4a_
  306      0.6782   2.843e-07       3.445     0.000    98    2    2           1    0    119      7    119      4    T0968s1TS354-D1.pdb:A  SCOP d1hym.1
  307      0.6782   1.762e-05       3.552     0.000    98    3    3           1    0    119      7    119     12    T0968s1TS354-D1.pdb:A  SCOP d1bysa_
  308      0.6782   1.904e-11       3.442     0.000    98    2    2           1    0    119      7    119      6    T0968s1TS354-D1.pdb:A  SCOP d1cyva_
  309      0.6782       0.927       4.574     0.000    98    2    3           1    0    119      7    119      7    T0968s1TS354-D1.pdb:A  SCOP d1hv2a_
  310      0.6782   1.762e-05       3.552     0.000    98    3    3           1    0    119      7    119     12    T0968s1TS354-D1.pdb:A  SCOP d1byra_
  311      0.6782          -0       1.625     0.000    98    2    5           1    0    119      7    119      9    T0968s1TS354-D1.pdb:A  SCOP d1fvua_
  312      0.6782   1.904e-11       3.442     0.000    98    2    2           1    0    119      7    119      6    T0968s1TS354-D1.pdb:A  SCOP d1cyua_
  313      0.6782     0.01045       2.055     0.000    98    2    5           1    0    119      7    119      7    T0968s1TS354-D1.pdb:A  SCOP d1dgna_
  314      0.6782          -0       2.979     0.000    98    2    3           1    0    119      7    119      8    T0968s1TS354-D1.pdb:A  SCOP d1eo6a_
  315      0.6782          -0       2.419     0.000    98    4    6           1    0    119      7    119     18    T0968s1TS354-D1.pdb:A  SCOP d1r18a_
  316      0.6782   4.746e-11       1.795     0.000    98    2    4           1    0    119      7    119      6    T0968s1TS354-D1.pdb:A  SCOP d1wg5a_
  317      0.6782          -0       1.049     0.000    98    2    5           1    0    119      7    119      8    T0968s1TS354-D1.pdb:A  SCOP d1jzna_
  318      0.6782          -0        3.77     0.000    98    3    2           1    0    119      7    119     13    T0968s1TS354-D1.pdb:A  SCOP d3pcia_
  319      0.6782          -0        3.77     0.000    98    3    2           1    0    119      7    119     13    T0968s1TS354-D1.pdb:A  SCOP d3pcla_
  320      0.6782          -0        3.77     0.000    98    3    2           1    0    119      7    119     13    T0968s1TS354-D1.pdb:A  SCOP d3pcha_
  321      0.6782          -0        3.77     0.000    98    3    2           1    0    119      7    119     13    T0968s1TS354-D1.pdb:A  SCOP d3pcja_
  322      0.6782          -0        3.77     0.000    98    3    2           1    0    119      7    119     13    T0968s1TS354-D1.pdb:A  SCOP d3pcfa_
  323      0.6782   4.386e-06       2.736     0.000    98    2    3           1    0    119      7    119      5    T0968s1TS354-D1.pdb:A  SCOP d1fwpa_
  324      0.6782          -0       2.367     0.000    98    3    5           1    0    119      7    119     13    T0968s1TS354-D1.pdb:A  SCOP d1h4oa_
  325      0.6782     0.05032       2.692     0.000    98    2    4           1    0    119      7    119      5    T0968s1TS354-D1.pdb:A  SCOP d1g4da_
  326      0.6782       1.171        4.81     0.000    98    3    3           1    0    119      7    119      8    T0968s1TS354-D1.pdb:A  SCOP d1meka_
  327      0.6782          -0       1.508     0.000    98    2    4           1    0    119      7    119      8    T0968s1TS354-D1.pdb:A  SCOP d1axxa_
  328      0.6782   9.079e-09        3.98     0.000    98    2    3           1    0    119      7    119      6    T0968s1TS354-D1.pdb:A  SCOP d1pwka_
  329      0.6782      0.4464       3.071     0.000    98    2    3           1    0    119      7    119      3    T0968s1TS354-D1.pdb:A  SCOP d1esxa_
  330      0.6782          -0        3.77     0.000    98    3    2           1    0    119      7    119     13    T0968s1TS354-D1.pdb:A  SCOP d3pcaa_
  331      0.6782      0.7657       6.128     0.000    98    2    2           1    0    119      7    119     10    T0968s1TS354-D1.pdb:A  SCOP d1jyja_
  332      0.6782       1.472       4.684     0.000    98    3    5           1    0    119      7    119      7    T0968s1TS354-D1.pdb:A  SCOP d1husa_
  333      0.6782     0.01473       2.352     0.000    98    2    2           1    0    119      7    119      3    T0968s1TS354-D1.pdb:A  SCOP d1mhi.1
  334      0.6782      0.2755       2.965     0.000    98    2    4           1    0    119      7    119      5    T0968s1TS354-D1.pdb:A  SCOP d1fsha_
  335      0.6782   0.0002313       1.644     0.000    98    2    2           1    0    119      7    119      3    T0968s1TS354-D1.pdb:A  SCOP d1mhj.1
  336      0.6771      0.1935        3.47     0.000    95    2    4           1    0    119      7    112      7    T0968s1TS354-D1.pdb:A  SCOP d1n50a1
  337      0.6771      0.1935        3.47     0.000    95    2    4           1    0    119      7    112      7    T0968s1TS354-D1.pdb:A  SCOP d1nira1
  338      0.6771      0.1935        3.47     0.000    95    2    4           1    0    119      7    112      7    T0968s1TS354-D1.pdb:A  SCOP d1n15a1
  339      0.6771      0.1935        3.47     0.000    95    2    4           1    0    119      7    112      7    T0968s1TS354-D1.pdb:A  SCOP d1n90a1
  340      0.6744          -0       2.776     0.651   100    3    4        0.97    0    119      7    119     15    T0968s1TS354-D1.pdb:A  SCOP d1neda_
  341      0.6737          -0        1.46     1.004   103    2    4      0.9709    0    119      7    119     10    T0968s1TS354-D1.pdb:A  SCOP d1k2ea_
  342      0.6706   2.893e-16       2.045     0.647    98    2    7      0.9694    0    119      7    115     10    T0968s1TS354-D1.pdb:A  SCOP d2f2ta1
  343      0.6706   2.893e-16       2.045     0.647    98    2    7      0.9694    0    119      7    115     10    T0968s1TS354-D1.pdb:A  SCOP d2f67a1
  344      0.6676          -0       2.366     1.139   104    2    3      0.9615    0    119      7    119      8    T0968s1TS354-D1.pdb:A  SCOP d1ufwa_
  345      0.6644          -0       3.239     0.000    97    2    3           1    0    119      7    119     10    T0968s1TS354-D1.pdb:A  SCOP d1ntda1
  346      0.6644   8.668e-11        3.24     0.000    97    2    3           1    0    119      7    119     10    T0968s1TS354-D1.pdb:A  SCOP d1spda_
  347      0.6644          -0  1.798e+308     0.000    97    2    3           1    0    119      7    119      5    T0968s1TS354-D1.pdb:A  SCOP d1m3aa_
  348      0.6644          -0       2.651     0.000    97    3    3           1    0    119      7    119     15    T0968s1TS354-D1.pdb:A  SCOP d1lhua_
  349      0.6644          -0       2.651     0.000    97    3    3           1    0    119      7    119     14    T0968s1TS354-D1.pdb:A  SCOP d1lhoa_
  350      0.6644          -0       2.651     0.000    97    3    3           1    0    119      7    119     14    T0968s1TS354-D1.pdb:A  SCOP d1lhna_
  351      0.6644          -0       2.651     0.000    97    3    3           1    0    119      7    119     13    T0968s1TS354-D1.pdb:A  SCOP d1lhva_
  352      0.6644          -0       2.651     0.000    97    3    3           1    0    119      7    119     13    T0968s1TS354-D1.pdb:A  SCOP d1kdma_
  353      0.6644          -0  1.798e+308     0.000    97    4    3           1    0    119      7    119     18    T0968s1TS354-D1.pdb:A  SCOP d1xbaa_
  354      0.6644          -0       1.917     0.000    97    3    3           1    0    119      7    119     14    T0968s1TS354-D1.pdb:A  SCOP d1kria_
  355      0.6644          -0       3.994     0.000    97    3    3           1    0    119      7    119     15    T0968s1TS354-D1.pdb:A  SCOP d1xnda_
  356      0.6644          -0  1.798e+308     0.000    97    3    3           1    0    119      7    119     15    T0968s1TS354-D1.pdb:A  SCOP d1snxa_
  357      0.6644   3.857e-16       3.866     0.000    97    3    3           1    0    119      7    119     15    T0968s1TS354-D1.pdb:A  SCOP d1pvxa_
  358      0.6644          -0       3.855     0.000    97    2    3           1    0    119      7    119     10    T0968s1TS354-D1.pdb:A  SCOP d1olra_
  359      0.6644          -0       3.855     0.000    97    2    3           1    0    119      7    119      9    T0968s1TS354-D1.pdb:A  SCOP d1uu6a_
  360      0.6644          -0       3.855     0.000    97    2    3           1    0    119      7    119      9    T0968s1TS354-D1.pdb:A  SCOP d1w2ua_
  361      0.6644          -0       3.855     0.000    97    2    3           1    0    119      7    119      9    T0968s1TS354-D1.pdb:A  SCOP d1uu4a_
  362      0.6644    0.000432       3.579     0.000    97    2    3           1    0    119      7    119      9    T0968s1TS354-D1.pdb:A  SCOP d1p1va_
  363      0.6644   5.838e-11       3.958     0.000    97    2    3           1    0    119      7    119     10    T0968s1TS354-D1.pdb:A  SCOP d1ptza_
  364      0.6644          -0       3.855     0.000    97    2    3           1    0    119      7    119     10    T0968s1TS354-D1.pdb:A  SCOP d1uu5a_
  365      0.6644          -0       3.239     0.000    97    3    3           1    0    119      7    119     11    T0968s1TS354-D1.pdb:A  SCOP d1as6a1
  366      0.6644   5.838e-11       3.958     0.000    97    2    3           1    0    119      7    119     10    T0968s1TS354-D1.pdb:A  SCOP d1n19a_
  367      0.6644   1.438e-05       1.838     0.000    97    2    4           1    0    119      7    119      6    T0968s1TS354-D1.pdb:A  SCOP d1mzla_
  368      0.6644          -0       2.862     0.000    97    3    3           1    0    119      7    119     13    T0968s1TS354-D1.pdb:A  SCOP d1a3za_
  369      0.6644          -0       2.862     0.000    97    3    3           1    0    119      7    119     13    T0968s1TS354-D1.pdb:A  SCOP d1rcya_
  370      0.6644   1.438e-05       1.838     0.000    97    2    4           1    0    119      7    119      6    T0968s1TS354-D1.pdb:A  SCOP d1fk7a_
  371      0.6644   1.438e-05       1.838     0.000    97    2    4           1    0    119      7    119      5    T0968s1TS354-D1.pdb:A  SCOP d1fk6a_
  372      0.6644   0.0003589       3.398     0.000    97    2    3           1    0    119      7    119      5    T0968s1TS354-D1.pdb:A  SCOP d1pnb.1
  373      0.6644          -0  1.798e+308     0.000    97    2    3           1    0    119      7    119      7    T0968s1TS354-D1.pdb:A  SCOP d1sxda_
  374      0.6644          -0  1.798e+308     0.000    97    2    3           1    0    119      7    119      6    T0968s1TS354-D1.pdb:A  SCOP d1sxea_
  375      0.6644          -0       2.957     0.000    97    4    4           1    0    119      7    119     17    T0968s1TS354-D1.pdb:A  SCOP d1es8a_
  376      0.6644          -0       1.886     0.000    97    3    4           1    0    119      7    119     15    T0968s1TS354-D1.pdb:A  SCOP d1esga_
  377      0.6644      0.1339       3.449     0.000    97    2    3           1    0    119      7    119      6    T0968s1TS354-D1.pdb:A  SCOP d2ezya_
  378      0.6644          -0  1.798e+308     0.000    97    2    3           1    0    119      7    119      8    T0968s1TS354-D1.pdb:A  SCOP d1bjxa_
  379      0.6644          -0  1.798e+308     0.000    97    2    3           1    0    119      7    119      8    T0968s1TS354-D1.pdb:A  SCOP d2bjxa_
  380      0.6644          -0       1.073     0.000    97    2    3           1    0    119      7    119      7    T0968s1TS354-D1.pdb:A  SCOP d1c48a_
  381      0.6644   4.822e-17       1.073     0.000    97    2    3           1    0    119      7    119      6    T0968s1TS354-D1.pdb:A  SCOP d2bosa_
  382      0.6644          -0       1.073     0.000    97    2    3           1    0    119      7    119      6    T0968s1TS354-D1.pdb:A  SCOP d1czwa_
  383      0.6644          -0       2.623     0.000    97    2    3           1    0    119      7    119      7    T0968s1TS354-D1.pdb:A  SCOP d1czga_
  384      0.6644   6.952e-05       3.839     0.000    97    3    3           1    0    119      7    119     13    T0968s1TS354-D1.pdb:A  SCOP d1p9na_
  385      0.6644          -0       2.627     0.000    97    2    3           1    0    119      7    119      8    T0968s1TS354-D1.pdb:A  SCOP d1quqa_
  386      0.6644   1.227e-07       2.938     0.000    97    2    3           1    0    119      7    119     10    T0968s1TS354-D1.pdb:A  SCOP d1blaa_
  387      0.6644      0.4544       4.711     0.000    97    3    4           1    0    119      7    119     10    T0968s1TS354-D1.pdb:A  SCOP d1to0a_
  388      0.6644   1.227e-07       2.938     0.000    97    2    3           1    0    119      7    119     10    T0968s1TS354-D1.pdb:A  SCOP d1blda_
  389      0.6644      0.3887       4.899     0.000    97    3    3           1    0    119      7    119     10    T0968s1TS354-D1.pdb:A  SCOP d1do5a_
  390      0.6644          -0       1.972     0.000    97    3    3           1    0    119      7    119     12    T0968s1TS354-D1.pdb:A  SCOP d1pl3a_
  391      0.6644      0.1942       2.553     0.000    97    2    3           1    0    119      7    119      3    T0968s1TS354-D1.pdb:A  SCOP d1uhsa_
  392      0.6644          -0  1.798e+308     0.000    97    2    3           1    0    119      7    119      5    T0968s1TS354-D1.pdb:A  SCOP d1kfza_
  393      0.6644          -0  1.798e+308     0.000    97    2    3           1    0    119      7    119      7    T0968s1TS354-D1.pdb:A  SCOP d1qlca_
  394      0.6644       0.123       2.343     0.000    97    2    4           1    0    119      7    119      3    T0968s1TS354-D1.pdb:A  SCOP d1bw5a_
  395      0.6644   5.838e-11       3.958     0.000    97    2    3           1    0    119      7    119     10    T0968s1TS354-D1.pdb:A  SCOP d1mfma_
  396      0.6644   5.959e-11       3.958     0.000    97    2    3           1    0    119      7    119     10    T0968s1TS354-D1.pdb:A  SCOP d1n18a_
  397      0.6644          -0      0.7642     0.000    97    2    3           1    0    119      7    119      7    T0968s1TS354-D1.pdb:A  SCOP d1qava_
  398      0.6644   0.0001272       3.958     0.000    97    2    3           1    0    119      7    119      8    T0968s1TS354-D1.pdb:A  SCOP d1kmga_
  399      0.6644          -0  1.798e+308     0.000    97    2    3           1    0    119      7    119      7    T0968s1TS354-D1.pdb:A  SCOP d1r6ja_
  400      0.6644          -0  1.798e+308     0.000    97    2    3           1    0    119      7    119      7    T0968s1TS354-D1.pdb:A  SCOP d1ntea_
  401      0.6644          -0  1.798e+308     0.000    97    2    3           1    0    119      7    119      7    T0968s1TS354-D1.pdb:A  SCOP d1obya_
  402      0.6644          -0       2.298     0.000    97    2    4           1    0    119      7    119      6    T0968s1TS354-D1.pdb:A  SCOP d1nh9a_
  403      0.6644          -0  1.798e+308     0.000    97    2    3           1    0    119      7    119      5    T0968s1TS354-D1.pdb:A  SCOP d1msza_
  404      0.6644          -0  1.798e+308     0.000    97    3    3           1    0    119      7    119      7    T0968s1TS354-D1.pdb:A  SCOP d1whra_
  405      0.6644          -0  1.798e+308     0.000    97    2    3           1    0    119      7    119      6    T0968s1TS354-D1.pdb:A  SCOP d1mfla_
  406      0.6644          -0       2.623     0.000    97    2    3           1    0    119      7    119     10    T0968s1TS354-D1.pdb:A  SCOP d2cuaa_
  407      0.6644          -0  1.798e+308     0.000    97    2    3           1    0    119      7    119      4    T0968s1TS354-D1.pdb:A  SCOP d1koya_
  408      0.6644   1.438e-05       1.838     0.000    97    2    4           1    0    119      7    119      6    T0968s1TS354-D1.pdb:A  SCOP d1fk5a_
  409      0.6644   1.438e-05       1.838     0.000    97    2    4           1    0    119      7    119      6    T0968s1TS354-D1.pdb:A  SCOP d1mzma_
  410      0.6644   1.438e-05       1.838     0.000    97    2    4           1    0    119      7    119      6    T0968s1TS354-D1.pdb:A  SCOP d1fk1a_
  411      0.6644   1.438e-05       1.838     0.000    97    2    4           1    0    119      7    119      6    T0968s1TS354-D1.pdb:A  SCOP d1fk4a_
  412      0.6644   1.438e-05       1.838     0.000    97    2    4           1    0    119      7    119      6    T0968s1TS354-D1.pdb:A  SCOP d1fk3a_
  413      0.6644   1.438e-05       1.838     0.000    97    2    4           1    0    119      7    119      6    T0968s1TS354-D1.pdb:A  SCOP d1fk2a_
  414      0.6644   1.438e-05       1.838     0.000    97    2    4           1    0    119      7    119      6    T0968s1TS354-D1.pdb:A  SCOP d1fk0a_
  415      0.6644      0.7275        4.26     0.000    97    2    3           1    0    119      7    119      6    T0968s1TS354-D1.pdb:A  SCOP d1wj3a_
  416      0.6644          -0       3.134     0.000    97    2    3           1    0    119      7    119     10    T0968s1TS354-D1.pdb:A  SCOP d1w9wa_
  417      0.6644          -0       2.494     0.000    97    4    4           1    0    119      7    119     18    T0968s1TS354-D1.pdb:A  SCOP d1ny0a_
  418      0.6644          -0       2.494     0.000    97    4    4           1    0    119      7    119     16    T0968s1TS354-D1.pdb:A  SCOP d1jwza_
  419      0.6644          -0       2.494     0.000    97    4    4           1    0    119      7    119     17    T0968s1TS354-D1.pdb:A  SCOP d1erma_
  420      0.6644          -0       1.708     0.000    97    2    3           1    0    119      7    119      9    T0968s1TS354-D1.pdb:A  SCOP d1a7ha_
  421      0.6644          -0       2.494     0.000    97    4    4           1    0    119      7    119     17    T0968s1TS354-D1.pdb:A  SCOP d1erqa_
  422      0.6644          -0       2.494     0.000    97    4    4           1    0    119      7    119     17    T0968s1TS354-D1.pdb:A  SCOP d1fqga_
  423      0.6644          -0       2.494     0.000    97    4    4           1    0    119      7    119     16    T0968s1TS354-D1.pdb:A  SCOP d1eroa_
  424      0.6644          -0       2.647     0.000    97    4    4           1    0    119      7    119     17    T0968s1TS354-D1.pdb:A  SCOP d1jtda_
  425      0.6644          -0       2.494     0.000    97    4    4           1    0    119      7    119     17    T0968s1TS354-D1.pdb:A  SCOP d1htza_
  426      0.6644          -0       2.813     0.000    97    4    4           1    0    119      7    119     17    T0968s1TS354-D1.pdb:A  SCOP d1onga_
  427      0.6644          -0       2.813     0.000    97    4    4           1    0    119      7    119     16    T0968s1TS354-D1.pdb:A  SCOP d1rcja_
  428      0.6644          -0  1.798e+308     0.000    97    2    3           1    0    119      7    119      4    T0968s1TS354-D1.pdb:A  SCOP d1q1va_
  429      0.6644          -0       2.813     0.000    97    4    4           1    0    119      7    119     17    T0968s1TS354-D1.pdb:A  SCOP d1q2pa_
  430      0.6644          -0       2.813     0.000    97    4    4           1    0    119      7    119     17    T0968s1TS354-D1.pdb:A  SCOP d1vm1a_
  431      0.6644          -0       3.399     0.000    97    3    3           1    0    119      7    119     11    T0968s1TS354-D1.pdb:A  SCOP d1h6ya_
  432      0.6644          -0       1.895     0.000    97    2    3           1    0    119      7    119      9    T0968s1TS354-D1.pdb:A  SCOP d1pnga1
  433      0.6644          -0       3.399     0.000    97    3    3           1    0    119      7    119     11    T0968s1TS354-D1.pdb:A  SCOP d1dyoa_
  434      0.6644          -0       3.399     0.000    97    3    3           1    0    119      7    119     11    T0968s1TS354-D1.pdb:A  SCOP d1h6xa_
  435      0.6644   9.643e-16       3.987     0.000    97    3    3           1    0    119      7    119     12    T0968s1TS354-D1.pdb:A  SCOP d1uwwa_
  436      0.6644          -0       3.855     0.000    97    3    3           1    0    119      7    119     13    T0968s1TS354-D1.pdb:A  SCOP d1f13a1
  437      0.6644     0.02808       3.146     0.000    97    2    3           1    0    119      7    119      8    T0968s1TS354-D1.pdb:A  SCOP d1pm4a_
  438      0.6644          -0       2.813     0.000    97    4    4           1    0    119      7    119     17    T0968s1TS354-D1.pdb:A  SCOP d1shva_
  439      0.6644    1.64e-08       2.844     0.000    97    2    3           1    0    119      7    119      6    T0968s1TS354-D1.pdb:A  SCOP d1s6na_
  440      0.6644       0.519       4.433     0.000    97    2    4           1    0    119      7    119      6    T0968s1TS354-D1.pdb:A  SCOP d1rn7a_
  441      0.6644          -0      0.8682     0.000    97    2    5           1    0    119      7    119      8    T0968s1TS354-D1.pdb:A  SCOP d1jwia_
  442      0.6644          -0      0.9334     0.000    97    2    3           1    0    119      7    119      7    T0968s1TS354-D1.pdb:A  SCOP d1tnfa_
  443      0.6644          -0       2.689     0.000    97    2    3           1    0    119      7    119      6    T0968s1TS354-D1.pdb:A  SCOP d1krl.1
  444      0.6644      0.2323       2.545     0.000    97    2    5           1    0    119      7    119      4    T0968s1TS354-D1.pdb:A  SCOP d1poua_
  445      0.6644    0.007412       4.052     0.000    97    2    3           1    0    119      7    119      9    T0968s1TS354-D1.pdb:A  SCOP d1qoua_
  446      0.6644          -0  1.798e+308     0.000    97    3    3           1    0    119      7    119      7    T0968s1TS354-D1.pdb:A  SCOP d1t4oa_
  447      0.6644          -0  1.798e+308     0.000    97    2    3           1    0    119      7    119      6    T0968s1TS354-D1.pdb:A  SCOP d1t4na_
  448      0.6644          -0  1.798e+308     0.000    97    2    3           1    0    119      7    119      6    T0968s1TS354-D1.pdb:A  SCOP d1whna_
  449      0.6644      0.3591       4.913     0.000    97    2    3           1    0    119      7    119      8    T0968s1TS354-D1.pdb:A  SCOP d1tvga_
  450      0.6644          -0         1.6     0.000    97    2    3           1    0    119      7    119     10    T0968s1TS354-D1.pdb:A  SCOP d1ecza_
  451      0.6644          -0       2.801     0.000    97    2    3           1    0    119      7    119      7    T0968s1TS354-D1.pdb:A  SCOP d1gcfa_
  452      0.6644          -0  1.798e+308     0.000    97    2    3           1    0    119      7    119      7    T0968s1TS354-D1.pdb:A  SCOP d1k1ga_
  453      0.6644   7.407e-13        2.84     0.000    97    2    3           1    0    119      7    119      4    T0968s1TS354-D1.pdb:A  SCOP d1egp.1
  454      0.6644          -0  1.798e+308     0.000    97    3    3           1    0    119      7    119      8    T0968s1TS354-D1.pdb:A  SCOP d1dg4a_
  455      0.6644          -0       3.599     0.000    97    2    3           1    0    119      7    119      9    T0968s1TS354-D1.pdb:A  SCOP d1gu3a_
  456      0.6644          -0       2.872     0.000    97    2    3           1    0    119      7    119      8    T0968s1TS354-D1.pdb:A  SCOP d1uloa_
  457      0.6644      0.7499       5.793     0.000    97    3    3           1    0    119      7    119     12    T0968s1TS354-D1.pdb:A  SCOP d1k42a_
  458      0.6644          -0  1.798e+308     0.000    97    3    3           1    0    119      7    119      7    T0968s1TS354-D1.pdb:A  SCOP d1rl1a_
  459      0.6644      0.1012       4.872     0.000    97    3    3           1    0    119      7    119     12    T0968s1TS354-D1.pdb:A  SCOP d1k45a_
  460      0.6644          -0       1.492     0.000    97    2    3           1    0    119      7    119      7    T0968s1TS354-D1.pdb:A  SCOP d1ttfa_
  461      0.6644          -0       1.492     0.000    97    2    3           1    0    119      7    119      7    T0968s1TS354-D1.pdb:A  SCOP d1ttga_
  462      0.6644          -0       2.059     0.000    97    2    3           1    0    119      7    119      7    T0968s1TS354-D1.pdb:A  SCOP d2fnba_
  463      0.6644          -0       2.689     0.000    97    2    3           1    0    119      7    119     10    T0968s1TS354-D1.pdb:A  SCOP d1o8sa_
  464      0.6644      0.4562       5.406     0.000    97    2    3           1    0    119      7    119      7    T0968s1TS354-D1.pdb:A  SCOP d1uema_
  465      0.6644          -0       2.689     0.000    97    2    3           1    0    119      7    119      9    T0968s1TS354-D1.pdb:A  SCOP d1uy4a_
  466      0.6644          -0       2.689     0.000    97    2    3           1    0    119      7    119      9    T0968s1TS354-D1.pdb:A  SCOP d1uy2a_
  467      0.6644     0.04382       3.815     0.000    97    2    5           1    0    119      7    119      7    T0968s1TS354-D1.pdb:A  SCOP d2a5ea_
  468      0.6644      0.1538       4.209     0.000    97    2    5           1    0    119      7    119      7    T0968s1TS354-D1.pdb:A  SCOP d1dc2a_
  469      0.6644          -0       2.689     0.000    97    2    3           1    0    119      7    119      9    T0968s1TS354-D1.pdb:A  SCOP d1uy1a_
  470      0.6644          -0       2.689     0.000    97    2    3           1    0    119      7    119      9    T0968s1TS354-D1.pdb:A  SCOP d1uy3a_
  471      0.6644   1.221e-08       2.986     0.000    97    2    3           1    0    119      7    119      8    T0968s1TS354-D1.pdb:A  SCOP d1ha4a_
  472      0.6644      0.1452       4.783     0.000    97    3    3           1    0    119      7    119     10    T0968s1TS354-D1.pdb:A  SCOP d1naea_
  473      0.6644          -0       3.134     0.000    97    2    3           1    0    119      7    119     10    T0968s1TS354-D1.pdb:A  SCOP d1w9sa_
  474      0.6644          -0       3.134     0.000    97    2    3           1    0    119      7    119     10    T0968s1TS354-D1.pdb:A  SCOP d1w9ta_
  475      0.6644          -0  1.798e+308     0.000    97    3    3           1    0    119      7    119      4    T0968s1TS354-D1.pdb:A  SCOP d2gcca_
  476      0.6644   2.736e-07       4.138     0.000    97    2    3           1    0    119      7    119      9    T0968s1TS354-D1.pdb:A  SCOP d1tlka_
  477      0.6644       0.567       4.935     0.000    97    2    3           1    0    119      7    119      9    T0968s1TS354-D1.pdb:A  SCOP d1fhga_
  478      0.6644          -0  1.798e+308     0.000    97    2    3           1    0    119      7    119      8    T0968s1TS354-D1.pdb:A  SCOP d1g90a_
  479      0.6644          -0  1.798e+308     0.000    97    2    3           1    0    119      7    119      8    T0968s1TS354-D1.pdb:A  SCOP d1byna_
  480      0.6644          -0       2.876     0.000    97    4    3           1    0    119      7    119     16    T0968s1TS354-D1.pdb:A  SCOP d1uzya_
  481      0.6644          -0       1.046     0.000    97    4    3           1    0    119      7    119     16    T0968s1TS354-D1.pdb:A  SCOP d1wbla_
  482      0.6644          -0       2.689     0.000    97    4    3           1    0    119      7    119     18    T0968s1TS354-D1.pdb:A  SCOP d1qmo.1
  483      0.6644          -0       2.779     0.000    97    3    3           1    0    119      7    119     15    T0968s1TS354-D1.pdb:A  SCOP d1q8va_
  484      0.6644          -0      0.5362     0.000    97    2    3           1    0    119      7    119     10    T0968s1TS354-D1.pdb:A  SCOP d1gmia_
  485      0.6644          -0       2.623     0.000    97    2    3           1    0    119      7    119      9    T0968s1TS354-D1.pdb:A  SCOP d1bcia_
  486      0.6644          -0       2.779     0.000    97    3    3           1    0    119      7    119     15    T0968s1TS354-D1.pdb:A  SCOP d1n3pa_
  487      0.6644       1.232       5.183     0.000    97    3    3           1    0    119      7    119      8    T0968s1TS354-D1.pdb:A  SCOP d1rlwa_
  488      0.6644          -0       1.895     0.000    97    4    3           1    0    119      7    119     15    T0968s1TS354-D1.pdb:A  SCOP d1fnya_
  489      0.6644          -0       1.414     0.000    97    2    3           1    0    119      7    119     10    T0968s1TS354-D1.pdb:A  SCOP d1shwa_
  490      0.6644          -0       1.895     0.000    97    4    3           1    0    119      7    119     15    T0968s1TS354-D1.pdb:A  SCOP d1fnza_
  491      0.6644          -0      0.9383     0.000    97    2    3           1    0    119      7    119      8    T0968s1TS354-D1.pdb:A  SCOP d1acxa_
  492      0.6644          -0      0.9334     0.000    97    3    3           1    0    119      7    119     15    T0968s1TS354-D1.pdb:A  SCOP d1g8wa_
  493      0.6644          -0       3.177     0.000    97    4    3           1    0    119      7    119      9    T0968s1TS354-D1.pdb:A  SCOP d1gbga_
  494      0.6644          -0       3.177     0.000    97    4    3           1    0    119      7    119     10    T0968s1TS354-D1.pdb:A  SCOP d2ayha_
