<html><head></head><body><pre style="word-wrap: break-word; white-space: pre-wrap;"> PDBe Fold v2.59. (src3) 14 Apr 2014 result file.

                   RESULT SUMMARY

   ##      Q-score      P-score     Z-score   RMSD    Nalgn Nsse Ngaps Seq-%     Nmd Nres-Q Nsse-Q Nres-T Nsse-T Query Target
    1           1      0.3779       4.374     0.000   116    2    0           1    0    116      9    116      4    T0968s2TS498-D1.pdb:A  SCOP d1ieta_
    2           1     0.02859       3.765     0.000   116    2    0           1    0    116      9    116      6    T0968s2TS498-D1.pdb:A  SCOP d1i8ca_
    3           1     0.02859       3.765     0.000   116    2    0           1    0    116      9    116      5    T0968s2TS498-D1.pdb:A  SCOP d1i87a_
    4           1      0.3689       3.373     0.000   116    3    0           1    0    116      9    116      5    T0968s2TS498-D1.pdb:A  SCOP d1jexa_
    5           1   9.763e-05       2.612     0.000   116    2    0           1    0    116      9    116      4    T0968s2TS498-D1.pdb:A  SCOP d1ssla_
    6           1     0.03659       3.592     0.000   116    2    0           1    0    116      9    116      4    T0968s2TS498-D1.pdb:A  SCOP d1hpia_
    7           1          -0       3.298     0.000   116    2    0           1    0    116      9    116     10    T0968s2TS498-D1.pdb:A  SCOP d1wmma1
    8           1          -0       3.384     0.000   116    4    0           1    0    116      9    116     16    T0968s2TS498-D1.pdb:A  SCOP d2bdra1
    9           1       1.439        4.46     0.000   116    3    0           1    0    116      9    116      3    T0968s2TS498-D1.pdb:A  SCOP d1quza_
   10           1          -0       5.488     0.000   116    3    0           1    0    116      9    116     12    T0968s2TS498-D1.pdb:A  SCOP d1exsa_
   11           1          -0       5.554     0.000   116    3    0           1    0    116      9    116     13    T0968s2TS498-D1.pdb:A  SCOP d1pboa_
   12           1          -0       4.297     0.000   116    2    0           1    0    116      9    116      8    T0968s2TS498-D1.pdb:A  SCOP d1s98a_
   13           1          -0       7.095     0.000   116    3    0           1    0    116      9    116     14    T0968s2TS498-D1.pdb:A  SCOP d1q31a_
   14           1   1.446e-16       5.139     0.000   116    2    0           1    0    116      9    116      8    T0968s2TS498-D1.pdb:A  SCOP d1pyba_
   15           1          -0       5.255     0.000   116    2    0           1    0    116      9    116     10    T0968s2TS498-D1.pdb:A  SCOP d1qzha_
   16           1   4.822e-17       4.622     0.000   116    2    0           1    0    116      9    116     10    T0968s2TS498-D1.pdb:A  SCOP d1qzga_
   17           1          -0       3.406     0.000   116    2    0           1    0    116      9    116      9    T0968s2TS498-D1.pdb:A  SCOP d1d2ba_
   18           1          -0       1.464     0.000   116    2    0           1    0    116      9    116      6    T0968s2TS498-D1.pdb:A  SCOP d1ljoa_
   19           1          -0       4.159     0.000   116    2    0           1    0    116      9    116      6    T0968s2TS498-D1.pdb:A  SCOP d1lnxa_
   20           1          -0       4.059     0.000   116    2    0           1    0    116      9    116      6    T0968s2TS498-D1.pdb:A  SCOP d1i8fa_
   21           1       1.999       6.474     0.000   116    3    0           1    0    116      9    116      4    T0968s2TS498-D1.pdb:A  SCOP d1ri9a_
   22           1          -0        4.39     0.000   116    3    0           1    0    116      9    116     12    T0968s2TS498-D1.pdb:A  SCOP d2de7a1
   23           1          -0        4.39     0.000   116    3    0           1    0    116      9    116     12    T0968s2TS498-D1.pdb:A  SCOP d1ww9a1
   24           1          -0       5.141     0.000   116    3    0           1    0    116      9    116     12    T0968s2TS498-D1.pdb:A  SCOP d2de5a1
   25           1          -0        4.39     0.000   116    3    0           1    0    116      9    116     12    T0968s2TS498-D1.pdb:A  SCOP d2de6a1
   26           1          -0       3.986     0.000   116    3    0           1    0    116      9    116     13    T0968s2TS498-D1.pdb:A  SCOP d1a3za_
   27           1          -0       4.638     0.000   116    3    0           1    0    116      9    116     13    T0968s2TS498-D1.pdb:A  SCOP d1rcya_
   28           1      0.5579       3.635     0.000   116    3    0           1    0    116      9    116      3    T0968s2TS498-D1.pdb:A  SCOP d1fjna_
   29           1      0.2474       4.892     0.000   116    2    0           1    0    116      9    116      4    T0968s2TS498-D1.pdb:A  SCOP d1hafa_
   30           1      0.2474       4.892     0.000   116    2    0           1    0    116      9    116      4    T0968s2TS498-D1.pdb:A  SCOP d1haea_
   31      0.9914       2.547       6.844     0.000   115    5    0           1    0    116      9    115     12    T0968s2TS498-D1.pdb:A  SCOP d1q3ca2
   32      0.9828   0.0005206       4.263     0.000   115    3    1           1    0    116      9    116     13    T0968s2TS498-D1.pdb:A  SCOP d2prda_
   33      0.9828          -0       3.653     0.000   115    3    1           1    0    116      9    116     11    T0968s2TS498-D1.pdb:A  SCOP d1igpa_
   34      0.9828          -0       2.883     0.000   115    3    1           1    0    116      9    116     10    T0968s2TS498-D1.pdb:A  SCOP d1inoa_
   35      0.9828          -0       3.341     0.000   115    3    1           1    0    116      9    116     12    T0968s2TS498-D1.pdb:A  SCOP d1jfda_
   36      0.9828          -0        3.26     0.000   115    3    1           1    0    116      9    116      9    T0968s2TS498-D1.pdb:A  SCOP d1j05a_
   37      0.9828          -0       3.653     0.000   115    3    1           1    0    116      9    116     13    T0968s2TS498-D1.pdb:A  SCOP d1faja_
   38      0.9828          -0       3.653     0.000   115    3    1           1    0    116      9    116     12    T0968s2TS498-D1.pdb:A  SCOP d1ipwa_
   39      0.9828          -0       4.778     0.000   115    3    1           1    0    116      9    116      9    T0968s2TS498-D1.pdb:A  SCOP d1a2ya_
   40      0.9828          -0         4.4     0.000   115    3    1           1    0    116      9    116     12    T0968s2TS498-D1.pdb:A  SCOP d1twla_
   41      0.9828          -0        3.26     0.000   115    3    1           1    0    116      9    116      9    T0968s2TS498-D1.pdb:A  SCOP d1vfaa_
   42      0.9828   0.0009304       6.787     0.000   115    3    1           1    0    116      9    116     11    T0968s2TS498-D1.pdb:A  SCOP d4fgfa_
   43      0.9828   0.0003868        3.27     0.000   115    2    1           1    0    116      9    116      6    T0968s2TS498-D1.pdb:A  SCOP d1fr3a_
   44      0.9828          -0       4.778     0.000   115    3    1           1    0    116      9    116      9    T0968s2TS498-D1.pdb:A  SCOP d1vfba_
   45      0.9828          -0        3.26     0.000   115    3    1           1    0    116      9    116      9    T0968s2TS498-D1.pdb:A  SCOP d1g7ja_
   46      0.9828          -0       4.194     0.000   115    3    1           1    0    116      9    116      9    T0968s2TS498-D1.pdb:A  SCOP d1i8ka_
   47      0.9828          -0       3.653     0.000   115    3    1           1    0    116      9    116     12    T0968s2TS498-D1.pdb:A  SCOP d2eipa_
   48      0.9828    0.000545       4.455     0.000   115    3    1           1    0    116      9    116     11    T0968s2TS498-D1.pdb:A  SCOP d1mjya_
   49      0.9828          -0       4.778     0.000   115    3    1           1    0    116      9    116      9    T0968s2TS498-D1.pdb:A  SCOP d1g7ia_
   50      0.9828          -0       4.778     0.000   115    3    1           1    0    116      9    116      9    T0968s2TS498-D1.pdb:A  SCOP d1kiqa_
   51      0.9828          -0        3.26     0.000   115    3    1           1    0    116      9    116      9    T0968s2TS498-D1.pdb:A  SCOP d1g7ma_
   52      0.9828      0.2966       5.491     0.000   115    3    1           1    0    116      9    116     11    T0968s2TS498-D1.pdb:A  SCOP d1udea_
   53      0.9828          -0       4.007     0.000   115    3    1           1    0    116      9    116      9    T0968s2TS498-D1.pdb:A  SCOP d1g7ha_
   54      0.9828          -0       3.113     0.000   115    2    1           1    0    116      9    116      5    T0968s2TS498-D1.pdb:A  SCOP d1pfsa_
   55      0.9828          -0       4.778     0.000   115    3    1           1    0    116      9    116      9    T0968s2TS498-D1.pdb:A  SCOP d1kira_
   56      0.9828   1.712e-09       4.338     0.000   115    3    1           1    0    116      9    116      9    T0968s2TS498-D1.pdb:A  SCOP d1dvfa_
   57      0.9828   2.586e-12        5.06     0.000   115    2    1           1    0    116      9    116      6    T0968s2TS498-D1.pdb:A  SCOP d2gvaa_
   58      0.9828          -0       4.338     0.000   115    4    1           1    0    116      9    116     15    T0968s2TS498-D1.pdb:A  SCOP d1ossa_
   59      0.9828          -0       4.338     0.000   115    4    1           1    0    116      9    116     15    T0968s2TS498-D1.pdb:A  SCOP d1sgta_
   60      0.9828          -0       4.338     0.000   115    4    1           1    0    116      9    116     15    T0968s2TS498-D1.pdb:A  SCOP d1os8a_
   61      0.9828      0.1247       4.693     0.000   115    2    1           1    0    116      9    116      5    T0968s2TS498-D1.pdb:A  SCOP d1o9ya_
   62      0.9828          -0       2.612     0.000   115    2    1           1    0    116      9    116      7    T0968s2TS498-D1.pdb:A  SCOP d1xe1a_
   63      0.9828          -0       3.383     0.000   115    2    1           1    0    116      9    116     10    T0968s2TS498-D1.pdb:A  SCOP d1p4ma_
   64      0.9828          -0       1.702     0.000   115    2    1           1    0    116      9    116     10    T0968s2TS498-D1.pdb:A  SCOP d1nb9a_
   65      0.9828          -0       1.795     0.000   115    2    1           1    0    116      9    116      8    T0968s2TS498-D1.pdb:A  SCOP d1i18a_
   66      0.9828          -0      0.6644     0.000   115    2    1           1    0    116      9    116      9    T0968s2TS498-D1.pdb:A  SCOP d1pkva_
   67      0.9828          -0       3.616     0.000   115    3    1           1    0    116      9    116     12    T0968s2TS498-D1.pdb:A  SCOP d1r8o.1
   68      0.9828          -0        3.75     0.000   115    3    1           1    0    116      9    116     13    T0968s2TS498-D1.pdb:A  SCOP d1wbca_
   69      0.9828          -0       2.848     0.000   115    3    1           1    0    116      9    116     12    T0968s2TS498-D1.pdb:A  SCOP d1wbaa_
   70      0.9828          -0       4.944     0.000   115    4    1           1    0    116      9    116     14    T0968s2TS498-D1.pdb:A  SCOP d1md6a_
   71      0.9828   9.998e-05       5.372     0.000   115    2    1           1    0    116      9    116      7    T0968s2TS498-D1.pdb:A  SCOP d1qqka_
   72      0.9828          -0       5.389     0.000   115    3    1           1    0    116      9    116     10    T0968s2TS498-D1.pdb:A  SCOP d1e0oa_
   73      0.9828          -0       4.845     0.000   115    3    1           1    0    116      9    116     12    T0968s2TS498-D1.pdb:A  SCOP d1k5va_
   74      0.9828          -0       4.778     0.000   115    3    1           1    0    116      9    116      9    T0968s2TS498-D1.pdb:A  SCOP d2imma_
   75      0.9828          -0       4.367     0.000   115    3    1           1    0    116      9    116     12    T0968s2TS498-D1.pdb:A  SCOP d1k5ua_
   76      0.9828          -0       4.367     0.000   115    3    1           1    0    116      9    116     12    T0968s2TS498-D1.pdb:A  SCOP d1jtca_
   77      0.9828          -0       4.367     0.000   115    3    1           1    0    116      9    116     12    T0968s2TS498-D1.pdb:A  SCOP d1q03a_
   78      0.9828          -0       4.367     0.000   115    3    1           1    0    116      9    116     12    T0968s2TS498-D1.pdb:A  SCOP d1jt5a_
   79      0.9828          -0       4.367     0.000   115    3    1           1    0    116      9    116     12    T0968s2TS498-D1.pdb:A  SCOP d1jt4a_
   80      0.9828          -0       4.778     0.000   115    3    1           1    0    116      9    116      9    T0968s2TS498-D1.pdb:A  SCOP d43caa_
   81      0.9828          -0       4.367     0.000   115    3    1           1    0    116      9    116     12    T0968s2TS498-D1.pdb:A  SCOP d1q04a_
   82      0.9828          -0       4.367     0.000   115    3    1           1    0    116      9    116     12    T0968s2TS498-D1.pdb:A  SCOP d1jqza_
   83      0.9828          -0       2.957     0.000   115    3    1           1    0    116      9    116      9    T0968s2TS498-D1.pdb:A  SCOP d1afca_
   84      0.9828          -0        5.73     0.000   115    2    1           1    0    116      9    116      9    T0968s2TS498-D1.pdb:A  SCOP d1fgaa_
   85      0.9828          -0       2.411     0.000   115    2    1           1    0    116      9    116      6    T0968s2TS498-D1.pdb:A  SCOP d1i81a_
   86      0.9828          -0       3.009     0.000   115    3    1           1    0    116      9    116      6    T0968s2TS498-D1.pdb:A  SCOP d1loja_
   87      0.9828          -0       3.109     0.000   115    3    1           1    0    116      9    116      6    T0968s2TS498-D1.pdb:A  SCOP d1jbma_
   88      0.9828          -0       3.109     0.000   115    3    1           1    0    116      9    116      6    T0968s2TS498-D1.pdb:A  SCOP d1mgqa_
   89      0.9828          -0       3.875     0.000   115    3    1           1    0    116      9    116      6    T0968s2TS498-D1.pdb:A  SCOP d1n9sa_
   90      0.9828          -0       2.805     0.000   115    3    1           1    0    116      9    116      7    T0968s2TS498-D1.pdb:A  SCOP d1n9ra_
   91      0.9828          -0       4.778     0.000   115    3    1           1    0    116      9    116      9    T0968s2TS498-D1.pdb:A  SCOP d2imna_
   92      0.9828          -0       4.405     0.000   115    3    1           1    0    116      9    116      7    T0968s2TS498-D1.pdb:A  SCOP d1b34a_
   93      0.9828          -0       2.929     0.000   115    3    1           1    0    116      9    116      9    T0968s2TS498-D1.pdb:A  SCOP d1ivla_
   94      0.9828    6.14e-06       4.303     0.000   115    2    1           1    0    116      9    116      6    T0968s2TS498-D1.pdb:A  SCOP d1fgpa_
   95      0.9828          -0        3.26     0.000   115    3    1           1    0    116      9    116      9    T0968s2TS498-D1.pdb:A  SCOP d1fvca_
   96      0.9828          -0  1.798e+308     0.000   115    2    1           1    0    116      9    116      7    T0968s2TS498-D1.pdb:A  SCOP d1ry4a_
   97      0.9828          -0  1.798e+308     0.000   115    3    1           1    0    116      9    116      7    T0968s2TS498-D1.pdb:A  SCOP d1ntea_
   98      0.9828          -0  1.798e+308     0.000   115    2    1           1    0    116      9    116      7    T0968s2TS498-D1.pdb:A  SCOP d1r6ja_
   99      0.9828          -0  1.798e+308     0.000   115    2    1           1    0    116      9    116      7    T0968s2TS498-D1.pdb:A  SCOP d1qlca_
  100      0.9828          -0       3.492     0.000   115    3    1           1    0    116      9    116     13    T0968s2TS498-D1.pdb:A  SCOP d1nvga1
  101      0.9828          -0       3.492     0.000   115    3    1           1    0    116      9    116     13    T0968s2TS498-D1.pdb:A  SCOP d1ntoa1
  102      0.9828          -0       3.492     0.000   115    3    1           1    0    116      9    116     13    T0968s2TS498-D1.pdb:A  SCOP d1jvba1
  103      0.9828          -0  1.798e+308     0.000   115    2    1           1    0    116      9    116      5    T0968s2TS498-D1.pdb:A  SCOP d1qmca_
  104      0.9828          -0  1.798e+308     0.000   115    2    1           1    0    116      9    116      5    T0968s2TS498-D1.pdb:A  SCOP d1ihwa_
  105      0.9828          -0  1.798e+308     0.000   115    2    1           1    0    116      9    116      5    T0968s2TS498-D1.pdb:A  SCOP d1ihva_
  106      0.9828          -0  1.798e+308     0.000   115    2    1           1    0    116      9    116      6    T0968s2TS498-D1.pdb:A  SCOP d1nz9a_
  107      0.9828      0.4474       4.778     0.000   115    3    1           1    0    116      9    116      5    T0968s2TS498-D1.pdb:A  SCOP d1vifa_
  108      0.9828      0.4474       4.778     0.000   115    3    1           1    0    116      9    116      5    T0968s2TS498-D1.pdb:A  SCOP d1viea_
  109      0.9828      0.3328       4.836     0.000   115    2    1           1    0    116      9    116      5    T0968s2TS498-D1.pdb:A  SCOP d1pdqa_
  110      0.9828        1.05       6.722     0.000   115    3    1           1    0    116      9    116      6    T0968s2TS498-D1.pdb:A  SCOP d1jica_
  111      0.9828          -0       3.127     0.000   115    2    1           1    0    116      9    116      6    T0968s2TS498-D1.pdb:A  SCOP d1wjqa_
  112      0.9828          -0  1.798e+308     0.000   115    2    1           1    0    116      9    116      4    T0968s2TS498-D1.pdb:A  SCOP d1mhna_
  113      0.9828          -0       4.778     0.000   115    3    1           1    0    116      9    116      9    T0968s2TS498-D1.pdb:A  SCOP d1kipa_
  114      0.9828          -0        3.26     0.000   115    3    1           1    0    116      9    116      9    T0968s2TS498-D1.pdb:A  SCOP d1g7la_
  115      0.9828          -0  1.798e+308     0.000   115    2    1           1    0    116      9    116      6    T0968s2TS498-D1.pdb:A  SCOP d1wi5a_
  116      0.9828      0.8721       5.364     0.000   115    2    1           1    0    116      9    116      5    T0968s2TS498-D1.pdb:A  SCOP d1wfqa_
  117      0.9828    1.92e-12       4.342     0.000   115    2    1           1    0    116      9    116      7    T0968s2TS498-D1.pdb:A  SCOP d1slja_
  118      0.9828          -0       3.363     0.000   115    2    1           1    0    116      9    116      7    T0968s2TS498-D1.pdb:A  SCOP d1sn8a_
  119      0.9828          -0       3.363     0.000   115    2    1           1    0    116      9    116      7    T0968s2TS498-D1.pdb:A  SCOP d1smxa_
  120      0.9828          -0       4.194     0.000   115    3    1           1    0    116      9    116      9    T0968s2TS498-D1.pdb:A  SCOP d1i8ia_
  121      0.9828          -0        1.87     0.000   115    2    1           1    0    116      9    116      5    T0968s2TS498-D1.pdb:A  SCOP d1h95a_
  122      0.9828          -0       4.188     0.000   115    2    1           1    0    116      9    116      5    T0968s2TS498-D1.pdb:A  SCOP d1mjca_
  123      0.9828          -0       4.853     0.000   115    3    1           1    0    116      9    116     14    T0968s2TS498-D1.pdb:A  SCOP d1ntga_
  124      0.9828          -0        3.26     0.000   115    3    1           1    0    116      9    116      9    T0968s2TS498-D1.pdb:A  SCOP d1c08a_
  125      0.9828          -0  1.798e+308     0.000   115    3    1           1    0    116      9    116     11    T0968s2TS498-D1.pdb:A  SCOP d1fl0a_
  126      0.9828          -0       3.879     0.000   115    2    1           1    0    116      9    116      6    T0968s2TS498-D1.pdb:A  SCOP d1wjja_
  127      0.9828     0.05659        2.59     0.000   115    2    1           1    0    116      9    116      7    T0968s2TS498-D1.pdb:A  SCOP d1v1qa_
  128      0.9828          -0  1.798e+308     0.000   115    2    1           1    0    116      9    116      7    T0968s2TS498-D1.pdb:A  SCOP d1eyga_
  129      0.9828   6.603e-07       5.578     0.000   115    3    1           1    0    116      9    116      8    T0968s2TS498-D1.pdb:A  SCOP d1krta_
  130      0.9828   1.812e-08       5.317     0.000   115    2    1           1    0    116      9    116      7    T0968s2TS498-D1.pdb:A  SCOP d1nnxa_
  131      0.9828      0.5005       5.086     0.000   115    2    1           1    0    116      9    116      9    T0968s2TS498-D1.pdb:A  SCOP d1pxua_
  132      0.9828      0.3992       5.086     0.000   115    2    1           1    0    116      9    116      9    T0968s2TS498-D1.pdb:A  SCOP d1jb3a_
  133      0.9828      0.9821       4.095     0.000   115    2    1           1    0    116      9    116      2    T0968s2TS498-D1.pdb:A  SCOP d1a3pa_
  134      0.9828          -0       2.858     0.000   115    2    1           1    0    116      9    116      6    T0968s2TS498-D1.pdb:A  SCOP d1pc0a_
  135      0.9828      0.2575       2.986     0.000   115    2    1           1    0    116      9    116      2    T0968s2TS498-D1.pdb:A  SCOP d1epha_
  136      0.9828          -0       4.209     0.000   115    2    1           1    0    116      9    116      6    T0968s2TS498-D1.pdb:A  SCOP d1i5la_
  137      0.9828          -0       3.866     0.000   115    3    1           1    0    116      9    116      6    T0968s2TS498-D1.pdb:A  SCOP d1i4ka_
  138      0.9828      0.2575       2.986     0.000   115    2    1           1    0    116      9    116      2    T0968s2TS498-D1.pdb:A  SCOP d1epga_
  139      0.9828      0.2575       2.986     0.000   115    2    1           1    0    116      9    116      2    T0968s2TS498-D1.pdb:A  SCOP d1epia_
  140      0.9828          -0       5.131     0.000   115    4    1           1    0    116      9    116     15    T0968s2TS498-D1.pdb:A  SCOP d1tnla_
  141      0.9828          -0       5.131     0.000   115    4    1           1    0    116      9    116     15    T0968s2TS498-D1.pdb:A  SCOP d1tnia_
  142      0.9828          -0       5.131     0.000   115    4    1           1    0    116      9    116     15    T0968s2TS498-D1.pdb:A  SCOP d1ntpa_
  143      0.9828          -0       4.997     0.000   115    3    1           1    0    116      9    116     15    T0968s2TS498-D1.pdb:A  SCOP d1mtsa_
  144      0.9828          -0       4.997     0.000   115    3    1           1    0    116      9    116     15    T0968s2TS498-D1.pdb:A  SCOP d1oyqa_
  145      0.9828          -0       5.131     0.000   115    4    1           1    0    116      9    116     15    T0968s2TS498-D1.pdb:A  SCOP d1f0ta_
  146      0.9828          -0       5.137     0.000   115    3    1           1    0    116      9    116     15    T0968s2TS498-D1.pdb:A  SCOP d1qb1a_
  147      0.9828          -0       2.777     0.000   115    3    1           1    0    116      9    116     15    T0968s2TS498-D1.pdb:A  SCOP d1qb9a_
  148      0.9828          -0       4.997     0.000   115    3    1           1    0    116      9    116     15    T0968s2TS498-D1.pdb:A  SCOP d1g36a_
  149      0.9828          -0       2.777     0.000   115    3    1           1    0    116      9    116     15    T0968s2TS498-D1.pdb:A  SCOP d1qboa_
  150      0.9828          -0       4.997     0.000   115    3    1           1    0    116      9    116     15    T0968s2TS498-D1.pdb:A  SCOP d2bzaa_
  151      0.9828          -0       5.131     0.000   115    4    1           1    0    116      9    116     15    T0968s2TS498-D1.pdb:A  SCOP d1tawa_
  152      0.9828          -0       4.997     0.000   115    4    1           1    0    116      9    116     15    T0968s2TS498-D1.pdb:A  SCOP d1s82a_
  153      0.9828          -0       4.352     0.000   115    4    1           1    0    116      9    116     15    T0968s2TS498-D1.pdb:A  SCOP d1qa0a_
  154      0.9828          -0       5.131     0.000   115    4    1           1    0    116      9    116     15    T0968s2TS498-D1.pdb:A  SCOP d1f0ua_
  155      0.9828          -0       5.131     0.000   115    4    1           1    0    116      9    116     15    T0968s2TS498-D1.pdb:A  SCOP d1mtwa_
  156      0.9828          -0       5.131     0.000   115    4    1           1    0    116      9    116     15    T0968s2TS498-D1.pdb:A  SCOP d1xuka_
  157      0.9828          -0       4.997     0.000   115    4    1           1    0    116      9    116     15    T0968s2TS498-D1.pdb:A  SCOP d1maya_
  158      0.9828          -0       5.131     0.000   115    4    1           1    0    116      9    116     15    T0968s2TS498-D1.pdb:A  SCOP d1btza_
  159      0.9828          -0       5.131     0.000   115    4    1           1    0    116      9    116     15    T0968s2TS498-D1.pdb:A  SCOP d1tnga_
  160      0.9828          -0       4.997     0.000   115    4    1           1    0    116      9    116     15    T0968s2TS498-D1.pdb:A  SCOP d1ce5a_
  161      0.9828          -0       4.488     0.000   115    3    1           1    0    116      9    116     15    T0968s2TS498-D1.pdb:A  SCOP d2tgta_
  162      0.9828          -0       5.131     0.000   115    4    1           1    0    116      9    116     15    T0968s2TS498-D1.pdb:A  SCOP d1tnja_
  163      0.9828          -0       4.352     0.000   115    4    1           1    0    116      9    116     15    T0968s2TS498-D1.pdb:A  SCOP d1qbna_
  164      0.9828          -0       4.488     0.000   115    3    1           1    0    116      9    116     15    T0968s2TS498-D1.pdb:A  SCOP d1c2ka_
  165      0.9828          -0       4.997     0.000   115    4    1           1    0    116      9    116     15    T0968s2TS498-D1.pdb:A  SCOP d1bjua_
  166      0.9828          -0       4.997     0.000   115    4    1           1    0    116      9    116     15    T0968s2TS498-D1.pdb:A  SCOP d1jrsa_
  167      0.9828          -0       5.131     0.000   115    4    1           1    0    116      9    116     15    T0968s2TS498-D1.pdb:A  SCOP d1tnha_
  168      0.9828          -0       4.997     0.000   115    4    1           1    0    116      9    116     15    T0968s2TS498-D1.pdb:A  SCOP d1v6da_
  169      0.9828          -0       4.997     0.000   115    4    1           1    0    116      9    116     15    T0968s2TS498-D1.pdb:A  SCOP d1fn6a_
  170      0.9828          -0       4.997     0.000   115    4    1           1    0    116      9    116     15    T0968s2TS498-D1.pdb:A  SCOP d1qqua_
  171      0.9828          -0       4.997     0.000   115    4    1           1    0    116      9    116     15    T0968s2TS498-D1.pdb:A  SCOP d1fnia_
  172      0.9828          -0       4.997     0.000   115    4    1           1    0    116      9    116     15    T0968s2TS498-D1.pdb:A  SCOP d1mcta_
  173      0.9828          -0       4.997     0.000   115    4    1           1    0    116      9    116     15    T0968s2TS498-D1.pdb:A  SCOP d1s85a_
  174      0.9828          -0       4.488     0.000   115    3    1           1    0    116      9    116     15    T0968s2TS498-D1.pdb:A  SCOP d1k1la_
  175      0.9828          -0       5.131     0.000   115    4    1           1    0    116      9    116     15    T0968s2TS498-D1.pdb:A  SCOP d1ql7a_
  176      0.9828          -0       5.131     0.000   115    4    1           1    0    116      9    116     15    T0968s2TS498-D1.pdb:A  SCOP d1auja_
  177      0.9828          -0       4.488     0.000   115    3    1           1    0    116      9    116     15    T0968s2TS498-D1.pdb:A  SCOP d1k1ja_
  178      0.9828          -0       4.488     0.000   115    3    1           1    0    116      9    116     15    T0968s2TS498-D1.pdb:A  SCOP d1k1ma_
  179      0.9828          -0       4.997     0.000   115    4    1           1    0    116      9    116     15    T0968s2TS498-D1.pdb:A  SCOP d1k1ia_
  180      0.9828          -0       5.131     0.000   115    4    1           1    0    116      9    116     15    T0968s2TS498-D1.pdb:A  SCOP d1eb2a_
  181      0.9828          -0       4.997     0.000   115    4    1           1    0    116      9    116     15    T0968s2TS498-D1.pdb:A  SCOP d1rxpa_
  182      0.9828          -0      0.7193     0.000   115    3    1           1    0    116      9    116     15    T0968s2TS498-D1.pdb:A  SCOP d1s0ra1
  183      0.9828          -0       4.997     0.000   115    4    1           1    0    116      9    116     15    T0968s2TS498-D1.pdb:A  SCOP d2tgda_
  184      0.9828          -0       4.488     0.000   115    3    1           1    0    116      9    116     15    T0968s2TS498-D1.pdb:A  SCOP d1aq7a_
  185      0.9828          -0       5.131     0.000   115    4    1           1    0    116      9    116     15    T0968s2TS498-D1.pdb:A  SCOP d1xufa_
  186      0.9828          -0       4.997     0.000   115    4    1           1    0    116      9    116     15    T0968s2TS498-D1.pdb:A  SCOP d1maxa_
  187      0.9828          -0       4.997     0.000   115    4    1           1    0    116      9    116     15    T0968s2TS498-D1.pdb:A  SCOP d1k1na_
  188      0.9828          -0        3.77     0.000   115    3    1           1    0    116      9    116     15    T0968s2TS498-D1.pdb:A  SCOP d1ejma_
  189      0.9828          -0       4.997     0.000   115    4    1           1    0    116      9    116     15    T0968s2TS498-D1.pdb:A  SCOP d1bjva_
  190      0.9828          -0       4.488     0.000   115    3    1           1    0    116      9    116     15    T0968s2TS498-D1.pdb:A  SCOP d1tyna_
  191      0.9828          -0       5.131     0.000   115    4    1           1    0    116      9    116     15    T0968s2TS498-D1.pdb:A  SCOP d1tioa_
  192      0.9828          -0       4.352     0.000   115    4    1           1    0    116      9    116     15    T0968s2TS498-D1.pdb:A  SCOP d1qb6a_
  193      0.9828          -0       4.997     0.000   115    3    1           1    0    116      9    116     15    T0968s2TS498-D1.pdb:A  SCOP d1mtua_
  194      0.9828          -0       5.131     0.000   115    4    1           1    0    116      9    116     15    T0968s2TS498-D1.pdb:A  SCOP d1az8a_
  195      0.9828          -0        3.98     0.000   115    3    1           1    0    116      9    116     15    T0968s2TS498-D1.pdb:A  SCOP d1gj6a_
  196      0.9828          -0        3.98     0.000   115    3    1           1    0    116      9    116     15    T0968s2TS498-D1.pdb:A  SCOP d1gi3a_
  197      0.9828          -0       3.531     0.000   115    3    1           1    0    116      9    116     15    T0968s2TS498-D1.pdb:A  SCOP d1o3la_
  198      0.9828          -0       3.531     0.000   115    3    1           1    0    116      9    116     15    T0968s2TS498-D1.pdb:A  SCOP d1c5qa_
  199      0.9828          -0        3.26     0.000   115    3    1           1    0    116      9    116      9    T0968s2TS498-D1.pdb:A  SCOP d1eeqa_
  200      0.9828          -0        3.26     0.000   115    3    1           1    0    116      9    116      9    T0968s2TS498-D1.pdb:A  SCOP d1eeua_
  201      0.9828          -0       4.778     0.000   115    3    1           1    0    116      9    116      9    T0968s2TS498-D1.pdb:A  SCOP d1efqa_
  202      0.9828          -0       5.131     0.000   115    4    1           1    0    116      9    116     15    T0968s2TS498-D1.pdb:A  SCOP d1btya_
  203      0.9828          -0        3.26     0.000   115    3    1           1    0    116      9    116      9    T0968s2TS498-D1.pdb:A  SCOP d1ek3a_
  204      0.9828          -0       4.997     0.000   115    4    1           1    0    116      9    116     15    T0968s2TS498-D1.pdb:A  SCOP d1tppa_
  205      0.9828          -0       4.778     0.000   115    3    1           1    0    116      9    116      9    T0968s2TS498-D1.pdb:A  SCOP d3lvea_
  206      0.9828          -0       3.653     0.000   115    3    1           1    0    116      9    116      9    T0968s2TS498-D1.pdb:A  SCOP d1lvea_
  207      0.9828          -0        3.26     0.000   115    3    1           1    0    116      9    116      9    T0968s2TS498-D1.pdb:A  SCOP d4lvea_
  208      0.9828          -0       5.131     0.000   115    4    1           1    0    116      9    116     15    T0968s2TS498-D1.pdb:A  SCOP d1gi1a_
  209      0.9828          -0       4.997     0.000   115    3    1           1    0    116      9    116     15    T0968s2TS498-D1.pdb:A  SCOP d1c5ta_
  210      0.9828          -0       4.997     0.000   115    4    1           1    0    116      9    116     15    T0968s2TS498-D1.pdb:A  SCOP d1s6ha_
  211      0.9828          -0       5.131     0.000   115    4    1           1    0    116      9    116     15    T0968s2TS498-D1.pdb:A  SCOP d1gi2a_
  212      0.9828          -0        3.26     0.000   115    3    1           1    0    116      9    116      9    T0968s2TS498-D1.pdb:A  SCOP d1rhha1
  213      0.9828          -0       4.997     0.000   115    4    1           1    0    116      9    116     15    T0968s2TS498-D1.pdb:A  SCOP d1s5sa_
  214      0.9828          -0       5.131     0.000   115    4    1           1    0    116      9    116     15    T0968s2TS498-D1.pdb:A  SCOP d5ptpa_
  215      0.9828          -0       4.488     0.000   115    3    1           1    0    116      9    116     15    T0968s2TS498-D1.pdb:A  SCOP d1utpa_
  216      0.9828          -0       4.997     0.000   115    4    1           1    0    116      9    116     15    T0968s2TS498-D1.pdb:A  SCOP d1s83a_
  217      0.9828          -0       4.997     0.000   115    4    1           1    0    116      9    116     15    T0968s2TS498-D1.pdb:A  SCOP d1j8aa_
  218      0.9828          -0       4.488     0.000   115    3    1           1    0    116      9    116     15    T0968s2TS498-D1.pdb:A  SCOP d1utoa_
  219      0.9828          -0       4.488     0.000   115    3    1           1    0    116      9    116     15    T0968s2TS498-D1.pdb:A  SCOP d1utqa_
  220      0.9828          -0       5.131     0.000   115    4    1           1    0    116      9    116     15    T0968s2TS498-D1.pdb:A  SCOP d1utna_
  221      0.9828          -0       5.131     0.000   115    4    1           1    0    116      9    116     15    T0968s2TS498-D1.pdb:A  SCOP d1hj9a_
  222      0.9828          -0       0.845     0.000   115    4    1           1    0    116      9    116     17    T0968s2TS498-D1.pdb:A  SCOP d1wcza_
  223      0.9828          -0       5.131     0.000   115    4    1           1    0    116      9    116     15    T0968s2TS498-D1.pdb:A  SCOP d1tnka_
  224      0.9828          -0       5.131     0.000   115    4    1           1    0    116      9    116     15    T0968s2TS498-D1.pdb:A  SCOP d1jrta_
  225      0.9828          -0        3.98     0.000   115    3    1           1    0    116      9    116     15    T0968s2TS498-D1.pdb:A  SCOP d1o2ma_
  226      0.9828          -0       4.997     0.000   115    4    1           1    0    116      9    116     15    T0968s2TS498-D1.pdb:A  SCOP d1s84a_
  227      0.9828          -0       4.488     0.000   115    3    1           1    0    116      9    116     15    T0968s2TS498-D1.pdb:A  SCOP d1sbwa_
  228      0.9828          -0       5.131     0.000   115    4    1           1    0    116      9    116     15    T0968s2TS498-D1.pdb:A  SCOP d1btxa_
  229      0.9828          -0       4.997     0.000   115    4    1           1    0    116      9    116     15    T0968s2TS498-D1.pdb:A  SCOP d1tpoa_
  230      0.9828          -0       4.997     0.000   115    4    1           1    0    116      9    116     15    T0968s2TS498-D1.pdb:A  SCOP d1s6fa_
  231      0.9828          -0        3.98     0.000   115    3    1           1    0    116      9    116     15    T0968s2TS498-D1.pdb:A  SCOP d1o36a_
  232      0.9828          -0       4.997     0.000   115    4    1           1    0    116      9    116     15    T0968s2TS498-D1.pdb:A  SCOP d3ptba_
  233      0.9828          -0       4.997     0.000   115    4    1           1    0    116      9    116     15    T0968s2TS498-D1.pdb:A  SCOP d1s81a_
  234      0.9828          -0        3.98     0.000   115    3    1           1    0    116      9    116     15    T0968s2TS498-D1.pdb:A  SCOP d1o2oa_
  235      0.9828          -0        3.98     0.000   115    3    1           1    0    116      9    116     15    T0968s2TS498-D1.pdb:A  SCOP d1o2sa_
  236      0.9828          -0       4.997     0.000   115    4    1           1    0    116      9    116     15    T0968s2TS498-D1.pdb:A  SCOP d2ptna_
  237      0.9828          -0       3.531     0.000   115    3    1           1    0    116      9    116     15    T0968s2TS498-D1.pdb:A  SCOP d1o3ea_
  238      0.9828          -0       4.488     0.000   115    3    1           1    0    116      9    116     15    T0968s2TS498-D1.pdb:A  SCOP d1sfia_
  239      0.9828          -0       3.531     0.000   115    3    1           1    0    116      9    116     15    T0968s2TS498-D1.pdb:A  SCOP d1o3fa_
  240      0.9828          -0       4.488     0.000   115    3    1           1    0    116      9    116     15    T0968s2TS498-D1.pdb:A  SCOP d1c2la_
  241      0.9828          -0       3.531     0.000   115    3    1           1    0    116      9    116     15    T0968s2TS498-D1.pdb:A  SCOP d1o3ga_
  242      0.9828          -0        3.98     0.000   115    3    1           1    0    116      9    116     15    T0968s2TS498-D1.pdb:A  SCOP d1o37a_
  243      0.9828          -0       3.531     0.000   115    3    1           1    0    116      9    116     15    T0968s2TS498-D1.pdb:A  SCOP d1xuga_
  244      0.9828          -0        3.98     0.000   115    3    1           1    0    116      9    116     15    T0968s2TS498-D1.pdb:A  SCOP d1o2na_
  245      0.9828          -0        3.26     0.000   115    3    1           1    0    116      9    116      9    T0968s2TS498-D1.pdb:A  SCOP d1b0wa_
  246      0.9828          -0        3.98     0.000   115    3    1           1    0    116      9    116     15    T0968s2TS498-D1.pdb:A  SCOP d1o2pa_
  247      0.9828          -0       3.401     0.000   115    3    1           1    0    116      9    116      9    T0968s2TS498-D1.pdb:A  SCOP d1brea_
  248      0.9828          -0        3.26     0.000   115    3    1           1    0    116      9    116      9    T0968s2TS498-D1.pdb:A  SCOP d1reia_
  249      0.9828          -0       3.531     0.000   115    3    1           1    0    116      9    116     15    T0968s2TS498-D1.pdb:A  SCOP d1gi6a_
  250      0.9828          -0  1.798e+308     0.000   115    4    1           1    0    116      9    116     12    T0968s2TS498-D1.pdb:A  SCOP d1lb5a_
  251      0.9828          -0  1.798e+308     0.000   115    3    1           1    0    116      9    116     12    T0968s2TS498-D1.pdb:A  SCOP d1lb6a_
  252      0.9828   7.854e-13        3.72     0.000   115    3    1           1    0    116      9    116      6    T0968s2TS498-D1.pdb:A  SCOP d1whpa_
  253      0.9828          -0       3.839     0.000   115    3    1           1    0    116      9    116      6    T0968s2TS498-D1.pdb:A  SCOP d1whoa_
  254      0.9828          -0  1.798e+308     0.000   115    4    1           1    0    116      9    116      9    T0968s2TS498-D1.pdb:A  SCOP d3rpba_
  255      0.9828          -0  1.798e+308     0.000   115    4    1           1    0    116      9    116     10    T0968s2TS498-D1.pdb:A  SCOP d1k5wa_
  256      0.9828          -0       2.641     0.000   115    3    1           1    0    116      9    116      8    T0968s2TS498-D1.pdb:A  SCOP d2cjta1
  257      0.9828          -0  1.798e+308     0.000   115    3    1           1    0    116      9    116     11    T0968s2TS498-D1.pdb:A  SCOP d1gw0a1
  258      0.9828          -0       1.741     0.000   115    2    1           1    0    116      9    116     10    T0968s2TS498-D1.pdb:A  SCOP d1hfua1
  259      0.9828          -0  1.798e+308     0.000   115    3    1           1    0    116      9    116     14    T0968s2TS498-D1.pdb:A  SCOP d1cywa_
  260      0.9828          -0       1.597     0.000   115    3    1           1    0    116      9    116     12    T0968s2TS498-D1.pdb:A  SCOP d1cura_
  261      0.9828       3.615       6.301     0.000   115    2    1           1    0    116      9    116      3    T0968s2TS498-D1.pdb:A  SCOP d1ip0a_
  262      0.9828          -0       1.985     0.000   115    3    1           1    0    116      9    116     10    T0968s2TS498-D1.pdb:A  SCOP d1bxua_
  263      0.9828          -0       1.985     0.000   115    3    1           1    0    116      9    116     10    T0968s2TS498-D1.pdb:A  SCOP d1bxva_
  264      0.9828          -0       4.087     0.000   115    3    1           1    0    116      9    116      6    T0968s2TS498-D1.pdb:A  SCOP d1id2a_
  265      0.9828      0.4362       5.974     0.000   115    3    1           1    0    116      9    116      5    T0968s2TS498-D1.pdb:A  SCOP d1mdaa_
  266      0.9828   1.802e-11       4.774     0.000   115    3    1           1    0    116      9    116      6    T0968s2TS498-D1.pdb:A  SCOP d1aana_
  267      0.9828   3.215e-13       4.676     0.000   115    3    1           1    0    116      9    116      6    T0968s2TS498-D1.pdb:A  SCOP d1aaja_
  268      0.9828   1.802e-11       4.774     0.000   115    3    1           1    0    116      9    116      6    T0968s2TS498-D1.pdb:A  SCOP d2raca_
  269      0.9828   1.802e-11       4.774     0.000   115    3    1           1    0    116      9    116      6    T0968s2TS498-D1.pdb:A  SCOP d1bxaa_
  270      0.9828   1.802e-11       4.774     0.000   115    3    1           1    0    116      9    116      6    T0968s2TS498-D1.pdb:A  SCOP d1sf5a_
  271      0.9828   0.0003317       5.452     0.000   115    3    1           1    0    116      9    116      7    T0968s2TS498-D1.pdb:A  SCOP d1sf3a_
  272      0.9828   1.802e-11       4.774     0.000   115    3    1           1    0    116      9    116      6    T0968s2TS498-D1.pdb:A  SCOP d1sfha_
  273      0.9828   1.802e-11       4.774     0.000   115    3    1           1    0    116      9    116      6    T0968s2TS498-D1.pdb:A  SCOP d1sfda_
  274      0.9828   4.672e-14        4.64     0.000   115    3    1           1    0    116      9    116      6    T0968s2TS498-D1.pdb:A  SCOP d3aita_
  275      0.9828          -0  1.798e+308     0.000   115    3    1           1    0    116      9    116      9    T0968s2TS498-D1.pdb:A  SCOP d1cqya_
  276      0.9828          -0  1.798e+308     0.000   115    2    1           1    0    116      9    116      8    T0968s2TS498-D1.pdb:A  SCOP d1kuma_
  277      0.9828          -0  1.798e+308     0.000   115    3    1           1    0    116      9    116      8    T0968s2TS498-D1.pdb:A  SCOP d1acza_
  278      0.9828          -0       3.922     0.000   115    3    1           1    0    116      9    116      7    T0968s2TS498-D1.pdb:A  SCOP d1cdca_
  279      0.9828          -0       8.237     0.000   115    3    1           1    0    116      9    116      9    T0968s2TS498-D1.pdb:A  SCOP d1xoya_
  280      0.9828          -0       2.456     0.000   115    2    1           1    0    116      9    116      4    T0968s2TS498-D1.pdb:A  SCOP d1a7ba_
  281      0.9828          -0       2.777     0.000   115    3    1           1    0    116      9    116     12    T0968s2TS498-D1.pdb:A  SCOP d1wmxa_
  282      0.9828          -0       1.798     0.000   115    3    1           1    0    116      9    116     11    T0968s2TS498-D1.pdb:A  SCOP d1xnta_
  283      0.9828          -0       3.531     0.000   115    3    1           1    0    116      9    116     11    T0968s2TS498-D1.pdb:A  SCOP d1h6xa_
  284      0.9828          -0       3.051     0.000   115    3    1           1    0    116      9    116     11    T0968s2TS498-D1.pdb:A  SCOP d1dyoa_
  285      0.9828          -0       3.531     0.000   115    3    1           1    0    116      9    116     11    T0968s2TS498-D1.pdb:A  SCOP d1h6ya_
  286      0.9828          -0       4.269     0.000   115    3    1           1    0    116      9    116     10    T0968s2TS498-D1.pdb:A  SCOP d1w9ta_
  287      0.9828          -0       4.269     0.000   115    3    1           1    0    116      9    116     10    T0968s2TS498-D1.pdb:A  SCOP d1w9sa_
  288      0.9828          -0       3.377     0.000   115    3    1           1    0    116      9    116     10    T0968s2TS498-D1.pdb:A  SCOP d1o8pa_
  289      0.9828          -0       2.729     0.000   115    3    1           1    0    116      9    116      9    T0968s2TS498-D1.pdb:A  SCOP d1uy3a_
  290      0.9828          -0       2.729     0.000   115    3    1           1    0    116      9    116      9    T0968s2TS498-D1.pdb:A  SCOP d1uy1a_
  291      0.9828          -0       2.729     0.000   115    3    1           1    0    116      9    116      9    T0968s2TS498-D1.pdb:A  SCOP d1uy2a_
  292      0.9828          -0       2.729     0.000   115    3    1           1    0    116      9    116      9    T0968s2TS498-D1.pdb:A  SCOP d1uy4a_
  293      0.9828          -0       3.855     0.000   115    3    1           1    0    116      9    116     12    T0968s2TS498-D1.pdb:A  SCOP d1k45a_
  294      0.9828          -0        3.12     0.000   115    3    1           1    0    116      9    116     11    T0968s2TS498-D1.pdb:A  SCOP d1kgya_
  295      0.9828          -0       3.222     0.000   115    2    1           1    0    116      9    116      9    T0968s2TS498-D1.pdb:A  SCOP d1ezua_
  296      0.9828          -0       3.298     0.000   115    2    1           1    0    116      9    116      9    T0968s2TS498-D1.pdb:A  SCOP d1ifga_
  297      0.9828          -0       3.222     0.000   115    2    1           1    0    116      9    116      8    T0968s2TS498-D1.pdb:A  SCOP d1slxa_
  298      0.9828          -0       3.222     0.000   115    2    1           1    0    116      9    116      8    T0968s2TS498-D1.pdb:A  SCOP d1slwa_
  299      0.9828          -0  1.798e+308     0.000   115    3    1           1    0    116      9    116      8    T0968s2TS498-D1.pdb:A  SCOP d7hsca_
  300      0.9828          -0  1.798e+308     0.000   115    3    1           1    0    116      9    116      9    T0968s2TS498-D1.pdb:A  SCOP d1ckra_
  301      0.9828          -0  1.798e+308     0.000   115    3    1           1    0    116      9    116      7    T0968s2TS498-D1.pdb:A  SCOP d1q5la_
  302      0.9828          -0  1.798e+308     0.000   115    5    1           1    0    116      9    116      8    T0968s2TS498-D1.pdb:A  SCOP d1dg4a_
  303      0.9828          -0  1.798e+308     0.000   115    3    1           1    0    116      9    116      7    T0968s2TS498-D1.pdb:A  SCOP d1rl1a_
  304      0.9828          -0  1.798e+308     0.000   115    3    1           1    0    116      9    116     10    T0968s2TS498-D1.pdb:A  SCOP d1joda_
  305      0.9828          -0  1.798e+308     0.000   115    3    1           1    0    116      9    116      7    T0968s2TS498-D1.pdb:A  SCOP d1k85a_
  306      0.9828          -0       2.043     0.000   115    2    1           1    0    116      9    116      7    T0968s2TS498-D1.pdb:A  SCOP d1ttfa_
  307      0.9828     0.01898       4.014     0.000   115    3    1           1    0    116      9    116      4    T0968s2TS498-D1.pdb:A  SCOP d1q38a_
  308      0.9828          -0       3.476     0.000   115    2    1           1    0    116      9    116      7    T0968s2TS498-D1.pdb:A  SCOP d1j8ka_
  309      0.9828          -0       1.533     0.000   115    2    1           1    0    116      9    116      7    T0968s2TS498-D1.pdb:A  SCOP d2fnba_
  310      0.9828          -0       2.929     0.000   115    2    1           1    0    116      9    116      7    T0968s2TS498-D1.pdb:A  SCOP d1fnaa_
  311      0.9828          -0       4.142     0.000   115    3    1           1    0    116      9    116      8    T0968s2TS498-D1.pdb:A  SCOP d1ehxa_
  312      0.9828          -0  1.798e+308     0.000   115    3    1           1    0    116      9    116     10    T0968s2TS498-D1.pdb:A  SCOP d1gdfa_
  313      0.9828   1.898e-07        5.05     0.000   115    3    1           1    0    116      9    116      8    T0968s2TS498-D1.pdb:A  SCOP d1bf2a1
  314      0.9828          -0       2.126     0.000   115    3    1           1    0    116      9    116     11    T0968s2TS498-D1.pdb:A  SCOP d1g1ya1
  315      0.9828          -0       2.996     0.000   115    3    1           1    0    116      9    116      9    T0968s2TS498-D1.pdb:A  SCOP d1cqka_
  316      0.9828          -0      0.7098     0.000   115    3    1           1    0    116      9    116     11    T0968s2TS498-D1.pdb:A  SCOP d1bvza1
  317      0.9828          -0      0.7098     0.000   115    3    1           1    0    116      9    116     11    T0968s2TS498-D1.pdb:A  SCOP d1ji2a1
  318      0.9828          -0      0.7098     0.000   115    3    1           1    0    116      9    116     11    T0968s2TS498-D1.pdb:A  SCOP d1wzla1
  319      0.9828          -0       2.279     0.000   115    3    1           1    0    116      9    116     10    T0968s2TS498-D1.pdb:A  SCOP d1uh3a1
  320      0.9828          -0       2.279     0.000   115    3    1           1    0    116      9    116      9    T0968s2TS498-D1.pdb:A  SCOP d2d0ga1
  321      0.9828          -0       2.279     0.000   115    3    1           1    0    116      9    116     10    T0968s2TS498-D1.pdb:A  SCOP d1izka1
  322      0.9828          -0       2.279     0.000   115    3    1           1    0    116      9    116     10    T0968s2TS498-D1.pdb:A  SCOP d1izja1
  323      0.9828          -0       2.233     0.000   115    3    1           1    0    116      9    116     10    T0968s2TS498-D1.pdb:A  SCOP d2d0ha1
  324      0.9828          -0       2.279     0.000   115    3    1           1    0    116      9    116     10    T0968s2TS498-D1.pdb:A  SCOP d1uh2a1
  325      0.9828          -0       2.279     0.000   115    3    1           1    0    116      9    116     10    T0968s2TS498-D1.pdb:A  SCOP d2d0fa1
  326      0.9828          -0       2.279     0.000   115    3    1           1    0    116      9    116     10    T0968s2TS498-D1.pdb:A  SCOP d1uh4a1
  327      0.9828          -0       2.279     0.000   115    3    1           1    0    116      9    116     10    T0968s2TS498-D1.pdb:A  SCOP d1ji1a1
  328      0.9828          -0  1.798e+308     0.000   115    3    1           1    0    116      9    116      9    T0968s2TS498-D1.pdb:A  SCOP d1qsza_
  329      0.9828          -0  1.798e+308     0.000   115    3    1           1    0    116      9    116      9    T0968s2TS498-D1.pdb:A  SCOP d1qsva_
  330      0.9828          -0        4.26     0.000   115    2    1           1    0    116      9    116      7    T0968s2TS498-D1.pdb:A  SCOP d1tnma_
  331      0.9828          -0  1.798e+308     0.000   115    3    1           1    0    116      9    116      7    T0968s2TS498-D1.pdb:A  SCOP d1pd6a_
  332      0.9828          -0        5.22     0.000   115    2    1           1    0    116      9    116      9    T0968s2TS498-D1.pdb:A  SCOP d1tlka_
  333      0.9828          -0  1.798e+308     0.000   115    2    1           1    0    116      9    116      6    T0968s2TS498-D1.pdb:A  SCOP d1kula_
  334      0.9828          -0       1.125     0.000   115    2    1           1    0    116      9    116      7    T0968s2TS498-D1.pdb:A  SCOP d1usqa_
  335      0.9828          -0       1.564     0.000   115    2    1           1    0    116      9    116     10    T0968s2TS498-D1.pdb:A  SCOP d1aoha_
  336      0.9828          -0  1.798e+308     0.000   115    3    1           1    0    116      9    116      7    T0968s2TS498-D1.pdb:A  SCOP d2xbda_
  337      0.9828          -0  1.798e+308     0.000   115    2    1           1    0    116      9    116      5    T0968s2TS498-D1.pdb:A  SCOP d1e5ba_
  338      0.9828          -0  1.798e+308     0.000   115    3    1           1    0    116      9    116      7    T0968s2TS498-D1.pdb:A  SCOP d1e5ca_
  339      0.9828          -0  1.798e+308     0.000   115    3    1           1    0    116      9    116      7    T0968s2TS498-D1.pdb:A  SCOP d1xbda_
  340      0.9828          -0       3.223     0.000   115    2    1           1    0    116      9    116     10    T0968s2TS498-D1.pdb:A  SCOP d1vrsa1
  341      0.9828          -0        3.24     0.000   115    2    1           1    0    116      9    116     10    T0968s2TS498-D1.pdb:A  SCOP d1jpea_
  342      0.9828          -0       2.996     0.000   115    2    1           1    0    116      9    116     10    T0968s2TS498-D1.pdb:A  SCOP d1l6pa_
  343      0.9828          -0       2.603     0.000   115    3    1           1    0    116      9    116      9    T0968s2TS498-D1.pdb:A  SCOP d1rowa_
  344      0.9828          -0  1.798e+308     0.000   115    3    1           1    0    116      9    116     10    T0968s2TS498-D1.pdb:A  SCOP d1iu1a_
  345      0.9828          -0  1.798e+308     0.000   115    3    1           1    0    116      9    116     10    T0968s2TS498-D1.pdb:A  SCOP d1gyua_
  346      0.9828          -0  1.798e+308     0.000   115    3    1           1    0    116      9    116     10    T0968s2TS498-D1.pdb:A  SCOP d1gyva_
  347      0.9828          -0  1.798e+308     0.000   115    3    1           1    0    116      9    116      9    T0968s2TS498-D1.pdb:A  SCOP d1ivta_
  348      0.9828          -0        3.77     0.000   115    3    1           1    0    116      9    116     11    T0968s2TS498-D1.pdb:A  SCOP d1i82a_
  349      0.9828          -0        3.77     0.000   115    3    1           1    0    116      9    116     11    T0968s2TS498-D1.pdb:A  SCOP d1i8ua_
  350      0.9828          -0        3.77     0.000   115    3    1           1    0    116      9    116     11    T0968s2TS498-D1.pdb:A  SCOP d1i8aa_
  351      0.9828          -0        2.75     0.000   115    3    1           1    0    116      9    116     11    T0968s2TS498-D1.pdb:A  SCOP d1pzsa_
  352      0.9828          -0       2.858     0.000   115    3    1           1    0    116      9    116     13    T0968s2TS498-D1.pdb:A  SCOP d2apsa_
  353      0.9828          -0       3.879     0.000   115    3    1           1    0    116      9    116      8    T0968s2TS498-D1.pdb:A  SCOP d1srda_
  354      0.9828          -0       1.758     0.000   115    2    1           1    0    116      9    116      7    T0968s2TS498-D1.pdb:A  SCOP d1akpa_
  355      0.9828          -0        3.69     0.000   115    3    1           1    0    116      9    116      9    T0968s2TS498-D1.pdb:A  SCOP d1hzla_
  356      0.9828   5.141e-13       5.586     0.000   115    3    1           1    0    116      9    116      9    T0968s2TS498-D1.pdb:A  SCOP d1j5ha_
  357      0.9828          -0       5.162     0.000   115    3    1           1    0    116      9    116      9    T0968s2TS498-D1.pdb:A  SCOP d1ncoa_
  358      0.9828     0.04958       5.783     0.000   115    3    1           1    0    116      9    116      9    T0968s2TS498-D1.pdb:A  SCOP d1noaa_
  359      0.9828   0.0005237       4.602     0.000   115    2    1           1    0    116      9    116      4    T0968s2TS498-D1.pdb:A  SCOP d1c8pa_
  360      0.9828          -0       4.345     0.000   115    2    1           1    0    116      9    116      8    T0968s2TS498-D1.pdb:A  SCOP d1pkta_
  361      0.9828          -0       4.345     0.000   115    2    1           1    0    116      9    116      8    T0968s2TS498-D1.pdb:A  SCOP d1pksa_
  362      0.9828          -0       3.166     0.000   115    2    1           1    0    116      9    116      7    T0968s2TS498-D1.pdb:A  SCOP d1phta_
  363      0.9828          -0       2.729     0.000   115    2    1           1    0    116      9    116      4    T0968s2TS498-D1.pdb:A  SCOP d1abqa_
  364      0.9828          -0       2.729     0.000   115    2    1           1    0    116      9    116      5    T0968s2TS498-D1.pdb:A  SCOP d1aboa_
  365      0.9828          -0       2.623     0.000   115    2    1           1    0    116      9    116      5    T0968s2TS498-D1.pdb:A  SCOP d1nyfa_
  366      0.9828          -0  1.798e+308     0.000   115    2    1           1    0    116      9    116      5    T0968s2TS498-D1.pdb:A  SCOP d1fyna_
  367      0.9828          -0  1.798e+308     0.000   115    2    1           1    0    116      9    116      5    T0968s2TS498-D1.pdb:A  SCOP d1m3aa_
  368      0.9828          -0  1.798e+308     0.000   115    3    1           1    0    116      9    116      5    T0968s2TS498-D1.pdb:A  SCOP d1m3ba_
  369      0.9828          -0  1.798e+308     0.000   115    2    1           1    0    116      9    116      5    T0968s2TS498-D1.pdb:A  SCOP d1m3ca_
  370      0.9828          -0  1.798e+308     0.000   115    2    1           1    0    116      9    116      5    T0968s2TS498-D1.pdb:A  SCOP d1m30a_
  371      0.9828          -0  1.798e+308     0.000   115    2    1           1    0    116      9    116      5    T0968s2TS498-D1.pdb:A  SCOP d1b07a_
  372      0.9828          -0  1.798e+308     0.000   115    2    1           1    0    116      9    116      8    T0968s2TS498-D1.pdb:A  SCOP d1byma_
  373      0.9828        1.16       4.281     0.000   115    2    1           1    0    116      9    116      2    T0968s2TS498-D1.pdb:A  SCOP d1jl9a_
  374      0.9828       3.615       6.301     0.000   115    2    1           1    0    116      9    116      2    T0968s2TS498-D1.pdb:A  SCOP d3tgfa_
  375      0.9828          -0       4.369     0.000   115    3    1           1    0    116      9    116     12    T0968s2TS498-D1.pdb:A  SCOP d1op9a_
  376      0.9828          -0  1.798e+308     0.000   115    3    1           1    0    116      9    116      5    T0968s2TS498-D1.pdb:A  SCOP d1qkla_
  377      0.9828    2.53e-05       6.046     0.000   115    3    1           1    0    116      9    116      8    T0968s2TS498-D1.pdb:A  SCOP d1sjva_
  378      0.9828       3.615       6.301     0.000   115    2    1           1    0    116      9    116      2    T0968s2TS498-D1.pdb:A  SCOP d2tgfa_
  379      0.9828          -0       2.678     0.000   115    4    1           1    0    116      9    116     20    T0968s2TS498-D1.pdb:A  SCOP d1xska2
  380      0.9828          -0       3.585     0.000   115    3    1           1    0    116      9    116     11    T0968s2TS498-D1.pdb:A  SCOP d1h8va_
  381      0.9828          -0       4.645     0.000   115    3    1           1    0    116      9    116     11    T0968s2TS498-D1.pdb:A  SCOP d1h0ba_
  382      0.9828          -0       3.495     0.000   115    3    1           1    0    116      9    116     12    T0968s2TS498-D1.pdb:A  SCOP d1ac6a_
  383      0.9828          -0       4.595     0.000   115    3    1           1    0    116      9    116     12    T0968s2TS498-D1.pdb:A  SCOP d1i9ea_
  384      0.9828          -0       4.411     0.000   115    3    1           1    0    116      9    116     11    T0968s2TS498-D1.pdb:A  SCOP d1tcra1
  385      0.9828     0.01573       5.068     0.000   115    2    1           1    0    116      9    116      9    T0968s2TS498-D1.pdb:A  SCOP d1b88a_
  386      0.9828          -0       2.396     0.000   115    3    1           1    0    116      9    116     14    T0968s2TS498-D1.pdb:A  SCOP d2dcya1
  387      0.9828          -0      0.8296     0.000   115    3    1           1    0    116      9    116     13    T0968s2TS498-D1.pdb:A  SCOP d1lgna_
  388      0.9828          -0       3.578     0.000   115    2    1           1    0    116      9    116      4    T0968s2TS498-D1.pdb:A  SCOP d1spka_
  389      0.9828      0.2575       2.986     0.000   115    2    1           1    0    116      9    116      2    T0968s2TS498-D1.pdb:A  SCOP d1epja_
  390      0.9828          -0       2.937     0.000   115    2    1           1    0    116      9    116      5    T0968s2TS498-D1.pdb:A  SCOP d1uhca_
  391      0.9828          -0       4.552     0.000   115    2    1           1    0    116      9    116      5    T0968s2TS498-D1.pdb:A  SCOP d1ue9a_
  392      0.9828   1.688e-05       4.233     0.000   115    2    1           1    0    116      9    116      5    T0968s2TS498-D1.pdb:A  SCOP d1uffa_
  393      0.9828          -0       2.829     0.000   115    2    1           1    0    116      9    116      5    T0968s2TS498-D1.pdb:A  SCOP d1j3ta_
  394      0.9828          -0  1.798e+308     0.000   115    2    1           1    0    116      9    116      5    T0968s2TS498-D1.pdb:A  SCOP d1nm7a_
  395      0.9828          -0       4.009     0.000   115    2    1           1    0    116      9    116      6    T0968s2TS498-D1.pdb:A  SCOP d1n5za_
  396      0.9828          -0        4.08     0.000   115    2    1           1    0    116      9    116      5    T0968s2TS498-D1.pdb:A  SCOP d1jqqa_
  397      0.9828       1.907       6.176     0.000   115    3    1           1    0    116      9    116      5    T0968s2TS498-D1.pdb:A  SCOP d1k1za_
  398      0.9828          -0  1.798e+308     0.000   115    2    1           1    0    116      9    116      5    T0968s2TS498-D1.pdb:A  SCOP d1gcpa_
  399      0.9828          -0  1.798e+308     0.000   115    2    1           1    0    116      9    116      8    T0968s2TS498-D1.pdb:A  SCOP d1muza_
  400      0.9828   1.484e-12       4.857     0.000   115    2    1           1    0    116      9    116      5    T0968s2TS498-D1.pdb:A  SCOP d1h92a_
  401      0.9828      0.3453       4.857     0.000   115    2    1           1    0    116      9    116      3    T0968s2TS498-D1.pdb:A  SCOP d1h3ha_
  402      0.9828          -0  1.798e+308     0.000   115    3    1           1    0    116      9    116      5    T0968s2TS498-D1.pdb:A  SCOP d1kfza_
  403      0.9828          -0  1.798e+308     0.000   115    2    1           1    0    116      9    116      4    T0968s2TS498-D1.pdb:A  SCOP d1gl5a_
  404      0.9828    0.000433       4.772     0.000   115    2    1           1    0    116      9    116      4    T0968s2TS498-D1.pdb:A  SCOP d1awxa_
  405      0.9828   1.488e-12       4.857     0.000   115    2    1           1    0    116      9    116      5    T0968s2TS498-D1.pdb:A  SCOP d1qwea_
  406      0.9828       2.082       5.372     0.000   115    2    1           1    0    116      9    116      3    T0968s2TS498-D1.pdb:A  SCOP d1qwfa_
  407      0.9828       1.673       4.772     0.000   115    2    1           1    0    116      9    116      2    T0968s2TS498-D1.pdb:A  SCOP d1srma_
  408      0.9828      0.2966       4.772     0.000   115    2    1           1    0    116      9    116      3    T0968s2TS498-D1.pdb:A  SCOP d1srla_
  409      0.9828          -0  1.798e+308     0.000   115    2    1           1    0    116      9    116      5    T0968s2TS498-D1.pdb:A  SCOP d4hcka_
  410      0.9828   4.872e-05       5.767     0.000   115    2    1           1    0    116      9    116      5    T0968s2TS498-D1.pdb:A  SCOP d1e6ha_
  411      0.9828   4.872e-05       5.767     0.000   115    2    1           1    0    116      9    116      5    T0968s2TS498-D1.pdb:A  SCOP d1shga_
  412      0.9828   1.484e-12       4.857     0.000   115    2    1           1    0    116      9    116      5    T0968s2TS498-D1.pdb:A  SCOP d1pwta_
  413      0.9828   1.562e-05       4.378     0.000   115    2    1           1    0    116      9    116      6    T0968s2TS498-D1.pdb:A  SCOP d1pnja_
  414      0.9828   1.562e-05       4.378     0.000   115    2    1           1    0    116      9    116      6    T0968s2TS498-D1.pdb:A  SCOP d2pnia_
  415      0.9828          -0       2.623     0.000   115    3    1           1    0    116      9    116     14    T0968s2TS498-D1.pdb:A  SCOP d2gmma1
  416      0.9828          -0       3.356     0.000   115    3    1           1    0    116      9    116     15    T0968s2TS498-D1.pdb:A  SCOP d1n3pa_
  417      0.9828          -0       1.584     0.000   115    3    1           1    0    116      9    116     14    T0968s2TS498-D1.pdb:A  SCOP d2gn3a1
  418      0.9828          -0       3.356     0.000   115    3    1           1    0    116      9    116     15    T0968s2TS498-D1.pdb:A  SCOP d2gnma1
  419      0.9828          -0       3.356     0.000   115    3    1           1    0    116      9    116     15    T0968s2TS498-D1.pdb:A  SCOP d2auya1
  420      0.9828          -0       3.356     0.000   115    3    1           1    0    116      9    116     15    T0968s2TS498-D1.pdb:A  SCOP d1q8va_
  421      0.9828          -0       1.584     0.000   115    3    1           1    0    116      9    116     14    T0968s2TS498-D1.pdb:A  SCOP d2gmea1
  422      0.9828          -0       3.979     0.000   115    4    1           1    0    116      9    116     17    T0968s2TS498-D1.pdb:A  SCOP d1dzqa_
  423      0.9828          -0       3.979     0.000   115    4    1           1    0    116      9    116     16    T0968s2TS498-D1.pdb:A  SCOP d1qosa_
  424      0.9828          -0       3.979     0.000   115    4    1           1    0    116      9    116     16    T0968s2TS498-D1.pdb:A  SCOP d1qooa_
  425      0.9828          -0       3.979     0.000   115    4    1           1    0    116      9    116     16    T0968s2TS498-D1.pdb:A  SCOP d1qnwa_
  426      0.9828          -0       2.777     0.000   115    4    1           1    0    116      9    116     18    T0968s2TS498-D1.pdb:A  SCOP d1jxna_
  427      0.9828          -0       2.623     0.000   115    4    1           1    0    116      9    116     18    T0968s2TS498-D1.pdb:A  SCOP d1lgb.1
  428      0.9828          -0         1.6     0.000   115    4    1           1    0    116      9    116     15    T0968s2TS498-D1.pdb:A  SCOP d1f9ka_
  429      0.9828          -0       2.777     0.000   115    4    1           1    0    116      9    116     16    T0968s2TS498-D1.pdb:A  SCOP d1uzya_
  430      0.9828          -0       3.276     0.000   115    4    1           1    0    116      9    116     20    T0968s2TS498-D1.pdb:A  SCOP d1gsla_
  431      0.9828          -0       3.276     0.000   115    4    1           1    0    116      9    116     20    T0968s2TS498-D1.pdb:A  SCOP d1leca_
  432      0.9828          -0       3.276     0.000   115    4    1           1    0    116      9    116     20    T0968s2TS498-D1.pdb:A  SCOP d1leda_
  433      0.9828          -0  1.798e+308     0.000   115    4    1           1    0    116      9    116     18    T0968s2TS498-D1.pdb:A  SCOP d1ofs.1
  434      0.9828          -0  1.798e+308     0.000   115    5    1           1    0    116      9    116     11    T0968s2TS498-D1.pdb:A  SCOP d1j4ka_
  435      0.9828          -0  1.798e+308     0.000   115    3    1           1    0    116      9    116      9    T0968s2TS498-D1.pdb:A  SCOP d1dmza_
  436      0.9828          -0  1.798e+308     0.000   115    5    1           1    0    116      9    116     11    T0968s2TS498-D1.pdb:A  SCOP d1fhqa_
  437      0.9828          -0  1.798e+308     0.000   115    4    1           1    0    116      9    116     16    T0968s2TS498-D1.pdb:A  SCOP d1mjsa_
  438      0.9828          -0       3.887     0.000   115    3    1           1    0    116      9    116     15    T0968s2TS498-D1.pdb:A  SCOP d1thva_
  439      0.9828          -0       3.958     0.000   115    3    1           1    0    116      9    116      9    T0968s2TS498-D1.pdb:A  SCOP d1sppa_
  440      0.9828          -0       3.138     0.000   115    3    1           1    0    116      9    116     10    T0968s2TS498-D1.pdb:A  SCOP d1jh5a_
  441      0.9828          -0  1.798e+308     0.000   115    4    1           1    0    116      9    116      9    T0968s2TS498-D1.pdb:A  SCOP d1c3ha_
  442      0.9828          -0  1.798e+308     0.000   115    3    1           1    0    116      9    116      9    T0968s2TS498-D1.pdb:A  SCOP d1alya_
  443      0.9828          -0       1.604     0.000   115    3    1           1    0    116      9    116     13    T0968s2TS498-D1.pdb:A  SCOP d2a3wa1
  444      0.9828          -0      0.8296     0.000   115    3    1           1    0    116      9    116     15    T0968s2TS498-D1.pdb:A  SCOP d1gyka_
  445      0.9828          -0       1.604     0.000   115    3    1           1    0    116      9    116     13    T0968s2TS498-D1.pdb:A  SCOP d1saca_
  446      0.9828          -0       5.193     0.000   115    3    1           1    0    116      9    116     10    T0968s2TS498-D1.pdb:A  SCOP d1nfda1
  447      0.9828          -0       1.379     0.000   115    3    1           1    0    116      9    116     15    T0968s2TS498-D1.pdb:A  SCOP d1pz8a_
  448      0.9828          -0       4.567     0.000   115    3    1           1    0    116      9    116     15    T0968s2TS498-D1.pdb:A  SCOP d1pz7a_
  449      0.9828          -0       4.278     0.000   115    4    1           1    0    116      9    116     13    T0968s2TS498-D1.pdb:A  SCOP d1lhva_
  450      0.9828          -0       4.278     0.000   115    4    1           1    0    116      9    116     14    T0968s2TS498-D1.pdb:A  SCOP d1lhna_
  451      0.9828          -0       4.278     0.000   115    4    1           1    0    116      9    116     14    T0968s2TS498-D1.pdb:A  SCOP d1lhoa_
  452      0.9828          -0       4.278     0.000   115    4    1           1    0    116      9    116     15    T0968s2TS498-D1.pdb:A  SCOP d1lhua_
  453      0.9828          -0       4.278     0.000   115    4    1           1    0    116      9    116     14    T0968s2TS498-D1.pdb:A  SCOP d1lhwa_
  454      0.9828          -0       4.278     0.000   115    4    1           1    0    116      9    116     13    T0968s2TS498-D1.pdb:A  SCOP d1f5fa_
  455      0.9828          -0       4.278     0.000   115    4    1           1    0    116      9    116     14    T0968s2TS498-D1.pdb:A  SCOP d1d2sa_
  456      0.9828          -0  1.798e+308     0.000   115    5    1           1    0    116      9    116     12    T0968s2TS498-D1.pdb:A  SCOP d1a3ka_
  457      0.9828          -0       4.699     0.000   115    3    1           1    0    116      9    116     10    T0968s2TS498-D1.pdb:A  SCOP d1gzwa_
  458      0.9828          -0       3.635     0.000   115    4    1           1    0    116      9    116     18    T0968s2TS498-D1.pdb:A  SCOP d1axka1
  459      0.9828          -0       4.146     0.000   115    3    1           1    0    116      9    116     10    T0968s2TS498-D1.pdb:A  SCOP d1ajoa_
  460      0.9828          -0       3.635     0.000   115    4    1           1    0    116      9    116     19    T0968s2TS498-D1.pdb:A  SCOP d1cpma_
  461      0.9828          -0       3.635     0.000   115    4    1           1    0    116      9    116     17    T0968s2TS498-D1.pdb:A  SCOP d1cpna_
  462      0.9828          -0       4.146     0.000   115    3    1           1    0    116      9    116     10    T0968s2TS498-D1.pdb:A  SCOP d1maca_
  463      0.9828          -0       3.247     0.000   115    3    1           1    0    116      9    116      8    T0968s2TS498-D1.pdb:A  SCOP d1byha_
  464      0.9828          -0       3.247     0.000   115    3    1           1    0    116      9    116     10    T0968s2TS498-D1.pdb:A  SCOP d2ayha_
  465      0.9828          -0       3.247     0.000   115    3    1           1    0    116      9    116      9    T0968s2TS498-D1.pdb:A  SCOP d1gbga_
  466      0.9828          -0      0.7193     0.000   115    4    1           1    0    116      9    116     17    T0968s2TS498-D1.pdb:A  SCOP d1ioaa_
  467      0.9828          -0       3.051     0.000   115    3    1           1    0    116      9    116     14    T0968s2TS498-D1.pdb:A  SCOP d1avba_
  468      0.9828          -0       2.623     0.000   115    3    1           1    0    116      9    116     14    T0968s2TS498-D1.pdb:A  SCOP d2gmpa1
  469      0.9828          -0       3.356     0.000   115    3    1           1    0    116      9    116     15    T0968s2TS498-D1.pdb:A  SCOP d2gnba1
  470      0.9828          -0  1.798e+308     0.000   115    2    1           1    0    116      9    116      6    T0968s2TS498-D1.pdb:A  SCOP d1ss2a_
  471      0.9828          -0  1.798e+308     0.000   115    2    1           1    0    116      9    116      5    T0968s2TS498-D1.pdb:A  SCOP d1srza_
  472      0.9828          -0  1.798e+308     0.000   115    3    1           1    0    116      9    116     11    T0968s2TS498-D1.pdb:A  SCOP d1m3ga_
  473      0.9828      0.3977        3.24     0.000   115    2    1           1    0    116      9    116      2    T0968s2TS498-D1.pdb:A  SCOP d1q7ja_
  474      0.9828    0.001973       4.738     0.000   115    3    1           1    0    116      9    116      5    T0968s2TS498-D1.pdb:A  SCOP d1tpna_
  475      0.9828      0.1926       5.587     0.000   115    3    1           1    0    116      9    116      5    T0968s2TS498-D1.pdb:A  SCOP d1tpma_
  476      0.9828      0.4984       3.492     0.000   115    2    1           1    0    116      9    116      3    T0968s2TS498-D1.pdb:A  SCOP d1c6wa_
  477      0.9828          -0  1.798e+308     0.000   115    2    1           1    0    116      9    116     10    T0968s2TS498-D1.pdb:A  SCOP d1obva_
  478      0.9828          -0  1.798e+308     0.000   115    2    1           1    0    116      9    116      5    T0968s2TS498-D1.pdb:A  SCOP d1ul5a_
  479      0.9828          -0  1.798e+308     0.000   115    2    1           1    0    116      9    116      3    T0968s2TS498-D1.pdb:A  SCOP d1wj0a_
  480      0.9828          -0  1.798e+308     0.000   115    2    1           1    0    116      9    116      3    T0968s2TS498-D1.pdb:A  SCOP d1vd4a_
  481      0.9828          -0  1.798e+308     0.000   115    2    1           1    0    116      9    116      3    T0968s2TS498-D1.pdb:A  SCOP d1t9oa_
  482      0.9828          -0  1.798e+308     0.000   115    2    1           1    0    116      9    116      3    T0968s2TS498-D1.pdb:A  SCOP d1k91a_
  483      0.9828          -0  1.798e+308     0.000   115    2    1           1    0    116      9    116      9    T0968s2TS498-D1.pdb:A  SCOP d1wida_
  484      0.9828       2.142       6.569     0.000   115    5    1           1    0    116      9    116     13    T0968s2TS498-D1.pdb:A  SCOP d1q3ba2
  485      0.9828          -0       5.059     0.000   115    3    1           1    0    116      9    116     10    T0968s2TS498-D1.pdb:A  SCOP d1n02a_
  486      0.9828          -0        4.64     0.000   115    3    1           1    0    116      9    116     10    T0968s2TS498-D1.pdb:A  SCOP d2ezma_
  487      0.9828          -0        4.64     0.000   115    3    1           1    0    116      9    116     10    T0968s2TS498-D1.pdb:A  SCOP d2ezna_
  488      0.9828          -0       3.343     0.000   115    2    1           1    0    116      9    116      8    T0968s2TS498-D1.pdb:A  SCOP d1fwqa_
  489      0.9828          -0        2.67     0.000   115    2    1           1    0    116      9    116      6    T0968s2TS498-D1.pdb:A  SCOP d1i4va_
  490      0.9828          -0       4.854     0.000   115    2    1           1    0    116      9    116      8    T0968s2TS498-D1.pdb:A  SCOP d1ay9a_
  491      0.9828          -0       4.854     0.000   115    2    1           1    0    116      9    116      8    T0968s2TS498-D1.pdb:A  SCOP d1umua_
  492      0.9828          -0       4.627     0.000   115    3    1           1    0    116      9    116     12    T0968s2TS498-D1.pdb:A  SCOP d1mi8a_
  493      0.9828      0.1336       2.858     0.000   115    2    1           1    0    116      9    116      2    T0968s2TS498-D1.pdb:A  SCOP d1le3a_
  494      0.9828          -0       1.937     0.000   115    3    1           1    0    116      9    116     10    T0968s2TS498-D1.pdb:A  SCOP d1j81.1
