<html><head></head><body><pre style="word-wrap: break-word; white-space: pre-wrap;"> PDBe Fold v2.59. (src3) 14 Apr 2014 result file.

                   RESULT SUMMARY

   ##      Q-score      P-score     Z-score   RMSD    Nalgn Nsse Ngaps Seq-%     Nmd Nres-Q Nsse-Q Nres-T Nsse-T Query Target
    1           1          -0  1.798e+308     0.000    84    1    0           1    0     84      5     84      3    T0960TS354-D2.pdb:A  SCOP d1hiq.1
    2           1          -0  1.798e+308     0.000    84    1    0           1    0     84      5     84      3    T0960TS354-D2.pdb:A  SCOP d1xgl.1
    3           1          -0  1.798e+308     0.000    84    1    0           1    0     84      5     84      3    T0960TS354-D2.pdb:A  SCOP d1mhi.1
    4           1          -0  1.798e+308     0.000    84    1    0           1    0     84      5     84      3    T0960TS354-D2.pdb:A  SCOP d3aiy.1
    5           1          -0  1.798e+308     0.000    84    1    0           1    0     84      5     84      2    T0960TS354-D2.pdb:A  SCOP d1iog.1
    6           1          -0  1.798e+308     0.000    84    1    0           1    0     84      5     84      3    T0960TS354-D2.pdb:A  SCOP d1t1p.1
    7           1          -0  1.798e+308     0.000    84    1    0           1    0     84      5     84      3    T0960TS354-D2.pdb:A  SCOP d1t1k.1
    8           1          -0  1.798e+308     0.000    84    1    0           1    0     84      5     84      2    T0960TS354-D2.pdb:A  SCOP d1ai0.1
    9           1          -0  1.798e+308     0.000    84    1    0           1    0     84      5     84      1    T0960TS354-D2.pdb:A  SCOP d1sf1.1
   10           1          -0  1.798e+308     0.000    84    1    0           1    0     84      5     84      3    T0960TS354-D2.pdb:A  SCOP d1mhj.1
   11           1          -0  1.798e+308     0.000    84    1    0           1    0     84      5     84      2    T0960TS354-D2.pdb:A  SCOP d1his.1
   12           1          -0  1.798e+308     0.000    84    1    0           1    0     84      5     84      3    T0960TS354-D2.pdb:A  SCOP d1hit.1
   13           1          -0  1.798e+308     0.000    84    1    0           1    0     84      5     84      3    T0960TS354-D2.pdb:A  SCOP d1jco.1
   14           1          -0  1.798e+308     0.000    84    1    0           1    0     84      5     84      2    T0960TS354-D2.pdb:A  SCOP d1sjua_
   15           1          -0  1.798e+308     0.000    84    1    0           1    0     84      5     84      3    T0960TS354-D2.pdb:A  SCOP d1m5a.1
   16           1          -0  1.798e+308     0.000    84    1    0           1    0     84      5     84      3    T0960TS354-D2.pdb:A  SCOP d4ins.1
   17           1          -0  1.798e+308     0.000    84    1    0           1    0     84      5     84      3    T0960TS354-D2.pdb:A  SCOP d3ins.1
   18           1          -0  1.798e+308     0.000    84    1    0           1    0     84      5     84      3    T0960TS354-D2.pdb:A  SCOP d1zni.1
   19           1          -0  1.798e+308     0.000    84    1    0           1    0     84      5     84      3    T0960TS354-D2.pdb:A  SCOP d1dei.1
   20           1          -0  1.798e+308     0.000    84    1    0           1    0     84      5     84      3    T0960TS354-D2.pdb:A  SCOP d1b17.1
   21           1          -0  1.798e+308     0.000    84    1    0           1    0     84      5     84      3    T0960TS354-D2.pdb:A  SCOP d9ins.1
   22           1          -0  1.798e+308     0.000    84    1    0           1    0     84      5     84      3    T0960TS354-D2.pdb:A  SCOP d1b2d.1
   23           1          -0  1.798e+308     0.000    84    1    0           1    0     84      5     84      3    T0960TS354-D2.pdb:A  SCOP d1sdb.1
   24           1          -0  1.798e+308     0.000    84    1    0           1    0     84      5     84      3    T0960TS354-D2.pdb:A  SCOP d1b2a.1
   25           1          -0  1.798e+308     0.000    84    1    0           1    0     84      5     84      3    T0960TS354-D2.pdb:A  SCOP d1b18.1
   26           1          -0  1.798e+308     0.000    84    1    0           1    0     84      5     84      3    T0960TS354-D2.pdb:A  SCOP d1b2b.1
   27           1          -0  1.798e+308     0.000    84    1    0           1    0     84      5     84      3    T0960TS354-D2.pdb:A  SCOP d1b2c.1
   28           1          -0  1.798e+308     0.000    84    1    0           1    0     84      5     84      3    T0960TS354-D2.pdb:A  SCOP d1b19.1
   29           1          -0  1.798e+308     0.000    84    1    0           1    0     84      5     84      3    T0960TS354-D2.pdb:A  SCOP d1b2g.1
   30           1          -0  1.798e+308     0.000    84    1    0           1    0     84      5     84      3    T0960TS354-D2.pdb:A  SCOP d1b2f.1
   31           1          -0  1.798e+308     0.000    84    1    0           1    0     84      5     84      3    T0960TS354-D2.pdb:A  SCOP d2tci.1
   32           1          -0  1.798e+308     0.000    84    1    0           1    0     84      5     84      3    T0960TS354-D2.pdb:A  SCOP d1b9e.1
   33           1       3.794       5.713     0.000    84    1    0           1    0     84      5     84      4    T0960TS354-D2.pdb:A  SCOP d1jnia_
   34           1          -0  1.798e+308     0.000    84    1    0           1    0     84      5     84      1    T0960TS354-D2.pdb:A  SCOP d1lm2a_
   35           1          -0  1.798e+308     0.000    84    1    0           1    0     84      5     84      4    T0960TS354-D2.pdb:A  SCOP d1newa_
   36           1          -0  1.798e+308     0.000    84    1    0           1    0     84      5     84      5    T0960TS354-D2.pdb:A  SCOP d1l3oa_
   37           1          -0  1.798e+308     0.000    84    1    0           1    0     84      5     84      3    T0960TS354-D2.pdb:A  SCOP d1os4.1
   38           1          -0  1.798e+308     0.000    84    1    0           1    0     84      5     84      3    T0960TS354-D2.pdb:A  SCOP d1qj0.1
   39           1          -0  1.798e+308     0.000    84    1    0           1    0     84      5     84      5    T0960TS354-D2.pdb:A  SCOP d1qn1a_
   40           1          -0  1.798e+308     0.000    84    1    0           1    0     84      5     84      4    T0960TS354-D2.pdb:A  SCOP d1qn0a_
   41           1          -0  1.798e+308     0.000    84    1    0           1    0     84      5     84      3    T0960TS354-D2.pdb:A  SCOP d1jca.1
   42           1          -0  1.798e+308     0.000    84    1    0           1    0     84      5     84      3    T0960TS354-D2.pdb:A  SCOP d1fub.1
   43           1          -0  1.798e+308     0.000    84    1    0           1    0     84      5     84      3    T0960TS354-D2.pdb:A  SCOP d1fu2.1
   44           1          -0  1.798e+308     0.000    84    1    0           1    0     84      5     84      3    T0960TS354-D2.pdb:A  SCOP d1kbha_
   45           1          -0  1.798e+308     0.000    84    1    0           1    0     84      5     84      3    T0960TS354-D2.pdb:A  SCOP d1jjsa_
   46           1          -0  1.798e+308     0.000    84    1    0           1    0     84      5     84      4    T0960TS354-D2.pdb:A  SCOP d1q8da_
   47           1          -0  1.798e+308     0.000    84    1    0           1    0     84      5     84      2    T0960TS354-D2.pdb:A  SCOP d1aiy.1
   48           1          -0  1.798e+308     0.000    84    1    0           1    0     84      5     84      3    T0960TS354-D2.pdb:A  SCOP d1hls.1
   49           1          -0  1.798e+308     0.000    84    1    0           1    0     84      5     84      3    T0960TS354-D2.pdb:A  SCOP d2aiy.1
   50           1          -0  1.798e+308     0.000    84    1    0           1    0     84      5     84      2    T0960TS354-D2.pdb:A  SCOP d1a7f.1
   51           1          -0  1.798e+308     0.000    84    1    0           1    0     84      5     84      3    T0960TS354-D2.pdb:A  SCOP d1hui.1
   52           1          -0  1.798e+308     0.000    84    1    0           1    0     84      5     84      3    T0960TS354-D2.pdb:A  SCOP d5aiy.1
   53           1          -0  1.798e+308     0.000    84    1    0           1    0     84      5     84      2    T0960TS354-D2.pdb:A  SCOP d1ioh.1
   54           1          -0  1.798e+308     0.000    84    1    0           1    0     84      5     84      3    T0960TS354-D2.pdb:A  SCOP d4aiy.1
   55           1          -0  1.798e+308     0.000    84    1    0           1    0     84      5     84      3    T0960TS354-D2.pdb:A  SCOP d1kmf.1
   56           1          -0  1.798e+308     0.000    84    1    0           1    0     84      5     84      3    T0960TS354-D2.pdb:A  SCOP d1bzv.1
   57           1          -0  1.798e+308     0.000    84    1    0           1    0     84      5     84      2    T0960TS354-D2.pdb:A  SCOP d1t1q.1
   58           1          -0  1.798e+308     0.000    84    1    0           1    0     84      5     84      3    T0960TS354-D2.pdb:A  SCOP d1sjt.1
   59           1          -0  1.798e+308     0.000    84    1    0           1    0     84      5     84      2    T0960TS354-D2.pdb:A  SCOP d1k3m.1
   60           1          -0  1.798e+308     0.000    84    1    0           1    0     84      5     84      2    T0960TS354-D2.pdb:A  SCOP d1lkq.1
   61           1          -0  1.798e+308     0.000    84    1    0           1    0     84      5     84      3    T0960TS354-D2.pdb:A  SCOP d2hiu.1
   62           1          -0  1.798e+308     0.000    84    1    0           1    0     84      5     84      2    T0960TS354-D2.pdb:A  SCOP d1vkt.1
   63           1          -0  1.798e+308     0.000    84    1    0           1    0     84      5     84      2    T0960TS354-D2.pdb:A  SCOP d1nb1a_
   64           1          -0  1.798e+308     0.000    84    1    0           1    0     84      5     84      3    T0960TS354-D2.pdb:A  SCOP d1nbja_
   65           1          -0  1.798e+308     0.000    84    1    0           1    0     84      5     84      3    T0960TS354-D2.pdb:A  SCOP d1df6a_
   66           1          -0  1.798e+308     0.000    84    1    0           1    0     84      5     84      1    T0960TS354-D2.pdb:A  SCOP d1bh4a_
   67           1          -0  1.798e+308     0.000    84    1    0           1    0     84      5     84      2    T0960TS354-D2.pdb:A  SCOP d1c4ea_
   68           1          -0  1.798e+308     0.000    84    1    0           1    0     84      5     84      2    T0960TS354-D2.pdb:A  SCOP d1gura_
   69           1          -0  1.798e+308     0.000    84    1    0           1    0     84      5     84      3    T0960TS354-D2.pdb:A  SCOP d1dkca_
   70           1          -0  1.798e+308     0.000    84    1    0           1    0     84      5     84      2    T0960TS354-D2.pdb:A  SCOP d1q3ja_
   71           1          -0  1.798e+308     0.000    84    1    0           1    0     84      5     84      2    T0960TS354-D2.pdb:A  SCOP d1hyka_
   72           1          -0  1.798e+308     0.000    84    1    0           1    0     84      5     84      2    T0960TS354-D2.pdb:A  SCOP d1mr0a_
   73           1          -0  1.798e+308     0.000    84    1    0           1    0     84      5     84      2    T0960TS354-D2.pdb:A  SCOP d1ag7a_
   74           1          -0  1.798e+308     0.000    84    1    0           1    0     84      5     84      2    T0960TS354-D2.pdb:A  SCOP d1feoa_
   75           1          -0  1.798e+308     0.000    84    1    0           1    0     84      5     84      2    T0960TS354-D2.pdb:A  SCOP d1ixta_
   76           1          -0  1.798e+308     0.000    84    1    0           1    0     84      5     84      2    T0960TS354-D2.pdb:A  SCOP d1agga_
   77           1          -0  1.798e+308     0.000    84    1    0           1    0     84      5     84      2    T0960TS354-D2.pdb:A  SCOP d1oawa_
   78           1          -0  1.798e+308     0.000    84    1    0           1    0     84      5     84      2    T0960TS354-D2.pdb:A  SCOP d1oava_
   79           1          -0  1.798e+308     0.000    84    1    0           1    0     84      5     84      2    T0960TS354-D2.pdb:A  SCOP d1omaa_
   80           1          -0  1.798e+308     0.000    84    1    0           1    0     84      5     84      2    T0960TS354-D2.pdb:A  SCOP d1eita_
   81           1          -0  1.798e+308     0.000    84    1    0           1    0     84      5     84      3    T0960TS354-D2.pdb:A  SCOP d1kqha_
   82           1          -0  1.798e+308     0.000    84    1    0           1    0     84      5     84      2    T0960TS354-D2.pdb:A  SCOP d1kqia_
   83           1          -0  1.798e+308     0.000    84    1    0           1    0     84      5     84      2    T0960TS354-D2.pdb:A  SCOP d1axha_
   84           1          -0  1.798e+308     0.000    84    1    0           1    0     84      5     84      3    T0960TS354-D2.pdb:A  SCOP d1vtxa_
   85           1          -0  1.798e+308     0.000    84    1    0           1    0     84      5     84      2    T0960TS354-D2.pdb:A  SCOP d1dl0a_
   86           1          -0  1.798e+308     0.000    84    1    0           1    0     84      5     84      3    T0960TS354-D2.pdb:A  SCOP d1g9pa_
   87           1          -0  1.798e+308     0.000    84    1    0           1    0     84      5     84      3    T0960TS354-D2.pdb:A  SCOP d1hp3a_
   88           1          -0  1.798e+308     0.000    84    1    0           1    0     84      5     84      2    T0960TS354-D2.pdb:A  SCOP d1qdpa_
   89           1          -0  1.798e+308     0.000    84    1    0           1    0     84      5     84      2    T0960TS354-D2.pdb:A  SCOP d1qk6a_
   90           1          -0  1.798e+308     0.000    84    1    0           1    0     84      5     84      2    T0960TS354-D2.pdb:A  SCOP d1nixa_
   91           1          -0  1.798e+308     0.000    84    1    0           1    0     84      5     84      2    T0960TS354-D2.pdb:A  SCOP d1i25a_
   92           1          -0  1.798e+308     0.000    84    1    0           1    0     84      5     84      2    T0960TS354-D2.pdb:A  SCOP d1mb6a_
   93           1          -0  1.798e+308     0.000    84    1    0           1    0     84      5     84      2    T0960TS354-D2.pdb:A  SCOP d1ryga_
   94           1          -0  1.798e+308     0.000    84    1    0           1    0     84      5     84      3    T0960TS354-D2.pdb:A  SCOP d1b2e.1
   95           1          -0  1.798e+308     0.000    84    1    0           1    0     84      5     84      3    T0960TS354-D2.pdb:A  SCOP d1zeia_
   96           1          -0  1.798e+308     0.000    84    1    0           1    0     84      5     84      3    T0960TS354-D2.pdb:A  SCOP d3mth.1
   97           1          -0  1.798e+308     0.000    84    1    0           1    0     84      5     84      3    T0960TS354-D2.pdb:A  SCOP d1izb.1
   98           1          -0  1.798e+308     0.000    84    1    0           1    0     84      5     84      3    T0960TS354-D2.pdb:A  SCOP d7ins.1
   99           1          -0  1.798e+308     0.000    84    1    0           1    0     84      5     84      3    T0960TS354-D2.pdb:A  SCOP d1mpj.1
  100           1          -0  1.798e+308     0.000    84    1    0           1    0     84      5     84      3    T0960TS354-D2.pdb:A  SCOP d1iza.1
  101           1          -0  1.798e+308     0.000    84    1    0           1    0     84      5     84      3    T0960TS354-D2.pdb:A  SCOP d1wav.1
  102           1          -0  1.798e+308     0.000    84    1    0           1    0     84      5     84      3    T0960TS354-D2.pdb:A  SCOP d6rlx.1
  103           1          -0  1.798e+308     0.000    84    1    0           1    0     84      5     84      3    T0960TS354-D2.pdb:A  SCOP d1imxa_
  104           1          -0  1.798e+308     0.000    84    1    0           1    0     84      5     84      3    T0960TS354-D2.pdb:A  SCOP d1h59a_
  105           1      0.3163       2.026     0.000    84    1    0           1    0     84      5     84      3    T0960TS354-D2.pdb:A  SCOP d1pmxa_
  106           1       1.364       3.453     0.000    84    1    0           1    0     84      5     84      3    T0960TS354-D2.pdb:A  SCOP d2gf1a_
  107           1          -0  1.798e+308     0.000    84    1    0           1    0     84      5     84      2    T0960TS354-D2.pdb:A  SCOP d1bqta_
  108           1          -0  1.798e+308     0.000    84    1    0           1    0     84      5     84      3    T0960TS354-D2.pdb:A  SCOP d3gf1a_
  109           1          -0  1.798e+308     0.000    84    1    0           1    0     84      5     84      3    T0960TS354-D2.pdb:A  SCOP d1igla_
  110           1          -0  1.798e+308     0.000    84    1    0           1    0     84      5     84      3    T0960TS354-D2.pdb:A  SCOP d1b9ga_
  111           1          -0  1.798e+308     0.000    84    1    0           1    0     84      5     84      3    T0960TS354-D2.pdb:A  SCOP d1tgra_
  112           1          -0  1.798e+308     0.000    84    1    0           1    0     84      5     84      2    T0960TS354-D2.pdb:A  SCOP d1bom.1
  113           1          -0  1.798e+308     0.000    84    1    0           1    0     84      5     84      2    T0960TS354-D2.pdb:A  SCOP d1bon.1
  114           1          -0  1.798e+308     0.000    84    1    0           1    0     84      5     84      3    T0960TS354-D2.pdb:A  SCOP d1q9ba_
  115           1          -0  1.798e+308     0.000    84    1    0           1    0     84      5     84      2    T0960TS354-D2.pdb:A  SCOP d1t0wa_
  116           1          -0  1.798e+308     0.000    84    1    0           1    0     84      5     84      3    T0960TS354-D2.pdb:A  SCOP d1heva_
  117           1          -0  1.798e+308     0.000    84    1    0           1    0     84      5     84      4    T0960TS354-D2.pdb:A  SCOP d1p9ga_
  118           1          -0  1.798e+308     0.000    84    1    0           1    0     84      5     84      4    T0960TS354-D2.pdb:A  SCOP d1p9za_
  119           1          -0  1.798e+308     0.000    84    1    0           1    0     84      5     84      1    T0960TS354-D2.pdb:A  SCOP d1mmca_
  120           1          -0  1.798e+308     0.000    84    1    0           1    0     84      5     84      1    T0960TS354-D2.pdb:A  SCOP d1h20a_
  121           1          -0  1.798e+308     0.000    84    1    0           1    0     84      5     84      1    T0960TS354-D2.pdb:A  SCOP d1htxa_
  122           1          -0  1.798e+308     0.000    84    1    0           1    0     84      5     84      1    T0960TS354-D2.pdb:A  SCOP d1qfda_
  123           1          -0  1.798e+308     0.000    84    1    0           1    0     84      5     84      2    T0960TS354-D2.pdb:A  SCOP d1n1ua_
  124           1          -0  1.798e+308     0.000    84    1    0           1    0     84      5     84      2    T0960TS354-D2.pdb:A  SCOP d1pt4a_
  125           1          -0  1.798e+308     0.000    84    1    0           1    0     84      5     84      5    T0960TS354-D2.pdb:A  SCOP d1u2fa_
  126           1          -0  1.798e+308     0.000    84    1    0           1    0     84      5     84      5    T0960TS354-D2.pdb:A  SCOP d2msta_
  127           1          -0  1.798e+308     0.000    84    1    0           1    0     84      5     84      5    T0960TS354-D2.pdb:A  SCOP d2mssa_
  128           1          -0  1.798e+308     0.000    84    2    0           1    0     84      5     84      7    T0960TS354-D2.pdb:A  SCOP d1owxa_
  129           1          -0  1.798e+308     0.000    84    1    0           1    0     84      5     84      5    T0960TS354-D2.pdb:A  SCOP d1jjha_
  130           1     0.02015       2.623     0.000    84    1    0           1    0     84      5     84      4    T0960TS354-D2.pdb:A  SCOP d1r8pa_
  131           1          -0  1.798e+308     0.000    84    1    0           1    0     84      5     84      5    T0960TS354-D2.pdb:A  SCOP d1f9fa_
  132           1          -0  1.798e+308     0.000    84    1    0           1    0     84      5     84      5    T0960TS354-D2.pdb:A  SCOP d1r8ha_
  133           1   3.368e-09       2.831     0.000    84    1    0           1    0     84      5     84      5    T0960TS354-D2.pdb:A  SCOP d1s6oa_
  134           1          -0  1.798e+308     0.000    84    1    0           1    0     84      5     84      4    T0960TS354-D2.pdb:A  SCOP d1utaa_
  135           1          -0  1.798e+308     0.000    84    1    0           1    0     84      5     84      5    T0960TS354-D2.pdb:A  SCOP d1bxya_
  136           1   0.0001485       3.669     0.000    84    2    0           1    0     84      5     84      5    T0960TS354-D2.pdb:A  SCOP d1p9ka_
  137           1          -0  1.798e+308     0.000    84    1    0           1    0     84      5     84      5    T0960TS354-D2.pdb:A  SCOP d1msza_
  138           1          -0  1.798e+308     0.000    84    1    0           1    0     84      5     84      3    T0960TS354-D2.pdb:A  SCOP d1ihra_
  139           1          -0  1.798e+308     0.000    84    1    0           1    0     84      5     84      3    T0960TS354-D2.pdb:A  SCOP d1qxxa_
  140           1          -0  1.798e+308     0.000    84    1    0           1    0     84      5     84      4    T0960TS354-D2.pdb:A  SCOP d1neia_
  141           1     0.02015       2.623     0.000    84    1    0           1    0     84      5     84      5    T0960TS354-D2.pdb:A  SCOP d1p65a_
  142           1          -0  1.798e+308     0.000    84    1    0           1    0     84      5     84      4    T0960TS354-D2.pdb:A  SCOP d1l2za_
  143           1          -0  1.798e+308     0.000    84    1    0           1    0     84      5     84      5    T0960TS354-D2.pdb:A  SCOP d1wh2a_
  144           1        2.44       5.086     0.000    84    2    0           1    0     84      5     84      8    T0960TS354-D2.pdb:A  SCOP d1odea_
  145           1          -0  1.798e+308     0.000    84    1    0           1    0     84      5     84      4    T0960TS354-D2.pdb:A  SCOP d1otfa_
  146           1          -0  1.798e+308     0.000    84    1    0           1    0     84      5     84      5    T0960TS354-D2.pdb:A  SCOP d1bjpa_
  147           1          -0  1.798e+308     0.000    84    1    0           1    0     84      5     84      4    T0960TS354-D2.pdb:A  SCOP d4otca_
  148           1          -0  1.798e+308     0.000    84    1    0           1    0     84      5     84      4    T0960TS354-D2.pdb:A  SCOP d4otba_
  149           1          -0  1.798e+308     0.000    84    1    0           1    0     84      5     84      4    T0960TS354-D2.pdb:A  SCOP d4otaa_
  150           1          -0  1.798e+308     0.000    84    1    0           1    0     84      5     84      4    T0960TS354-D2.pdb:A  SCOP d1s0ya_
  151           1          -0  1.798e+308     0.000    84    1    0           1    0     84      5     84      5    T0960TS354-D2.pdb:A  SCOP d1srsa_
  152           1          -0  1.798e+308     0.000    84    1    0           1    0     84      5     84      5    T0960TS354-D2.pdb:A  SCOP d1hbxa_
  153           1          -0  1.798e+308     0.000    84    1    0           1    0     84      5     84      5    T0960TS354-D2.pdb:A  SCOP d1bhha_
  154           1          -0  1.798e+308     0.000    84    2    0           1    0     84      5     84      6    T0960TS354-D2.pdb:A  SCOP d1f2fa_
  155           1          -0  1.798e+308     0.000    84    1    0           1    0     84      5     84      4    T0960TS354-D2.pdb:A  SCOP d1oo3a_
  156           1          -0  1.798e+308     0.000    84    1    0           1    0     84      5     84      3    T0960TS354-D2.pdb:A  SCOP d1jmla_
  157           1      0.1686       3.106     0.000    84    2    0           1    0     84      5     84      5    T0960TS354-D2.pdb:A  SCOP d1m9ga_
  158           1       1.113       5.379     0.000    84    2    0           1    0     84      5     84      6    T0960TS354-D2.pdb:A  SCOP d1eqka_
  159           1          -0  1.798e+308     0.000    84    2    0           1    0     84      5     84     10    T0960TS354-D2.pdb:A  SCOP d1of5a_
  160           1   3.431e-09       3.064     0.000    84    3    0           1    0     84      5     84      6    T0960TS354-D2.pdb:A  SCOP d1nnva_
  161           1   0.0004815       3.657     0.000    84    2    0           1    0     84      5     84      8    T0960TS354-D2.pdb:A  SCOP d1fkha_
  162           1    0.004554         3.8     0.000    84    2    0           1    0     84      5     84      7    T0960TS354-D2.pdb:A  SCOP d1fkia_
  163           1          -0       2.267     0.000    84    2    0           1    0     84      5     84      7    T0960TS354-D2.pdb:A  SCOP d1py4a_
  164           1          -0       2.366     0.000    84    2    0           1    0     84      5     84      8    T0960TS354-D2.pdb:A  SCOP d1ldsa_
  165           1   4.822e-17       2.901     0.000    84    2    0           1    0     84      5     84      7    T0960TS354-D2.pdb:A  SCOP d1bmga_
  166           1          -0       2.881     0.000    84    2    0           1    0     84      5     84      8    T0960TS354-D2.pdb:A  SCOP d1b6ca_
  167           1   1.022e-06       3.222     0.000    84    1    0           1    0     84      5     84      5    T0960TS354-D2.pdb:A  SCOP d1l1pa_
  168           1          -0  1.798e+308     0.000    84    1    0           1    0     84      5     84      5    T0960TS354-D2.pdb:A  SCOP d1qkfa_
  169           1    0.004936       2.865     0.000    84    2    0           1    0     84      5     84      8    T0960TS354-D2.pdb:A  SCOP d1njka_
  170           1          -0  1.798e+308     0.000    84    1    0           1    0     84      5     84      4    T0960TS354-D2.pdb:A  SCOP d1egp.1
  171           1          -0  1.798e+308     0.000    84    1    0           1    0     84      5     84      3    T0960TS354-D2.pdb:A  SCOP d1egla_
  172           1          -0  1.798e+308     0.000    84    1    0           1    0     84      5     84      4    T0960TS354-D2.pdb:A  SCOP d1ciq.1
  173           1          -0  1.798e+308     0.000    84    1    0           1    0     84      5     84      4    T0960TS354-D2.pdb:A  SCOP d1cir.1
  174           1          -0  1.798e+308     0.000    84    1    0           1    0     84      5     84      4    T0960TS354-D2.pdb:A  SCOP d1cq4.1
  175           1          -0  1.798e+308     0.000    84    1    0           1    0     84      5     84      4    T0960TS354-D2.pdb:A  SCOP d1dwma_
  176           1          -0  1.798e+308     0.000    84    1    0           1    0     84      5     84      3    T0960TS354-D2.pdb:A  SCOP d1aa3a_
  177           1          -0  1.798e+308     0.000    84    2    0           1    0     84      5     84      7    T0960TS354-D2.pdb:A  SCOP d1k1ga_
  178           1          -0  1.798e+308     0.000    84    1    0           1    0     84      5     84      4    T0960TS354-D2.pdb:A  SCOP d1dura_
  179           1          -0  1.798e+308     0.000    84    1    0           1    0     84      5     84      4    T0960TS354-D2.pdb:A  SCOP d2fdna_
  180           1          -0  1.798e+308     0.000    84    1    0           1    0     84      5     84      4    T0960TS354-D2.pdb:A  SCOP d1fcaa_
  181           1          -0  1.798e+308     0.000    84    1    0           1    0     84      5     84      2    T0960TS354-D2.pdb:A  SCOP d1clfa_
  182           1          -0  1.798e+308     0.000    84    1    0           1    0     84      5     84      2    T0960TS354-D2.pdb:A  SCOP d1k0ta_
  183           1          -0  1.798e+308     0.000    84    1    0           1    0     84      5     84      4    T0960TS354-D2.pdb:A  SCOP d1f2ga_
  184           1          -0  1.798e+308     0.000    84    1    0           1    0     84      5     84      5    T0960TS354-D2.pdb:A  SCOP d1kn6a_
  185           1          -0  1.798e+308     0.000    84    1    0           1    0     84      5     84      5    T0960TS354-D2.pdb:A  SCOP d1iqta_
  186           1          -0  1.798e+308     0.000    84    2    0           1    0     84      5     84      7    T0960TS354-D2.pdb:A  SCOP d1opia_
  187           1          -0  1.798e+308     0.000    84    2    0           1    0     84      5     84     10    T0960TS354-D2.pdb:A  SCOP d1q9ga_
  188           1          -0  1.798e+308     0.000    84    1    0           1    0     84      5     84      4    T0960TS354-D2.pdb:A  SCOP d1p4ta_
  189           1          -0        1.71     0.000    84    2    0           1    0     84      5     84      9    T0960TS354-D2.pdb:A  SCOP d1mm5a_
  190           1          -0  1.798e+308     0.000    84    1    0           1    0     84      5     84      3    T0960TS354-D2.pdb:A  SCOP d1pid.1
  191           1          -0  1.798e+308     0.000    84    1    0           1    0     84      5     84      3    T0960TS354-D2.pdb:A  SCOP d1cph.1
  192           1          -0  1.798e+308     0.000    84    1    0           1    0     84      5     84      3    T0960TS354-D2.pdb:A  SCOP d1dph.1
  193           1          -0  1.798e+308     0.000    84    1    0           1    0     84      5     84      3    T0960TS354-D2.pdb:A  SCOP d1bph.1
  194           1          -0  1.798e+308     0.000    84    1    0           1    0     84      5     84      3    T0960TS354-D2.pdb:A  SCOP d1aph.1
  195           1          -0  1.798e+308     0.000    84    1    0           1    0     84      5     84      3    T0960TS354-D2.pdb:A  SCOP d2ins.1
  196           1          -0  1.798e+308     0.000    84    1    0           1    0     84      5     84      3    T0960TS354-D2.pdb:A  SCOP d1mso.1
  197           1          -0  1.798e+308     0.000    84    1    0           1    0     84      5     84      3    T0960TS354-D2.pdb:A  SCOP d1g7a.1
  198           1          -0  1.798e+308     0.000    84    1    0           1    0     84      5     84      3    T0960TS354-D2.pdb:A  SCOP d1g7b.1
  199           1          -0  1.798e+308     0.000    84    1    0           1    0     84      5     84      3    T0960TS354-D2.pdb:A  SCOP d1ben.1
  200           1          -0  1.798e+308     0.000    84    1    0           1    0     84      5     84      3    T0960TS354-D2.pdb:A  SCOP d1zeh.1
  201           1          -0  1.798e+308     0.000    84    1    0           1    0     84      5     84      3    T0960TS354-D2.pdb:A  SCOP d1zeg.1
  202           1          -0  1.798e+308     0.000    84    1    0           1    0     84      5     84      3    T0960TS354-D2.pdb:A  SCOP d1guj.1
  203           1          -0  1.798e+308     0.000    84    1    0           1    0     84      5     84      3    T0960TS354-D2.pdb:A  SCOP d1trz.1
  204           1          -0  1.798e+308     0.000    84    1    0           1    0     84      5     84      3    T0960TS354-D2.pdb:A  SCOP d1ev3.1
  205           1          -0  1.798e+308     0.000    84    1    0           1    0     84      5     84      3    T0960TS354-D2.pdb:A  SCOP d1xda.1
  206           1          -0  1.798e+308     0.000    84    1    0           1    0     84      5     84      3    T0960TS354-D2.pdb:A  SCOP d1evr.1
  207           1          -0  1.798e+308     0.000    84    1    0           1    0     84      5     84      3    T0960TS354-D2.pdb:A  SCOP d1ev6.1
  208           1          -0  1.798e+308     0.000    84    1    0           1    0     84      5     84      3    T0960TS354-D2.pdb:A  SCOP d1tym.1
  209           1          -0  1.798e+308     0.000    84    1    0           1    0     84      5     84      3    T0960TS354-D2.pdb:A  SCOP d1tyl.1
  210           1          -0  1.798e+308     0.000    84    1    0           1    0     84      5     84      3    T0960TS354-D2.pdb:A  SCOP d1htv.1
  211           1          -0  1.798e+308     0.000    84    1    0           1    0     84      5     84      3    T0960TS354-D2.pdb:A  SCOP d1znj.1
  212           1          -0  1.798e+308     0.000    84    1    0           1    0     84      5     84      3    T0960TS354-D2.pdb:A  SCOP d1os3.1
  213           1          -0  1.798e+308     0.000    84    1    0           1    0     84      5     84      3    T0960TS354-D2.pdb:A  SCOP d1qiz.1
  214           1          -0  1.798e+308     0.000    84    1    0           1    0     84      5     84      3    T0960TS354-D2.pdb:A  SCOP d1j73.1
  215           1          -0  1.798e+308     0.000    84    1    0           1    0     84      5     84      2    T0960TS354-D2.pdb:A  SCOP d1q4v.1
  216           1          -0  1.798e+308     0.000    84    1    0           1    0     84      5     84      3    T0960TS354-D2.pdb:A  SCOP d1qiy.1
  217           1          -0  1.798e+308     0.000    84    1    0           1    0     84      5     84      3    T0960TS354-D2.pdb:A  SCOP d1lph.1
  218           1          -0  1.798e+308     0.000    84    1    0           1    0     84      5     84      2    T0960TS354-D2.pdb:A  SCOP d1fu5a_
  219           1          -0  1.798e+308     0.000    84    1    0           1    0     84      5     84      4    T0960TS354-D2.pdb:A  SCOP d1puca_
  220           1          -0  1.798e+308     0.000    84    1    0           1    0     84      5     84      2    T0960TS354-D2.pdb:A  SCOP d1cksa_
  221           1          -0  1.798e+308     0.000    84    1    0           1    0     84      5     84      5    T0960TS354-D2.pdb:A  SCOP d1cqua_
  222           1          -0  1.798e+308     0.000    84    3    0           1    0     84      5     84      7    T0960TS354-D2.pdb:A  SCOP d1svqa_
  223           1          -0  1.798e+308     0.000    84    3    0           1    0     84      5     84      7    T0960TS354-D2.pdb:A  SCOP d1svra_
  224           1       1.081       5.393     0.000    84    1    0           1    0     84      5     84      4    T0960TS354-D2.pdb:A  SCOP d1a7ba_
  225           1      0.9469       5.171     0.000    84    2    0           1    0     84      5     84      7    T0960TS354-D2.pdb:A  SCOP d1a64a_
  226           1      0.9469       5.171     0.000    84    2    0           1    0     84      5     84      7    T0960TS354-D2.pdb:A  SCOP d1a6pa_
  227           1      0.9469       5.171     0.000    84    2    0           1    0     84      5     84      7    T0960TS354-D2.pdb:A  SCOP d1cdca_
  228           1          -0  1.798e+308     0.000    84    1    0           1    0     84      5     84      5    T0960TS354-D2.pdb:A  SCOP d1gyaa_
  229           1          -0       3.492     0.000    84    2    0           1    0     84      5     84     10    T0960TS354-D2.pdb:A  SCOP d1cd8a_
  230           1     0.04721        4.73     0.000    84    2    0           1    0     84      5     84      9    T0960TS354-D2.pdb:A  SCOP d1hkfa_
  231           1          -0  1.798e+308     0.000    84    2    0           1    0     84      5     84     10    T0960TS354-D2.pdb:A  SCOP d1rsfa_
  232           1          -0  1.798e+308     0.000    84    1    0           1    0     84      5     84      2    T0960TS354-D2.pdb:A  SCOP d1ieua_
  233           1          -0  1.798e+308     0.000    84    1    0           1    0     84      5     84      4    T0960TS354-D2.pdb:A  SCOP d1ieta_
  234           1          -0       3.247     0.000    84    2    0           1    0     84      5     84      8    T0960TS354-D2.pdb:A  SCOP d1ah1a_
  235           1          -0       2.881     0.000    84    2    0           1    0     84      5     84     10    T0960TS354-D2.pdb:A  SCOP d1b6fa_
  236           1          -0       1.847     0.000    84    2    0           1    0     84      5     84     10    T0960TS354-D2.pdb:A  SCOP d1ifva_
  237           1          -0       1.741     0.000    84    2    0           1    0     84      5     84      9    T0960TS354-D2.pdb:A  SCOP d1ieha_
  238           1          -0       1.342     0.000    84    2    0           1    0     84      5     84     10    T0960TS354-D2.pdb:A  SCOP d1g9ea_
  239           1          -0  1.798e+308     0.000    84    4    0           1    0     84      5     84     20    T0960TS354-D2.pdb:A  SCOP d1fvra_
  240           1          -0  1.798e+308     0.000    84    3    0           1    0     84      5     84     15    T0960TS354-D2.pdb:A  SCOP d1snxa_
  241           1          -0       1.741     0.000    84    2    0           1    0     84      5     84     10    T0960TS354-D2.pdb:A  SCOP d1ohqa_
  242           1          -0  1.798e+308     0.000    84    2    0           1    0     84      5     84      9    T0960TS354-D2.pdb:A  SCOP d1k9ia_
  243           1          -0       3.177     0.000    84    2    0           1    0     84      5     84     10    T0960TS354-D2.pdb:A  SCOP d2cd0a_
  244           1          -0  1.798e+308     0.000    84    2    0           1    0     84      5     84      8    T0960TS354-D2.pdb:A  SCOP d2msba_
  245           1          -0  1.798e+308     0.000    84    1    0           1    0     84      5     84      5    T0960TS354-D2.pdb:A  SCOP d1bv4a_
  246           1          -0  1.798e+308     0.000    84    3    0           1    0     84      5     84     11    T0960TS354-D2.pdb:A  SCOP d1mo8a_
  247           1          -0  1.798e+308     0.000    84    1    0           1    0     84      5     84      1    T0960TS354-D2.pdb:A  SCOP d1kkda_
  248           1          -0  1.798e+308     0.000    84    1    0           1    0     84      5     84      4    T0960TS354-D2.pdb:A  SCOP d4hira_
  249           1          -0  1.798e+308     0.000    84    1    0           1    0     84      5     84      2    T0960TS354-D2.pdb:A  SCOP d2hira_
  250           1          -0  1.798e+308     0.000    84    1    0           1    0     84      5     84      2    T0960TS354-D2.pdb:A  SCOP d5hira_
  251           1          -0  1.798e+308     0.000    84    1    0           1    0     84      5     84      2    T0960TS354-D2.pdb:A  SCOP d6hira_
  252           1          -0  1.798e+308     0.000    84    1    0           1    0     84      5     84      2    T0960TS354-D2.pdb:A  SCOP d1deca_
  253           1          -0  1.798e+308     0.000    84    1    0           1    0     84      5     84      2    T0960TS354-D2.pdb:A  SCOP d1i8xa_
  254           1          -0  1.798e+308     0.000    84    1    0           1    0     84      5     84      2    T0960TS354-D2.pdb:A  SCOP d1i8ya_
  255           1          -0  1.798e+308     0.000    84    1    0           1    0     84      5     84      2    T0960TS354-D2.pdb:A  SCOP d1qgma_
  256           1          -0  1.798e+308     0.000    84    1    0           1    0     84      5     84      4    T0960TS354-D2.pdb:A  SCOP d1g26a_
  257           1          -0  1.798e+308     0.000    84    1    0           1    0     84      5     84      2    T0960TS354-D2.pdb:A  SCOP d1oiga_
  258           1          -0  1.798e+308     0.000    84    1    0           1    0     84      5     84      2    T0960TS354-D2.pdb:A  SCOP d1pmca_
  259           1          -0  1.798e+308     0.000    84    1    0           1    0     84      5     84      2    T0960TS354-D2.pdb:A  SCOP d1kgma_
  260           1          -0  1.798e+308     0.000    84    1    0           1    0     84      5     84      2    T0960TS354-D2.pdb:A  SCOP d1wo9a_
  261           1          -0  1.798e+308     0.000    84    1    0           1    0     84      5     84      3    T0960TS354-D2.pdb:A  SCOP d1mkna_
  262           1          -0  1.798e+308     0.000    84    1    0           1    0     84      5     84      3    T0960TS354-D2.pdb:A  SCOP d2bbga_
  263           1          -0  1.798e+308     0.000    84    1    0           1    0     84      5     84      3    T0960TS354-D2.pdb:A  SCOP d3bbga_
  264           1          -0  1.798e+308     0.000    84    1    0           1    0     84      5     84      3    T0960TS354-D2.pdb:A  SCOP d1bbga_
  265           1          -0  1.798e+308     0.000    84    1    0           1    0     84      5     84      5    T0960TS354-D2.pdb:A  SCOP d3ebxa_
  266           1          -0  1.798e+308     0.000    84    1    0           1    0     84      5     84      5    T0960TS354-D2.pdb:A  SCOP d1qkea_
  267           1          -0  1.798e+308     0.000    84    1    0           1    0     84      5     84      5    T0960TS354-D2.pdb:A  SCOP d1qkda_
  268           1          -0  1.798e+308     0.000    84    1    0           1    0     84      5     84      5    T0960TS354-D2.pdb:A  SCOP d6ebxa_
  269           1          -0  1.798e+308     0.000    84    1    0           1    0     84      5     84      5    T0960TS354-D2.pdb:A  SCOP d1nxba_
  270           1          -0  1.798e+308     0.000    84    1    0           1    0     84      5     84      3    T0960TS354-D2.pdb:A  SCOP d1eraa_
  271           1          -0  1.798e+308     0.000    84    1    0           1    0     84      5     84      5    T0960TS354-D2.pdb:A  SCOP d1fraa_
  272           1          -0  1.798e+308     0.000    84    1    0           1    0     84      5     84      5    T0960TS354-D2.pdb:A  SCOP d1tgxa_
  273           1          -0  1.798e+308     0.000    84    1    0           1    0     84      5     84      5    T0960TS354-D2.pdb:A  SCOP d1cxna_
  274           1          -0  1.798e+308     0.000    84    1    0           1    0     84      5     84      5    T0960TS354-D2.pdb:A  SCOP d1cxoa_
  275           1          -0  1.798e+308     0.000    84    1    0           1    0     84      5     84      5    T0960TS354-D2.pdb:A  SCOP d1fasa_
  276           1          -0  1.798e+308     0.000    84    1    0           1    0     84      5     84      5    T0960TS354-D2.pdb:A  SCOP d1fsca_
  277           1          -0  1.798e+308     0.000    84    1    0           1    0     84      5     84      5    T0960TS354-D2.pdb:A  SCOP d1qm7a_
  278           1          -0  1.798e+308     0.000    84    1    0           1    0     84      5     84      5    T0960TS354-D2.pdb:A  SCOP d1ff4a_
  279           1          -0  1.798e+308     0.000    84    1    0           1    0     84      5     84      1    T0960TS354-D2.pdb:A  SCOP d1azka_
  280           1          -0  1.798e+308     0.000    84    1    0           1    0     84      5     84      3    T0960TS354-D2.pdb:A  SCOP d2cbha_
  281           1          -0  1.798e+308     0.000    84    1    0           1    0     84      5     84      5    T0960TS354-D2.pdb:A  SCOP d1lpza_
  282           1          -0  1.798e+308     0.000    84    1    0           1    0     84      5     84      2    T0960TS354-D2.pdb:A  SCOP d1fsba_
  283           1          -0  1.798e+308     0.000    84    1    0           1    0     84      5     84      2    T0960TS354-D2.pdb:A  SCOP d1a3pa_
  284           1          -0  1.798e+308     0.000    84    1    0           1    0     84      5     84      2    T0960TS354-D2.pdb:A  SCOP d1epha_
  285           1          -0  1.798e+308     0.000    84    1    0           1    0     84      5     84      2    T0960TS354-D2.pdb:A  SCOP d1egfa_
  286           1          -0  1.798e+308     0.000    84    1    0           1    0     84      5     84      2    T0960TS354-D2.pdb:A  SCOP d3egfa_
  287           1          -0  1.798e+308     0.000    84    1    0           1    0     84      5     84      2    T0960TS354-D2.pdb:A  SCOP d1epga_
  288           1          -0  1.798e+308     0.000    84    1    0           1    0     84      5     84      2    T0960TS354-D2.pdb:A  SCOP d1epia_
  289           1          -0  1.798e+308     0.000    84    1    0           1    0     84      5     84      2    T0960TS354-D2.pdb:A  SCOP d1epja_
  290           1          -0  1.798e+308     0.000    84    1    0           1    0     84      5     84      3    T0960TS354-D2.pdb:A  SCOP d1gk5a_
  291           1          -0  1.798e+308     0.000    84    1    0           1    0     84      5     84      2    T0960TS354-D2.pdb:A  SCOP d1jl9a_
  292           1          -0  1.798e+308     0.000    84    1    0           1    0     84      5     84      2    T0960TS354-D2.pdb:A  SCOP d1p9ja_
  293           1          -0  1.798e+308     0.000    84    1    0           1    0     84      5     84      2    T0960TS354-D2.pdb:A  SCOP d3tgfa_
  294           1          -0  1.798e+308     0.000    84    1    0           1    0     84      5     84      3    T0960TS354-D2.pdb:A  SCOP d1yuga_
  295           1          -0  1.798e+308     0.000    84    1    0           1    0     84      5     84      2    T0960TS354-D2.pdb:A  SCOP d2tgfa_
  296           1          -0  1.798e+308     0.000    84    1    0           1    0     84      5     84      2    T0960TS354-D2.pdb:A  SCOP d4tgfa_
  297           1          -0  1.798e+308     0.000    84    1    0           1    0     84      5     84      3    T0960TS354-D2.pdb:A  SCOP d1yufa_
  298           1          -0  1.798e+308     0.000    84    1    0           1    0     84      5     84      2    T0960TS354-D2.pdb:A  SCOP d1k36a_
  299           1          -0  1.798e+308     0.000    84    1    0           1    0     84      5     84      3    T0960TS354-D2.pdb:A  SCOP d1k37a_
  300           1          -0  1.798e+308     0.000    84    1    0           1    0     84      5     84      3    T0960TS354-D2.pdb:A  SCOP d1ioxa_
  301           1          -0  1.798e+308     0.000    84    1    0           1    0     84      5     84      3    T0960TS354-D2.pdb:A  SCOP d1ip0a_
  302           1          -0  1.798e+308     0.000    84    1    0           1    0     84      5     84      3    T0960TS354-D2.pdb:A  SCOP d1l3ya_
  303           1          -0  1.798e+308     0.000    84    1    0           1    0     84      5     84      3    T0960TS354-D2.pdb:A  SCOP d1pi2a_
  304           1          -0  1.798e+308     0.000    84    1    0           1    0     84      5     84      4    T0960TS354-D2.pdb:A  SCOP d1pbia_
  305           1          -0  1.798e+308     0.000    84    1    0           1    0     84      5     84      2    T0960TS354-D2.pdb:A  SCOP d1mvza_
  306           1          -0  1.798e+308     0.000    84    1    0           1    0     84      5     84      3    T0960TS354-D2.pdb:A  SCOP d1udka_
  307           1          -0  1.798e+308     0.000    84    1    0           1    0     84      5     84      2    T0960TS354-D2.pdb:A  SCOP d1bx7a_
  308           1          -0  1.798e+308     0.000    84    1    0           1    0     84      5     84      2    T0960TS354-D2.pdb:A  SCOP d1bx8a_
  309           1          -0  1.798e+308     0.000    84    1    0           1    0     84      5     84      3    T0960TS354-D2.pdb:A  SCOP d1hica_
  310           1          -0  1.798e+308     0.000    84    1    0           1    0     84      5     84      5    T0960TS354-D2.pdb:A  SCOP d2crsa_
  311           1          -0  1.798e+308     0.000    84    1    0           1    0     84      5     84      5    T0960TS354-D2.pdb:A  SCOP d2crta_
  312           1          -0  1.798e+308     0.000    84    1    0           1    0     84      5     84      3    T0960TS354-D2.pdb:A  SCOP d1kbsa_
  313           1          -0  1.798e+308     0.000    84    1    0           1    0     84      5     84      3    T0960TS354-D2.pdb:A  SCOP d1kbta_
  314           1          -0  1.798e+308     0.000    84    1    0           1    0     84      5     84      5    T0960TS354-D2.pdb:A  SCOP d1v6pa_
  315           1          -0  1.798e+308     0.000    84    1    0           1    0     84      5     84      3    T0960TS354-D2.pdb:A  SCOP d1coea_
  316           1          -0  1.798e+308     0.000    84    1    0           1    0     84      5     84      5    T0960TS354-D2.pdb:A  SCOP d1coda_
  317           1          -0  1.798e+308     0.000    84    1    0           1    0     84      5     84      4    T0960TS354-D2.pdb:A  SCOP d1g6ma_
  318           1          -0  1.798e+308     0.000    84    1    0           1    0     84      5     84      5    T0960TS354-D2.pdb:A  SCOP d1iq9a_
  319           1          -0  1.798e+308     0.000    84    1    0           1    0     84      5     84      5    T0960TS354-D2.pdb:A  SCOP d1neaa_
  320           1          -0  1.798e+308     0.000    84    1    0           1    0     84      5     84      5    T0960TS354-D2.pdb:A  SCOP d1ntxa_
  321           1          -0  1.798e+308     0.000    84    1    0           1    0     84      5     84      5    T0960TS354-D2.pdb:A  SCOP d1nora_
  322           1          -0  1.798e+308     0.000    84    1    0           1    0     84      5     84      5    T0960TS354-D2.pdb:A  SCOP d1je9a_
  323           1          -0  1.798e+308     0.000    84    1    0           1    0     84      5     84      5    T0960TS354-D2.pdb:A  SCOP d1vb0a_
  324           1          -0  1.798e+308     0.000    84    1    0           1    0     84      5     84      5    T0960TS354-D2.pdb:A  SCOP d1onja_
  325           1          -0  1.798e+308     0.000    84    1    0           1    0     84      5     84      3    T0960TS354-D2.pdb:A  SCOP d1txaa_
  326           1          -0  1.798e+308     0.000    84    1    0           1    0     84      5     84      5    T0960TS354-D2.pdb:A  SCOP d1jgka_
  327           1          -0  1.798e+308     0.000    84    1    0           1    0     84      5     84      5    T0960TS354-D2.pdb:A  SCOP d1vyca_
  328           1          -0  1.798e+308     0.000    84    1    0           1    0     84      5     84      4    T0960TS354-D2.pdb:A  SCOP d1drsa_
  329           1          -0  1.798e+308     0.000    84    1    0           1    0     84      5     84      4    T0960TS354-D2.pdb:A  SCOP d1cdqa_
  330           1          -0  1.798e+308     0.000    84    1    0           1    0     84      5     84      4    T0960TS354-D2.pdb:A  SCOP d1erga_
  331           1          -0       2.627     0.000    84    2    0           1    0     84      5     84      8    T0960TS354-D2.pdb:A  SCOP d1nysa_
  332           1          -0  1.798e+308     0.000    84    1    0           1    0     84      5     84      4    T0960TS354-D2.pdb:A  SCOP d1nzpa_
  333           1      0.2669       3.284     0.000    84    2    0           1    0     84      5     84      3    T0960TS354-D2.pdb:A  SCOP d1nyua_
  334           1          -0  1.798e+308     0.000    84    1    0           1    0     84      5     84      4    T0960TS354-D2.pdb:A  SCOP d1ploa_
  335           1          -0        2.67     0.000    84    1    0           1    0     84      5     84      5    T0960TS354-D2.pdb:A  SCOP d1ks6a_
  336           1          -0  1.798e+308     0.000    84    1    0           1    0     84      5     84      5    T0960TS354-D2.pdb:A  SCOP d1u9la_
  337           1          -0  1.798e+308     0.000    84    1    0           1    0     84      5     84      5    T0960TS354-D2.pdb:A  SCOP d1doqa_
  338           1          -0  1.798e+308     0.000    84    1    0           1    0     84      5     84      5    T0960TS354-D2.pdb:A  SCOP d1b0xa_
  339           1          -0  1.798e+308     0.000    84    1    0           1    0     84      5     84      4    T0960TS354-D2.pdb:A  SCOP d1tp4a_
  340           1          -0  1.798e+308     0.000    84    1    0           1    0     84      5     84      4    T0960TS354-D2.pdb:A  SCOP d1i2ta_
  341           1          -0  1.798e+308     0.000    84    1    0           1    0     84      5     84      5    T0960TS354-D2.pdb:A  SCOP d3eraa_
  342           1          -0  1.798e+308     0.000    84    1    0           1    0     84      5     84      5    T0960TS354-D2.pdb:A  SCOP d2eraa_
  343           1          -0  1.798e+308     0.000    84    1    0           1    0     84      5     84      5    T0960TS354-D2.pdb:A  SCOP d5ebxa_
  344           1          -0  1.798e+308     0.000    84    1    0           1    0     84      5     84      5    T0960TS354-D2.pdb:A  SCOP d1cdta_
  345           1          -0  1.798e+308     0.000    84    1    0           1    0     84      5     84      5    T0960TS354-D2.pdb:A  SCOP d1kxia_
  346           1          -0  1.798e+308     0.000    84    1    0           1    0     84      5     84      3    T0960TS354-D2.pdb:A  SCOP d1cvoa_
  347           1          -0  1.798e+308     0.000    84    1    0           1    0     84      5     84      5    T0960TS354-D2.pdb:A  SCOP d2ctxa_
  348           1          -0  1.798e+308     0.000    84    1    0           1    0     84      5     84      4    T0960TS354-D2.pdb:A  SCOP d1ctxa_
  349           1          -0  1.798e+308     0.000    84    1    0           1    0     84      5     84      3    T0960TS354-D2.pdb:A  SCOP d1lsia_
  350           1          -0  1.798e+308     0.000    84    1    0           1    0     84      5     84      5    T0960TS354-D2.pdb:A  SCOP d1tfsa_
  351           1          -0  1.798e+308     0.000    84    1    0           1    0     84      5     84      5    T0960TS354-D2.pdb:A  SCOP d1haja_
  352           1          -0  1.798e+308     0.000    84    1    0           1    0     84      5     84      4    T0960TS354-D2.pdb:A  SCOP d1bxpa_
  353           1          -0  1.798e+308     0.000    84    1    0           1    0     84      5     84      5    T0960TS354-D2.pdb:A  SCOP d1haaa_
  354           1          -0  1.798e+308     0.000    84    1    0           1    0     84      5     84      3    T0960TS354-D2.pdb:A  SCOP d1abta_
  355           1          -0  1.798e+308     0.000    84    1    0           1    0     84      5     84      3    T0960TS354-D2.pdb:A  SCOP d1jbda_
  356           1          -0  1.798e+308     0.000    84    1    0           1    0     84      5     84      4    T0960TS354-D2.pdb:A  SCOP d1rgja_
  357           1          -0  1.798e+308     0.000    84    1    0           1    0     84      5     84      5    T0960TS354-D2.pdb:A  SCOP d2btxa_
  358           1          -0  1.798e+308     0.000    84    1    0           1    0     84      5     84      5    T0960TS354-D2.pdb:A  SCOP d1l4wa_
  359           1          -0  1.798e+308     0.000    84    1    0           1    0     84      5     84      3    T0960TS354-D2.pdb:A  SCOP d1kl8a_
  360           1          -0  1.798e+308     0.000    84    1    0           1    0     84      5     84      3    T0960TS354-D2.pdb:A  SCOP d2nbta_
  361           1          -0  1.798e+308     0.000    84    1    0           1    0     84      5     84      5    T0960TS354-D2.pdb:A  SCOP d1f94a_
  362           1          -0  1.798e+308     0.000    84    1    0           1    0     84      5     84      5    T0960TS354-D2.pdb:A  SCOP d1ijca_
  363           1          -0  1.798e+308     0.000    84    1    0           1    0     84      5     84      3    T0960TS354-D2.pdb:A  SCOP d2cdxa_
  364           1          -0  1.798e+308     0.000    84    1    0           1    0     84      5     84      3    T0960TS354-D2.pdb:A  SCOP d2ccxa_
  365           1          -0  1.798e+308     0.000    84    1    0           1    0     84      5     84      3    T0960TS354-D2.pdb:A  SCOP d1crfa_
  366           1          -0  1.798e+308     0.000    84    1    0           1    0     84      5     84      5    T0960TS354-D2.pdb:A  SCOP d1cb9a_
  367           1          -0  1.798e+308     0.000    84    1    0           1    0     84      5     84      5    T0960TS354-D2.pdb:A  SCOP d1ccqa_
  368           1          -0  1.798e+308     0.000    84    1    0           1    0     84      5     84      5    T0960TS354-D2.pdb:A  SCOP d1ffja_
  369           1          -0  1.798e+308     0.000    84    1    0           1    0     84      5     84      5    T0960TS354-D2.pdb:A  SCOP d1h0ja_
  370           1          -0  1.798e+308     0.000    84    1    0           1    0     84      5     84      5    T0960TS354-D2.pdb:A  SCOP d1xt3a_
  371           1          -0  1.798e+308     0.000    84    1    0           1    0     84      5     84      5    T0960TS354-D2.pdb:A  SCOP d1i02a_
  372           1          -0  1.798e+308     0.000    84    1    0           1    0     84      5     84      4    T0960TS354-D2.pdb:A  SCOP d1t7ea_
  373           1          -0  1.798e+308     0.000    84    1    0           1    0     84      5     84      4    T0960TS354-D2.pdb:A  SCOP d1t7aa_
  374           1          -0  1.798e+308     0.000    84    1    0           1    0     84      5     84      4    T0960TS354-D2.pdb:A  SCOP d1sn1a_
  375           1          -0  1.798e+308     0.000    84    1    0           1    0     84      5     84      4    T0960TS354-D2.pdb:A  SCOP d1t7ba_
  376           1          -0  1.798e+308     0.000    84    1    0           1    0     84      5     84      4    T0960TS354-D2.pdb:A  SCOP d1chza_
  377           1          -0  1.798e+308     0.000    84    1    0           1    0     84      5     84      4    T0960TS354-D2.pdb:A  SCOP d1sn4a_
  378           1          -0  1.798e+308     0.000    84    1    0           1    0     84      5     84      4    T0960TS354-D2.pdb:A  SCOP d1dq7a_
  379           1          -0  1.798e+308     0.000    84    1    0           1    0     84      5     84      3    T0960TS354-D2.pdb:A  SCOP d1npia_
  380           1          -0  1.798e+308     0.000    84    1    0           1    0     84      5     84      3    T0960TS354-D2.pdb:A  SCOP d1b7da_
  381           1          -0  1.798e+308     0.000    84    1    0           1    0     84      5     84      4    T0960TS354-D2.pdb:A  SCOP d1i6ga_
  382           1          -0  1.798e+308     0.000    84    1    0           1    0     84      5     84      4    T0960TS354-D2.pdb:A  SCOP d1i6fa_
  383           1          -0  1.798e+308     0.000    84    1    0           1    0     84      5     84      2    T0960TS354-D2.pdb:A  SCOP d1pe4a_
  384           1   2.572e-07       3.073     0.000    84    1    0           1    0     84      5     84      5    T0960TS354-D2.pdb:A  SCOP d1t0za_
  385           1          -0  1.798e+308     0.000    84    1    0           1    0     84      5     84      4    T0960TS354-D2.pdb:A  SCOP d1lqqa_
  386           1          -0  1.798e+308     0.000    84    1    0           1    0     84      5     84      4    T0960TS354-D2.pdb:A  SCOP d1lqia_
  387           1          -0  1.798e+308     0.000    84    1    0           1    0     84      5     84      4    T0960TS354-D2.pdb:A  SCOP d1lqha_
  388           1          -0  1.798e+308     0.000    84    1    0           1    0     84      5     84      4    T0960TS354-D2.pdb:A  SCOP d1omya_
  389           1          -0  1.798e+308     0.000    84    1    0           1    0     84      5     84      4    T0960TS354-D2.pdb:A  SCOP d1kv0a_
  390           1          -0  1.798e+308     0.000    84    1    0           1    0     84      5     84      4    T0960TS354-D2.pdb:A  SCOP d1bmra_
  391           1          -0  1.798e+308     0.000    84    1    0           1    0     84      5     84      4    T0960TS354-D2.pdb:A  SCOP d1fh3a_
  392           1          -0  1.798e+308     0.000    84    1    0           1    0     84      5     84      4    T0960TS354-D2.pdb:A  SCOP d1biga_
  393           1          -0  1.798e+308     0.000    84    1    0           1    0     84      5     84      3    T0960TS354-D2.pdb:A  SCOP d1bkta_
  394           1          -0  1.798e+308     0.000    84    1    0           1    0     84      5     84      4    T0960TS354-D2.pdb:A  SCOP d2bmta_
  395           1          -0  1.798e+308     0.000    84    1    0           1    0     84      5     84      3    T0960TS354-D2.pdb:A  SCOP d1m2sa_
  396           1          -0  1.798e+308     0.000    84    1    0           1    0     84      5     84      3    T0960TS354-D2.pdb:A  SCOP d1du9a_
  397           1          -0  1.798e+308     0.000    84    1    0           1    0     84      5     84      3    T0960TS354-D2.pdb:A  SCOP d1ov9a_
  398           1          -0  1.798e+308     0.000    84    1    0           1    0     84      5     84      4    T0960TS354-D2.pdb:A  SCOP d1j5ja_
  399           1          -0  1.798e+308     0.000    84    1    0           1    0     84      5     84      4    T0960TS354-D2.pdb:A  SCOP d1lgla_
  400           1          -0  1.798e+308     0.000    84    1    0           1    0     84      5     84      3    T0960TS354-D2.pdb:A  SCOP d1ni8a_
  401           1          -0  1.798e+308     0.000    84    1    0           1    0     84      5     84      3    T0960TS354-D2.pdb:A  SCOP d1iiea_
  402           1          -0  1.798e+308     0.000    84    1    0           1    0     84      5     84      2    T0960TS354-D2.pdb:A  SCOP d1rqta_
  403           1          -0  1.798e+308     0.000    84    1    0           1    0     84      5     84      1    T0960TS354-D2.pdb:A  SCOP d1ryva_
  404           1          -0  1.798e+308     0.000    84    1    0           1    0     84      5     84      2    T0960TS354-D2.pdb:A  SCOP d1niya_
  405           1          -0  1.798e+308     0.000    84    1    0           1    0     84      5     84      2    T0960TS354-D2.pdb:A  SCOP d1qk7a_
  406           1          -0  1.798e+308     0.000    84    1    0           1    0     84      5     84      2    T0960TS354-D2.pdb:A  SCOP d1la4a_
  407           1          -0  1.798e+308     0.000    84    1    0           1    0     84      5     84      2    T0960TS354-D2.pdb:A  SCOP d1d1ha_
  408           1          -0  1.798e+308     0.000    84    1    0           1    0     84      5     84      2    T0960TS354-D2.pdb:A  SCOP d1tyka_
  409           1          -0  1.798e+308     0.000    84    1    0           1    0     84      5     84      2    T0960TS354-D2.pdb:A  SCOP d1lu8a_
  410           1          -0  1.798e+308     0.000    84    1    0           1    0     84      5     84      2    T0960TS354-D2.pdb:A  SCOP d1lmma_
  411           1          -0  1.798e+308     0.000    84    1    0           1    0     84      5     84      3    T0960TS354-D2.pdb:A  SCOP d1c6wa_
  412           1          -0  1.798e+308     0.000    84    1    0           1    0     84      5     84      3    T0960TS354-D2.pdb:A  SCOP d1cixa_
  413           1          -0  1.798e+308     0.000    84    1    0           1    0     84      5     84      2    T0960TS354-D2.pdb:A  SCOP d1i26a_
  414           1          -0  1.798e+308     0.000    84    1    0           1    0     84      5     84      2    T0960TS354-D2.pdb:A  SCOP d1lmra_
  415           1          -0  1.798e+308     0.000    84    1    0           1    0     84      5     84      2    T0960TS354-D2.pdb:A  SCOP d1ju8a_
  416           1          -0  1.798e+308     0.000    84    1    0           1    0     84      5     84      4    T0960TS354-D2.pdb:A  SCOP d1p8ba_
  417           1          -0  1.798e+308     0.000    84    1    0           1    0     84      5     84      3    T0960TS354-D2.pdb:A  SCOP d1xj1a_
  418           1          -0  1.798e+308     0.000    84    1    0           1    0     84      5     84      3    T0960TS354-D2.pdb:A  SCOP d1xi7a_
  419           1          -0  1.798e+308     0.000    84    1    0           1    0     84      5     84      3    T0960TS354-D2.pdb:A  SCOP d1jzaa_
  420           1          -0  1.798e+308     0.000    84    1    0           1    0     84      5     84      3    T0960TS354-D2.pdb:A  SCOP d1jzba_
  421           1          -0  1.798e+308     0.000    84    1    0           1    0     84      5     84      3    T0960TS354-D2.pdb:A  SCOP d2sn3a_
  422           1          -0  1.798e+308     0.000    84    1    0           1    0     84      5     84      4    T0960TS354-D2.pdb:A  SCOP d2b3ca_
  423           1          -0  1.798e+308     0.000    84    1    0           1    0     84      5     84      4    T0960TS354-D2.pdb:A  SCOP d1b3ca_
  424           1          -0  1.798e+308     0.000    84    1    0           1    0     84      5     84      4    T0960TS354-D2.pdb:A  SCOP d1vnba_
  425           1          -0  1.798e+308     0.000    84    1    0           1    0     84      5     84      4    T0960TS354-D2.pdb:A  SCOP d1vnaa_
  426           1          -0  1.798e+308     0.000    84    1    0           1    0     84      5     84      4    T0960TS354-D2.pdb:A  SCOP d1nraa_
  427           1          -0  1.798e+308     0.000    84    1    0           1    0     84      5     84      4    T0960TS354-D2.pdb:A  SCOP d1nrba_
  428           1          -0  1.798e+308     0.000    84    1    0           1    0     84      5     84      4    T0960TS354-D2.pdb:A  SCOP d1ahoa_
  429           1          -0  1.798e+308     0.000    84    1    0           1    0     84      5     84      4    T0960TS354-D2.pdb:A  SCOP d1ptxa_
  430           1          -0  1.798e+308     0.000    84    1    0           1    0     84      5     84      4    T0960TS354-D2.pdb:A  SCOP d1sega_
  431           1          -0  1.798e+308     0.000    84    1    0           1    0     84      5     84      3    T0960TS354-D2.pdb:A  SCOP d1cn2a_
  432           1          -0  1.798e+308     0.000    84    1    0           1    0     84      5     84      4    T0960TS354-D2.pdb:A  SCOP d1snba_
  433           1          -0  1.798e+308     0.000    84    1    0           1    0     84      5     84      4    T0960TS354-D2.pdb:A  SCOP d1djta_
  434           1          -0  1.798e+308     0.000    84    1    0           1    0     84      5     84      4    T0960TS354-D2.pdb:A  SCOP d1px9a_
  435           1          -0  1.798e+308     0.000    84    1    0           1    0     84      5     84      4    T0960TS354-D2.pdb:A  SCOP d1ne5a_
  436           1          -0  1.798e+308     0.000    84    1    0           1    0     84      5     84      1    T0960TS354-D2.pdb:A  SCOP d1pvza_
  437           1          -0  1.798e+308     0.000    84    1    0           1    0     84      5     84      3    T0960TS354-D2.pdb:A  SCOP d1wm7a_
  438           1          -0  1.798e+308     0.000    84    1    0           1    0     84      5     84      3    T0960TS354-D2.pdb:A  SCOP d1wmta_
  439           1          -0  1.798e+308     0.000    84    1    0           1    0     84      5     84      3    T0960TS354-D2.pdb:A  SCOP d1fjna_
  440           1          -0  1.798e+308     0.000    84    1    0           1    0     84      5     84      4    T0960TS354-D2.pdb:A  SCOP d1i2ua_
  441           1          -0  1.798e+308     0.000    84    1    0           1    0     84      5     84      3    T0960TS354-D2.pdb:A  SCOP d1i2va_
  442           1          -0  1.798e+308     0.000    84    1    0           1    0     84      5     84      3    T0960TS354-D2.pdb:A  SCOP d1p0aa_
  443           1          -0  1.798e+308     0.000    84    1    0           1    0     84      5     84      4    T0960TS354-D2.pdb:A  SCOP d1ozza_
  444           1          -0  1.798e+308     0.000    84    1    0           1    0     84      5     84      4    T0960TS354-D2.pdb:A  SCOP d1p00a_
  445           1          -0  1.798e+308     0.000    84    1    0           1    0     84      5     84      3    T0960TS354-D2.pdb:A  SCOP d1myna_
  446           1          -0  1.798e+308     0.000    84    1    0           1    0     84      5     84      1    T0960TS354-D2.pdb:A  SCOP d1icaa_
  447           1          -0  1.798e+308     0.000    84    1    0           1    0     84      5     84      3    T0960TS354-D2.pdb:A  SCOP d1l4va_
  448           1          -0  1.798e+308     0.000    84    1    0           1    0     84      5     84      3    T0960TS354-D2.pdb:A  SCOP d1mm0a_
  449           1          -0  1.798e+308     0.000    84    1    0           1    0     84      5     84      4    T0960TS354-D2.pdb:A  SCOP d1gpta_
  450           1          -0  1.798e+308     0.000    84    1    0           1    0     84      5     84      5    T0960TS354-D2.pdb:A  SCOP d1ny9a_
  451           1          -0  1.798e+308     0.000    84    1    0           1    0     84      5     84      4    T0960TS354-D2.pdb:A  SCOP d1gpsa_
  452           1          -0  1.798e+308     0.000    84    1    0           1    0     84      5     84      4    T0960TS354-D2.pdb:A  SCOP d1mr4a_
  453           1          -0  1.798e+308     0.000    84    1    0           1    0     84      5     84      4    T0960TS354-D2.pdb:A  SCOP d1n4na_
  454           1          -0  1.798e+308     0.000    84    1    0           1    0     84      5     84      4    T0960TS354-D2.pdb:A  SCOP d1ayja_
  455           1          -0  1.798e+308     0.000    84    1    0           1    0     84      5     84      4    T0960TS354-D2.pdb:A  SCOP d1bk8a_
  456           1          -0  1.798e+308     0.000    84    1    0           1    0     84      5     84      4    T0960TS354-D2.pdb:A  SCOP d1jkza_
  457           1          -0  1.798e+308     0.000    84    1    0           1    0     84      5     84      4    T0960TS354-D2.pdb:A  SCOP d1brza_
  458           1          -0  1.798e+308     0.000    84    1    0           1    0     84      5     84      4    T0960TS354-D2.pdb:A  SCOP d2brza_
  459           1          -0  1.798e+308     0.000    84    1    0           1    0     84      5     84      5    T0960TS354-D2.pdb:A  SCOP d1g7da_
  460           1          -0  1.798e+308     0.000    84    1    0           1    0     84      5     84      1    T0960TS354-D2.pdb:A  SCOP d1ugla_
  461           1          -0  1.798e+308     0.000    84    1    0           1    0     84      5     84      5    T0960TS354-D2.pdb:A  SCOP d1bo9a_
  462           1          -0  1.798e+308     0.000    84    1    0           1    0     84      5     84      3    T0960TS354-D2.pdb:A  SCOP d1cbha_
  463           1          -0  1.798e+308     0.000    84    1    0           1    0     84      5     84      2    T0960TS354-D2.pdb:A  SCOP d1azja_
  464           1          -0  1.798e+308     0.000    84    1    0           1    0     84      5     84      2    T0960TS354-D2.pdb:A  SCOP d1az6a_
  465           1          -0  1.798e+308     0.000    84    1    0           1    0     84      5     84      3    T0960TS354-D2.pdb:A  SCOP d1hp2a_
  466           1          -0  1.798e+308     0.000    84    1    0           1    0     84      5     84      3    T0960TS354-D2.pdb:A  SCOP d1jlza_
  467           1          -0  1.798e+308     0.000    84    1    0           1    0     84      5     84      3    T0960TS354-D2.pdb:A  SCOP d1r1ga_
  468           1          -0  1.798e+308     0.000    84    1    0           1    0     84      5     84      3    T0960TS354-D2.pdb:A  SCOP d1q2ka_
  469           1          -0  1.798e+308     0.000    84    1    0           1    0     84      5     84      3    T0960TS354-D2.pdb:A  SCOP d1hlya_
  470           1          -0  1.798e+308     0.000    84    1    0           1    0     84      5     84      3    T0960TS354-D2.pdb:A  SCOP d1mtxa_
  471           1          -0  1.798e+308     0.000    84    1    0           1    0     84      5     84      3    T0960TS354-D2.pdb:A  SCOP d1sxma_
  472           1          -0  1.798e+308     0.000    84    1    0           1    0     84      5     84      1    T0960TS354-D2.pdb:A  SCOP d1txma_
  473           1          -0  1.798e+308     0.000    84    1    0           1    0     84      5     84      3    T0960TS354-D2.pdb:A  SCOP d1wt7a_
  474           1          -0  1.798e+308     0.000    84    1    0           1    0     84      5     84      1    T0960TS354-D2.pdb:A  SCOP d1wpda_
  475           1          -0  1.798e+308     0.000    84    1    0           1    0     84      5     84      3    T0960TS354-D2.pdb:A  SCOP d2crda_
  476           1          -0  1.798e+308     0.000    84    1    0           1    0     84      5     84      1    T0960TS354-D2.pdb:A  SCOP d1baha_
  477           1          -0  1.798e+308     0.000    84    1    0           1    0     84      5     84      3    T0960TS354-D2.pdb:A  SCOP d1scya_
  478           1          -0  1.798e+308     0.000    84    1    0           1    0     84      5     84      3    T0960TS354-D2.pdb:A  SCOP d1agta_
  479           1          -0  1.798e+308     0.000    84    1    0           1    0     84      5     84      3    T0960TS354-D2.pdb:A  SCOP d1chla_
  480           1          -0  1.798e+308     0.000    84    1    0           1    0     84      5     84      4    T0960TS354-D2.pdb:A  SCOP d1c55a_
  481           1          -0  1.798e+308     0.000    84    1    0           1    0     84      5     84      3    T0960TS354-D2.pdb:A  SCOP d1c56a_
  482           1          -0  1.798e+308     0.000    84    1    0           1    0     84      5     84      3    T0960TS354-D2.pdb:A  SCOP d1tska_
  483           1          -0  1.798e+308     0.000    84    1    0           1    0     84      5     84      3    T0960TS354-D2.pdb:A  SCOP d1sisa_
  484           1          -0  1.798e+308     0.000    84    1    0           1    0     84      5     84      3    T0960TS354-D2.pdb:A  SCOP d1pnha_
  485           1          -0  1.798e+308     0.000    84    1    0           1    0     84      5     84      3    T0960TS354-D2.pdb:A  SCOP d1acwa_
  486           1          -0  1.798e+308     0.000    84    1    0           1    0     84      5     84      4    T0960TS354-D2.pdb:A  SCOP d1scoa_
  487           1          -0  1.798e+308     0.000    84    1    0           1    0     84      5     84      3    T0960TS354-D2.pdb:A  SCOP d2ktxa_
  488           1          -0  1.798e+308     0.000    84    1    0           1    0     84      5     84      1    T0960TS354-D2.pdb:A  SCOP d1ktxa_
  489           1          -0  1.798e+308     0.000    84    1    0           1    0     84      5     84      3    T0960TS354-D2.pdb:A  SCOP d1lira_
  490           1          -0  1.798e+308     0.000    84    1    0           1    0     84      5     84      3    T0960TS354-D2.pdb:A  SCOP d2ptaa_
  491           1          -0  1.798e+308     0.000    84    1    0           1    0     84      5     84      3    T0960TS354-D2.pdb:A  SCOP d1c49a_
  492           1          -0  1.798e+308     0.000    84    1    0           1    0     84      5     84      3    T0960TS354-D2.pdb:A  SCOP d1n8ma_
  493           1          -0  1.798e+308     0.000    84    1    0           1    0     84      5     84      3    T0960TS354-D2.pdb:A  SCOP d1pjva_
  494           1          -0  1.798e+308     0.000    84    1    0           1    0     84      5     84      3    T0960TS354-D2.pdb:A  SCOP d1qkya_
