<html><head></head><body><pre style="word-wrap: break-word; white-space: pre-wrap;"> PDBe Fold v2.59. (src3) 14 Apr 2014 result file.

                   RESULT SUMMARY

   ##      Q-score      P-score     Z-score   RMSD    Nalgn Nsse Ngaps Seq-%     Nmd Nres-Q Nsse-Q Nres-T Nsse-T Query Target
    1      0.4509          -0       1.655     1.322   215    5   16       0.986    0    293     21    293     24    T0975TS354-D1.pdb:A  SCOP d1n8pa_
    2      0.2486          -0      0.6036     2.462   189    5   13      0.9365    0    293     21    293     18    T0975TS354-D1.pdb:A  SCOP d2dpma_
    3      0.2275          -0      0.9695     2.981   197    5   12      0.9695    0    293     21    293     19    T0975TS354-D1.pdb:A  SCOP d1rv8a_
    4      0.2232          -0       2.205     2.724   187    5   11      0.9733    0    293     21    293     17    T0975TS354-D1.pdb:A  SCOP d1xcja_
    5      0.1942          -0     0.07777     2.745   175    5   15      0.9543    0    293     21    293     17    T0975TS354-D1.pdb:A  SCOP d1o9ga_
    6      0.1878          -0       2.127     3.048   181    5   10      0.9337    0    293     21    293     16    T0975TS354-D1.pdb:A  SCOP d1rmqa_
    7      0.1878          -0       2.262     3.048   181    5   10      0.9337    0    293     21    293     16    T0975TS354-D1.pdb:A  SCOP d1n9ka_
    8      0.1878          -0       2.127     3.048   181    5   10      0.9337    0    293     21    293     16    T0975TS354-D1.pdb:A  SCOP d1n8na_
    9      0.1869          -0      0.4728     2.467   164    5   11       0.939    0    293     21    293     18    T0975TS354-D1.pdb:A  SCOP d1a4ua_
   10      0.1816          -0       0.632     3.279   185    5   13      0.9351    0    293     21    293     24    T0975TS354-D1.pdb:A  SCOP d1n7wa_
   11      0.1813          -0       1.829     3.541   193    5   12      0.9482    0    293     21    293     25    T0975TS354-D1.pdb:A  SCOP d1b8ga_
   12      0.1802          -0       1.455     3.072   178    5   11      0.9326    0    293     21    293     16    T0975TS354-D1.pdb:A  SCOP d1rmya_
   13      0.1792          -0      0.6213     3.288   184    5   13      0.9348    0    293     21    293     24    T0975TS354-D1.pdb:A  SCOP d1n84a_
   14      0.1792          -0      0.6213     3.288   184    5   13      0.9348    0    293     21    293     25    T0975TS354-D1.pdb:A  SCOP d1a8ea_
   15      0.1777          -0       1.455     3.080   177    5   11      0.9322    0    293     21    293     16    T0975TS354-D1.pdb:A  SCOP d1rmta_
   16      0.1774          -0      0.6428     3.318   184    5   13      0.9348    0    293     21    293     25    T0975TS354-D1.pdb:A  SCOP d1d4na_
   17      0.1743          -0      0.6213     3.305   182    5   13      0.9341    0    293     21    293     25    T0975TS354-D1.pdb:A  SCOP d1a8fa_
   18      0.1736          -0    0.003401     2.504   159    5   12      0.9371    0    293     21    293     18    T0975TS354-D1.pdb:A  SCOP d1b2la_
   19      0.1664          -0    0.001425     3.512   184    5   17      0.9076    0    293     21    293     24    T0975TS354-D1.pdb:A  SCOP d1amsa_
   20      0.1622          -0      0.4601     3.040   168    5   13      0.9583    0    293     21    293     16    T0975TS354-D1.pdb:A  SCOP d1n5da_
   21      0.1227          -0      0.3844     4.179   176    5   14       0.875    0    293     21    293     17    T0975TS354-D1.pdb:A  SCOP d1oupa_
   22      0.1177          -0      0.4601     3.831   163    5   12      0.9509    0    293     21    293     15    T0975TS354-D1.pdb:A  SCOP d1kdra_
   23      0.1171          -0   9.537e-06     3.845   163    5   10      0.9264    0    293     21    293     19    T0975TS354-D1.pdb:A  SCOP d1a53a_
   24      0.1171          -0   9.537e-06     3.845   163    5   10      0.9264    0    293     21    293     19    T0975TS354-D1.pdb:A  SCOP d1lbfa_
   25      0.1171          -0   9.537e-06     3.845   163    5   10      0.9264    0    293     21    293     19    T0975TS354-D1.pdb:A  SCOP d1juka_
   26      0.1171          -0   9.537e-06     3.845   163    5   10      0.9264    0    293     21    293     19    T0975TS354-D1.pdb:A  SCOP d1lbla_
   27      0.1168          -0       1.315     3.545   155    5   10      0.9484    0    293     21    293     18    T0975TS354-D1.pdb:A  SCOP d1nbaa_
   28      0.1153          -0   9.537e-06     3.856   162    5   10      0.9259    0    293     21    293     19    T0975TS354-D1.pdb:A  SCOP d1igsa_
   29      0.1139          -0      0.4601     3.854   161    5   12      0.9503    0    293     21    293     16    T0975TS354-D1.pdb:A  SCOP d2cmka_
   30       0.106          -0       0.056     3.801   154    5   13      0.9221    0    293     21    293     25    T0975TS354-D1.pdb:A  SCOP d1v2ea_
   31      0.1024          -0   1.907e-06     4.536   170    5   12         0.9    0    293     21    293     22    T0975TS354-D1.pdb:A  SCOP d1t41a_
   32      0.1024          -0     0.01342     4.536   170    5   12         0.9    0    293     21    293     23    T0975TS354-D1.pdb:A  SCOP d2acqa_
   33      0.1008          -0   0.0002842     4.549   169    5   13      0.8994    0    293     21    293     23    T0975TS354-D1.pdb:A  SCOP d1ah3a_
   34      0.1008          -0   0.0002842     4.549   169    5   13      0.8994    0    293     21    293     23    T0975TS354-D1.pdb:A  SCOP d1ah0a_
   35      0.1008          -0   0.0002842     4.550   169    5   12      0.8994    0    293     21    293     22    T0975TS354-D1.pdb:A  SCOP d1t40a_
   36      0.1008          -0   0.0002842     4.550   169    5   12      0.8994    0    293     21    293     22    T0975TS354-D1.pdb:A  SCOP d1x96a_
   37      0.1008          -0   1.907e-06     4.550   169    5   12      0.8994    0    293     21    293     22    T0975TS354-D1.pdb:A  SCOP d1pwla_
   38      0.1008          -0   0.0002842     4.550   169    5   12      0.8994    0    293     21    293     23    T0975TS354-D1.pdb:A  SCOP d1adsa_
   39      0.1008          -0   0.0002842     4.550   169    5   12      0.8994    0    293     21    293     24    T0975TS354-D1.pdb:A  SCOP d1pwma_
   40      0.1008          -0   0.0002842     4.550   169    5   12      0.8994    0    293     21    293     22    T0975TS354-D1.pdb:A  SCOP d1el3a_
   41      0.1008          -0   0.0002842     4.550   169    5   12      0.8994    0    293     21    293     22    T0975TS354-D1.pdb:A  SCOP d1az1a_
   42     0.09923          -0   0.0002842     4.563   168    5   12      0.8988    0    293     21    293     22    T0975TS354-D1.pdb:A  SCOP d1x97a_
   43     0.09199          -0     0.01436     3.995   148    5   11      0.9189    0    293     21    293     15    T0975TS354-D1.pdb:A  SCOP d1o9ha_
   44     0.08817          -0   0.0002079     5.076   171    5   12      0.9006    0    293     21    293     22    T0975TS354-D1.pdb:A  SCOP d1ekoa_
   45     0.08677          -0   0.0002079     5.091   170    5   13         0.9    0    293     21    293     23    T0975TS354-D1.pdb:A  SCOP d1ah4a_
   46     0.08566          -0   5.722e-06     4.517   155    5   12      0.8774    0    293     21    293     19    T0975TS354-D1.pdb:A  SCOP d1nnla_
   47     0.08423          -0    0.003401     3.469   130    5    9      0.8769    0    293     21    293     21    T0975TS354-D1.pdb:A  SCOP d1drta_
   48     0.08423          -0    0.003401     3.469   130    5    9      0.8769    0    293     21    293     24    T0975TS354-D1.pdb:A  SCOP d1gvga_
   49     0.08423          -0    0.003401     3.469   130    5    9      0.8769    0    293     21    293     22    T0975TS354-D1.pdb:A  SCOP d1drya_
   50     0.08104          -0       0.895     3.818   135    5   10      0.8963    0    293     21    293     21    T0975TS354-D1.pdb:A  SCOP d1kyha_
   51     0.07891          -0   8.202e-05     3.282   122    5   10      0.9016    0    293     21    293     22    T0975TS354-D1.pdb:A  SCOP d1wvca_
   52     0.06566          -0     0.00749     3.102   108    5    7      0.8519    0    293     21    293     19    T0975TS354-D1.pdb:A  SCOP d1l5xa_
   53     0.06423          -0      0.9435     4.506   134    5    8      0.9104    0    293     21    293     15    T0975TS354-D1.pdb:A  SCOP d1a0la_
   54     0.06324          -0   1.907e-06     5.085   145    5   12       0.869    0    293     21    293     17    T0975TS354-D1.pdb:A  SCOP d1ta6a_
   55     0.06324          -0   1.907e-06     5.085   145    5   12       0.869    0    293     21    293     17    T0975TS354-D1.pdb:A  SCOP d1ta2a_
   56     0.05774          -0     0.04116     4.808   133    5   13      0.8797    0    293     21    293     22    T0975TS354-D1.pdb:A  SCOP d1ixha_
   57     0.05751          -0      0.7085     4.009   103    5   10      0.8641    0    293     21    226     14    T0975TS354-D1.pdb:A  SCOP d1w77a1
   58     0.04793          -0   0.0002384     5.018   125    5   18       0.696    0    293     21    293     22    T0975TS354-D1.pdb:A  SCOP d1d9qa_
   59      0.0464          -0   9.537e-06     4.569   115    5   10      0.8783    0    293     21    293     21    T0975TS354-D1.pdb:A  SCOP d1tzfa_
   60     0.03511          -0   0.0001316     5.017    81    5   15      0.4568    0    293     21    168     18    T0975TS354-D1.pdb:A  SCOP d2p9pa2
   61     0.03268          -0   0.0001621     5.090    79    5   14      0.4177    0    293     21    168     19    T0975TS354-D1.pdb:A  SCOP d2p9sa2
   62     0.03188          -0   0.0001316     5.001    77    5   13      0.4805    0    293     21    168     19    T0975TS354-D1.pdb:A  SCOP d2p9ka2
   63     0.03138          -0   8.202e-05     4.876    75    5   12      0.5467    0    293     21    168     19    T0975TS354-D1.pdb:A  SCOP d1tyqa2
   64      0.0281          -0   8.202e-05     4.973    72    5   13      0.5278    0    293     21    168     18    T0975TS354-D1.pdb:A  SCOP d1u2va2
   65      0.0281          -0   8.202e-05     4.973    72    5   13      0.5278    0    293     21    168     19    T0975TS354-D1.pdb:A  SCOP d2p9na2
   66      0.0281          -0   8.202e-05     4.973    72    5   13      0.5278    0    293     21    168     19    T0975TS354-D1.pdb:A  SCOP d2p9ua2
   67     0.02529          -0   0.0001965     5.336    72    5   12      0.4722    0    293     21    168     17    T0975TS354-D1.pdb:A  SCOP d2p9ia2
   68     0.01894          -0   2.098e-05     6.546    85    5   10      0.7412    0    293     21    226     18    T0975TS354-D1.pdb:A  SCOP d1vrpa2
   69     0.01475          -0     0.02529     5.851    78    5   11      0.1026    0    293     21    293     19    T0975TS354-D1.pdb:A  SCOP d1vpla_
   70     0.01394          -0      0.1727     4.875    66    5   13      0.1212    0    293     21    293     20    T0975TS354-D1.pdb:A  SCOP d1gz6a_
   71     0.01262          -0    0.001093     5.630    70    5    8      0.4857    0    293     21    293     16    T0975TS354-D1.pdb:A  SCOP d1k4ka_
   72     0.01251          -0   0.0002079     7.477    88    5   17      0.2955    0    293     21    293     18    T0975TS354-D1.pdb:A  SCOP d1nt1a_
   73     0.01251          -0   0.0002079     7.477    88    5   17      0.2955    0    293     21    293     18    T0975TS354-D1.pdb:A  SCOP d1sl3a_
   74     0.01251          -0   0.0002079     7.477    88    5   17      0.2955    0    293     21    293     18    T0975TS354-D1.pdb:A  SCOP d1nm6a_
   75     0.01239          -0      0.6938     4.241    40    5    6           0    0    293     21    147     20    T0975TS354-D1.pdb:A  SCOP d1h93a2
   76     0.01239          -0      0.6938     4.241    40    5    6           0    0    293     21    147     19    T0975TS354-D1.pdb:A  SCOP d1e7ya2
   77     0.01172          -0   5.722e-06     7.151    82    5   16      0.1829    0    293     21    293     14    T0975TS354-D1.pdb:A  SCOP d1q92a_
   78     0.01172          -0   5.722e-06     7.151    82    5   16      0.1829    0    293     21    293     15    T0975TS354-D1.pdb:A  SCOP d1mh9a_
   79     0.01161          -0      0.6079     4.860    37    5    5     0.08108    0    293     21    111     23    T0975TS354-D1.pdb:A  SCOP d1aqfa2
   80     0.01159          -0     0.01011     6.993    80    5   12        0.15    0    293     21    293     21    T0975TS354-D1.pdb:A  SCOP d1f89a_
   81     0.01103          -0     0.01371     6.344    72    5    8     0.06944    0    293     21    293     18    T0975TS354-D1.pdb:A  SCOP d1l2ta_
   82     0.01091          -0     0.04584     6.387    72    5    9      0.4722    0    293     21    293     25    T0975TS354-D1.pdb:A  SCOP d1pmua_
   83     0.01069          -0       0.799     3.129    31    5    5           0    0    293     21    147     19    T0975TS354-D1.pdb:A  SCOP d1h9aa2
   84     0.01059          -0     0.02674     5.780    41    5    7     0.07317    0    293     21    115     15    T0975TS354-D1.pdb:A  SCOP d1pk8a2
   85     0.01038          -0   0.0002079     6.913    75    5   16      0.2533    0    293     21    293     20    T0975TS354-D1.pdb:A  SCOP d1haka_
   86     0.01033          -0     0.01988     5.822    65    5   11      0.1538    0    293     21    293     16    T0975TS354-D1.pdb:A  SCOP d1kdta_
   87     0.01029          -0    0.001425     6.840    74    5   12      0.2838    0    293     21    293     19    T0975TS354-D1.pdb:A  SCOP d1l8la_
   88     0.01003          -0       1.009     4.269    20    5    1           0    0    293     21     45     18    T0975TS354-D1.pdb:A  SCOP d2ahva1
   89     0.01002          -0      0.2054     5.704    63    5    8     0.06349    0    293     21    293     20    T0975TS354-D1.pdb:A  SCOP d1gaja_
   90    0.009924          -0     0.02113     6.989    74    5    9      0.2432    0    293     21    293     22    T0975TS354-D1.pdb:A  SCOP d1sg9a_
   91    0.009732          -0     0.09004     5.953    62    5   12     0.03226    0    293     21    273     23    T0975TS354-D1.pdb:A  SCOP d1l8aa1
   92    0.009712          -0     0.01167     5.934    64    5   11      0.1094    0    293     21    293     21    T0975TS354-D1.pdb:A  SCOP d1nt4a_
   93    0.009664          -0     0.01349     5.123    57    5   11     0.08772    0    293     21    293     25    T0975TS354-D1.pdb:A  SCOP d1kq3a_
   94    0.009543          -0      0.1138     5.905    61    5   11     0.03279    0    293     21    273     23    T0975TS354-D1.pdb:A  SCOP d2g28a2
   95    0.009543          -0      0.1138     5.905    61    5   11     0.03279    0    293     21    273     23    T0975TS354-D1.pdb:A  SCOP d1rp7a2
   96    0.009543          -0      0.1138     5.905    61    5   11     0.03279    0    293     21    273     23    T0975TS354-D1.pdb:A  SCOP d2ieaa2
   97    0.009521          -0    0.002512     6.474    68    5   12     0.05882    0    293     21    293     12    T0975TS354-D1.pdb:A  SCOP d1rlia_
   98    0.009189          -0     0.04057     4.171    23    5    5     0.08696    0    293     21     67     17    T0975TS354-D1.pdb:A  SCOP d1opea1
   99     0.00916          -0     0.03004     7.210    73    5    8       0.274    0    293     21    293     24    T0975TS354-D1.pdb:A  SCOP d1iina_
  100    0.009154          -0     0.02681     7.213    73    5    9      0.2603    0    293     21    293     24    T0975TS354-D1.pdb:A  SCOP d1h5ta_
  101    0.009154          -0     0.02681     7.213    73    5    9      0.2603    0    293     21    293     24    T0975TS354-D1.pdb:A  SCOP d1h5ra_
  102    0.009038          -0     0.07299     5.985    60    5   11        0.05    0    293     21    273     25    T0975TS354-D1.pdb:A  SCOP d2g25a2
  103    0.008987          -0     0.01011     6.655    65    5   12     0.06154    0    293     21    271     17    T0975TS354-D1.pdb:A  SCOP d1h3ba2
  104    0.008987          -0     0.01011     6.655    65    5   12     0.06154    0    293     21    271     17    T0975TS354-D1.pdb:A  SCOP d1h3ca2
  105    0.008987          -0     0.01011     6.655    65    5   12     0.06154    0    293     21    271     16    T0975TS354-D1.pdb:A  SCOP d1h37a2
  106    0.008987          -0    0.008066     6.655    65    5   12     0.06154    0    293     21    271     17    T0975TS354-D1.pdb:A  SCOP d1o6ha2
  107    0.008987          -0    0.009386     6.655    65    5   12     0.06154    0    293     21    271     17    T0975TS354-D1.pdb:A  SCOP d3sqca2
  108    0.008987          -0     0.01011     6.655    65    5   12     0.06154    0    293     21    271     17    T0975TS354-D1.pdb:A  SCOP d1o6ra2
  109    0.008987          -0    0.009386     6.655    65    5   12     0.06154    0    293     21    271     17    T0975TS354-D1.pdb:A  SCOP d1o79a2
  110    0.008987          -0     0.01011     6.655    65    5   12     0.06154    0    293     21    271     17    T0975TS354-D1.pdb:A  SCOP d1h35a2
  111    0.008987          -0     0.01167     6.655    65    5   12     0.06154    0    293     21    271     17    T0975TS354-D1.pdb:A  SCOP d1h3aa2
  112    0.008987          -0     0.01011     6.655    65    5   12     0.06154    0    293     21    271     16    T0975TS354-D1.pdb:A  SCOP d1gsza2
  113    0.008987          -0     0.01011     6.655    65    5   12     0.06154    0    293     21    271     17    T0975TS354-D1.pdb:A  SCOP d1h39a2
  114    0.008987          -0     0.01011     6.655    65    5   12     0.06154    0    293     21    271     17    T0975TS354-D1.pdb:A  SCOP d1o6qa2
  115    0.008987          -0     0.01011     6.655    65    5   12     0.06154    0    293     21    271     17    T0975TS354-D1.pdb:A  SCOP d1h36a2
  116    0.008987          -0    0.009386     6.655    65    5   12     0.06154    0    293     21    271     17    T0975TS354-D1.pdb:A  SCOP d1umpa2
  117    0.008932          -0     0.04719     5.521    58    5   11     0.08621    0    293     21    293     21    T0975TS354-D1.pdb:A  SCOP d2gaw.1
  118     0.00893          -0       0.632     4.896    53    5    7      0.5283    0    293     21    293     19    T0975TS354-D1.pdb:A  SCOP d1omha_
  119    0.008753          -0     0.00746     6.636    64    5   10     0.07812    0    293     21    271     17    T0975TS354-D1.pdb:A  SCOP d1sqca2
  120    0.008638          -0     0.07955     5.890    60    5    9     0.06667    0    293     21    293     23    T0975TS354-D1.pdb:A  SCOP d1rkxa_
  121    0.008614          -0    0.008192     6.996    69    6   12     0.02899    0    293     21    293     21    T0975TS354-D1.pdb:A  SCOP d1hnna_
  122    0.008482          -0     0.01167     6.082    61    5   10     0.09836    0    293     21    293     18    T0975TS354-D1.pdb:A  SCOP d1g9xa_
  123    0.008426          -0     0.00374     6.723    66    5   12     0.06061    0    293     21    293     11    T0975TS354-D1.pdb:A  SCOP d1c05a_
  124    0.008415          -0      0.0887     5.861    48    5    7     0.04167    0    293     21    194     18    T0975TS354-D1.pdb:A  SCOP d1floa2
  125    0.008355          -0   8.202e-05     7.245    70    5   11     0.05714    0    293     21    293     23    T0975TS354-D1.pdb:A  SCOP d1wpma_
  126    0.008347          -0     0.01542     5.759    51    5   10      0.1176    0    293     21    227     20    T0975TS354-D1.pdb:A  SCOP d1xdua2
  127    0.008267          -0     0.00746     6.677    65    5   10     0.01538    0    293     21    293     21    T0975TS354-D1.pdb:A  SCOP d1g6ha_
  128    0.008246          -0     0.01253     5.938    59    5   10      0.1017    0    293     21    293     17    T0975TS354-D1.pdb:A  SCOP d1h65a_
  129    0.008227          -0      0.1271     6.323    62    5   11     0.03226    0    293     21    293     19    T0975TS354-D1.pdb:A  SCOP d1ji0a_
  130    0.008223          -0     0.08949     5.047    52    5   10     0.03846    0    293     21    293     20    T0975TS354-D1.pdb:A  SCOP d1v0ba_
  131    0.008197          -0    0.004946     7.081    68    5   13      0.1324    0    293     21    293     25    T0975TS354-D1.pdb:A  SCOP d3appa_
  132    0.008176          -0     0.07952     4.396    47    5    9     0.04255    0    293     21    293     22    T0975TS354-D1.pdb:A  SCOP d1pzxa_
  133    0.008173          -0     0.04712     6.349    62    5    6     0.04839    0    293     21    293     25    T0975TS354-D1.pdb:A  SCOP d1dkma_
  134    0.008156          -0     0.00746     6.855    66    5    9     0.04545    0    293     21    293     25    T0975TS354-D1.pdb:A  SCOP d1ulha_
  135    0.008112          -0   0.0005817     7.981    75    5   15     0.02667    0    293     21    293     25    T0975TS354-D1.pdb:A  SCOP d1tzja_
  136    0.008112          -0   0.0005817     7.981    75    5   15     0.02667    0    293     21    293     24    T0975TS354-D1.pdb:A  SCOP d1tzka_
  137     0.00804          -0   0.0004406     6.413    62    5   13     0.04839    0    293     21    293     24    T0975TS354-D1.pdb:A  SCOP d3aata_
  138    0.007997          -0   0.0008564     7.308    69    5   14      0.3043    0    293     21    293     19    T0975TS354-D1.pdb:A  SCOP d1nu9a_
  139    0.007988          -0   2.098e-05     6.057    59    5    9      0.3051    0    293     21    293     22    T0975TS354-D1.pdb:A  SCOP d1fpfa_
  140    0.007988          -0   2.098e-05     6.057    59    5    9      0.3051    0    293     21    293     22    T0975TS354-D1.pdb:A  SCOP d1fj9a_
  141    0.007988          -0   2.098e-05     6.057    59    5    9      0.3051    0    293     21    293     22    T0975TS354-D1.pdb:A  SCOP d1fpda_
  142    0.007988          -0   2.098e-05     6.057    59    5    9      0.3051    0    293     21    293     22    T0975TS354-D1.pdb:A  SCOP d1frpa_
  143    0.007988          -0   2.098e-05     6.057    59    5    9      0.3051    0    293     21    293     22    T0975TS354-D1.pdb:A  SCOP d1fpea_
  144    0.007988          -0   2.098e-05     6.057    59    5    9      0.3051    0    293     21    293     22    T0975TS354-D1.pdb:A  SCOP d1fpga_
  145    0.007988          -0   2.098e-05     6.057    59    5    9      0.3051    0    293     21    293     22    T0975TS354-D1.pdb:A  SCOP d1fpla_
  146    0.007988          -0   2.098e-05     6.057    59    5    9      0.3051    0    293     21    293     22    T0975TS354-D1.pdb:A  SCOP d1fpia_
  147    0.007988          -0   2.098e-05     6.057    59    5    9      0.3051    0    293     21    293     22    T0975TS354-D1.pdb:A  SCOP d1rdya_
  148    0.007988          -0   2.098e-05     6.057    59    5    9      0.3051    0    293     21    293     22    T0975TS354-D1.pdb:A  SCOP d1fpja_
  149    0.007988          -0   2.098e-05     6.057    59    5    9      0.3051    0    293     21    293     22    T0975TS354-D1.pdb:A  SCOP d1eyja_
  150    0.007988          -0   2.098e-05     6.057    59    5    9      0.3051    0    293     21    293     22    T0975TS354-D1.pdb:A  SCOP d1eyka_
  151    0.007955          -0       0.956     2.428     9    5    2           0    0    293     21     21     17    T0975TS354-D1.pdb:A  SCOP d1ihua2
  152    0.007954          -0   0.0004864     7.825    73    5   10      0.2466    0    293     21    293     25    T0975TS354-D1.pdb:A  SCOP d1kkpa_
  153    0.007954          -0   0.0004864     7.825    73    5   10      0.2466    0    293     21    293     25    T0975TS354-D1.pdb:A  SCOP d1kkja_
  154    0.007954          -0   0.0004864     7.825    73    5   10      0.2466    0    293     21    293     25    T0975TS354-D1.pdb:A  SCOP d1kl1a_
  155    0.007904          -0       1.441     1.854     8    5    2           0    0    293     21     20     17    T0975TS354-D1.pdb:A  SCOP d1ii9a2
  156    0.007904          -0       1.441     1.854     8    5    2           0    0    293     21     20     17    T0975TS354-D1.pdb:A  SCOP d1f48a2
  157    0.007895          -0      0.1661     5.521    48    5    8     0.04167    0    293     21    227     19    T0975TS354-D1.pdb:A  SCOP d1r00a2
  158    0.007895          -0      0.1661     5.521    48    5    8     0.04167    0    293     21    227     20    T0975TS354-D1.pdb:A  SCOP d1qzza2
  159    0.007836          -0    0.000288     5.871    57    5   10      0.1228    0    293     21    293     21    T0975TS354-D1.pdb:A  SCOP d3a3ha_
  160    0.007836          -0    0.000288     5.871    57    5   10      0.1228    0    293     21    293     21    T0975TS354-D1.pdb:A  SCOP d2a3ha_
  161    0.007836          -0    0.000288     5.871    57    5   10      0.1228    0    293     21    293     21    T0975TS354-D1.pdb:A  SCOP d4a3ha_
  162    0.007816          -0   0.0002842     6.396    61    5   13     0.08197    0    293     21    293     22    T0975TS354-D1.pdb:A  SCOP d1kqya_
  163    0.007784          -0    0.000124     6.026    58    5   14     0.08621    0    293     21    293     22    T0975TS354-D1.pdb:A  SCOP d1kr0a_
  164    0.007784          -0    0.000124     6.026    58    5   14     0.08621    0    293     21    293     22    T0975TS354-D1.pdb:A  SCOP d1lloa_
  165    0.007784          -0    0.000124     6.026    58    5   14     0.08621    0    293     21    293     22    T0975TS354-D1.pdb:A  SCOP d2hvma_
  166    0.007693          -0    0.002348     6.503    59    5   10      0.0339    0    293     21    271     17    T0975TS354-D1.pdb:A  SCOP d2sqca2
  167    0.007682          -0   6.676e-05     6.335    60    5   11        0.05    0    293     21    293     25    T0975TS354-D1.pdb:A  SCOP d1ivra_
  168     0.00765          -0      0.1078     6.052    50    5    8        0.08    0    293     21    220     20    T0975TS354-D1.pdb:A  SCOP d1fp2a2
  169    0.007635          -0      0.4424     3.529    28    5    5     0.03571    0    293     21    147     19    T0975TS354-D1.pdb:A  SCOP d1h9ba2
  170    0.007582          -0   0.0005817     8.042    73    5   13      0.0274    0    293     21    293     24    T0975TS354-D1.pdb:A  SCOP d1tyza_
  171    0.007566          -0      0.1327     4.926    49    5    9     0.02041    0    293     21    293     20    T0975TS354-D1.pdb:A  SCOP d1vywa_
  172    0.007547          -0      0.0282     6.555    53    5    8           0    0    293     21    220     20    T0975TS354-D1.pdb:A  SCOP d1fpxa2
  173    0.007546          -0     0.02979     6.404    60    5    9        0.05    0    293     21    293     21    T0975TS354-D1.pdb:A  SCOP d1lf1a_
  174    0.007463          -0     0.01866     4.973    49    5    7     0.04082    0    293     21    293     23    T0975TS354-D1.pdb:A  SCOP d1agxa_
  175     0.00746          -0   5.913e-05     7.610    69    5    9     0.07246    0    293     21    293     22    T0975TS354-D1.pdb:A  SCOP d1uk8a_
  176     0.00742          -0    0.002859     8.015    72    5    8      0.1389    0    293     21    293     25    T0975TS354-D1.pdb:A  SCOP d1h2la_
  177     0.00742          -0    0.002859     8.015    72    5    8      0.1389    0    293     21    293     25    T0975TS354-D1.pdb:A  SCOP d1mzfa_
  178    0.007349          -0    0.003149     6.922    51    5    6     0.09804    0    293     21    191     14    T0975TS354-D1.pdb:A  SCOP d1luaa1
  179    0.007231          -0   0.0006657     7.877    70    5   12     0.05714    0    293     21    293     19    T0975TS354-D1.pdb:A  SCOP d1doja_
  180    0.007185          -0     0.05057     6.081    44    5    7     0.06818    0    293     21    180     13    T0975TS354-D1.pdb:A  SCOP d8icua4
  181    0.007145          -0   4.387e-05     6.885    62    5    8     0.08065    0    293     21    293     14    T0975TS354-D1.pdb:A  SCOP d1sdoa_
  182    0.007123          -0      0.5529     4.632    28    5    4     0.07143    0    293     21    111     24    T0975TS354-D1.pdb:A  SCOP d1f3wa2
  183    0.007123          -0      0.5529     4.632    28    5    4     0.07143    0    293     21    111     22    T0975TS354-D1.pdb:A  SCOP d1f3xa2
  184    0.007101          -0    0.004427     7.984    48    5    7      0.0625    0    293     21    137     20    T0975TS354-D1.pdb:A  SCOP d1fo4a6
  185    0.007101          -0    0.004427     7.984    48    5    7      0.0625    0    293     21    137     20    T0975TS354-D1.pdb:A  SCOP d1n5xa6
  186    0.007076          -0      0.7235     4.248    27    5    3           0    0    293     21    117     25    T0975TS354-D1.pdb:A  SCOP d2ax3a1
  187    0.007054          -0      0.1078     6.721    49    5    8     0.04082    0    293     21    193     19    T0975TS354-D1.pdb:A  SCOP d1p4ea2
  188    0.007042          -0    0.004148     5.866    54    5   10     0.07407    0    293     21    293     22    T0975TS354-D1.pdb:A  SCOP d1vpva_
  189    0.007021          -0     0.04712     5.250    39    5    9     0.07692    0    293     21    182     18    T0975TS354-D1.pdb:A  SCOP d2fxua2
  190    0.007008          -0   0.0005093     6.697    60    5   12     0.08333    0    293     21    293     17    T0975TS354-D1.pdb:A  SCOP d1tfda_
  191    0.006972          -0    0.002348     7.780    68    5    9      0.1324    0    293     21    293     25    T0975TS354-D1.pdb:A  SCOP d1iz3a_
  192    0.006941          -0   0.0006657     6.601    59    5   10      0.0339    0    293     21    293     18    T0975TS354-D1.pdb:A  SCOP d1atja_
  193     0.00693          -0   0.0007572     6.608    59    5   10     0.05085    0    293     21    293     17    T0975TS354-D1.pdb:A  SCOP d4atja_
  194     0.00692          -0      0.6633     4.489    27    5    4     0.03704    0    293     21    111     24    T0975TS354-D1.pdb:A  SCOP d1pkna2
  195    0.006907          -0    0.004946     7.822    68    5    9     0.07353    0    293     21    293     25    T0975TS354-D1.pdb:A  SCOP d1h2ma_
  196    0.006907          -0    0.004946     7.822    68    5    9     0.07353    0    293     21    293     25    T0975TS354-D1.pdb:A  SCOP d1h2na_
  197    0.006907          -0    0.004534     7.822    68    5    9     0.07353    0    293     21    293     25    T0975TS354-D1.pdb:A  SCOP d1h2ka_
  198    0.006839          -0    0.002512     6.251    56    5    9      0.1429    0    293     21    293     19    T0975TS354-D1.pdb:A  SCOP d1i6ka_
  199    0.006818          -0     0.01349     5.708    52    5    8      0.1538    0    293     21    293     16    T0975TS354-D1.pdb:A  SCOP d1kdoa_
  200    0.006818          -0     0.01349     5.708    52    5    8      0.1538    0    293     21    293     15    T0975TS354-D1.pdb:A  SCOP d1kdpa_
  201    0.006804          -0     0.02707     5.715    52    5   10     0.01923    0    293     21    293     23    T0975TS354-D1.pdb:A  SCOP d1jjo.1
  202    0.006783          -0   0.0006657     6.557    58    5   10     0.03448    0    293     21    293     17    T0975TS354-D1.pdb:A  SCOP d3atja_
  203    0.006783          -0   0.0005817     6.557    58    5   10     0.03448    0    293     21    293     17    T0975TS354-D1.pdb:A  SCOP d1gx2a_
  204    0.006783          -0   0.0006657     6.557    58    5   10     0.03448    0    293     21    293     17    T0975TS354-D1.pdb:A  SCOP d2atja_
  205    0.006753          -0   4.005e-05     7.522    65    5   12     0.07692    0    293     21    293     22    T0975TS354-D1.pdb:A  SCOP d1ukaa_
  206    0.006753          -0   4.768e-05     7.522    65    5   12     0.07692    0    293     21    293     22    T0975TS354-D1.pdb:A  SCOP d1uk9a_
  207     0.00675          -0       0.515     5.585    37    5    5     0.02703    0    293     21    155     14    T0975TS354-D1.pdb:A  SCOP d2c5sa1
  208    0.006732          -0    0.003511     8.337    71    5   10     0.07042    0    293     21    293     24    T0975TS354-D1.pdb:A  SCOP d1k20a_
  209    0.006696          -0   0.0005093     6.054    54    5    7     0.07407    0    293     21    293     19    T0975TS354-D1.pdb:A  SCOP d1oe5a_
  210    0.006645          -0   2.861e-05     6.083    54    5   11      0.2222    0    293     21    293     23    T0975TS354-D1.pdb:A  SCOP d1q9da_
  211    0.006634          -0   0.0005817     6.089    54    5    7     0.07407    0    293     21    293     17    T0975TS354-D1.pdb:A  SCOP d1oe6a_
  212    0.006634          -0   0.0005817     6.089    54    5    7     0.07407    0    293     21    293     20    T0975TS354-D1.pdb:A  SCOP d1oe4a_
  213    0.006629          -0    0.002119     7.739    66    5   10      0.1818    0    293     21    293     21    T0975TS354-D1.pdb:A  SCOP d1tsya_
  214    0.006617          -0    0.006914     6.903    47    5    7      0.1064    0    293     21    181     15    T0975TS354-D1.pdb:A  SCOP d2hxva1
  215    0.006612          -0   6.294e-05     8.020    68    5   11     0.08824    0    293     21    293     25    T0975TS354-D1.pdb:A  SCOP d1eqba_
  216    0.006557          -0       0.404     4.067    17    5    3      0.1176    0    293     21     53     14    T0975TS354-D1.pdb:A  SCOP d1zh8a1
  217    0.006534          -0     0.01278     6.983    60    5    9     0.08333    0    293     21    293     25    T0975TS354-D1.pdb:A  SCOP d1w0da_
  218    0.006512          -0     0.09447     5.590    50    5    8        0.08    0    293     21    293     23    T0975TS354-D1.pdb:A  SCOP d1f2t.1
  219    0.006502          -0      0.2034     5.306    48    5    9     0.08333    0    293     21    293     18    T0975TS354-D1.pdb:A  SCOP d1llna_
  220      0.0065          -0   0.0007572     6.727    58    5   12     0.08621    0    293     21    293     22    T0975TS354-D1.pdb:A  SCOP d1kr1a_
  221    0.006489          -0     0.02519     6.032    53    5    8      0.1132    0    293     21    293     22    T0975TS354-D1.pdb:A  SCOP d1hp0a_
  222    0.006489          -0     0.02519     6.032    53    5    8      0.1132    0    293     21    293     22    T0975TS354-D1.pdb:A  SCOP d1r4fa_
  223    0.006486          -0     0.02378     6.175    54    5    9      0.1667    0    293     21    293     21    T0975TS354-D1.pdb:A  SCOP d1krma_
  224     0.00648          -0     0.02883     6.037    53    5   10     0.07547    0    293     21    293     20    T0975TS354-D1.pdb:A  SCOP d2gac.1
  225    0.006472          -0      0.0126     6.465    56    5    9       0.125    0    293     21    293     21    T0975TS354-D1.pdb:A  SCOP d1qi0a_
  226    0.006472          -0      0.0126     6.465    56    5    9       0.125    0    293     21    293     21    T0975TS354-D1.pdb:A  SCOP d1qhza_
  227    0.006472          -0      0.0126     6.465    56    5    9       0.125    0    293     21    293     21    T0975TS354-D1.pdb:A  SCOP d1qi2a_
  228    0.006472          -0      0.0126     6.465    56    5    9       0.125    0    293     21    293     21    T0975TS354-D1.pdb:A  SCOP d1h5va_
  229    0.006471          -0       1.567     3.287    11    5    0           0    0    293     21     29     15    T0975TS354-D1.pdb:A  SCOP d1o9la2
  230    0.006448          -0   0.0004063     7.452    63    5   10     0.06349    0    293     21    293     22    T0975TS354-D1.pdb:A  SCOP d1c9wa_
  231     0.00642          -0    0.001951     6.423    50    5   12           0    0    293     21    238     24    T0975TS354-D1.pdb:A  SCOP d1ehaa3
  232    0.006416          -0     0.03145     6.780    58    5    9     0.08621    0    293     21    293     11    T0975TS354-D1.pdb:A  SCOP d1c06a_
  233    0.006416          -0    0.001268     7.059    60    5    7     0.06667    0    293     21    293     15    T0975TS354-D1.pdb:A  SCOP d1e6wa_
  234    0.006415          -0   3.624e-05     7.034    53    5   12      0.0566    0    293     21    230     21    T0975TS354-D1.pdb:A  SCOP d1tw3a2
  235    0.006363          -0    0.000288     5.819    51    5    9      0.1373    0    293     21    293     21    T0975TS354-D1.pdb:A  SCOP d7a3ha_
  236    0.006363          -0    0.000288     5.819    51    5    9      0.1373    0    293     21    293     21    T0975TS354-D1.pdb:A  SCOP d5a3ha_
  237    0.006363          -0    0.000288     5.819    51    5    9      0.1373    0    293     21    293     21    T0975TS354-D1.pdb:A  SCOP d1ocqa_
  238    0.006363          -0    0.000288     5.819    51    5    9      0.1373    0    293     21    293     22    T0975TS354-D1.pdb:A  SCOP d1w3la_
  239    0.006363          -0    0.000288     5.819    51    5    9      0.1373    0    293     21    293     21    T0975TS354-D1.pdb:A  SCOP d1a3ha_
  240    0.006363          -0    0.000288     5.819    51    5    9      0.1373    0    293     21    293     21    T0975TS354-D1.pdb:A  SCOP d1h11a_
  241    0.006363          -0    0.000288     5.819    51    5    9      0.1373    0    293     21    293     21    T0975TS354-D1.pdb:A  SCOP d1w3ka_
  242    0.006363          -0    0.000288     5.819    51    5    9      0.1373    0    293     21    293     21    T0975TS354-D1.pdb:A  SCOP d8a3ha_
  243    0.006363          -0    0.000288     5.819    51    5    9      0.1373    0    293     21    293     21    T0975TS354-D1.pdb:A  SCOP d1hf6a_
  244    0.006363          -0    0.000288     5.819    51    5    9      0.1373    0    293     21    293     21    T0975TS354-D1.pdb:A  SCOP d1h2ja_
  245    0.006299          -0      0.1042     5.375    42    5    8     0.07143    0    293     21    227     18    T0975TS354-D1.pdb:A  SCOP d1xdsa2
  246    0.006282          -0     0.00308     6.725    57    5   10      0.1053    0    293     21    293     21    T0975TS354-D1.pdb:A  SCOP d1q9ha_
  247     0.00619          -0     0.01153     8.427    47    5    5     0.06383    0    293     21    137     20    T0975TS354-D1.pdb:A  SCOP d1vdva6
  248    0.006147          -0    0.004148     8.053    51    5    6     0.05882    0    293     21    176     14    T0975TS354-D1.pdb:A  SCOP d1zbsa1
  249    0.006138          -0     0.06648     5.209    46    5   10     0.02174    0    293     21    293     21    T0975TS354-D1.pdb:A  SCOP d1ki3a_
  250    0.006123          -0     0.02112     6.542    55    5    7     0.09091    0    293     21    293     21    T0975TS354-D1.pdb:A  SCOP d1skma_
  251    0.006111          -0    0.005461     7.391    48    5    7     0.08333    0    293     21    182     17    T0975TS354-D1.pdb:A  SCOP d2a42a2
  252    0.006111          -0    0.005461     7.391    48    5    7     0.08333    0    293     21    182     17    T0975TS354-D1.pdb:A  SCOP d2a3za2
  253    0.006078          -0     0.06391     8.311    47    5    8     0.06383    0    293     21    143     21    T0975TS354-D1.pdb:A  SCOP d2anja1
  254    0.006046          -0     0.05417     5.020    35    5    9     0.05714    0    293     21    182     18    T0975TS354-D1.pdb:A  SCOP d1j6za2
  255    0.006044          -0     0.03152     5.263    46    5   10     0.04348    0    293     21    293     21    T0975TS354-D1.pdb:A  SCOP d1ki8a_
  256    0.006044          -0     0.03152     5.263    46    5   10     0.04348    0    293     21    293     20    T0975TS354-D1.pdb:A  SCOP d1p7ca_
  257    0.005997          -0   0.0001011     5.592    48    5   10     0.04167    0    293     21    293     24    T0975TS354-D1.pdb:A  SCOP d1fbda_
  258    0.005948          -0    0.003202     7.665    62    5    8     0.04839    0    293     21    293     22    T0975TS354-D1.pdb:A  SCOP d1j31a_
  259    0.005942          -0   0.0006657     7.288    52    5    9     0.05769    0    293     21    225     18    T0975TS354-D1.pdb:A  SCOP d1e8ca3
  260     0.00594          -0      0.5431     5.476    47    5    7      0.1064    0    293     21    293     25    T0975TS354-D1.pdb:A  SCOP d1i79.1
  261     0.00594          -0      0.5431     5.476    47    5    7      0.1064    0    293     21    293     25    T0975TS354-D1.pdb:A  SCOP d1i72.1
  262     0.00594          -0      0.5431     5.476    47    5    7      0.1064    0    293     21    293     25    T0975TS354-D1.pdb:A  SCOP d1i7b.1
  263    0.005901          -0     0.03152     5.347    46    5   10     0.04348    0    293     21    293     21    T0975TS354-D1.pdb:A  SCOP d1ki2a_
  264    0.005901          -0     0.02987     5.347    46    5   10     0.04348    0    293     21    293     21    T0975TS354-D1.pdb:A  SCOP d1ki6a_
  265    0.005901          -0     0.03152     5.347    46    5   10     0.04348    0    293     21    293     21    T0975TS354-D1.pdb:A  SCOP d1ki4a_
  266    0.005901          -0     0.03152     5.347    46    5   10     0.04348    0    293     21    293     21    T0975TS354-D1.pdb:A  SCOP d1qhia_
  267    0.005901          -0     0.03152     5.347    46    5   10     0.04348    0    293     21    293     21    T0975TS354-D1.pdb:A  SCOP d2ki5a_
  268    0.005901          -0     0.03152     5.347    46    5   10     0.04348    0    293     21    293     21    T0975TS354-D1.pdb:A  SCOP d1ki7a_
  269    0.005901          -0     0.03152     5.347    46    5   10     0.04348    0    293     21    293     21    T0975TS354-D1.pdb:A  SCOP d1kima_
  270    0.005855          -0      0.1848     4.607    39    5    7           0    0    293     21    264     25    T0975TS354-D1.pdb:A  SCOP d1wxwa2
  271     0.00584          -0    0.000124     9.136    40    5    5        0.05    0    293     21     91      7    T0975TS354-D1.pdb:A  SCOP d2gjwa2
  272    0.005786          -0    0.001909     6.516    42    5    8     0.02381    0    293     21    182     18    T0975TS354-D1.pdb:A  SCOP d1t44a2
  273    0.005776          -0     0.09378     4.477    40    5    6       0.025    0    293     21    293     23    T0975TS354-D1.pdb:A  SCOP d1i7qa_
  274    0.005771          -0     0.02616     6.483    53    5    8     0.09434    0    293     21    293     21    T0975TS354-D1.pdb:A  SCOP d1onsa_
  275    0.005769          -0     0.09754     7.366    59    5   11      0.0339    0    293     21    293     21    T0975TS354-D1.pdb:A  SCOP d1lbba_
  276    0.005768          -0      0.1958     6.306    50    5   10        0.02    0    293     21    273     23    T0975TS354-D1.pdb:A  SCOP d2g67a2
  277     0.00576          -0   0.0001011     5.739    48    5   10     0.04167    0    293     21    293     22    T0975TS354-D1.pdb:A  SCOP d1fpba_
  278    0.005757          -0     0.03496     7.083    57    5    8     0.05263    0    293     21    293     20    T0975TS354-D1.pdb:A  SCOP d2dnja_
  279    0.005741          -0     0.00181     6.054    50    5    8        0.04    0    293     21    293     12    T0975TS354-D1.pdb:A  SCOP d1flza_
  280    0.005716          -0     0.05564     6.520    53    5    9     0.07547    0    293     21    293     23    T0975TS354-D1.pdb:A  SCOP d1ufka_
  281    0.005705          -0    0.008707     6.677    54    5    8     0.09259    0    293     21    293     21    T0975TS354-D1.pdb:A  SCOP d1hm6a_
  282    0.005684          -0    0.001612     6.243    51    5    9     0.01961    0    293     21    293     21    T0975TS354-D1.pdb:A  SCOP d1hmya_
  283    0.005674          -0     0.04278     5.794    48    5    6      0.0625    0    293     21    293     19    T0975TS354-D1.pdb:A  SCOP d1j2fa_
  284    0.005669          -0     0.04143     6.253    51    5    6     0.01961    0    293     21    293     22    T0975TS354-D1.pdb:A  SCOP d1b0ua_
  285     0.00566          -0   6.676e-05     7.006    56    5    9       0.125    0    293     21    293     20    T0975TS354-D1.pdb:A  SCOP d1n7ja_
  286     0.00566          -0   6.676e-05     7.006    56    5    9       0.125    0    293     21    293     19    T0975TS354-D1.pdb:A  SCOP d1n7ia_
  287    0.005647          -0   0.0005817     8.766    68    5   11     0.05882    0    293     21    293     21    T0975TS354-D1.pdb:A  SCOP d1anwa_
  288    0.005646          -0   0.0002804     7.752    61    5   12     0.06557    0    293     21    293     21    T0975TS354-D1.pdb:A  SCOP d1lcba_
  289    0.005639          -0     0.02519     5.817    48    5    9       0.125    0    293     21    293     25    T0975TS354-D1.pdb:A  SCOP d1tz6a_
  290    0.005638          -0      0.1147     4.747    25    5    4        0.04    0    293     21    108     18    T0975TS354-D1.pdb:A  SCOP d1r31a2
  291    0.005638          -0      0.1147     4.747    25    5    4        0.04    0    293     21    108     18    T0975TS354-D1.pdb:A  SCOP d1r7ia2
  292    0.005638          -0      0.1147     4.747    25    5    4        0.04    0    293     21    108     18    T0975TS354-D1.pdb:A  SCOP d1t02a2
  293    0.005618          -0   0.0001011     5.830    48    5   10     0.04167    0    293     21    293     24    T0975TS354-D1.pdb:A  SCOP d1fpka_
  294    0.005617          -0     0.00358     6.439    52    5   12     0.05769    0    293     21    293     22    T0975TS354-D1.pdb:A  SCOP d1ghra_
  295    0.005591          -0     0.03733     6.758    54    5   11      0.1667    0    293     21    293     23    T0975TS354-D1.pdb:A  SCOP d1wppa_
  296    0.005591          -0      0.1327     6.975    45    5    6     0.04444    0    293     21    193     18    T0975TS354-D1.pdb:A  SCOP d1m6xa2
  297    0.005582          -0    0.005388     8.095    63    5    6     0.06349    0    293     21    293     25    T0975TS354-D1.pdb:A  SCOP d1gvxa_
  298    0.005581          -0      0.5748     5.210    27    5    3     0.07407    0    293     21    111     23    T0975TS354-D1.pdb:A  SCOP d1pkma2
  299    0.005548          -0   0.0007572     6.639    53    5   10      0.0566    0    293     21    293     18    T0975TS354-D1.pdb:A  SCOP d1h5ma_
  300    0.005548          -0   0.0007572     6.639    53    5   10      0.0566    0    293     21    293     17    T0975TS354-D1.pdb:A  SCOP d1h55a_
  301    0.005548          -0   0.0007572     6.639    53    5   10      0.0566    0    293     21    293     18    T0975TS354-D1.pdb:A  SCOP d1h5ha_
  302    0.005548          -0   0.0007572     6.639    53    5   10      0.0566    0    293     21    293     18    T0975TS354-D1.pdb:A  SCOP d1gwua_
  303    0.005548          -0   0.0007572     6.639    53    5   10      0.0566    0    293     21    293     18    T0975TS354-D1.pdb:A  SCOP d6atja_
  304    0.005548          -0   0.0007572     6.639    53    5   10      0.0566    0    293     21    293     18    T0975TS354-D1.pdb:A  SCOP d1h5la_
  305    0.005541          -0     0.01641     6.945    55    5    8           0    0    293     21    293     18    T0975TS354-D1.pdb:A  SCOP d1r18a_
  306    0.005514          -0   1.907e-06     9.029    69    5   11     0.04348    0    293     21    293     20    T0975TS354-D1.pdb:A  SCOP d1w8da_
  307    0.005514          -0   1.907e-06     9.029    69    5   11     0.04348    0    293     21    293     20    T0975TS354-D1.pdb:A  SCOP d1w73a_
  308    0.005514          -0   1.907e-06     9.029    69    5   11     0.04348    0    293     21    293     20    T0975TS354-D1.pdb:A  SCOP d1w6ua_
  309    0.005492          -0    0.005377     6.069    49    5    8     0.02041    0    293     21    293     19    T0975TS354-D1.pdb:A  SCOP d3dnia_
  310    0.005465          -0   0.0008564     6.699    53    5   10      0.0566    0    293     21    293     17    T0975TS354-D1.pdb:A  SCOP d1gwoa_
  311    0.005465          -0   0.0008564     6.699    53    5   10      0.0566    0    293     21    293     17    T0975TS354-D1.pdb:A  SCOP d1gw2a_
  312    0.005465          -0   0.0008564     6.699    53    5   10      0.0566    0    293     21    293     17    T0975TS354-D1.pdb:A  SCOP d1h58a_
  313    0.005465          -0   0.0008564     6.699    53    5   10      0.0566    0    293     21    293     18    T0975TS354-D1.pdb:A  SCOP d1gwta_
  314    0.005457          -0      0.2849     5.938    48    5    6      0.0625    0    293     21    293     23    T0975TS354-D1.pdb:A  SCOP d1vhna_
  315    0.005438          -0    0.004148     7.173    56    5   11     0.03571    0    293     21    293     23    T0975TS354-D1.pdb:A  SCOP d1tz2a_
  316    0.005428          -0   0.0003681     9.702    59    5    6      0.1186    0    293     21    191     14    T0975TS354-D1.pdb:A  SCOP d1lu9a1
  317    0.005416          -0       0.194     4.679    32    5    6      0.0625    0    293     21    188     22    T0975TS354-D1.pdb:A  SCOP d1l9na4
  318    0.005414          -0     0.00746     8.237    63    5    8     0.04762    0    293     21    293     24    T0975TS354-D1.pdb:A  SCOP d1xqda_
  319     0.00539          -0    0.003149     5.897    38    5    9     0.07895    0    293     21    188     16    T0975TS354-D1.pdb:A  SCOP d1jcga2
  320    0.005385          -0     0.07587     6.621    44    5    4     0.04545    0    293     21    209     16    T0975TS354-D1.pdb:A  SCOP d1kywa2
  321    0.005384          -0    0.004946     6.454    51    5    8     0.03922    0    293     21    293     21    T0975TS354-D1.pdb:A  SCOP d1r4qa_
  322    0.005362          -0     0.02384     8.265    43    5    6     0.02326    0    293     21    137     20    T0975TS354-D1.pdb:A  SCOP d1v97a6
  323    0.005346          -0   0.0001469     8.742    66    5   12      0.0303    0    293     21    293     19    T0975TS354-D1.pdb:A  SCOP d1aowa_
  324     0.00534          -0     0.00379     5.735    37    5    9     0.05405    0    293     21    188     16    T0975TS354-D1.pdb:A  SCOP d1jcfa2
  325    0.005333          -0    0.005857     8.158    62    5    8     0.01613    0    293     21    293     23    T0975TS354-D1.pdb:A  SCOP d1cija_
  326    0.005333          -0   0.0003834    10.131    42    5    5     0.04762    0    293     21     91      8    T0975TS354-D1.pdb:A  SCOP d1r0va2
  327     0.00529          -0     0.04939     5.258    43    5    7     0.06977    0    293     21    293     12    T0975TS354-D1.pdb:A  SCOP d1gefa_
  328    0.005267          -0      0.1078     5.595    45    5    6     0.06667    0    293     21    293     24    T0975TS354-D1.pdb:A  SCOP d7api.1
  329    0.005208          -0        0.43     5.636    45    5    7     0.06667    0    293     21    293     25    T0975TS354-D1.pdb:A  SCOP d1jen.3
  330    0.005207          -0      0.2269     5.797    46    5    6     0.04348    0    293     21    293     14    T0975TS354-D1.pdb:A  SCOP d1euga_
  331    0.005207          -0      0.2269     5.797    46    5    6     0.04348    0    293     21    293     14    T0975TS354-D1.pdb:A  SCOP d4euga_
  332    0.005207          -0      0.2269     5.797    46    5    6     0.04348    0    293     21    293     14    T0975TS354-D1.pdb:A  SCOP d3euga_
  333    0.005207          -0      0.2269     5.797    46    5    6     0.04348    0    293     21    293     14    T0975TS354-D1.pdb:A  SCOP d1uuga_
  334    0.005205          -0      0.3138     4.529    10    5    1           0    0    293     21     20     17    T0975TS354-D1.pdb:A  SCOP d1ii0a2
  335    0.005199          -0      0.5972     3.962    35    5    6      0.1429    0    293     21    293     18    T0975TS354-D1.pdb:A  SCOP d1qwta_
  336    0.005168          -0      0.1014     7.850    59    5    7      0.0339    0    293     21    293     21    T0975TS354-D1.pdb:A  SCOP d1ftla_
  337     0.00511          -0   4.387e-05     8.814    65    5   12     0.04615    0    293     21    293     22    T0975TS354-D1.pdb:A  SCOP d1bjoa_
  338     0.00508          -0     0.02707     5.780    22    5    4     0.04545    0    293     21     69     17    T0975TS354-D1.pdb:A  SCOP d1ooza1
  339    0.005034          -0     0.01349     5.759    45    5    7      0.1111    0    293     21    293     13    T0975TS354-D1.pdb:A  SCOP d1sbza_
  340    0.005025          -0    0.002348     7.356    55    5    9     0.01818    0    293     21    293     25    T0975TS354-D1.pdb:A  SCOP d1qo7a_
  341    0.004987          -0   0.0005817     5.784    36    5    7     0.02778    0    293     21    188     16    T0975TS354-D1.pdb:A  SCOP d1jcea2
  342    0.004985          -0    0.004534     6.519    39    5    8     0.05128    0    293     21    182     18    T0975TS354-D1.pdb:A  SCOP d2btfa2
  343    0.004971          -0     0.01646     6.131    47    5    8     0.08511    0    293     21    293     21    T0975TS354-D1.pdb:A  SCOP d1ohba_
  344    0.004958          -0      0.1046     5.806    36    5    8      0.1111    0    293     21    188     24    T0975TS354-D1.pdb:A  SCOP d1sgxa4
  345    0.004958          -0      0.1046     5.806    36    5    8      0.1111    0    293     21    188     24    T0975TS354-D1.pdb:A  SCOP d1nuga4
  346    0.004896          -0   0.0001965     6.351    48    5    8     0.04167    0    293     21    293     19    T0975TS354-D1.pdb:A  SCOP d1dv7a_
  347     0.00487          -0      0.2559     5.383    42    5    5     0.07143    0    293     21    293     25    T0975TS354-D1.pdb:A  SCOP d1hp7a_
  348     0.00487          -0     0.01241     6.104    44    5    9     0.04545    0    293     21    264     24    T0975TS354-D1.pdb:A  SCOP d2cwwa2
  349    0.004851          -0   0.0001736     9.227    66    5   10     0.09091    0    293     21    293     20    T0975TS354-D1.pdb:A  SCOP d1n42a_
  350    0.004806          -0   0.0004063     6.748    50    5   10        0.04    0    293     21    293     22    T0975TS354-D1.pdb:A  SCOP d2acua_
  351    0.004806          -0   0.0004063     6.748    50    5   10        0.04    0    293     21    293     22    T0975TS354-D1.pdb:A  SCOP d1us0a_
  352    0.004806          -0   0.0004063     6.748    50    5   10        0.04    0    293     21    293     22    T0975TS354-D1.pdb:A  SCOP d1x98a_
  353    0.004806          -0   0.0004063     6.748    50    5   10        0.04    0    293     21    293     22    T0975TS354-D1.pdb:A  SCOP d2acsa_
  354    0.004806          -0   0.0004063     6.748    50    5   10        0.04    0    293     21    293     22    T0975TS354-D1.pdb:A  SCOP d2acra_
  355    0.004793          -0    0.001612     7.241    53    5    9      0.1887    0    293     21    293     19    T0975TS354-D1.pdb:A  SCOP d1qaja_
  356    0.004786          -0     0.00374     8.515    61    5   10     0.08197    0    293     21    293     17    T0975TS354-D1.pdb:A  SCOP d1xxla_
  357    0.004785          -0       0.213     6.552    39    5    6     0.05128    0    293     21    188     24    T0975TS354-D1.pdb:A  SCOP d1nuda4
  358    0.004785          -0       0.213     6.552    39    5    6     0.05128    0    293     21    188     23    T0975TS354-D1.pdb:A  SCOP d1nufa4
  359    0.004767          -0     0.08609     7.264    53    5    7      0.3396    0    293     21    293     22    T0975TS354-D1.pdb:A  SCOP d1s5ta_
  360    0.004767          -0     0.08609     7.264    53    5    7      0.3396    0    293     21    293     21    T0975TS354-D1.pdb:A  SCOP d1s5wa_
  361    0.004767          -0     0.08609     7.264    53    5    7      0.3396    0    293     21    293     22    T0975TS354-D1.pdb:A  SCOP d1s5va_
  362    0.004712          -0      0.0779     5.669    43    5    6     0.04651    0    293     21    293     21    T0975TS354-D1.pdb:A  SCOP d1e2ma_
  363    0.004712          -0      0.0779     5.669    43    5    6     0.04651    0    293     21    293     21    T0975TS354-D1.pdb:A  SCOP d1e2pa_
  364     0.00471          -0   0.0001736     6.503    48    5   10     0.08333    0    293     21    293     25    T0975TS354-D1.pdb:A  SCOP d1lw5a_
  365    0.004706          -0      0.6633     3.171    18    5    3     0.05556    0    293     21    111     23    T0975TS354-D1.pdb:A  SCOP d2g50a2
  366    0.004695          -0     0.01244     5.574    35    5    5     0.05714    0    293     21    200     17    T0975TS354-D1.pdb:A  SCOP d1fpqa2
  367    0.004672          -0    0.006914     7.188    52    5    7      0.1346    0    293     21    293     17    T0975TS354-D1.pdb:A  SCOP d1hqfa_
  368    0.004656          -0   0.0001469     6.713    49    5    9     0.04082    0    293     21    293     18    T0975TS354-D1.pdb:A  SCOP d1pa2a_
  369    0.004646          -0     0.01867     5.890    44    5    9     0.06818    0    293     21    293     21    T0975TS354-D1.pdb:A  SCOP d1dbza_
  370    0.004645          -0     0.00749     7.376    53    5    8     0.03774    0    293     21    293     24    T0975TS354-D1.pdb:A  SCOP d1k9za_
  371    0.004645          -0     0.00749     7.376    53    5    8     0.03774    0    293     21    293     24    T0975TS354-D1.pdb:A  SCOP d1qgxa_
  372    0.004645          -0     0.00749     7.376    53    5    8     0.03774    0    293     21    293     24    T0975TS354-D1.pdb:A  SCOP d1k9ya_
  373    0.004642          -0      0.2278     4.682    37    5    9     0.08108    0    293     21    293     24    T0975TS354-D1.pdb:A  SCOP d1us8.1
  374    0.004639          -0    0.002119     7.056    51    5    9      0.1961    0    293     21    293     20    T0975TS354-D1.pdb:A  SCOP d9gaca_
  375    0.004639          -0    0.001715     7.056    51    5    9      0.1961    0    293     21    293     20    T0975TS354-D1.pdb:A  SCOP d9gaaa_
  376    0.004639          -0    0.002119     7.056    51    5    9      0.1961    0    293     21    293     20    T0975TS354-D1.pdb:A  SCOP d1p4ka_
  377    0.004639          -0    0.002119     7.056    51    5    9      0.1961    0    293     21    293     20    T0975TS354-D1.pdb:A  SCOP d1p4va_
  378    0.004631          -0     0.07494     5.732    43    5    6     0.06977    0    293     21    293     21    T0975TS354-D1.pdb:A  SCOP d1e2ja_
  379    0.004602          -0     0.04143     5.412    41    5    7       0.122    0    293     21    293     15    T0975TS354-D1.pdb:A  SCOP d1ki9a_
  380      0.0046          -0   0.0008564     7.638    33    5    5     0.09091    0    293     21    108     18    T0975TS354-D1.pdb:A  SCOP d1qaya2
  381    0.004591          -0    0.004534     7.263    52    5    6     0.07692    0    293     21    293     21    T0975TS354-D1.pdb:A  SCOP d1fjxa_
  382    0.004591          -0    0.004534     7.263    52    5    6     0.07692    0    293     21    293     21    T0975TS354-D1.pdb:A  SCOP d10mha_
  383    0.004591          -0    0.004534     7.263    52    5    6     0.07692    0    293     21    293     22    T0975TS354-D1.pdb:A  SCOP d1m0ea_
  384    0.004591          -0    0.003149     7.263    52    5    6     0.07692    0    293     21    293     21    T0975TS354-D1.pdb:A  SCOP d4mhta_
  385    0.004591          -0    0.004534     7.263    52    5    6     0.07692    0    293     21    293     22    T0975TS354-D1.pdb:A  SCOP d5mhta_
  386    0.004591          -0    0.004534     7.263    52    5    6     0.07692    0    293     21    293     21    T0975TS354-D1.pdb:A  SCOP d6mhta_
  387    0.004591          -0    0.004534     7.263    52    5    6     0.07692    0    293     21    293     21    T0975TS354-D1.pdb:A  SCOP d9mhta_
  388    0.004581          -0    0.004148     8.406    59    5    7      0.0339    0    293     21    293     21    T0975TS354-D1.pdb:A  SCOP d1lbza_
  389    0.004577          -0    0.006891     7.764    55    5    9     0.05455    0    293     21    293     21    T0975TS354-D1.pdb:A  SCOP d1mqha_
  390    0.004572          -0   0.0003834     7.117    51    5    7      0.1373    0    293     21    293     25    T0975TS354-D1.pdb:A  SCOP d1fj6a_
  391    0.004563          -0      0.1893     4.819    30    5    5         0.1    0    293     21    188     24    T0975TS354-D1.pdb:A  SCOP d1vjja4
  392    0.004563          -0      0.1893     4.819    30    5    5         0.1    0    293     21    188     24    T0975TS354-D1.pdb:A  SCOP d1rlea4
  393    0.004563          -0      0.1893     4.819    30    5    5         0.1    0    293     21    188     23    T0975TS354-D1.pdb:A  SCOP d1l9ma4
  394     0.00455          -0    0.007101     4.927    38    5    6      0.1316    0    293     21    293     14    T0975TS354-D1.pdb:A  SCOP d1pkha_
  395     0.00455          -0    0.007101     4.927    38    5    6      0.1316    0    293     21    293     14    T0975TS354-D1.pdb:A  SCOP d1pkja_
  396    0.004548          -0     0.00593     6.609    39    5    7     0.05128    0    293     21    195     21    T0975TS354-D1.pdb:A  SCOP d2d69a1
  397    0.004542          -0    0.001432     6.143    45    5    8     0.06667    0    293     21    293     19    T0975TS354-D1.pdb:A  SCOP d1n7ka_
  398    0.004495          -0   0.0009823     5.321    40    5    7         0.2    0    293     21    293     23    T0975TS354-D1.pdb:A  SCOP d1mhta_
  399    0.004451          -0   1.907e-06     7.229    51    5   10     0.01961    0    293     21    293     15    T0975TS354-D1.pdb:A  SCOP d1a8ra_
  400    0.004441          -0    0.001612     6.737    48    5    7      0.0625    0    293     21    293     16    T0975TS354-D1.pdb:A  SCOP d1u7ta_
  401    0.004437          -0    0.002592     8.068    56    5    6           0    0    293     21    293     24    T0975TS354-D1.pdb:A  SCOP d1wdea_
  402    0.004424          -0   8.202e-05     8.218    48    5    7     0.08333    0    293     21    209     15    T0975TS354-D1.pdb:A  SCOP d1kyza2
  403    0.004369          -0   0.0002079     8.139    56    6    8      0.4464    0    293     21    293     22    T0975TS354-D1.pdb:A  SCOP d1frba_
  404    0.004354          -0     0.00746     6.647    47    5    8           0    0    293     21    293     16    T0975TS354-D1.pdb:A  SCOP d1pqaa_
  405    0.004354          -0     0.00746     6.647    47    5    8           0    0    293     21    293     16    T0975TS354-D1.pdb:A  SCOP d1pq5a_
  406    0.004354          -0     0.00746     6.647    47    5    8           0    0    293     21    293     16    T0975TS354-D1.pdb:A  SCOP d1pq7a_
  407    0.004353          -0   0.0002079     9.305    63    5    7     0.06349    0    293     21    293     20    T0975TS354-D1.pdb:A  SCOP d1g5na_
  408    0.004353          -0   0.0002079     9.305    63    5    7     0.06349    0    293     21    293     20    T0975TS354-D1.pdb:A  SCOP d1n41a_
  409    0.004318          -0   0.0001469     8.027    55    5    8     0.03636    0    293     21    293     23    T0975TS354-D1.pdb:A  SCOP d2dhca_
  410    0.004302          -0   1.335e-05     7.374    51    5   10     0.05882    0    293     21    293     21    T0975TS354-D1.pdb:A  SCOP d1ef3a_
  411    0.004298          -0     0.00379     6.528    46    5   10     0.08696    0    293     21    293     21    T0975TS354-D1.pdb:A  SCOP d1o5qa_
  412    0.004273          -0     0.02242     5.855    42    5    7           0    0    293     21    293     21    T0975TS354-D1.pdb:A  SCOP d1ekqa_
  413    0.004268          -0     0.01869     6.209    44    5   10     0.02273    0    293     21    293     20    T0975TS354-D1.pdb:A  SCOP d1dnka_
  414    0.004241          -0   0.0004406     6.234    44    5    9     0.09091    0    293     21    293     23    T0975TS354-D1.pdb:A  SCOP d1eyia_
  415    0.004151          -0    0.002592     6.492    45    5   11     0.08889    0    293     21    293     17    T0975TS354-D1.pdb:A  SCOP d1fhfa_
  416     0.00414          -0     0.02839     6.851    47    5    5     0.04255    0    293     21    293     19    T0975TS354-D1.pdb:A  SCOP d1pq3a_
  417    0.004137          -0   0.0001469     8.055    54    5    8     0.03704    0    293     21    293     23    T0975TS354-D1.pdb:A  SCOP d1edea_
  418    0.004137          -0   0.0001469     8.055    54    5    8     0.03704    0    293     21    293     23    T0975TS354-D1.pdb:A  SCOP d2hada_
  419    0.004137          -0   0.0001469     8.055    54    5    8     0.03704    0    293     21    293     23    T0975TS354-D1.pdb:A  SCOP d2edca_
  420    0.004137          -0   0.0001469     8.055    54    5    8     0.03704    0    293     21    293     23    T0975TS354-D1.pdb:A  SCOP d1edda_
  421    0.004137          -0   0.0001469     8.055    54    5    8     0.03704    0    293     21    293     23    T0975TS354-D1.pdb:A  SCOP d2dhea_
  422    0.004137          -0   0.0001469     8.055    54    5    8     0.03704    0    293     21    293     22    T0975TS354-D1.pdb:A  SCOP d2dhda_
  423    0.004137          -0   0.0001469     8.055    54    5    8     0.03704    0    293     21    293     23    T0975TS354-D1.pdb:A  SCOP d1edba_
  424    0.004128          -0   0.0002384     8.065    54    5    8     0.05556    0    293     21    293     23    T0975TS354-D1.pdb:A  SCOP d1dcta_
  425    0.004109          -0   0.0004749    10.125    33    5    5     0.06061    0    293     21     73     12    T0975TS354-D1.pdb:A  SCOP d1ciya2
  426    0.004106          -0    0.005377     6.358    44    5    9     0.09091    0    293     21    293     16    T0975TS354-D1.pdb:A  SCOP d1jepa_
  427    0.004106          -0    0.005377     6.358    44    5    9     0.09091    0    293     21    293     16    T0975TS354-D1.pdb:A  SCOP d1fm8a_
  428    0.004106          -0    0.005377     6.358    44    5    9     0.09091    0    293     21    293     16    T0975TS354-D1.pdb:A  SCOP d1eyqa_
  429    0.004106          -0    0.005377     6.358    44    5    9     0.09091    0    293     21    293     16    T0975TS354-D1.pdb:A  SCOP d1fm7a_
  430    0.004105          -0     0.08609     4.721    35    5    6     0.05714    0    293     21    293     19    T0975TS354-D1.pdb:A  SCOP d1l8ta_
  431     0.00406          -0   0.0007572     6.755    46    5    7      0.1304    0    293     21    293     25    T0975TS354-D1.pdb:A  SCOP d1mzea_
  432     0.00406          -0      0.0764     5.866    41    5    6           0    0    293     21    293     20    T0975TS354-D1.pdb:A  SCOP d1l6ra_
  433    0.004055          -0    0.003988     7.807    49    5    7     0.02041    0    293     21    260     25    T0975TS354-D1.pdb:A  SCOP d2b78a2
  434    0.004028          -0    0.007742     6.610    45    5    8      0.1556    0    293     21    293     25    T0975TS354-D1.pdb:A  SCOP d1a7ca_
  435    0.004026          -0     0.09717     6.435    44    5    5     0.04545    0    293     21    293     21    T0975TS354-D1.pdb:A  SCOP d1e2la_
  436    0.004026          -0     0.09717     6.435    44    5    5     0.04545    0    293     21    293     21    T0975TS354-D1.pdb:A  SCOP d1e2na_
  437    0.004025          -0   0.0002422     9.545    62    5    8     0.06452    0    293     21    293     20    T0975TS354-D1.pdb:A  SCOP d1bc0a_
  438    0.004025          -0   0.0002842     9.545    62    5    8     0.06452    0    293     21    293     21    T0975TS354-D1.pdb:A  SCOP d1bc1a_
  439    0.004025          -0   0.0002422     9.545    62    5    8     0.06452    0    293     21    293     20    T0975TS354-D1.pdb:A  SCOP d2rana_
  440    0.004025          -0   0.0002422     9.545    62    5    8     0.06452    0    293     21    293     20    T0975TS354-D1.pdb:A  SCOP d1a8aa_
  441    0.004022          -0    0.003202     5.535    39    5    7           0    0    293     21    293     24    T0975TS354-D1.pdb:A  SCOP d1atha_
  442    0.004011          -0   0.0004406     6.804    46    5    8     0.06522    0    293     21    293     23    T0975TS354-D1.pdb:A  SCOP d1fbca_
  443    0.004009          -0   0.0005817     6.806    46    5    8     0.06522    0    293     21    293     22    T0975TS354-D1.pdb:A  SCOP d5fbpa_
  444    0.004009          -0   0.0005817     6.806    46    5    8     0.06522    0    293     21    293     23    T0975TS354-D1.pdb:A  SCOP d1fbha_
  445    0.003985          -0    0.009386     6.475    44    5    5     0.02273    0    293     21    293     22    T0975TS354-D1.pdb:A  SCOP d1vzoa_
  446    0.003984          -0     0.00379     6.655    45    5   10      0.1333    0    293     21    293     17    T0975TS354-D1.pdb:A  SCOP d1iy8a_
  447    0.003977          -0      0.1006     5.943    41    5    6     0.02439    0    293     21    293     25    T0975TS354-D1.pdb:A  SCOP d1s95a_
  448    0.003943          -0    0.001715     7.756    51    5    9     0.09804    0    293     21    293     16    T0975TS354-D1.pdb:A  SCOP d1scha_
  449    0.003938          -0    0.001909     7.234    48    5    8     0.08333    0    293     21    293     21    T0975TS354-D1.pdb:A  SCOP d1qwga_
  450     0.00393          -0   3.624e-05    10.725    38    5    5     0.05263    0    293     21     91      8    T0975TS354-D1.pdb:A  SCOP d1rlva2
  451    0.003923          -0   0.0008564     5.810    40    5    7       0.025    0    293     21    293     25    T0975TS354-D1.pdb:A  SCOP d1vhda_
  452    0.003921          -0   0.0006657     8.622    41    5    4     0.09756    0    293     21    158     13    T0975TS354-D1.pdb:A  SCOP d1a8pa2
  453    0.003855          -0     0.01755     6.243    42    5    8     0.04762    0    293     21    293     25    T0975TS354-D1.pdb:A  SCOP d1qwra_
  454    0.003852          -0    0.005857     5.692    39    5    6      0.1026    0    293     21    293     20    T0975TS354-D1.pdb:A  SCOP d1gr2a_
  455    0.003852          -0    0.004946     5.692    39    5    6      0.1026    0    293     21    293     20    T0975TS354-D1.pdb:A  SCOP d1ftka_
  456    0.003847          -0   3.624e-05     9.266    59    5   11     0.05085    0    293     21    293     20    T0975TS354-D1.pdb:A  SCOP d1anxa_
  457    0.003847          -0   0.0005817     7.512    49    5    8     0.02041    0    293     21    293     17    T0975TS354-D1.pdb:A  SCOP d1t06a_
  458    0.003846          -0    0.008753     6.977    46    5    4     0.06522    0    293     21    293     15    T0975TS354-D1.pdb:A  SCOP d1avqa_
  459    0.003807          -0     0.07205     6.291    42    5    6     0.04762    0    293     21    293     21    T0975TS354-D1.pdb:A  SCOP d1e2ha_
  460    0.003807          -0     0.07205     6.291    42    5    6     0.04762    0    293     21    293     20    T0975TS354-D1.pdb:A  SCOP d1e2ia_
  461    0.003807          -0     0.07205     6.291    42    5    6     0.04762    0    293     21    293     21    T0975TS354-D1.pdb:A  SCOP d1e2ka_
  462    0.003807          -0     0.07205     6.291    42    5    6     0.04762    0    293     21    293     21    T0975TS354-D1.pdb:A  SCOP d1of1a_
  463    0.003806          -0    0.000124     7.737    50    5   10         0.1    0    293     21    293     12    T0975TS354-D1.pdb:A  SCOP d1j4qa_
  464    0.003806          -0    0.000124     7.737    50    5   10         0.1    0    293     21    293     12    T0975TS354-D1.pdb:A  SCOP d1j4pa_
  465    0.003793          -0   0.0006657     6.305    42    5    6     0.09524    0    293     21    293     22    T0975TS354-D1.pdb:A  SCOP d2btma_
  466    0.003786          -0     0.00123     7.760    50    5    9        0.06    0    293     21    293     20    T0975TS354-D1.pdb:A  SCOP d9gafa_
  467    0.003774          -0    0.005857     6.508    43    5    7     0.06977    0    293     21    293     22    T0975TS354-D1.pdb:A  SCOP d1r4pa_
  468    0.003772          -0     0.05864     4.611    33    5    6     0.06061    0    293     21    293     15    T0975TS354-D1.pdb:A  SCOP d1hdra_
  469    0.003771          -0    0.006369     7.113    34    5    5     0.08824    0    293     21    158     22    T0975TS354-D1.pdb:A  SCOP d1ulia2
  470    0.003766          -0    0.000124     8.370    42    5    8      0.1429    0    293     21    182     19    T0975TS354-D1.pdb:A  SCOP d2hmpa2
  471    0.003762          -0     0.00411     8.526    41    5    7     0.07317    0    293     21    168     18    T0975TS354-D1.pdb:A  SCOP d1k8ka2
  472    0.003762          -0     0.00411     8.526    41    5    7     0.07317    0    293     21    168     18    T0975TS354-D1.pdb:A  SCOP d2p9la2
  473    0.003761          -0    0.009893     3.800    29    5    5     0.03448    0    293     21    293     19    T0975TS354-D1.pdb:A  SCOP d1xfia_
  474    0.003744          -0    0.001539     8.523    54    5    6     0.07407    0    293     21    293     23    T0975TS354-D1.pdb:A  SCOP d1bjna_
  475    0.003739          -0       1.085     3.758    27    5    5     0.03704    0    293     21    259     17    T0975TS354-D1.pdb:A  SCOP d2ayua1
  476    0.003738          -0     0.04712     6.914    45    5    7     0.04444    0    293     21    293     25    T0975TS354-D1.pdb:A  SCOP d1mhm.1
  477    0.003731          -0     0.00379     6.921    45    5    7     0.04444    0    293     21    293     20    T0975TS354-D1.pdb:A  SCOP d1vlqa_
  478    0.003729          -0   0.0002842     9.603    60    5    8     0.06667    0    293     21    293     20    T0975TS354-D1.pdb:A  SCOP d1n44a_
  479    0.003729          -0   0.0002842     9.603    60    5    8     0.06667    0    293     21    293     20    T0975TS354-D1.pdb:A  SCOP d1bcwa_
  480    0.003729          -0   0.0002842     9.603    60    5    8     0.06667    0    293     21    293     20    T0975TS354-D1.pdb:A  SCOP d1bcza_
  481    0.003729          -0   0.0002842     9.603    60    5    8     0.06667    0    293     21    293     20    T0975TS354-D1.pdb:A  SCOP d1a8ba_
  482    0.003729          -0   0.0002842     9.603    60    5    8     0.06667    0    293     21    293     20    T0975TS354-D1.pdb:A  SCOP d1bcya_
  483    0.003729          -0     0.00033     9.603    60    5    8     0.06667    0    293     21    293     20    T0975TS354-D1.pdb:A  SCOP d1bc3a_
  484      0.0037          -0     0.00033     6.402    42    5   10     0.04762    0    293     21    293     25    T0975TS354-D1.pdb:A  SCOP d1o2da_
  485    0.003665          -0    0.000803     9.694    60    5    9        0.05    0    293     21    293     16    T0975TS354-D1.pdb:A  SCOP d1xcla_
  486    0.003664          -0    0.005857     8.088    51    5    5     0.05882    0    293     21    293     19    T0975TS354-D1.pdb:A  SCOP d1sa3a_
  487    0.003644          -0    0.005857     6.648    43    5    9     0.09302    0    293     21    293     22    T0975TS354-D1.pdb:A  SCOP d1ujqa_
  488    0.003639          -0       0.456     5.693    37    5    6     0.05405    0    293     21    279     25    T0975TS354-D1.pdb:A  SCOP d1nx9a2
  489    0.003639          -0       0.456     5.693    37    5    6     0.05405    0    293     21    279     25    T0975TS354-D1.pdb:A  SCOP d2b4ka2
  490    0.003633          -0   1.907e-06     8.144    47    5    8     0.04255    0    293     21    248     20    T0975TS354-D1.pdb:A  SCOP d1kgza2
  491    0.003599          -0     0.01174     5.750    38    5    7     0.05263    0    293     21    293     16    T0975TS354-D1.pdb:A  SCOP d1eypa_
  492    0.003568          -0   0.0004406     6.733    43    5    7     0.09302    0    293     21    293     23    T0975TS354-D1.pdb:A  SCOP d3pvaa_
  493    0.003557          -0     0.05936     5.846    20    5    3         0.1    0    293     21     80     19    T0975TS354-D1.pdb:A  SCOP d1yhwa1
  494    0.003543          -0     0.01542     5.417    36    5    4     0.02778    0    293     21    293     18    T0975TS354-D1.pdb:A  SCOP d1w4za_
