<html><head></head><body><pre style="word-wrap: break-word; white-space: pre-wrap;"> PDBe Fold v2.59. (src3) 14 Apr 2014 result file.

                   RESULT SUMMARY

   ##      Q-score      P-score     Z-score   RMSD    Nalgn Nsse Ngaps Seq-%     Nmd Nres-Q Nsse-Q Nres-T Nsse-T Query Target
    1           1          -0       4.172     0.000   185    4    0           1    0    185     12    185     16    T0987TS043-D1.pdb:A  SCOP d1ukra_
    2      0.9785          -0  1.798e+308     0.000   183    3    1           1    0    185     12    185      8    T0987TS043-D1.pdb:A  SCOP d1dg4a_
    3      0.9785          -0  1.798e+308     0.000   183    3    1           1    0    185     12    185      9    T0987TS043-D1.pdb:A  SCOP d1d5d.1
    4      0.9785          -0  1.798e+308     0.000   183    4    1           1    0    185     12    185     12    T0987TS043-D1.pdb:A  SCOP d1lb4a_
    5      0.9785          -0  1.798e+308     0.000   183    3    1           1    0    185     12    185      9    T0987TS043-D1.pdb:A  SCOP d1fev.1
    6      0.9785          -0  1.798e+308     0.000   183    4    1           1    0    185     12    185      9    T0987TS043-D1.pdb:A  SCOP d3rpba_
    7      0.9785          -0  1.798e+308     0.000   183    4    1           1    0    185     12    185     11    T0987TS043-D1.pdb:A  SCOP d1rh8a_
    8      0.9785          -0  1.798e+308     0.000   183    3    1           1    0    185     12    185      9    T0987TS043-D1.pdb:A  SCOP d1k6za_
    9      0.9785          -0  1.798e+308     0.000   183    3    1           1    0    185     12    185      7    T0987TS043-D1.pdb:A  SCOP d1r6ja_
   10      0.9785          -0       4.096     0.000   183    3    1           1    0    185     12    185      9    T0987TS043-D1.pdb:A  SCOP d1sp0a_
   11      0.9785          -0  1.798e+308     0.000   183    3    1           1    0    185     12    185      7    T0987TS043-D1.pdb:A  SCOP d1q5la_
   12      0.9785          -0        3.26     0.000   183    3    1           1    0    185     12    185      8    T0987TS043-D1.pdb:A  SCOP d1so9a_
   13      0.9785          -0       5.183     0.000   183    3    1           1    0    185     12    185     10    T0987TS043-D1.pdb:A  SCOP d1shwa_
   14      0.9785          -0  1.798e+308     0.000   183    3    1           1    0    185     12    185     13    T0987TS043-D1.pdb:A  SCOP d1lm5a_
   15      0.9785          -0  1.798e+308     0.000   183    3    1           1    0    185     12    185     12    T0987TS043-D1.pdb:A  SCOP d1m10a_
   16      0.9785          -0       3.621     0.000   183    3    1           1    0    185     12    185     13    T0987TS043-D1.pdb:A  SCOP d1tlza_
   17      0.9785          -0       3.621     0.000   183    3    1           1    0    185     12    185     13    T0987TS043-D1.pdb:A  SCOP d1tlwa_
   18      0.9785          -0       3.621     0.000   183    3    1           1    0    185     12    185     15    T0987TS043-D1.pdb:A  SCOP d1tlya_
   19      0.9785          -0       4.041     0.000   183    3    1           1    0    185     12    185     10    T0987TS043-D1.pdb:A  SCOP d1q9ga_
   20      0.9785          -0  1.798e+308     0.000   183    3    1           1    0    185     12    185     13    T0987TS043-D1.pdb:A  SCOP d1sqna_
   21      0.9785          -0  1.798e+308     0.000   183    3    1           1    0    185     12    185      9    T0987TS043-D1.pdb:A  SCOP d1j80.1
   22      0.9785          -0  1.798e+308     0.000   183    4    1           1    0    185     12    185     14    T0987TS043-D1.pdb:A  SCOP d2cha.1
   23      0.9785          -0      0.9729     0.000   183    5    1           1    0    185     12    185     18    T0987TS043-D1.pdb:A  SCOP d1qmo.1
   24      0.9785          -0  1.798e+308     0.000   183    3    1           1    0    185     12    185      3    T0987TS043-D1.pdb:A  SCOP d1k91a_
   25      0.9785          -0  1.798e+308     0.000   183    3    1           1    0    185     12    185     11    T0987TS043-D1.pdb:A  SCOP d1r4ka_
   26      0.9785          -0  1.798e+308     0.000   183    3    1           1    0    185     12    185     10    T0987TS043-D1.pdb:A  SCOP d1khca_
   27      0.9785          -0  1.798e+308     0.000   183    3    1           1    0    185     12    185      8    T0987TS043-D1.pdb:A  SCOP d1egia_
   28      0.9785          -0  1.798e+308     0.000   183    3    1           1    0    185     12    185      9    T0987TS043-D1.pdb:A  SCOP d1egga_
   29      0.9785          -0  1.798e+308     0.000   183    4    1           1    0    185     12    185     17    T0987TS043-D1.pdb:A  SCOP d1ba8.1
   30      0.9785          -0  1.798e+308     0.000   183    3    1           1    0    185     12    185     12    T0987TS043-D1.pdb:A  SCOP d1lu4a_
   31      0.9785          -0  1.798e+308     0.000   183    3    1           1    0    185     12    185     10    T0987TS043-D1.pdb:A  SCOP d1j7z.1
   32      0.9785          -0  1.798e+308     0.000   183    3    1           1    0    185     12    185     10    T0987TS043-D1.pdb:A  SCOP d1d5h.1
   33      0.9785          -0  1.798e+308     0.000   183    3    1           1    0    185     12    185      9    T0987TS043-D1.pdb:A  SCOP d1d5e.1
   34      0.9785          -0  1.798e+308     0.000   183    3    1           1    0    185     12    185      9    T0987TS043-D1.pdb:A  SCOP d1k7aa_
   35      0.9785          -0  1.798e+308     0.000   183    3    1           1    0    185     12    185     11    T0987TS043-D1.pdb:A  SCOP d1gvja_
   36      0.9785          -0  1.798e+308     0.000   183    3    1           1    0    185     12    185      6    T0987TS043-D1.pdb:A  SCOP d1jj4a_
   37      0.9785          -0  1.798e+308     0.000   183    3    1           1    0    185     12    185     10    T0987TS043-D1.pdb:A  SCOP d1cjr.1
   38      0.9785          -0  1.798e+308     0.000   183    3    1           1    0    185     12    185     15    T0987TS043-D1.pdb:A  SCOP d1e7za_
   39      0.9785          -0  1.798e+308     0.000   183    4    1           1    0    185     12    185     11    T0987TS043-D1.pdb:A  SCOP d1j4la_
   40      0.9785          -0  1.798e+308     0.000   183    3    1           1    0    185     12    185      9    T0987TS043-D1.pdb:A  SCOP d1cjq.1
   41      0.9785          -0  1.798e+308     0.000   183    3    1           1    0    185     12    185     10    T0987TS043-D1.pdb:A  SCOP d1j82.1
   42      0.9785          -0  1.798e+308     0.000   183    4    1           1    0    185     12    185     11    T0987TS043-D1.pdb:A  SCOP d1k2na_
   43      0.9785          -0  1.798e+308     0.000   183    3    1           1    0    185     12    185     11    T0987TS043-D1.pdb:A  SCOP d1fhqa_
   44      0.9785          -0  1.798e+308     0.000   183    3    1           1    0    185     12    185      6    T0987TS043-D1.pdb:A  SCOP d1mfga_
   45      0.9785          -0  1.798e+308     0.000   183    4    1           1    0    185     12    185     19    T0987TS043-D1.pdb:A  SCOP d1jpaa_
   46      0.9785          -0  1.798e+308     0.000   183    4    1           1    0    185     12    185     16    T0987TS043-D1.pdb:A  SCOP d1mjsa_
   47      0.9785          -0  1.798e+308     0.000   183    4    1           1    0    185     12    185     18    T0987TS043-D1.pdb:A  SCOP d1fgka_
   48      0.9785          -0  1.798e+308     0.000   183    4    1           1    0    185     12    185     18    T0987TS043-D1.pdb:A  SCOP d1agwa_
   49      0.9785          -0  1.798e+308     0.000   183    4    1           1    0    185     12    185     18    T0987TS043-D1.pdb:A  SCOP d1fgia_
   50      0.9785          -0  1.798e+308     0.000   183    3    1           1    0    185     12    185     15    T0987TS043-D1.pdb:A  SCOP d1snxa_
   51      0.9785          -0  1.798e+308     0.000   183    3    1           1    0    185     12    185      6    T0987TS043-D1.pdb:A  SCOP d1wi5a_
   52      0.9785          -0  1.798e+308     0.000   183    3    1           1    0    185     12    185     13    T0987TS043-D1.pdb:A  SCOP d1rj8a_
   53      0.9785          -0  1.798e+308     0.000   183    4    1           1    0    185     12    185     12    T0987TS043-D1.pdb:A  SCOP d1qeza_
   54      0.9785          -0       2.272     0.000   183    3    1           1    0    185     12    185     12    T0987TS043-D1.pdb:A  SCOP d1k42a_
   55      0.9785          -0  1.798e+308     0.000   183    3    1           1    0    185     12    185     10    T0987TS043-D1.pdb:A  SCOP d1j81.1
   56      0.9785          -0  1.798e+308     0.000   183    3    1           1    0    185     12    185      9    T0987TS043-D1.pdb:A  SCOP d1ckra_
   57      0.9785          -0  1.798e+308     0.000   183    4    1           1    0    185     12    185     18    T0987TS043-D1.pdb:A  SCOP d1mu8.1
   58      0.9785          -0  1.798e+308     0.000   183    4    1           1    0    185     12    185     17    T0987TS043-D1.pdb:A  SCOP d1kts.1
   59      0.9785          -0        4.85     0.000   183    3    1           1    0    185     12    185     15    T0987TS043-D1.pdb:A  SCOP d1a1r.1
   60      0.9785          -0  1.798e+308     0.000   183    4    1           1    0    185     12    185     13    T0987TS043-D1.pdb:A  SCOP d1vcqa_
   61      0.9785          -0  1.798e+308     0.000   183    3    1           1    0    185     12    185      9    T0987TS043-D1.pdb:A  SCOP d1k9ia_
   62      0.9785          -0  1.798e+308     0.000   183    3    1           1    0    185     12    185      4    T0987TS043-D1.pdb:A  SCOP d1wj2a_
   63      0.9785          -0       1.056     0.000   183    3    1           1    0    185     12    185     10    T0987TS043-D1.pdb:A  SCOP d1j48a_
   64      0.9785          -0  1.798e+308     0.000   183    4    1           1    0    185     12    185     16    T0987TS043-D1.pdb:A  SCOP d1toc.1
   65      0.9785          -0  1.798e+308     0.000   183    4    1           1    0    185     12    185     17    T0987TS043-D1.pdb:A  SCOP d1o3p.1
   66      0.9785          -0  1.798e+308     0.000   183    3    1           1    0    185     12    185      9    T0987TS043-D1.pdb:A  SCOP d1cqya_
   67      0.9785          -0  1.798e+308     0.000   183    4    1           1    0    185     12    185      8    T0987TS043-D1.pdb:A  SCOP d1acza_
   68      0.9785          -0  1.798e+308     0.000   183    3    1           1    0    185     12    185      7    T0987TS043-D1.pdb:A  SCOP d1q1oa_
   69      0.9785          -0       3.599     0.000   183    4    1           1    0    185     12    185     15    T0987TS043-D1.pdb:A  SCOP d1hia.1
   70      0.9785          -0       2.336     0.000   183    4    1           1    0    185     12    185     16    T0987TS043-D1.pdb:A  SCOP d2kai.1
   71      0.9785          -0  1.798e+308     0.000   183    3    1           1    0    185     12    185      5    T0987TS043-D1.pdb:A  SCOP d1e5ba_
   72      0.9785          -0  1.798e+308     0.000   183    3    1           1    0    185     12    185      7    T0987TS043-D1.pdb:A  SCOP d1xbda_
   73      0.9785          -0  1.798e+308     0.000   183    4    1           1    0    185     12    185     13    T0987TS043-D1.pdb:A  SCOP d1vp6a_
   74      0.9785          -0  1.798e+308     0.000   183    4    1           1    0    185     12    185     18    T0987TS043-D1.pdb:A  SCOP d1gja.1
   75      0.9785          -0  1.798e+308     0.000   183    4    1           1    0    185     12    185     17    T0987TS043-D1.pdb:A  SCOP d1o5c.1
   76      0.9785          -0  1.798e+308     0.000   183    3    1           1    0    185     12    185     10    T0987TS043-D1.pdb:A  SCOP d1gyua_
   77      0.9785          -0  1.798e+308     0.000   183    3    1           1    0    185     12    185      9    T0987TS043-D1.pdb:A  SCOP d1ivta_
   78      0.9785          -0  1.798e+308     0.000   183    4    1           1    0    185     12    185      9    T0987TS043-D1.pdb:A  SCOP d1ifra_
   79      0.9785          -0       1.702     0.000   183    3    1           1    0    185     12    185     13    T0987TS043-D1.pdb:A  SCOP d1ej8a_
   80      0.9785          -0  1.798e+308     0.000   183    4    1           1    0    185     12    185     17    T0987TS043-D1.pdb:A  SCOP d1gjc.1
   81      0.9785          -0  1.798e+308     0.000   183    4    1           1    0    185     12    185     17    T0987TS043-D1.pdb:A  SCOP d1gj9.1
   82      0.9785          -0  1.798e+308     0.000   183    3    1           1    0    185     12    185     14    T0987TS043-D1.pdb:A  SCOP d1ow1a_
   83      0.9785          -0  1.798e+308     0.000   183    3    1           1    0    185     12    185      8    T0987TS043-D1.pdb:A  SCOP d1baka_
   84      0.9785          -0  1.798e+308     0.000   183    4    1           1    0    185     12    185     18    T0987TS043-D1.pdb:A  SCOP d1mu6.1
   85      0.9785          -0  1.798e+308     0.000   183    3    1           1    0    185     12    185      7    T0987TS043-D1.pdb:A  SCOP d1pd6a_
   86      0.9785          -0  1.798e+308     0.000   183    3    1           1    0    185     12    185     10    T0987TS043-D1.pdb:A  SCOP d1gp0a_
   87      0.9785          -0  1.798e+308     0.000   183    3    1           1    0    185     12    185     14    T0987TS043-D1.pdb:A  SCOP d1hvca_
   88      0.9785          -0       4.133     0.000   183    3    1           1    0    185     12    185      8    T0987TS043-D1.pdb:A  SCOP d1ix2a_
   89      0.9785          -0  1.798e+308     0.000   183    4    1           1    0    185     12    185     18    T0987TS043-D1.pdb:A  SCOP d1g30.1
   90      0.9785          -0  1.798e+308     0.000   183    3    1           1    0    185     12    185      7    T0987TS043-D1.pdb:A  SCOP d1k85a_
   91      0.9785          -0  1.798e+308     0.000   183    3    1           1    0    185     12    185      8    T0987TS043-D1.pdb:A  SCOP d1muza_
   92      0.9785   6.062e-06       4.069     0.000   183    3    1           1    0    185     12    185      5    T0987TS043-D1.pdb:A  SCOP d1bj8a_
   93      0.9785          -0  1.798e+308     0.000   183    3    1           1    0    185     12    185     12    T0987TS043-D1.pdb:A  SCOP d1hn2a_
   94      0.9785          -0       5.459     0.000   183    4    1           1    0    185     12    185     17    T0987TS043-D1.pdb:A  SCOP d1nxma_
   95      0.9785          -0       5.459     0.000   183    4    1           1    0    185     12    185     16    T0987TS043-D1.pdb:A  SCOP d1nywa_
   96      0.9785          -0        3.69     0.000   183    3    1           1    0    185     12    185      7    T0987TS043-D1.pdb:A  SCOP d1uc6a_
   97      0.9785          -0       5.459     0.000   183    4    1           1    0    185     12    185     17    T0987TS043-D1.pdb:A  SCOP d1nzca_
   98      0.9678          -0  1.798e+308     0.000   182    4    2           1    0    185     12    185     17    T0987TS043-D1.pdb:A  SCOP d1d4p.1
   99      0.9678          -0       3.779     0.000   182    3    2           1    0    185     12    185      9    T0987TS043-D1.pdb:A  SCOP d1bawa_
  100      0.9678          -0  1.798e+308     0.000   182    4    2           1    0    185     12    185     18    T0987TS043-D1.pdb:A  SCOP d1d3d.1
  101      0.9678          -0  1.798e+308     0.000   182    4    2           1    0    185     12    185     17    T0987TS043-D1.pdb:A  SCOP d1d3p.1
  102      0.9678          -0  1.798e+308     0.000   182    4    2           1    0    185     12    185     17    T0987TS043-D1.pdb:A  SCOP d1d3q.1
  103      0.9678          -0  1.798e+308     0.000   182    4    2           1    0    185     12    185     17    T0987TS043-D1.pdb:A  SCOP d1d3t.1
  104      0.9678          -0        3.24     0.000   182    3    2           1    0    185     12    185     15    T0987TS043-D1.pdb:A  SCOP d1ib4a_
  105      0.9678          -0  1.798e+308     0.000   182    3    2           1    0    185     12    185     15    T0987TS043-D1.pdb:A  SCOP d1pzta_
  106      0.9572          -0        2.69     0.000   181    3    2           1    0    185     12    185     10    T0987TS043-D1.pdb:A  SCOP d1pu5a_
  107      0.9572          -0        2.69     0.000   181    3    2           1    0    185     12    185     10    T0987TS043-D1.pdb:A  SCOP d1tjja_
  108      0.9572          -0       2.756     0.000   181    3    2           1    0    185     12    185      9    T0987TS043-D1.pdb:A  SCOP d1wuba_
  109      0.9572          -0       5.398     0.000   181    3    2           1    0    185     12    185     10    T0987TS043-D1.pdb:A  SCOP d1g13a_
  110      0.9572          -0       4.735     0.000   181    3    1           1    0    185     12    185      9    T0987TS043-D1.pdb:A  SCOP d1qoua_
  111      0.9572          -0       5.024     0.000   181    3    2           1    0    185     12    185     10    T0987TS043-D1.pdb:A  SCOP d1puba_
  112      0.9467          -0       3.291     0.000   180    3    2           1    0    185     12    185      8    T0987TS043-D1.pdb:A  SCOP d1kdia_
  113      0.9467          -0       3.291     0.000   180    3    2           1    0    185     12    185      8    T0987TS043-D1.pdb:A  SCOP d1kdja_
  114      0.9467          -0       2.865     0.000   180    3    2           1    0    185     12    185      6    T0987TS043-D1.pdb:A  SCOP d4ulla_
  115      0.9434          -0       1.554     0.483   182    3    2      0.9835    0    185     12    185      8    T0987TS043-D1.pdb:A  SCOP d1ar2a_
  116      0.9434          -0       2.733     0.483   182    4    2      0.9835    0    185     12    185     13    T0987TS043-D1.pdb:A  SCOP d1uhd.1
  117      0.9434          -0       2.733     0.483   182    4    2      0.9835    0    185     12    185     13    T0987TS043-D1.pdb:A  SCOP d1uhe.1
  118      0.9434          -0       4.084     0.483   182    4    2      0.9835    0    185     12    185     12    T0987TS043-D1.pdb:A  SCOP d1uv6a_
  119      0.9434          -0       4.084     0.483   182    4    2      0.9835    0    185     12    185     12    T0987TS043-D1.pdb:A  SCOP d1ux2a_
  120      0.9434          -0       2.603     0.483   182    3    2      0.9835    0    185     12    185      8    T0987TS043-D1.pdb:A  SCOP d1wgoa_
  121      0.9434          -0       2.872     0.483   182    4    2      0.9835    0    185     12    185     12    T0987TS043-D1.pdb:A  SCOP d1fata_
  122      0.9434          -0       4.084     0.483   182    4    2      0.9835    0    185     12    185     12    T0987TS043-D1.pdb:A  SCOP d1uw6a_
  123      0.9434          -0       2.568     0.483   182    3    2      0.9835    0    185     12    185      8    T0987TS043-D1.pdb:A  SCOP d4pcya_
  124      0.9434          -0       2.568     0.483   182    3    2      0.9835    0    185     12    185      7    T0987TS043-D1.pdb:A  SCOP d5pcya_
  125      0.9434          -0       2.568     0.483   182    3    2      0.9835    0    185     12    185      7    T0987TS043-D1.pdb:A  SCOP d1ag6a_
  126      0.9434          -0       2.568     0.483   182    3    2      0.9835    0    185     12    185      7    T0987TS043-D1.pdb:A  SCOP d1oowa_
  127      0.9434          -0       3.078     0.483   182    3    2      0.9835    0    185     12    185      7    T0987TS043-D1.pdb:A  SCOP d1bypa_
  128      0.9434          -0       2.568     0.483   182    3    2      0.9835    0    185     12    185      7    T0987TS043-D1.pdb:A  SCOP d1byoa_
  129      0.9434          -0       2.568     0.483   182    3    2      0.9835    0    185     12    185     10    T0987TS043-D1.pdb:A  SCOP d1iuza_
  130      0.9434          -0       2.568     0.483   182    3    2      0.9835    0    185     12    185     10    T0987TS043-D1.pdb:A  SCOP d2plta_
  131      0.9434          -0       2.568     0.483   182    3    2      0.9835    0    185     12    185      7    T0987TS043-D1.pdb:A  SCOP d1pnda_
  132      0.9434          -0       2.568     0.483   182    3    2      0.9835    0    185     12    185     10    T0987TS043-D1.pdb:A  SCOP d7pcya_
  133      0.9434          -0       2.568     0.483   182    3    2      0.9835    0    185     12    185     10    T0987TS043-D1.pdb:A  SCOP d1bxva_
  134      0.9434          -0       2.568     0.483   182    3    2      0.9835    0    185     12    185      9    T0987TS043-D1.pdb:A  SCOP d1jxga_
  135      0.9434          -0       2.568     0.483   182    3    2      0.9835    0    185     12    185     10    T0987TS043-D1.pdb:A  SCOP d1bxua_
  136      0.9434          -0       2.568     0.483   182    3    2      0.9835    0    185     12    185      7    T0987TS043-D1.pdb:A  SCOP d1pnca_
  137      0.9434          -0       2.568     0.483   182    3    2      0.9835    0    185     12    185      7    T0987TS043-D1.pdb:A  SCOP d6pcya_
  138      0.9434          -0       2.568     0.483   182    3    2      0.9835    0    185     12    185      7    T0987TS043-D1.pdb:A  SCOP d1plca_
  139      0.9434          -0       2.568     0.483   182    3    2      0.9835    0    185     12    185      7    T0987TS043-D1.pdb:A  SCOP d3pcya_
  140      0.9434          -0       2.568     0.483   182    3    2      0.9835    0    185     12    185      7    T0987TS043-D1.pdb:A  SCOP d2pcya_
  141      0.9433          -0       0.488     0.484   182    3    2      0.9835    0    185     12    185     14    T0987TS043-D1.pdb:A  SCOP d1svpa_
  142      0.9433          -0       1.876     0.484   182    3    2      0.9835    0    185     12    185     12    T0987TS043-D1.pdb:A  SCOP d1k45a_
  143      0.9362          -0       3.755     0.000   179    3    2           1    0    185     12    185      8    T0987TS043-D1.pdb:A  SCOP d3trxa_
  144      0.9328          -0       1.343     0.486   181    3    3      0.9834    0    185     12    185     12    T0987TS043-D1.pdb:A  SCOP d1duda_
  145      0.9328          -0       1.855     0.486   181    3    3      0.9834    0    185     12    185      7    T0987TS043-D1.pdb:A  SCOP d1n1aa_
  146      0.9258          -0       4.297     0.000   178    3    2           1    0    185     12    185      9    T0987TS043-D1.pdb:A  SCOP d1tuwa_
  147      0.9258          -0       2.977     0.000   178    4    4           1    0    185     12    185     20    T0987TS043-D1.pdb:A  SCOP d1g0ia_
  148      0.9225          -0       1.745     0.486   180    3    3      0.9833    0    185     12    185     11    T0987TS043-D1.pdb:A  SCOP d1bt7a_
  149      0.9154          -0       4.324     0.000   177    3    3           1    0    185     12    185     12    T0987TS043-D1.pdb:A  SCOP d1o72a_
  150      0.9154          -0  1.798e+308     0.000   177    3    2           1    0    185     12    185     15    T0987TS043-D1.pdb:A  SCOP d1aoxa_
  151      0.9122          -0       1.258     0.487   179    4    3      0.9832    0    185     12    185     11    T0987TS043-D1.pdb:A  SCOP d1h0ba_
  152       0.912          -0       1.177     0.489   179    3    3      0.9832    0    185     12    185     12    T0987TS043-D1.pdb:A  SCOP d1jzja_
  153      0.9091   0.0001585       4.271     0.690   181    4    3      0.9669    0    185     12    185     12    T0987TS043-D1.pdb:A  SCOP d1i9ba_
  154      0.9051          -0       4.505     0.000   176    3    3           1    0    185     12    185     15    T0987TS043-D1.pdb:A  SCOP d1ppwa_
  155      0.9051          -0       3.746     0.000   176    3    4           1    0    185     12    185      8    T0987TS043-D1.pdb:A  SCOP d1g7ea_
  156      0.9051          -0       2.454     0.000   176    3    3           1    0    185     12    185     14    T0987TS043-D1.pdb:A  SCOP d1nula_
  157      0.9019          -0        1.13     0.488   178    4    4      0.9831    0    185     12    185     18    T0987TS043-D1.pdb:A  SCOP d2phla1
  158      0.9018          -0       4.023     0.489   178    3    3      0.9831    0    185     12    185     12    T0987TS043-D1.pdb:A  SCOP d1qfva_
  159      0.9018          -0       4.023     0.489   178    3    3      0.9831    0    185     12    185     12    T0987TS043-D1.pdb:A  SCOP d1qfta_
  160      0.8987          -0        1.08     0.765   181    3    2      0.9834    0    185     12    185      7    T0987TS043-D1.pdb:A  SCOP d4mon.3
  161      0.8987          -0        1.08     0.765   181    3    2      0.9834    0    185     12    185     15    T0987TS043-D1.pdb:A  SCOP d1hq6.1
  162      0.8956          -0       4.172     0.852   182    3    2      0.9835    0    185     12    185     15    T0987TS043-D1.pdb:A  SCOP d1sy3a_
  163      0.8956          -0       4.183     0.852   182    3    2      0.9835    0    185     12    185     14    T0987TS043-D1.pdb:A  SCOP d1ml7a_
  164      0.8956          -0        4.81     0.852   182    3    2      0.9835    0    185     12    185     15    T0987TS043-D1.pdb:A  SCOP d1x8oa_
  165      0.8956          -0       4.172     0.852   182    3    2      0.9835    0    185     12    185     14    T0987TS043-D1.pdb:A  SCOP d1sxxa_
  166      0.8948          -0       4.505     0.000   175    3    3           1    0    185     12    185     15    T0987TS043-D1.pdb:A  SCOP d1pvfa_
  167      0.8948          -0       4.187     0.000   175    3    3           1    0    185     12    185      9    T0987TS043-D1.pdb:A  SCOP d1d0qa_
  168      0.8948          -0       4.505     0.000   175    3    3           1    0    185     12    185     15    T0987TS043-D1.pdb:A  SCOP d1ppva_
  169      0.8919          -0       1.135     0.812   181    3    2      0.9834    0    185     12    185     12    T0987TS043-D1.pdb:A  SCOP d1j4ta_
  170      0.8916          -0        2.36     0.490   177    3    4      0.9831    0    185     12    185      7    T0987TS043-D1.pdb:A  SCOP d1apsa_
  171      0.8892          -0      0.4752     0.690   179    3    4      0.9665    0    185     12    185     11    T0987TS043-D1.pdb:A  SCOP d1nwpa_
  172      0.8889          -0      0.8837     0.765   180    3    3      0.9833    0    185     12    185     12    T0987TS043-D1.pdb:A  SCOP d1snfa_
  173      0.8857          -0       1.323     0.853   181    3    2      0.9834    0    185     12    185     10    T0987TS043-D1.pdb:A  SCOP d1ppya_
  174      0.8846          -0         3.1     0.000   174    4    5           1    0    185     12    185     19    T0987TS043-D1.pdb:A  SCOP d1g0ha_
  175      0.8846          -0       1.814     0.000   174    3    3           1    0    185     12    185     15    T0987TS043-D1.pdb:A  SCOP d1pdba_
  176      0.8846          -0       2.795     0.860   181    3    2      0.9834    0    185     12    185     11    T0987TS043-D1.pdb:A  SCOP d1fsta_
  177      0.8846          -0       2.795     0.860   181    3    2      0.9834    0    185     12    185     11    T0987TS043-D1.pdb:A  SCOP d1fsoa_
  178      0.8846          -0       2.795     0.860   181    3    2      0.9834    0    185     12    185     10    T0987TS043-D1.pdb:A  SCOP d1kmta_
  179      0.8846          -0       3.574     0.860   181    4    2      0.9834    0    185     12    185     16    T0987TS043-D1.pdb:A  SCOP d1qosa_
  180      0.8846          -0       2.795     0.860   181    3    2      0.9834    0    185     12    185     11    T0987TS043-D1.pdb:A  SCOP d1qvya_
  181      0.8846          -0       2.795     0.860   181    3    2      0.9834    0    185     12    185     10    T0987TS043-D1.pdb:A  SCOP d1rhoa_
  182      0.8846          -0       2.795     0.860   181    3    2      0.9834    0    185     12    185      9    T0987TS043-D1.pdb:A  SCOP d1ft3a_
  183      0.8846          -0       2.795     0.860   181    3    2      0.9834    0    185     12    185      9    T0987TS043-D1.pdb:A  SCOP d1ft0a_
  184      0.8845          -0       3.697     0.860   181    4    2      0.9834    0    185     12    185      7    T0987TS043-D1.pdb:A  SCOP d1ctoa_
  185      0.8845          -0        3.93     0.860   181    4    2      0.9834    0    185     12    185      7    T0987TS043-D1.pdb:A  SCOP d1gcfa_
  186      0.8815          -0       2.242     0.490   176    3    3       0.983    0    185     12    185     12    T0987TS043-D1.pdb:A  SCOP d1gm6a_
  187      0.8815          -0       2.446     0.491   176    3    4       0.983    0    185     12    185     13    T0987TS043-D1.pdb:A  SCOP d1a97a_
  188       0.879          -0      0.4752     0.692   178    3    4      0.9663    0    185     12    185     11    T0987TS043-D1.pdb:A  SCOP d1uata_
  189      0.8769          -0      0.3291     0.846   180    3    4        0.95    0    185     12    185     10    T0987TS043-D1.pdb:A  SCOP d1uuna_
  190      0.8745          -0       3.232     0.000   173    3    3           1    0    185     12    185     12    T0987TS043-D1.pdb:A  SCOP d1an7a_
  191      0.8745          -0       3.271     0.000   173    3    4           1    0    185     12    185     13    T0987TS043-D1.pdb:A  SCOP d1n0ea_
  192      0.8745          -0       3.746     0.000   173    3    2           1    0    185     12    185     11    T0987TS043-D1.pdb:A  SCOP d1bowa_
  193      0.8745          -0       4.505     0.000   173    3    3           1    0    185     12    185     13    T0987TS043-D1.pdb:A  SCOP d1hzta_
  194      0.8745          -0  1.798e+308     0.000   173    3    2           1    0    185     12    185     15    T0987TS043-D1.pdb:A  SCOP d1csb.1
  195      0.8745          -0       4.505     0.000   173    3    3           1    0    185     12    185      9    T0987TS043-D1.pdb:A  SCOP d1r67a_
  196      0.8686          -0     0.04951     0.696   177    3    4      0.9661    0    185     12    185     11    T0987TS043-D1.pdb:A  SCOP d1oa2a_
  197      0.8686          -0     0.05681     0.696   177    3    4      0.9661    0    185     12    185     11    T0987TS043-D1.pdb:A  SCOP d1h8va_
  198      0.8686          -0      0.3245     0.696   177    3    4      0.9661    0    185     12    185     11    T0987TS043-D1.pdb:A  SCOP d1oa3a_
  199      0.8644          -0       4.505     0.000   172    3    3           1    0    185     12    185     12    T0987TS043-D1.pdb:A  SCOP d1q54a_
  200      0.8644          -0       4.505     0.000   172    3    3           1    0    185     12    185     15    T0987TS043-D1.pdb:A  SCOP d1nfza_
  201      0.8644          -0       3.364     0.000   172    3    4           1    0    185     12    185     10    T0987TS043-D1.pdb:A  SCOP d1pzva_
  202      0.8644          -0       3.043     0.000   172    3    2           1    0    185     12    185      8    T0987TS043-D1.pdb:A  SCOP d1j1ya_
  203      0.8644          -0       4.505     0.000   172    3    3           1    0    185     12    185     15    T0987TS043-D1.pdb:A  SCOP d1ow2a_
  204      0.8644          -0       3.886     0.000   172    3    4           1    0    185     12    185     11    T0987TS043-D1.pdb:A  SCOP d1n0fa_
  205      0.8613          -0       2.352     0.493   174    3    4      0.9828    0    185     12    185     13    T0987TS043-D1.pdb:A  SCOP d1a95a_
  206      0.8596          -0       3.214     0.000   161    3    1           1    0    185     12    163     10    T0987TS043-D1.pdb:A  SCOP d2c9aa2
  207      0.8585          -0      0.7547     0.962   180    3    3      0.9667    0    185     12    185      8    T0987TS043-D1.pdb:A  SCOP d1pyba_
  208      0.8551          -0       2.582     0.982   180    4    3      0.9667    0    185     12    185     16    T0987TS043-D1.pdb:A  SCOP d2a71a1
  209      0.8544          -0       3.923     0.000   171    3    5           1    0    185     12    185     14    T0987TS043-D1.pdb:A  SCOP d1kzna_
  210      0.8544          -0       5.166     0.000   171    3    3           1    0    185     12    185     12    T0987TS043-D1.pdb:A  SCOP d1cf0a_
  211      0.8544          -0       2.632     0.000   171    3    4           1    0    185     12    185     11    T0987TS043-D1.pdb:A  SCOP d1xxoa_
  212      0.8544          -0       3.523     0.000   171    3    4           1    0    185     12    185     11    T0987TS043-D1.pdb:A  SCOP d1n0ga_
  213      0.8533          -0      0.7686     0.992   180    3    2      0.9833    0    185     12    185      9    T0987TS043-D1.pdb:A  SCOP d1plba_
  214      0.8533          -0       1.785     0.992   180    3    2      0.9833    0    185     12    185     11    T0987TS043-D1.pdb:A  SCOP d1dzca_
  215      0.8533          -0      0.7686     0.992   180    3    2      0.9833    0    185     12    185      9    T0987TS043-D1.pdb:A  SCOP d1plaa_
  216      0.8492          -0       1.066     0.695   175    3    5      0.9657    0    185     12    185     13    T0987TS043-D1.pdb:A  SCOP d1i0ra_
  217      0.8492          -0       1.066     0.695   175    3    5      0.9657    0    185     12    185     13    T0987TS043-D1.pdb:A  SCOP d1i0sa_
  218      0.8484          -0       1.085     0.776   176    3    3       0.983    0    185     12    185     15    T0987TS043-D1.pdb:A  SCOP d1ibv.1
  219       0.848          -0       2.311     0.846   177    3    4      0.9831    0    185     12    185      5    T0987TS043-D1.pdb:A  SCOP d1fyra_
  220      0.8418          -0        2.34     0.753   175    3    5        0.96    0    185     12    185     10    T0987TS043-D1.pdb:A  SCOP d2moba_
  221      0.8385          -0       1.085     0.778   175    3    3      0.9829    0    185     12    185     15    T0987TS043-D1.pdb:A  SCOP d1ibt.1
  222      0.8345          -0       3.377     0.000   169    3    4           1    0    185     12    185     12    T0987TS043-D1.pdb:A  SCOP d1fuea_
  223      0.8315          -0       3.307     0.498   171    3    4      0.9825    0    185     12    185     10    T0987TS043-D1.pdb:A  SCOP d1tsja_
  224      0.8248          -0       1.363     0.874   175    3    4      0.9829    0    185     12    185      7    T0987TS043-D1.pdb:A  SCOP d1ju5a_
  225      0.8247          -0       5.139     0.000   168    4    4           1    0    185     12    185     19    T0987TS043-D1.pdb:A  SCOP d1xi6a_
  226      0.8247          -0         3.1     0.000   168    3    3           1    0    185     12    185      8    T0987TS043-D1.pdb:A  SCOP d1dm9a_
  227      0.8247       1.939        6.05     0.000   168    3    4           1    0    185     12    185      7    T0987TS043-D1.pdb:A  SCOP d1r6pa_
  228      0.8224          -0       2.489     1.166   180    3    2      0.9833    0    185     12    185      9    T0987TS043-D1.pdb:A  SCOP d1bvka_
  229      0.8224          -0       2.584     1.166   180    3    2      0.9833    0    185     12    185      9    T0987TS043-D1.pdb:A  SCOP d1fvca_
  230      0.8224          -0       2.183     1.166   180    3    2      0.9833    0    185     12    185      9    T0987TS043-D1.pdb:A  SCOP d1wtla_
  231      0.8224          -0       2.311     1.166   180    3    2      0.9833    0    185     12    185      9    T0987TS043-D1.pdb:A  SCOP d1ivla_
  232      0.8224          -0       1.715     1.166   180    3    2      0.9833    0    185     12    185      9    T0987TS043-D1.pdb:A  SCOP d2imna_
  233      0.8224          -0       1.715     1.166   180    3    2      0.9833    0    185     12    185      9    T0987TS043-D1.pdb:A  SCOP d1c08a_
  234      0.8224          -0       2.203     1.166   180    3    2      0.9833    0    185     12    185      9    T0987TS043-D1.pdb:A  SCOP d1g7la_
  235      0.8224          -0       1.715     1.166   180    3    2      0.9833    0    185     12    185      9    T0987TS043-D1.pdb:A  SCOP d1kipa_
  236      0.8224          -0       2.584     1.166   180    3    2      0.9833    0    185     12    185      9    T0987TS043-D1.pdb:A  SCOP d1dvfa_
  237      0.8224          -0       1.715     1.166   180    3    2      0.9833    0    185     12    185      9    T0987TS043-D1.pdb:A  SCOP d1kira_
  238      0.8224          -0       2.203     1.166   180    3    2      0.9833    0    185     12    185      9    T0987TS043-D1.pdb:A  SCOP d1g7ha_
  239      0.8224          -0       2.203     1.166   180    3    2      0.9833    0    185     12    185      9    T0987TS043-D1.pdb:A  SCOP d1g7ma_
  240      0.8224          -0       2.721     1.166   180    3    2      0.9833    0    185     12    185      9    T0987TS043-D1.pdb:A  SCOP d1b0wa_
  241      0.8224          -0       2.584     1.166   180    3    2      0.9833    0    185     12    185      9    T0987TS043-D1.pdb:A  SCOP d1reia_
  242      0.8224          -0       2.203     1.166   180    3    2      0.9833    0    185     12    185      9    T0987TS043-D1.pdb:A  SCOP d1qp1a_
  243      0.8224          -0       2.721     1.166   180    3    2      0.9833    0    185     12    185      9    T0987TS043-D1.pdb:A  SCOP d1eeqa_
  244      0.8224          -0       2.203     1.166   180    3    2      0.9833    0    185     12    185      9    T0987TS043-D1.pdb:A  SCOP d1eeua_
  245      0.8224          -0       1.715     1.166   180    3    2      0.9833    0    185     12    185      9    T0987TS043-D1.pdb:A  SCOP d1efqa_
  246      0.8224          -0       2.203     1.166   180    3    2      0.9833    0    185     12    185      9    T0987TS043-D1.pdb:A  SCOP d1qaca_
  247      0.8224          -0       2.584     1.166   180    3    2      0.9833    0    185     12    185      9    T0987TS043-D1.pdb:A  SCOP d1ek3a_
  248      0.8224          -0       2.203     1.166   180    3    2      0.9833    0    185     12    185      9    T0987TS043-D1.pdb:A  SCOP d5lvea_
  249      0.8224          -0       1.715     1.166   180    3    2      0.9833    0    185     12    185      9    T0987TS043-D1.pdb:A  SCOP d3lvea_
  250      0.8224          -0       2.183     1.166   180    3    2      0.9833    0    185     12    185      9    T0987TS043-D1.pdb:A  SCOP d1lvea_
  251      0.8224          -0       3.291     1.166   180    3    2      0.9833    0    185     12    185      9    T0987TS043-D1.pdb:A  SCOP d4lvea_
  252      0.8224          -0       1.715     1.166   180    3    2      0.9833    0    185     12    185      9    T0987TS043-D1.pdb:A  SCOP d2lvea_
  253      0.8224          -0       1.715     1.166   180    3    2      0.9833    0    185     12    185      9    T0987TS043-D1.pdb:A  SCOP d2imma_
  254      0.8224          -0       1.454     1.166   180    3    2      0.9833    0    185     12    185      9    T0987TS043-D1.pdb:A  SCOP d43c9a_
  255      0.8224          -0       1.464     1.166   180    3    2      0.9833    0    185     12    185      9    T0987TS043-D1.pdb:A  SCOP d43caa_
  256      0.8224          -0        2.86     1.166   180    3    2      0.9833    0    185     12    185      9    T0987TS043-D1.pdb:A  SCOP d1j05a_
  257      0.8224          -0       1.715     1.166   180    3    2      0.9833    0    185     12    185      9    T0987TS043-D1.pdb:A  SCOP d1a2ya_
  258      0.8224          -0       2.443     1.166   180    3    2      0.9833    0    185     12    185      9    T0987TS043-D1.pdb:A  SCOP d1vfaa_
  259      0.8224          -0       1.715     1.166   180    3    2      0.9833    0    185     12    185      9    T0987TS043-D1.pdb:A  SCOP d1vfba_
  260      0.8224          -0       2.203     1.166   180    3    2      0.9833    0    185     12    185      9    T0987TS043-D1.pdb:A  SCOP d1g7ja_
  261      0.8224          -0       3.043     1.166   180    3    2      0.9833    0    185     12    185      9    T0987TS043-D1.pdb:A  SCOP d1i8ka_
  262      0.8224          -0       2.584     1.166   180    3    2      0.9833    0    185     12    185      9    T0987TS043-D1.pdb:A  SCOP d1g7ia_
  263      0.8224          -0       1.715     1.166   180    3    2      0.9833    0    185     12    185      9    T0987TS043-D1.pdb:A  SCOP d1kiqa_
  264      0.8216          -0       2.326     0.500   170    3    4      0.9824    0    185     12    185     11    T0987TS043-D1.pdb:A  SCOP d1q27a_
  265      0.8203          -0       0.404     1.021   177    3    2      0.9774    0    185     12    185     13    T0987TS043-D1.pdb:A  SCOP d1bbpa_
  266      0.8188          -0       1.085     0.782   173    3    3      0.9827    0    185     12    185     15    T0987TS043-D1.pdb:A  SCOP d1pya.1
  267      0.8188          -0       1.085     0.782   173    3    3      0.9827    0    185     12    185     15    T0987TS043-D1.pdb:A  SCOP d1ibw.1
  268      0.8185          -0       2.311     0.853   174    3    4      0.9828    0    185     12    185      5    T0987TS043-D1.pdb:A  SCOP d1bm2a_
  269      0.8178          -0       3.783     1.191   180    3    2      0.9833    0    185     12    185      8    T0987TS043-D1.pdb:A  SCOP d1m9za_
  270      0.8178          -0       2.919     1.191   180    3    2      0.9833    0    185     12    185     11    T0987TS043-D1.pdb:A  SCOP d1o7sa_
  271      0.8169          -0       3.166     1.146   179    3    3      0.9832    0    185     12    185     10    T0987TS043-D1.pdb:A  SCOP d1jera_
  272      0.8149          -0       2.986     0.000   167    3    3           1    0    185     12    185     10    T0987TS043-D1.pdb:A  SCOP d1e09a_
  273      0.8149   2.204e-11       3.406     0.000   167    3    3           1    0    185     12    185      7    T0987TS043-D1.pdb:A  SCOP d1q53a_
  274      0.8149          -0  1.798e+308     0.000   167    4    3           1    0    185     12    185     20    T0987TS043-D1.pdb:A  SCOP d1gx0a_
  275      0.8149          -0        4.26     0.000   167    3    3           1    0    185     12    185     11    T0987TS043-D1.pdb:A  SCOP d1sbqa_
  276      0.8149          -0       4.935     0.000   167    3    3           1    0    185     12    185      9    T0987TS043-D1.pdb:A  SCOP d1jbba_
  277      0.8133          -0      0.3055     1.166   179    4    3      0.9665    0    185     12    185     15    T0987TS043-D1.pdb:A  SCOP d1of3a_
  278      0.8133          -0       1.055     1.166   179    4    3      0.9665    0    185     12    185     15    T0987TS043-D1.pdb:A  SCOP d1oh4a_
  279      0.8133          -0      0.7469     1.166   179    4    3      0.9665    0    185     12    185     15    T0987TS043-D1.pdb:A  SCOP d1of4a_
  280      0.8065          -0       1.765     0.992   175    3    4      0.9657    0    185     12    185     11    T0987TS043-D1.pdb:A  SCOP d1awza_
  281      0.8051          -0       4.346     0.000   166    3    3           1    0    185     12    185     13    T0987TS043-D1.pdb:A  SCOP d1h4oa_
  282      0.8051          -0       4.233     0.000   166    3    5           1    0    185     12    185      9    T0987TS043-D1.pdb:A  SCOP d1jasa_
  283      0.8051          -0       2.891     0.000   166    3    3           1    0    185     12    185     14    T0987TS043-D1.pdb:A  SCOP d1el6a_
  284      0.8051          -0       4.773     0.000   166    3    3           1    0    185     12    185     13    T0987TS043-D1.pdb:A  SCOP d1urma_
  285      0.8051          -0       3.681     0.000   166    3    5           1    0    185     12    185     10    T0987TS043-D1.pdb:A  SCOP d1faaa_
  286      0.8051          -0       3.681     0.000   166    3    4           1    0    185     12    185      9    T0987TS043-D1.pdb:A  SCOP d1f9ma_
  287      0.8026          -0       2.065     0.832   172    3    4      0.9826    0    185     12    185      8    T0987TS043-D1.pdb:A  SCOP d1f37a_
  288      0.8021          -0       2.765     0.503   168    3    3      0.9821    0    185     12    185     10    T0987TS043-D1.pdb:A  SCOP d1u1za_
  289      0.8021          -0       4.215     0.503   168    4    5      0.9821    0    185     12    185     12    T0987TS043-D1.pdb:A  SCOP d1vhsa_
  290      0.8004          -0      0.7188     1.282   180    3    2      0.9833    0    185     12    185      9    T0987TS043-D1.pdb:A  SCOP d1avea_
  291      0.8004          -0      0.6833     1.282   180    3    2      0.9833    0    185     12    185      8    T0987TS043-D1.pdb:A  SCOP d1lela_
  292      0.7994          -0       2.996     0.787   171    3    7      0.9825    0    185     12    185     11    T0987TS043-D1.pdb:A  SCOP d1j3aa_
  293      0.7975          -0       1.224     1.251   179    3    3      0.9665    0    185     12    185      5    T0987TS043-D1.pdb:A  SCOP d1mdaa_
  294      0.7963          -0      0.8003     0.999   174    3    5      0.9655    0    185     12    185      9    T0987TS043-D1.pdb:A  SCOP d1b1aa_
  295      0.7958          -0     0.04278     1.212   178    3    5      0.9326    0    185     12    185      9    T0987TS043-D1.pdb:A  SCOP d1bwwa_
  296      0.7955          -0       2.545     0.000   165    3    4           1    0    185     12    185     10    T0987TS043-D1.pdb:A  SCOP d1mq0a_
  297      0.7955          -0      0.7188     0.000   165    3    4           1    0    185     12    185     12    T0987TS043-D1.pdb:A  SCOP d1n71a_
  298      0.7955          -0       4.908     0.000   165    3    3           1    0    185     12    185     13    T0987TS043-D1.pdb:A  SCOP d1oc3a_
  299      0.7955          -0      0.7914     0.000   165    3    4           1    0    185     12    185     12    T0987TS043-D1.pdb:A  SCOP d1b87a_
  300      0.7946          -0       2.906     1.267   179    3    2      0.9832    0    185     12    185     10    T0987TS043-D1.pdb:A  SCOP d2cd0a_
  301      0.7938          -0        4.16     0.000   158    3    3           1    0    185     12    170     14    T0987TS043-D1.pdb:A  SCOP d1xhna1
  302      0.7935          -0      0.7535     1.176   177    3    3      0.9831    0    185     12    185      8    T0987TS043-D1.pdb:A  SCOP d1t23a_
  303      0.7926          -0       1.184     0.964   173    3    5      0.9653    0    185     12    185      9    T0987TS043-D1.pdb:A  SCOP d1m2aa_
  304      0.7926          -0       1.184     0.964   173    3    5      0.9653    0    185     12    185      9    T0987TS043-D1.pdb:A  SCOP d1m2ba_
  305      0.7885          -0        3.26     0.931   172    3    3      0.9884    0    185     12    185     12    T0987TS043-D1.pdb:A  SCOP d1m26.1
  306      0.7885          -0       1.654     0.931   172    3    3      0.9884    0    185     12    185     12    T0987TS043-D1.pdb:A  SCOP d1pxd.1
  307      0.7885          -0       1.654     0.931   172    3    3      0.9884    0    185     12    185     12    T0987TS043-D1.pdb:A  SCOP d1ku8.1
  308      0.7885          -0       1.654     0.931   172    3    3      0.9884    0    185     12    185     12    T0987TS043-D1.pdb:A  SCOP d1toq.1
  309      0.7885          -0       1.654     0.931   172    3    3      0.9884    0    185     12    185     12    T0987TS043-D1.pdb:A  SCOP d1kuj.1
  310      0.7879          -0       1.306     1.255   178    3    2      0.9831    0    185     12    185     10    T0987TS043-D1.pdb:A  SCOP d1v70a_
  311      0.7846          -0       1.263     1.225   177    3    4      0.9661    0    185     12    185     11    T0987TS043-D1.pdb:A  SCOP d1u79a_
  312       0.784          -0       1.403     1.179   176    4    3       0.983    0    185     12    185     18    T0987TS043-D1.pdb:A  SCOP d1xv2a_
  313       0.783          -0       3.338     0.505   166    3    4      0.9819    0    185     12    185     12    T0987TS043-D1.pdb:A  SCOP d1vgga_
  314      0.7829          -0       0.523     0.506   166    3    6      0.9819    0    185     12    185     15    T0987TS043-D1.pdb:A  SCOP d1pt9a_
  315      0.7826          -0       3.024     0.970   172    3    4      0.9884    0    185     12    185     14    T0987TS043-D1.pdb:A  SCOP d1usfa_
  316      0.7826          -0       3.024     0.970   172    3    4      0.9884    0    185     12    185     14    T0987TS043-D1.pdb:A  SCOP d1usca_
  317      0.7814          -0      0.2361     1.289   178    3    3      0.9831    0    185     12    185     15    T0987TS043-D1.pdb:A  SCOP d1p2na_
  318      0.7814          -0      0.2361     1.289   178    3    3      0.9831    0    185     12    185     15    T0987TS043-D1.pdb:A  SCOP d1p2ma_
  319      0.7814          -0      0.2361     1.289   178    3    3      0.9831    0    185     12    185     15    T0987TS043-D1.pdb:A  SCOP d1p2oa_
  320      0.7801          -0      0.2648     1.342   179    4    3      0.9665    0    185     12    185     11    T0987TS043-D1.pdb:A  SCOP d1dyoa_
  321      0.7801          -0      0.3275     1.342   179    4    3      0.9665    0    185     12    185     11    T0987TS043-D1.pdb:A  SCOP d1h6ya_
  322       0.777          -0        1.29     1.266   177    3    3      0.9831    0    185     12    185     13    T0987TS043-D1.pdb:A  SCOP d1ovba_
  323      0.7769          -0      0.8465     1.358   179    4    3      0.9665    0    185     12    185     15    T0987TS043-D1.pdb:A  SCOP d1apna_
  324      0.7769          -0      0.5473     1.358   179    4    3      0.9665    0    185     12    185     15    T0987TS043-D1.pdb:A  SCOP d1dq4a_
  325      0.7769          -0      0.5473     1.358   179    4    3      0.9665    0    185     12    185     17    T0987TS043-D1.pdb:A  SCOP d1ensa_
  326      0.7765          -0     0.05189     1.360   179    4    3      0.9665    0    185     12    185     16    T0987TS043-D1.pdb:A  SCOP d2ctva_
  327      0.7765          -0     0.05189     1.360   179    4    3      0.9665    0    185     12    185     16    T0987TS043-D1.pdb:A  SCOP d1scsa_
  328      0.7765          -0     0.05189     1.360   179    4    3      0.9665    0    185     12    185     18    T0987TS043-D1.pdb:A  SCOP d5cnaa_
  329      0.7765          -0     0.05189     1.360   179    4    3      0.9665    0    185     12    185     18    T0987TS043-D1.pdb:A  SCOP d2enra_
  330      0.7765          -0       1.233     1.360   179    4    3      0.9665    0    185     12    185     15    T0987TS043-D1.pdb:A  SCOP d1enqa_
  331      0.7765          -0     0.05189     1.360   179    4    3      0.9665    0    185     12    185     16    T0987TS043-D1.pdb:A  SCOP d1c57a_
  332      0.7765          -0     0.05189     1.360   179    4    3      0.9665    0    185     12    185     16    T0987TS043-D1.pdb:A  SCOP d1xqna_
  333      0.7765          -0     0.05189     1.360   179    4    3      0.9665    0    185     12    185     16    T0987TS043-D1.pdb:A  SCOP d1qnya_
  334      0.7765          -0     0.05189     1.360   179    4    3      0.9665    0    185     12    185     16    T0987TS043-D1.pdb:A  SCOP d1nlsa_
  335      0.7763          -0       2.008     0.515   159    4    4      0.9811    0    185     12    171     14    T0987TS043-D1.pdb:A  SCOP d1j5qa1
  336      0.7763          -0       1.995     0.515   159    4    4      0.9811    0    185     12    171     13    T0987TS043-D1.pdb:A  SCOP d1m3ya1
  337      0.7761          -0      0.9514     1.271   177    4    4      0.9831    0    185     12    185     12    T0987TS043-D1.pdb:A  SCOP d1p6pa_
  338      0.7742          -0       0.828     1.327   178    3    4      0.9607    0    185     12    185     15    T0987TS043-D1.pdb:A  SCOP d1koia_
  339      0.7736          -0       1.184     0.970   171    3    5      0.9649    0    185     12    185      9    T0987TS043-D1.pdb:A  SCOP d1m2da_
  340      0.7734          -0       2.244     0.507   165    3    6      0.9818    0    185     12    185     11    T0987TS043-D1.pdb:A  SCOP d1cv8a_
  341       0.773          -0       2.045     1.379   179    3    2      0.9832    0    185     12    185     11    T0987TS043-D1.pdb:A  SCOP d1bffa_
  342       0.773          -0       3.054     1.379   179    4    2      0.9832    0    185     12    185     18    T0987TS043-D1.pdb:A  SCOP d1dt2a_
  343      0.7685   1.366e-05       4.229     1.114   173    5    2      0.9884    0    185     12    185     11    T0987TS043-D1.pdb:A  SCOP d1gmma_
  344      0.7681          -0       1.705     1.062   172    3    5      0.9709    0    185     12    185      8    T0987TS043-D1.pdb:A  SCOP d1sn2a_
  345      0.7681          -0       1.745     1.062   172    3    5      0.9709    0    185     12    185      8    T0987TS043-D1.pdb:A  SCOP d1bz8a_
  346      0.7681          -0       1.705     1.062   172    3    5      0.9709    0    185     12    185      9    T0987TS043-D1.pdb:A  SCOP d1sn5a_
  347       0.768          -0       1.105     1.267   176    3    3      0.9659    0    185     12    185     14    T0987TS043-D1.pdb:A  SCOP d1m0za_
  348       0.768          -0       1.105     1.267   176    3    3      0.9659    0    185     12    185     15    T0987TS043-D1.pdb:A  SCOP d1p8va_
  349       0.768          -0       2.197     1.267   176    3    3      0.9659    0    185     12    185     13    T0987TS043-D1.pdb:A  SCOP d1qyya_
  350      0.7676          -0       1.668     1.270   176    3    3       0.983    0    185     12    185     14    T0987TS043-D1.pdb:A  SCOP d1xyna_
  351      0.7665          -0       1.995     1.126   173    3    3      0.9769    0    185     12    185      8    T0987TS043-D1.pdb:A  SCOP d1uapa_
  352       0.764          -0        1.56     0.507   164    3    5      0.9817    0    185     12    185     13    T0987TS043-D1.pdb:A  SCOP d1n8ja_
  353      0.7638          -0       1.805     0.510   164    3    7      0.9817    0    185     12    185     15    T0987TS043-D1.pdb:A  SCOP d1k49a_
  354      0.7587          -0       2.443     0.884   168    3    6      0.9821    0    185     12    185     14    T0987TS043-D1.pdb:A  SCOP d1ty9a_
  355      0.7587          -0       1.705     1.066   171    3    5      0.9708    0    185     12    185      8    T0987TS043-D1.pdb:A  SCOP d1sn0a_
  356      0.7587          -0       1.745     1.066   171    3    5      0.9708    0    185     12    185      8    T0987TS043-D1.pdb:A  SCOP d1kgja_
  357      0.7587          -0       1.745     1.066   171    3    5      0.9708    0    185     12    185      8    T0987TS043-D1.pdb:A  SCOP d1icta_
  358      0.7574          -0       3.504     0.000   161    3    3           1    0    185     12    185     11    T0987TS043-D1.pdb:A  SCOP d1h2oa_
  359      0.7574          -0       3.653     0.000   161    3    3           1    0    185     12    185     10    T0987TS043-D1.pdb:A  SCOP d1b6fa_
  360      0.7574   2.916e-05       5.215     0.000   161    3    3           1    0    185     12    185     10    T0987TS043-D1.pdb:A  SCOP d1llta_
  361      0.7574          -0        4.64     0.000   161    3    4           1    0    185     12    185     10    T0987TS043-D1.pdb:A  SCOP d1icxa_
  362       0.757          -0       2.213     0.960   169    3    2      0.9822    0    185     12    185     13    T0987TS043-D1.pdb:A  SCOP d1k3qa_
  363       0.755          -0      0.7188     0.973   169    3    4      0.9822    0    185     12    185     13    T0987TS043-D1.pdb:A  SCOP d1qxha_
  364      0.7536          -0       1.517     1.477   179    4    2      0.9832    0    185     12    185     15    T0987TS043-D1.pdb:A  SCOP d2pka.1
  365      0.7531          -0       1.494     1.437   178    3    3      0.9663    0    185     12    185     11    T0987TS043-D1.pdb:A  SCOP d1oioa_
  366      0.7528          -0       1.955     1.206   173    3    5      0.9653    0    185     12    185      5    T0987TS043-D1.pdb:A  SCOP d1ghua_
  367      0.7521          -0        1.76     0.932   168    4    5      0.9881    0    185     12    185     12    T0987TS043-D1.pdb:A  SCOP d1w9aa_
  368      0.7514          -0       2.045     1.214   173    3    4      0.9827    0    185     12    185      9    T0987TS043-D1.pdb:A  SCOP d1qjga_
  369      0.7502          -0       0.305     1.451   178    4    4      0.9494    0    185     12    185     16    T0987TS043-D1.pdb:A  SCOP d1enra_
  370      0.7502          -0       0.305     1.451   178    4    4      0.9494    0    185     12    185     18    T0987TS043-D1.pdb:A  SCOP d1dq6a_
  371      0.7502          -0       0.305     1.451   178    4    4      0.9494    0    185     12    185     16    T0987TS043-D1.pdb:A  SCOP d1dq1a_
  372      0.7502          -0       0.305     1.451   178    4    4      0.9494    0    185     12    185     18    T0987TS043-D1.pdb:A  SCOP d1dq0a_
  373      0.7502          -0      0.2986     1.451   178    4    4      0.9494    0    185     12    185     15    T0987TS043-D1.pdb:A  SCOP d1cesa_
  374        0.75          -0       4.928     0.000   149    3    2           1    0    185     12    160     14    T0987TS043-D1.pdb:A  SCOP d1sp8a1
  375      0.7499          -0       1.735     1.365   176    3    3      0.9716    0    185     12    185      6    T0987TS043-D1.pdb:A  SCOP d1vhpa_
  376      0.7498          -0       4.161     1.121   171    4    3      0.9883    0    185     12    185     12    T0987TS043-D1.pdb:A  SCOP d1uyza_
  377      0.7498          -0       4.161     1.121   171    4    3      0.9883    0    185     12    185     12    T0987TS043-D1.pdb:A  SCOP d1uy0a_
  378      0.7498          -0       4.161     1.121   171    4    3      0.9883    0    185     12    185     12    T0987TS043-D1.pdb:A  SCOP d1uxza_
  379      0.7498          -0       4.161     1.121   171    4    3      0.9883    0    185     12    185     12    T0987TS043-D1.pdb:A  SCOP d1uyxa_
  380      0.7498          -0       4.161     1.121   171    4    3      0.9883    0    185     12    185     12    T0987TS043-D1.pdb:A  SCOP d1uyya_
  381      0.7489          -0       3.307     1.414   177    4    4      0.9435    0    185     12    185     14    T0987TS043-D1.pdb:A  SCOP d1q56a_
  382       0.748          -0           2     0.000   160    3    6           1    0    185     12    185     15    T0987TS043-D1.pdb:A  SCOP d1k38a_
  383       0.748          -0       4.845     0.000   160    3    6           1    0    185     12    185     15    T0987TS043-D1.pdb:A  SCOP d1soaa_
  384       0.748     0.03967       5.755     0.000   160    3    4           1    0    185     12    185     10    T0987TS043-D1.pdb:A  SCOP d1ifva_
  385      0.7471          -0       1.902     1.467   178    3    3      0.9663    0    185     12    185     10    T0987TS043-D1.pdb:A  SCOP d1blaa_
  386      0.7471          -0       1.836     1.467   178    3    3      0.9663    0    185     12    185     10    T0987TS043-D1.pdb:A  SCOP d1blda_
  387      0.7465          -0       1.846     0.971   168    3    4      0.9762    0    185     12    185     13    T0987TS043-D1.pdb:A  SCOP d1qq2a_
  388      0.7451          -0        3.27     0.511   162    3    4      0.9815    0    185     12    185     11    T0987TS043-D1.pdb:A  SCOP d1xeba_
  389       0.745          -0       2.035     0.513   162    3    6      0.9815    0    185     12    185     10    T0987TS043-D1.pdb:A  SCOP d1dcfa_
  390      0.7427          -0       1.224     1.490   178    3    3      0.9607    0    185     12    185      5    T0987TS043-D1.pdb:A  SCOP d1cxwa_
  391      0.7421          -0       2.045     1.218   172    3    4      0.9826    0    185     12    185      9    T0987TS043-D1.pdb:A  SCOP d1ocva_
  392      0.7416          -0       1.548     1.364   175    3    4      0.9657    0    185     12    185     11    T0987TS043-D1.pdb:A  SCOP d1blra_
  393      0.7414          -0       2.699     0.945   167    3    5       0.988    0    185     12    185     14    T0987TS043-D1.pdb:A  SCOP d1v7la_
  394      0.7404          -0       2.443     1.501   178    4    3      0.9663    0    185     12    185     11    T0987TS043-D1.pdb:A  SCOP d1euwa_
  395      0.7387          -0       4.474     0.000   159    3    6           1    0    185     12    185     14    T0987TS043-D1.pdb:A  SCOP d1ucfa_
  396      0.7374          -0       3.364     0.972   167    3    3       0.982    0    185     12    185      9    T0987TS043-D1.pdb:A  SCOP d1m58a_
  397      0.7358          -0       2.298     0.513   161    3    7      0.9814    0    185     12    185     13    T0987TS043-D1.pdb:A  SCOP d1m8ka_
  398      0.7322          -0       2.479     1.369   174    3    3      0.9828    0    185     12    185     14    T0987TS043-D1.pdb:A  SCOP d1jopa_
  399      0.7299   2.387e-06        5.71     0.000   137    3    1           1    0    185     12    139     10    T0987TS043-D1.pdb:A  SCOP d1shxa1
  400      0.7298          -0       1.705     1.382   174    3    4      0.9713    0    185     12    185      6    T0987TS043-D1.pdb:A  SCOP d2mtaa_
  401      0.7294          -0       4.774     0.000   158    3    4           1    0    185     12    185     12    T0987TS043-D1.pdb:A  SCOP d1qnxa_
  402      0.7286          -0      0.1116     1.433   175    3    4      0.9657    0    185     12    185     14    T0987TS043-D1.pdb:A  SCOP d1flja_
  403      0.7286          -0       0.108     1.433   175    3    4      0.9657    0    185     12    185     14    T0987TS043-D1.pdb:A  SCOP d1jd0a_
  404      0.7286          -0       0.108     1.433   175    3    4      0.9657    0    185     12    185     14    T0987TS043-D1.pdb:A  SCOP d1jcza_
  405      0.7285          -0       1.096     1.389   174    3    4      0.9655    0    185     12    185     13    T0987TS043-D1.pdb:A  SCOP d1wgba_
  406      0.7283          -0      0.9791     1.603   179    4    2      0.9832    0    185     12    185     19    T0987TS043-D1.pdb:A  SCOP d1t5ra_
  407       0.727          -0       1.253     0.781   163    3    7      0.9571    0    185     12    185     15    T0987TS043-D1.pdb:A  SCOP d1k4ia_
  408       0.727          -0       1.253     0.781   163    3    7      0.9571    0    185     12    185     15    T0987TS043-D1.pdb:A  SCOP d1k4oa_
  409       0.727          -0       1.253     0.781   163    3    7      0.9571    0    185     12    185     15    T0987TS043-D1.pdb:A  SCOP d1k4la_
  410      0.7263          -0       2.496     1.048   167    3    5      0.9641    0    185     12    185      6    T0987TS043-D1.pdb:A  SCOP d1wh1a_
  411      0.7253   1.008e-12        4.81     1.216   170    3    4      0.9824    0    185     12    185     10    T0987TS043-D1.pdb:A  SCOP d1sbxa_
  412      0.7237          -0       2.699     1.006   166    3    6      0.9639    0    185     12    185      9    T0987TS043-D1.pdb:A  SCOP d1gl8a_
  413      0.7229          -0       2.223     1.012   166    3    3      0.9819    0    185     12    185     13    T0987TS043-D1.pdb:A  SCOP d1g3ga_
  414      0.7229          -0       2.223     1.012   166    3    3      0.9819    0    185     12    185     12    T0987TS043-D1.pdb:A  SCOP d1k3na_
  415      0.7211          -0       2.138     1.678   180    3    2      0.9667    0    185     12    185     14    T0987TS043-D1.pdb:A  SCOP d1ew3a_
  416      0.7207          -0      0.4991     1.517   176    3    3      0.9659    0    185     12    185     13    T0987TS043-D1.pdb:A  SCOP d1oala_
  417      0.7207          -0      0.4991     1.517   176    3    3      0.9659    0    185     12    185     13    T0987TS043-D1.pdb:A  SCOP d1oaja_
  418      0.7207          -0      0.4991     1.517   176    3    3      0.9659    0    185     12    185     13    T0987TS043-D1.pdb:A  SCOP d1ib5a_
  419      0.7207          -0     0.05189     1.517   176    3    3      0.9659    0    185     12    185     13    T0987TS043-D1.pdb:A  SCOP d1yaia_
  420      0.7207          -0      0.4991     1.517   176    3    3      0.9659    0    185     12    185     13    T0987TS043-D1.pdb:A  SCOP d1ibba_
  421      0.7207          -0      0.4991     1.517   176    3    3      0.9659    0    185     12    185     13    T0987TS043-D1.pdb:A  SCOP d1ibha_
  422      0.7204          -0       3.903     1.141   168    4    6      0.9643    0    185     12    185     17    T0987TS043-D1.pdb:A  SCOP d1jqra_
  423      0.7197          -0       4.303     0.595   160    3    5       0.975    0    185     12    185     13    T0987TS043-D1.pdb:A  SCOP d1tfua_
  424      0.7193          -0       1.973     1.607   178    4    3      0.9831    0    185     12    185     12    T0987TS043-D1.pdb:A  SCOP d1eala_
  425      0.7189          -0       3.569     1.203   169    3    5      0.9822    0    185     12    185     11    T0987TS043-D1.pdb:A  SCOP d1r5ta_
  426      0.7175          -0       1.645     1.576   177    3    3      0.9605    0    185     12    185     12    T0987TS043-D1.pdb:A  SCOP d1cwpa_
  427      0.7171          -0       3.765     0.929   164    3    4      0.9817    0    185     12    185      7    T0987TS043-D1.pdb:A  SCOP d1ueqa_
  428      0.7164          -0       1.581     0.867   163    3    6      0.9877    0    185     12    185     15    T0987TS043-D1.pdb:A  SCOP d1vkfa_
  429      0.7154          -0      0.5074     1.224   169    4    4      0.9704    0    185     12    185     11    T0987TS043-D1.pdb:A  SCOP d1ux7a_
  430      0.7154          -0      0.7387     1.224   169    4    4      0.9704    0    185     12    185     11    T0987TS043-D1.pdb:A  SCOP d1w0na_
  431      0.7148          -0       2.233     1.630   178    3    3      0.9663    0    185     12    185     14    T0987TS043-D1.pdb:A  SCOP d1d2sa_
  432      0.7141          -0       1.096     1.633   178    4    3      0.9663    0    185     12    185      7    T0987TS043-D1.pdb:A  SCOP d1co1a_
  433      0.7139          -0       3.755     1.073   166    3    3      0.9819    0    185     12    185      9    T0987TS043-D1.pdb:A  SCOP d1k3ba_
  434      0.7131          -0       3.875     1.134   167    3    3       0.988    0    185     12    185     10    T0987TS043-D1.pdb:A  SCOP d1gdfa_
  435      0.7125          -0       2.272     1.291   170    3    2      0.9824    0    185     12    185      8    T0987TS043-D1.pdb:A  SCOP d1upqa_
  436      0.7117          -0       3.176     1.246   169    3    3      0.9822    0    185     12    185      8    T0987TS043-D1.pdb:A  SCOP d1i85a_
  437      0.7113          -0     0.03873     1.566   176    3    4      0.9489    0    185     12    185     13    T0987TS043-D1.pdb:A  SCOP d1thja_
  438      0.7111          -0       3.599     0.000   156    3    5           1    0    185     12    185      9    T0987TS043-D1.pdb:A  SCOP d1vkca_
  439      0.7108          -0        2.34     1.093   166    3    4      0.9639    0    185     12    185      7    T0987TS043-D1.pdb:A  SCOP d1uf1a_
  440      0.7105          -0      0.5437     1.254   169    3    3      0.9822    0    185     12    185      9    T0987TS043-D1.pdb:A  SCOP d1ifga_
  441      0.7103          -0      0.5781     1.692   179    3    2      0.9888    0    185     12    185     13    T0987TS043-D1.pdb:A  SCOP d1bzoa_
  442      0.7103          -0       1.476     1.692   179    3    2      0.9888    0    185     12    185     11    T0987TS043-D1.pdb:A  SCOP d1esoa_
  443      0.7103          -0      0.4489     1.692   179    3    2      0.9888    0    185     12    185     13    T0987TS043-D1.pdb:A  SCOP d1eqwa_
  444      0.7103          -0       4.297     1.692   179    3    2      0.9888    0    185     12    185      9    T0987TS043-D1.pdb:A  SCOP d1ufga_
  445      0.7083          -0       2.298     0.518   158    3    7       0.981    0    185     12    185     12    T0987TS043-D1.pdb:A  SCOP d1m8ga_
  446      0.7083          -0       2.298     0.518   158    3    7       0.981    0    185     12    185     12    T0987TS043-D1.pdb:A  SCOP d1ej2a_
  447      0.7083          -0       2.298     0.518   158    3    7       0.981    0    185     12    185     13    T0987TS043-D1.pdb:A  SCOP d1m8fa_
  448       0.708          -0     0.08183     1.541   175    3    3      0.9714    0    185     12    185     11    T0987TS043-D1.pdb:A  SCOP d1nuna_
  449      0.7066          -0      0.1371     1.590   176    4    5      0.9375    0    185     12    185     10    T0987TS043-D1.pdb:A  SCOP d1od3a_
  450      0.7066          -0      0.1371     1.590   176    4    5      0.9375    0    185     12    185     10    T0987TS043-D1.pdb:A  SCOP d1o8pa_
  451      0.7066          -0      0.1371     1.590   176    4    5      0.9375    0    185     12    185     10    T0987TS043-D1.pdb:A  SCOP d1naea_
  452      0.7066          -0      0.1371     1.590   176    4    5      0.9375    0    185     12    185     10    T0987TS043-D1.pdb:A  SCOP d1o8sa_
  453      0.7033          -0        4.36     0.000   134    3    2           1    0    185     12    138     14    T0987TS043-D1.pdb:A  SCOP d1h2ba1
  454      0.7032          -0       1.524     1.688   178    3    3      0.9663    0    185     12    185     11    T0987TS043-D1.pdb:A  SCOP d1hxra_
  455      0.7029          -0       1.361     1.298   169    3    6      0.9586    0    185     12    185     11    T0987TS043-D1.pdb:A  SCOP d1ogda_
  456       0.702          -0        3.12     0.000   155    3    4           1    0    185     12    185     14    T0987TS043-D1.pdb:A  SCOP d1bama_
  457      0.7016          -0      0.1116     1.445   172    3    4      0.9651    0    185     12    185     12    T0987TS043-D1.pdb:A  SCOP d1dmxa_
  458      0.7016          -0       0.108     1.445   172    3    4      0.9651    0    185     12    185     12    T0987TS043-D1.pdb:A  SCOP d1keqa_
  459      0.7008          -0       2.825     1.261   168    3    5      0.9643    0    185     12    185     11    T0987TS043-D1.pdb:A  SCOP d1kmza_
  460      0.6998          -0       1.066     1.216   167    3    4      0.9641    0    185     12    185      7    T0987TS043-D1.pdb:A  SCOP d1op4a_
  461      0.6975          -0       2.223     1.596   175    3    2      0.9829    0    185     12    185     10    T0987TS043-D1.pdb:A  SCOP d1usza_
  462      0.6967          -0      0.9791     1.073   164    3    6      0.9695    0    185     12    185     11    T0987TS043-D1.pdb:A  SCOP d1jkna_
  463      0.6964          -0       1.678     1.131   165    3    4      0.9636    0    185     12    185     12    T0987TS043-D1.pdb:A  SCOP d1j4oa_
  464      0.6955          -0       1.574     1.564   174    3    4      0.9713    0    185     12    185      6    T0987TS043-D1.pdb:A  SCOP d1id2a_
  465      0.6938          -0     0.05306     1.253   167    4    3       0.982    0    185     12    185     16    T0987TS043-D1.pdb:A  SCOP d1qd5a_
  466      0.6936          -0       2.419     1.304   168    3    5      0.9821    0    185     12    185     15    T0987TS043-D1.pdb:A  SCOP d8dfra_
  467      0.6936          -0       2.419     1.304   168    3    5      0.9821    0    185     12    185     15    T0987TS043-D1.pdb:A  SCOP d1dr4a_
  468      0.6936          -0       2.419     1.304   168    3    5      0.9821    0    185     12    185     15    T0987TS043-D1.pdb:A  SCOP d1dr3a_
  469      0.6929          -0        3.12     0.000   154    3    5           1    0    185     12    185     15    T0987TS043-D1.pdb:A  SCOP d1esga_
  470      0.6929          -0       4.908     0.000   154    3    4           1    0    185     12    185     15    T0987TS043-D1.pdb:A  SCOP d1gara_
  471      0.6929          -0       5.713     0.000   154    3    4           1    0    185     12    185     15    T0987TS043-D1.pdb:A  SCOP d1bt1a_
  472      0.6927          -0       0.108     1.449   171    3    4      0.9649    0    185     12    185     12    T0987TS043-D1.pdb:A  SCOP d1dmya_
  473      0.6927          -0      0.1116     1.449   171    3    4      0.9649    0    185     12    185     12    T0987TS043-D1.pdb:A  SCOP d1urta_
  474      0.6909          -0       0.523     0.529   151    3    7      0.9801    0    185     12    173     15    T0987TS043-D1.pdb:A  SCOP d1u31a1
  475      0.6906          -0       1.489     0.792   159    3    5       0.956    0    185     12    185     14    T0987TS043-D1.pdb:A  SCOP d1dusa_
  476      0.6902          -0       3.811     0.521   156    3    6      0.9808    0    185     12    185     13    T0987TS043-D1.pdb:A  SCOP d1qmva_
  477      0.6875          -0      0.2857     1.078   163    3    7      0.9571    0    185     12    185     15    T0987TS043-D1.pdb:A  SCOP d1r8qa_
  478      0.6871          -0      0.1627     1.768   178    3    3      0.9719    0    185     12    185     11    T0987TS043-D1.pdb:A  SCOP d1lxaa_
  479      0.6867          -0       2.574     1.194   165    3    4      0.9636    0    185     12    185      7    T0987TS043-D1.pdb:A  SCOP d1b34a_
  480      0.6866          -0       1.442     1.084   163    3    5      0.9693    0    185     12    185     14    T0987TS043-D1.pdb:A  SCOP d1su1a_
  481      0.6861          -0      0.1301     1.144   164    3    5      0.9878    0    185     12    185     14    T0987TS043-D1.pdb:A  SCOP d1g1ba_
  482      0.6858          -0       3.113     0.000   146    4    4           1    0    185     12    168     14    T0987TS043-D1.pdb:A  SCOP d1pxta1
  483      0.6854          -0       2.114     0.906   160    3    5      0.9812    0    185     12    185     12    T0987TS043-D1.pdb:A  SCOP d1e2ya_
  484       0.684          -0       2.986     0.000   153    3    6           1    0    185     12    185     15    T0987TS043-D1.pdb:A  SCOP d1c7za_
  485       0.684          -0       3.579     0.000   153    3    6           1    0    185     12    185     15    T0987TS043-D1.pdb:A  SCOP d1c80a_
  486       0.684          -0       1.988     0.000   153    3    6           1    0    185     12    185     14    T0987TS043-D1.pdb:A  SCOP d1tipa_
  487       0.684          -0       4.206     0.000   153    3    4           1    0    185     12    185     15    T0987TS043-D1.pdb:A  SCOP d2gara_
  488      0.6839          -0     0.01334     1.745   177    3    4      0.9492    0    185     12    185      7    T0987TS043-D1.pdb:A  SCOP d2tuna_
  489       0.683          -0       1.504     1.164   164    3    6      0.9817    0    185     12    185     11    T0987TS043-D1.pdb:A  SCOP d1c06a_
  490      0.6824          -0      0.9983     1.714   176    3    3      0.9659    0    185     12    185      9    T0987TS043-D1.pdb:A  SCOP d2b3ia_
  491      0.6819          -0      0.5638     1.464   170    3    4      0.9706    0    185     12    185     11    T0987TS043-D1.pdb:A  SCOP d2hrva_
  492      0.6813          -0       1.047     1.597   173    4    4      0.9653    0    185     12    185     19    T0987TS043-D1.pdb:A  SCOP d1nkqa_
  493      0.6809          -0       1.484     1.065   162    3    5       0.963    0    185     12    185     12    T0987TS043-D1.pdb:A  SCOP d1qy0a_
  494      0.6809          -0       1.484     1.065   162    3    5       0.963    0    185     12    185     12    T0987TS043-D1.pdb:A  SCOP d1qy1a_
