<html><head></head><body><pre style="word-wrap: break-word; white-space: pre-wrap;"> PDBe Fold v2.59. (src3) 14 Apr 2014 result file.

                   RESULT SUMMARY

   ##      Q-score      P-score     Z-score   RMSD    Nalgn Nsse Ngaps Seq-%     Nmd Nres-Q Nsse-Q Nres-T Nsse-T Query Target
    1      0.9335          -0  1.798e+308     0.000   200    2    2           1    0    207      6    207      9    T0987TS145-D2.pdb:A  SCOP d1bsda_
    2      0.9335          -0  1.798e+308     0.000   200    3    2           1    0    207      6    207     11    T0987TS145-D2.pdb:A  SCOP d1xxoa_
    3      0.9335          -0  1.798e+308     0.000   200    2    2           1    0    207      6    207      9    T0987TS145-D2.pdb:A  SCOP d1bsea_
    4      0.9335          -0  1.798e+308     0.000   200    2    2           1    0    207      6    207      9    T0987TS145-D2.pdb:A  SCOP d1bnga_
    5      0.9335          -0  1.798e+308     0.000   200    2    2           1    0    207      6    207      8    T0987TS145-D2.pdb:A  SCOP d1u68a_
    6      0.9335          -0  1.798e+308     0.000   200    2    2           1    0    207      6    207     10    T0987TS145-D2.pdb:A  SCOP d1i21a_
    7      0.9335          -0  1.798e+308     0.000   200    2    2           1    0    207      6    207      8    T0987TS145-D2.pdb:A  SCOP d1cm4a_
    8      0.9335          -0  1.798e+308     0.000   200    2    2           1    0    207      6    207      8    T0987TS145-D2.pdb:A  SCOP d1ie4a_
    9      0.9335          -0  1.798e+308     0.000   200    2    2           1    0    207      6    207     10    T0987TS145-D2.pdb:A  SCOP d1ic0a_
   10      0.9335          -0  1.798e+308     0.000   200    2    2           1    0    207      6    207      5    T0987TS145-D2.pdb:A  SCOP d1pcfa_
   11      0.9335          -0  1.798e+308     0.000   200    2    2           1    0    207      6    207     10    T0987TS145-D2.pdb:A  SCOP d1vsea_
   12      0.9335          -0  1.798e+308     0.000   200    2    2           1    0    207      6    207     10    T0987TS145-D2.pdb:A  SCOP d1udra_
   13      0.9335          -0  1.798e+308     0.000   200    2    2           1    0    207      6    207      6    T0987TS145-D2.pdb:A  SCOP d1gusa_
   14      0.9335          -0  1.798e+308     0.000   200    2    2           1    0    207      6    207     10    T0987TS145-D2.pdb:A  SCOP d1vsfa_
   15      0.9335          -0  1.798e+308     0.000   200    2    2           1    0    207      6    207      9    T0987TS145-D2.pdb:A  SCOP d1czba_
   16      0.9335          -0  1.798e+308     0.000   200    2    2           1    0    207      6    207      5    T0987TS145-D2.pdb:A  SCOP d1r8da_
   17      0.9335          -0  1.798e+308     0.000   200    2    2           1    0    207      6    207      7    T0987TS145-D2.pdb:A  SCOP d1pk6a_
   18      0.9335          -0  1.798e+308     0.000   200    2    2           1    0    207      6    207      6    T0987TS145-D2.pdb:A  SCOP d1lrra_
   19      0.9335          -0  1.798e+308     0.000   200    3    2           1    0    207      6    207     13    T0987TS145-D2.pdb:A  SCOP d1uula_
   20      0.9335          -0  1.798e+308     0.000   200    2    2           1    0    207      6    207      8    T0987TS145-D2.pdb:A  SCOP d1oaza_
   21      0.9335          -0  1.798e+308     0.000   200    2    2           1    0    207      6    207     10    T0987TS145-D2.pdb:A  SCOP d1bs7a_
   22      0.9335          -0  1.798e+308     0.000   200    3    2           1    0    207      6    207     11    T0987TS145-D2.pdb:A  SCOP d1crqa_
   23      0.9335          -0  1.798e+308     0.000   200    3    2           1    0    207      6    207     13    T0987TS145-D2.pdb:A  SCOP d1m7ha_
   24      0.9335          -0  1.798e+308     0.000   200    2    2           1    0    207      6    207     10    T0987TS145-D2.pdb:A  SCOP d1ioda_
   25      0.9335          -0  1.798e+308     0.000   200    2    2           1    0    207      6    207      8    T0987TS145-D2.pdb:A  SCOP d1bj3a_
   26      0.9335          -0  1.798e+308     0.000   200    2    2           1    0    207      6    207      7    T0987TS145-D2.pdb:A  SCOP d1a3da_
   27      0.9335          -0  1.798e+308     0.000   200    2    2           1    0    207      6    207      7    T0987TS145-D2.pdb:A  SCOP d1kj4a_
   28      0.9335          -0  1.798e+308     0.000   200    2    2           1    0    207      6    207     10    T0987TS145-D2.pdb:A  SCOP d1ppya_
   29      0.9335          -0  1.798e+308     0.000   200    2    2           1    0    207      6    207      8    T0987TS145-D2.pdb:A  SCOP d1gp7a_
   30      0.9335          -0  1.798e+308     0.000   200    2    2           1    0    207      6    207      7    T0987TS145-D2.pdb:A  SCOP d1poda_
   31      0.9335          -0  1.798e+308     0.000   200    2    2           1    0    207      6    207     10    T0987TS145-D2.pdb:A  SCOP d1kt4a_
   32      0.9335          -0  1.798e+308     0.000   200    2    2           1    0    207      6    207      7    T0987TS145-D2.pdb:A  SCOP d1g1xa_
   33      0.9335          -0  1.798e+308     0.000   200    2    2           1    0    207      6    207      7    T0987TS145-D2.pdb:A  SCOP d1lxda_
   34      0.9335          -0  1.798e+308     0.000   200    2    2           1    0    207      6    207      6    T0987TS145-D2.pdb:A  SCOP d1vcba_
   35      0.9335          -0  1.798e+308     0.000   200    2    2           1    0    207      6    207     10    T0987TS145-D2.pdb:A  SCOP d1m08a_
   36      0.9335          -0  1.798e+308     0.000   200    2    2           1    0    207      6    207     10    T0987TS145-D2.pdb:A  SCOP d8rsaa_
   37      0.9335          -0  1.798e+308     0.000   200    2    2           1    0    207      6    207     10    T0987TS145-D2.pdb:A  SCOP d9rsaa_
   38      0.9335          -0  1.798e+308     0.000   200    2    2           1    0    207      6    207      7    T0987TS145-D2.pdb:A  SCOP d1r1va_
   39      0.9242   1.688e-11           3     0.000   199    2    3           1    0    207      6    207      9    T0987TS145-D2.pdb:A  SCOP d1h21a_
   40      0.8579          -0      0.8066     0.463   194    2    4      0.9897    0    207      6    207     10    T0987TS145-D2.pdb:A  SCOP d1mh6a_
   41      0.8425       1.075       4.997     0.000   190    2    3           1    0    207      6    207      5    T0987TS145-D2.pdb:A  SCOP d1ttya_
   42      0.8074          -0  1.798e+308     0.000   186    2    4           1    0    207      6    207     10    T0987TS145-D2.pdb:A  SCOP d1drma_
   43      0.7311          -0  1.798e+308     0.000   177    2    5           1    0    207      6    207      8    T0987TS145-D2.pdb:A  SCOP d1nx0a_
   44      0.7141   7.486e-11       1.193     1.591   198    2    2      0.9848    0    207      6    207      7    T0987TS145-D2.pdb:A  SCOP d1jrua_
   45      0.6896     0.08516       4.423     0.572   175    3    6      0.9771    0    207      6    207     10    T0987TS145-D2.pdb:A  SCOP d1ae9a_
   46      0.6816     0.02127       4.414     0.574   174    3    6       0.977    0    207      6    207     13    T0987TS145-D2.pdb:A  SCOP d1p7da_
   47      0.6405          -0      0.9071     1.609   188    2    5       0.984    0    207      6    207      9    T0987TS145-D2.pdb:A  SCOP d1wida_
   48      0.6236          -0       0.134     1.883   193    2    4      0.9637    0    207      6    207      8    T0987TS145-D2.pdb:A  SCOP d1ocya_
   49      0.6132          -0       1.464     1.139   170    3    6      0.9765    0    207      6    199     12    T0987TS145-D2.pdb:A  SCOP d1jqpa2
   50      0.6031   6.413e-15       1.878     1.511   180    2    3      0.9833    0    207      6    207      6    T0987TS145-D2.pdb:A  SCOP d1ufma_
   51      0.5228          -0       1.735     1.739   173    3    4      0.9827    0    207      6    207     13    T0987TS145-D2.pdb:A  SCOP d1ue0a_
   52      0.5228          -0       1.735     1.739   173    3    4      0.9827    0    207      6    207     14    T0987TS145-D2.pdb:A  SCOP d1udza_
   53      0.5183          -0       2.937     0.000   119    2    4           1    0    207      6    132     10    T0987TS145-D2.pdb:A  SCOP d1rl3a2
   54      0.4953          -0      0.8559     0.574   130    3    7      0.9769    0    207      6    159     11    T0987TS145-D2.pdb:A  SCOP d2j0qa2
   55      0.4768   5.145e-14       2.213     0.000   107    3    1           1    0    207      6    116     10    T0987TS145-D2.pdb:A  SCOP d1chua3
   56      0.4679   5.145e-14       2.213     0.000   106    3    2           1    0    207      6    116     10    T0987TS145-D2.pdb:A  SCOP d1knpa3
   57      0.4679   5.145e-14       2.213     0.000   106    3    2           1    0    207      6    116     10    T0987TS145-D2.pdb:A  SCOP d1knra3
   58      0.4609          -0       2.685     0.000   107    2    2           1    0    207      6    120     10    T0987TS145-D2.pdb:A  SCOP d1nena3
   59      0.4609          -0       2.685     0.000   107    2    2           1    0    207      6    120     10    T0987TS145-D2.pdb:A  SCOP d1neka3
   60      0.4534          -0       1.725     1.830   156    3    3      0.9808    0    207      6    189     15    T0987TS145-D2.pdb:A  SCOP d1jzqa2
   61      0.4444          -0    0.005499     2.196   171    3    6      0.9649    0    207      6    207     15    T0987TS145-D2.pdb:A  SCOP d1qtn.1
   62      0.4317          -0      0.1225     2.021   164    2    6      0.9756    0    207      6    207      8    T0987TS145-D2.pdb:A  SCOP d1fqia_
   63      0.4248          -0       3.485     0.000    97    3    3           1    0    207      6    107     11    T0987TS145-D2.pdb:A  SCOP d1j6ua2
   64      0.4096     0.01537       4.116     0.000    93    2    2           1    0    207      6    102      7    T0987TS145-D2.pdb:A  SCOP d2cpxa1
   65      0.4065          -0       1.169     1.747   133    2    4      0.9774    0    207      6    157     10    T0987TS145-D2.pdb:A  SCOP d1sa1a2
   66      0.4057      0.1457       3.556     0.000    93    2    2           1    0    207      6    103      4    T0987TS145-D2.pdb:A  SCOP d1zeta1
   67      0.3986          -0       3.531     0.000    89    2    2           1    0    207      6     96     10    T0987TS145-D2.pdb:A  SCOP d1z5ca2
   68      0.3986          -0       3.531     0.000    89    2    2           1    0    207      6     96     10    T0987TS145-D2.pdb:A  SCOP d1z5aa2
   69       0.392          -0      0.5088     1.714   130    2    7      0.9769    0    207      6    157      9    T0987TS145-D2.pdb:A  SCOP d1tvka2
   70       0.392          -0       1.121     1.714   130    2    5      0.9769    0    207      6    157      9    T0987TS145-D2.pdb:A  SCOP d1sa0a2
   71      0.3884    0.001188       3.198     0.000    91    2    3           1    0    207      6    103      7    T0987TS145-D2.pdb:A  SCOP d2flpa1
   72      0.3884      0.2932        2.91     0.000   129    2    6           1    0    207      6    207      9    T0987TS145-D2.pdb:A  SCOP d1szia_
   73      0.3786    0.005916       3.029     0.000    92    2    2           1    0    207      6    108      8    T0987TS145-D2.pdb:A  SCOP d1m5ya3
   74      0.3767          -0      0.2857     1.364   116    2    5      0.9655    0    207      6    143     10    T0987TS145-D2.pdb:A  SCOP d1gvha3
   75      0.3746   4.273e-06       2.656     0.000    84    2    2           1    0    207      6     91      6    T0987TS145-D2.pdb:A  SCOP d2j0xa2
   76      0.3729          -0       1.242     1.780   128    2    6      0.9766    0    207      6    157     10    T0987TS145-D2.pdb:A  SCOP d2hxha2
   77      0.3729          -0       1.242     1.780   128    2    6      0.9766    0    207      6    157     10    T0987TS145-D2.pdb:A  SCOP d1jffa2
   78      0.3729          -0       1.242     1.780   128    2    6      0.9766    0    207      6    157     10    T0987TS145-D2.pdb:A  SCOP d2hxfa2
   79      0.3718          -0      0.1459     1.611   103    2    3      0.9515    0    207      6    107      8    T0987TS145-D2.pdb:A  SCOP d1ltxa2
   80      0.3717          -0     0.01366     1.971   151    2    6      0.9669    0    207      6    207      7    T0987TS145-D2.pdb:A  SCOP d1owxa_
   81      0.3649          -0      0.1459     1.611   103    2    3      0.9515    0    207      6    109      8    T0987TS145-D2.pdb:A  SCOP d1dcea2
   82      0.3417          -0       2.623     0.000    89    2    5           1    0    207      6    112     10    T0987TS145-D2.pdb:A  SCOP d2csua3
   83      0.3289          -0    0.001417     2.558   156    2    4      0.9551    0    207      6    207      9    T0987TS145-D2.pdb:A  SCOP d1k9ia_
   84      0.3236          -0     0.00281     2.199   146    2    4      0.9658    0    207      6    207      7    T0987TS145-D2.pdb:A  SCOP d1pd6a_
   85      0.3233          -0     0.05805     2.329   149    2    4      0.9866    0    207      6    207     10    T0987TS145-D2.pdb:A  SCOP d1ksxa_
   86      0.3092          -0    0.004034     2.167   142    2    5      0.9648    0    207      6    207      6    T0987TS145-D2.pdb:A  SCOP d1by9a_
   87      0.2986          -0      0.8143     2.026   109    2    4      0.9725    0    207      6    132     10    T0987TS145-D2.pdb:A  SCOP d1l0va3
   88       0.295          -0      0.4953     0.760    73    2    4      0.9589    0    207      6     82      9    T0987TS145-D2.pdb:A  SCOP d1ni3a2
   89      0.2911          -0      0.3445     2.887   155    3    5      0.9548    0    207      6    207     12    T0987TS145-D2.pdb:A  SCOP d1r9wa_
   90      0.2896          -0   0.0001926     2.705   150    3    7      0.9333    0    207      6    207      9    T0987TS145-D2.pdb:A  SCOP d1oj5a_
   91      0.2835   7.975e-10       3.212     0.000    65    2    1           1    0    207      6     72     10    T0987TS145-D2.pdb:A  SCOP d1p1ma1
   92      0.2835          -0       3.445     0.000    65    2    1           1    0    207      6     72     10    T0987TS145-D2.pdb:A  SCOP d1j6pa1
   93       0.283    0.002792        2.16     1.767    94    2    1      0.9681    0    207      6    112      9    T0987TS145-D2.pdb:A  SCOP d1lmka2
   94      0.2829   0.0001509       1.581     2.057    89    2    1      0.9663    0    207      6     92      8    T0987TS145-D2.pdb:A  SCOP d1ob2a1
   95       0.281     0.01879       2.336     2.075   102    2    3      0.9706    0    207      6    121      8    T0987TS145-D2.pdb:A  SCOP d1olpa2
   96       0.281     0.01879       2.336     2.075   102    2    3      0.9706    0    207      6    121      8    T0987TS145-D2.pdb:A  SCOP d1qmda2
   97       0.281     0.01879       2.336     2.075   102    2    3      0.9706    0    207      6    121      8    T0987TS145-D2.pdb:A  SCOP d1qm6a2
   98      0.2808          -0       2.467     1.723   101    3    3      0.9703    0    207      6    132     13    T0987TS145-D2.pdb:A  SCOP d1ne6a2
   99      0.2754          -0      0.3416     1.254    75    2    3      0.9733    0    207      6     84      7    T0987TS145-D2.pdb:A  SCOP d1b4va2
  100      0.2754          -0      0.3416     1.254    75    2    3      0.9733    0    207      6     84      7    T0987TS145-D2.pdb:A  SCOP d1cboa2
  101      0.2754          -0      0.3416     1.254    75    2    3      0.9733    0    207      6     84      7    T0987TS145-D2.pdb:A  SCOP d1cc2a2
  102      0.2739          -0    0.009127     2.217   103    2    4       0.932    0    207      6    121      9    T0987TS145-D2.pdb:A  SCOP d1d0na3
  103      0.2734          -0      0.5501     1.894   128    2    5      0.9766    0    207      6    207      8    T0987TS145-D2.pdb:A  SCOP d1xb1a_
  104      0.2721          -0      0.6353     1.820    86    4    5      0.9651    0    207      6     96     17    T0987TS145-D2.pdb:A  SCOP d1flca2
  105      0.2705          -0     0.00474     3.107   155    2    5      0.9548    0    207      6    207      4    T0987TS145-D2.pdb:A  SCOP d1t1ha_
  106      0.2695          -0       1.209     2.302    96    2    2      0.9583    0    207      6    104      8    T0987TS145-D2.pdb:A  SCOP d1s3ia1
  107      0.2683          -0       2.343     0.000    61    2    2           1    0    207      6     67      7    T0987TS145-D2.pdb:A  SCOP d1tdja2
  108      0.2658          -0      0.9541     2.414   117    2    5      0.9744    0    207      6    151     10    T0987TS145-D2.pdb:A  SCOP d2gfva2
  109      0.2638          -0      0.5501     1.908   126    2    6      0.9762    0    207      6    207      8    T0987TS145-D2.pdb:A  SCOP d1nw9a_
  110      0.2605          -0       1.209     2.073   106    2    4      0.9717    0    207      6    141      9    T0987TS145-D2.pdb:A  SCOP d1cqxa3
  111      0.2543          -0     0.03847     1.463   115    3    6      0.9478    0    207      6    203     13    T0987TS145-D2.pdb:A  SCOP d2ok5a1
  112      0.2542          -0     0.02371     1.760   121    2    5      0.9504    0    207      6    207      6    T0987TS145-D2.pdb:A  SCOP d1dv8a_
  113      0.2499          -0      0.7235     2.445   114    2    5      0.9737    0    207      6    151      9    T0987TS145-D2.pdb:A  SCOP d2gfya2
  114      0.2462          -0     0.05681     1.903    93    2    2      0.9462    0    207      6    121      7    T0987TS145-D2.pdb:A  SCOP d1kk2a1
  115      0.2462          -0     0.05681     1.903    93    2    2      0.9462    0    207      6    121      7    T0987TS145-D2.pdb:A  SCOP d1kk0a1
  116      0.2462          -0     0.05681     1.903    93    2    2      0.9462    0    207      6    121      7    T0987TS145-D2.pdb:A  SCOP d1kk1a1
  117      0.2462          -0     0.05681     1.903    93    2    2      0.9462    0    207      6    121      7    T0987TS145-D2.pdb:A  SCOP d1kk3a1
  118      0.2462          -0     0.05681     1.903    93    2    2      0.9462    0    207      6    121      7    T0987TS145-D2.pdb:A  SCOP d1kjza1
  119      0.2461          -0       1.201     2.289    92    2    3      0.9674    0    207      6    105     10    T0987TS145-D2.pdb:A  SCOP d1e0da2
  120      0.2455    0.006886       2.374     1.966    91    2    1       0.967    0    207      6    114      7    T0987TS145-D2.pdb:A  SCOP d2ahoa1
  121       0.239          -0       1.666     2.604   134    3    8      0.9552    0    207      6    207     15    T0987TS145-D2.pdb:A  SCOP d1gwxa_
  122      0.2387          -0      0.2228     1.522    80    2    1       0.975    0    207      6    103      6    T0987TS145-D2.pdb:A  SCOP d1p9ma3
  123      0.2375          -0       1.217     2.080    87    2    2      0.9655    0    207      6    104      9    T0987TS145-D2.pdb:A  SCOP d2cfia1
  124      0.2375          -0       1.217     2.080    87    2    2      0.9655    0    207      6    104      9    T0987TS145-D2.pdb:A  SCOP d2bw0a1
  125      0.2355          -0       1.037     2.614    98    2    4      0.9694    0    207      6    112      8    T0987TS145-D2.pdb:A  SCOP d2c73a2
  126      0.2347          -0    0.004034     2.232   125    2    9       0.936    0    207      6    207     10    T0987TS145-D2.pdb:A  SCOP d1mzna_
  127      0.2322          -0      0.8934     2.656    98    2    4      0.9694    0    207      6    112      8    T0987TS145-D2.pdb:A  SCOP d2c76a2
  128      0.2322          -0      0.8934     2.656    98    2    4      0.9694    0    207      6    112      8    T0987TS145-D2.pdb:A  SCOP d2c75a2
  129      0.2322          -0      0.8934     2.656    98    2    4      0.9694    0    207      6    112      8    T0987TS145-D2.pdb:A  SCOP d2c65a2
  130      0.2322          -0      0.8934     2.656    98    2    4      0.9694    0    207      6    112      8    T0987TS145-D2.pdb:A  SCOP d2bk5a2
  131      0.2322          -0      0.8934     2.656    98    2    4      0.9694    0    207      6    112      8    T0987TS145-D2.pdb:A  SCOP d2c66a2
  132      0.2322          -0      0.8934     2.656    98    2    4      0.9694    0    207      6    112      8    T0987TS145-D2.pdb:A  SCOP d2c70a2
  133      0.2322          -0      0.8934     2.656    98    2    4      0.9694    0    207      6    112      8    T0987TS145-D2.pdb:A  SCOP d2c72a2
  134      0.2322          -0      0.8934     2.656    98    2    4      0.9694    0    207      6    112      8    T0987TS145-D2.pdb:A  SCOP d2bk3a2
  135      0.2322          -0      0.8934     2.656    98    2    4      0.9694    0    207      6    112      8    T0987TS145-D2.pdb:A  SCOP d2bk4a2
  136      0.2322          -0      0.8934     2.656    98    2    4      0.9694    0    207      6    112      8    T0987TS145-D2.pdb:A  SCOP d1s3ba2
  137      0.2322          -0      0.8934     2.656    98    2    4      0.9694    0    207      6    112      8    T0987TS145-D2.pdb:A  SCOP d1s2ya2
  138      0.2322          -0      0.8934     2.656    98    2    4      0.9694    0    207      6    112      8    T0987TS145-D2.pdb:A  SCOP d1oj9a2
  139      0.2322          -0      0.8934     2.656    98    2    4      0.9694    0    207      6    112      8    T0987TS145-D2.pdb:A  SCOP d1s3ea2
  140      0.2322          -0      0.8934     2.656    98    2    4      0.9694    0    207      6    112      8    T0987TS145-D2.pdb:A  SCOP d1s2qa2
  141      0.2319          -0      0.2179     1.522    80    2    1       0.975    0    207      6    106      8    T0987TS145-D2.pdb:A  SCOP d1i1ra3
  142       0.231          -0     0.02115     2.534   104    3    5      0.9423    0    207      6    132     11    T0987TS145-D2.pdb:A  SCOP d1kfya3
  143      0.2303          -0       2.651     0.000    68    2    6           1    0    207      6     97      9    T0987TS145-D2.pdb:A  SCOP d1n78a1
  144      0.2299          -0      0.7361     0.000    73    2    7           1    0    207      6    112     10    T0987TS145-D2.pdb:A  SCOP d1n54a2
  145      0.2297          -0       1.037     2.627    97    2    5      0.9691    0    207      6    112      8    T0987TS145-D2.pdb:A  SCOP d1gosa2
  146      0.2281          -0    0.003393     2.419   127    2    8       0.937    0    207      6    207     10    T0987TS145-D2.pdb:A  SCOP d1vjba_
  147       0.228          -0      0.7547     1.900   117    3    5      0.9402    0    207      6    207     13    T0987TS145-D2.pdb:A  SCOP d1rhq.1
  148      0.2276          -0   0.0009098     3.100   142    3    8      0.9225    0    207      6    207     12    T0987TS145-D2.pdb:A  SCOP d1aiha_
  149      0.2257          -0      0.0175     2.546   103    3    5      0.9417    0    207      6    132     10    T0987TS145-D2.pdb:A  SCOP d1kf6a3
  150      0.2147   8.197e-16       1.049     2.312   101    2    5      0.9703    0    207      6    144      7    T0987TS145-D2.pdb:A  SCOP d1o93a3
  151      0.2147   8.197e-16       1.049     2.312   101    2    5      0.9703    0    207      6    144      7    T0987TS145-D2.pdb:A  SCOP d1o92a3
  152      0.2147   8.197e-16       1.049     2.312   101    2    5      0.9703    0    207      6    144      7    T0987TS145-D2.pdb:A  SCOP d1o9ta3
  153      0.2147   8.197e-16       1.049     2.312   101    2    5      0.9703    0    207      6    144      7    T0987TS145-D2.pdb:A  SCOP d1o90a3
  154      0.2147   8.197e-16       1.049     2.312   101    2    5      0.9703    0    207      6    144      7    T0987TS145-D2.pdb:A  SCOP d1qm4a3
  155      0.2106          -0       1.225     2.397    87    2    5       0.977    0    207      6    106      9    T0987TS145-D2.pdb:A  SCOP d2gcba1
  156      0.2106          -0       1.225     2.397    87    2    5       0.977    0    207      6    106      9    T0987TS145-D2.pdb:A  SCOP d1jbva1
  157        0.21          -0     0.02056     2.426   122    2    4       0.959    0    207      6    207      7    T0987TS145-D2.pdb:A  SCOP d1xbda_
  158      0.2058          -0       0.701     2.620   121    3    5      0.9587    0    207      6    195     14    T0987TS145-D2.pdb:A  SCOP d1sp8a2
  159      0.2053          -0      0.8219     2.840    95    2    4      0.9263    0    207      6    112      8    T0987TS145-D2.pdb:A  SCOP d2byba2
  160      0.2048          -0     0.01626     2.137   115    2    5      0.9478    0    207      6    207     10    T0987TS145-D2.pdb:A  SCOP d1si3a_
  161       0.204          -0      0.4554     1.851    67    2    2      0.9701    0    207      6     77      7    T0987TS145-D2.pdb:A  SCOP d1w9ea2
  162      0.2002          -0      0.8143     2.853    94    2    4      0.9255    0    207      6    112      8    T0987TS145-D2.pdb:A  SCOP d2c67a2
  163      0.2002          -0      0.8143     2.853    94    2    4      0.9255    0    207      6    112      8    T0987TS145-D2.pdb:A  SCOP d1ojaa2
  164       0.198          -0       2.313     2.388    90    2    4      0.9667    0    207      6    121      9    T0987TS145-D2.pdb:A  SCOP d1w5fa2
  165      0.1965          -0      0.8759     2.908    94    2    4      0.9255    0    207      6    112      8    T0987TS145-D2.pdb:A  SCOP d1ojca2
  166      0.1958    6.65e-13       1.185     2.189    65    2    2      0.9692    0    207      6     68      6    T0987TS145-D2.pdb:A  SCOP d2dt1a2
  167      0.1958    6.65e-13       1.185     2.189    65    2    2      0.9692    0    207      6     68      6    T0987TS145-D2.pdb:A  SCOP d2dt3a2
  168      0.1958    6.65e-13       1.185     2.189    65    2    2      0.9692    0    207      6     68      6    T0987TS145-D2.pdb:A  SCOP d2dt0a2
  169      0.1958    6.65e-13       1.185     2.189    65    2    2      0.9692    0    207      6     68      6    T0987TS145-D2.pdb:A  SCOP d1sr0a2
  170      0.1958    6.65e-13       1.185     2.189    65    2    2      0.9692    0    207      6     68      6    T0987TS145-D2.pdb:A  SCOP d2esca2
  171      0.1958    6.65e-13       1.185     2.189    65    2    2      0.9692    0    207      6     68      6    T0987TS145-D2.pdb:A  SCOP d1owqa2
  172      0.1958    6.65e-13       1.185     2.189    65    2    2      0.9692    0    207      6     68      6    T0987TS145-D2.pdb:A  SCOP d2aosa2
  173      0.1958    6.65e-13       1.185     2.189    65    2    2      0.9692    0    207      6     68      6    T0987TS145-D2.pdb:A  SCOP d1zu8a2
  174      0.1958    6.65e-13       1.185     2.189    65    2    2      0.9692    0    207      6     68      6    T0987TS145-D2.pdb:A  SCOP d2b31a2
  175      0.1958    6.65e-13       1.185     2.189    65    2    2      0.9692    0    207      6     68      6    T0987TS145-D2.pdb:A  SCOP d1xhga2
  176      0.1958    6.65e-13       1.185     2.189    65    2    2      0.9692    0    207      6     68      6    T0987TS145-D2.pdb:A  SCOP d1zbwa2
  177      0.1958    6.65e-13       1.185     2.189    65    2    2      0.9692    0    207      6     68      6    T0987TS145-D2.pdb:A  SCOP d2olha2
  178      0.1958    6.65e-13       1.185     2.189    65    2    2      0.9692    0    207      6     68      6    T0987TS145-D2.pdb:A  SCOP d2dt2a2
  179      0.1958    6.65e-13       1.185     2.189    65    2    2      0.9692    0    207      6     68      6    T0987TS145-D2.pdb:A  SCOP d1ljya2
  180      0.1958    6.65e-13       1.185     2.189    65    2    2      0.9692    0    207      6     68      6    T0987TS145-D2.pdb:A  SCOP d1syta2
  181      0.1955          -0    0.009127     2.787   106    2    5       0.934    0    207      6    149     10    T0987TS145-D2.pdb:A  SCOP d1dd8a2
  182      0.1955          -0    0.009127     2.787   106    2    5       0.934    0    207      6    149     10    T0987TS145-D2.pdb:A  SCOP d2buha2
  183      0.1911          -0    0.009127     2.800   105    2    5      0.9333    0    207      6    149     10    T0987TS145-D2.pdb:A  SCOP d1f91a2
  184      0.1911          -0    0.009127     2.800   105    2    5      0.9333    0    207      6    149     10    T0987TS145-D2.pdb:A  SCOP d1ek4a2
  185       0.189    6.65e-13       1.185     2.204    64    2    2      0.9688    0    207      6     68      6    T0987TS145-D2.pdb:A  SCOP d2o92a2
  186       0.189    6.65e-13       1.185     2.204    64    2    2      0.9688    0    207      6     68      6    T0987TS145-D2.pdb:A  SCOP d1zbva2
  187       0.189    6.65e-13       1.185     2.204    64    2    2      0.9688    0    207      6     68      6    T0987TS145-D2.pdb:A  SCOP d1xrva2
  188      0.1889   6.029e-09       1.533     2.205    64    2    2      0.9688    0    207      6     68      6    T0987TS145-D2.pdb:A  SCOP d1tfva2
  189      0.1856          -0      0.3429     2.044    75    2    1      0.9733    0    207      6    100     10    T0987TS145-D2.pdb:A  SCOP d2c78a1
  190      0.1856          -0      0.3429     2.044    75    2    1      0.9733    0    207      6    100      7    T0987TS145-D2.pdb:A  SCOP d1ha3a1
  191      0.1854          -0       2.627     2.499    83    2    3      0.9639    0    207      6    106      9    T0987TS145-D2.pdb:A  SCOP d2gc5a1
  192      0.1853   8.336e-12       2.651     0.000    61    2    5           1    0    207      6     97      8    T0987TS145-D2.pdb:A  SCOP d2cv0a1
  193      0.1853   2.467e-13       2.066     2.363    86    2    3      0.9651    0    207      6    119      9    T0987TS145-D2.pdb:A  SCOP d1vcla3
  194      0.1832          -0     0.00107     2.741   120    2    9      0.9333    0    207      6    207     10    T0987TS145-D2.pdb:A  SCOP d1upwa_
  195      0.1804          -0    0.002287     2.475   114    2    4      0.9474    0    207      6    207      4    T0987TS145-D2.pdb:A  SCOP d1e0ba_
  196      0.1804          -0     0.03065     2.198   109    2    5       0.945    0    207      6    207      8    T0987TS145-D2.pdb:A  SCOP d1h8ga_
  197      0.1801          -0       1.854     2.513    82    2    4      0.9634    0    207      6    106      8    T0987TS145-D2.pdb:A  SCOP d2gc6a1
  198      0.1801          -0       1.854     2.513    82    2    4      0.9634    0    207      6    106      9    T0987TS145-D2.pdb:A  SCOP d1jbwa1
  199      0.1801          -0       1.854     2.513    82    2    4      0.9634    0    207      6    106      9    T0987TS145-D2.pdb:A  SCOP d2gcaa1
  200      0.1801          -0       1.854     2.513    82    2    4      0.9634    0    207      6    106      9    T0987TS145-D2.pdb:A  SCOP d1fgsa1
  201      0.1775          -0    0.001417     2.734   118    3    5      0.9492    0    207      6    207     15    T0987TS145-D2.pdb:A  SCOP d1r53a_
  202      0.1774          -0      0.1758     1.973    90    2    4      0.9556    0    207      6    154     10    T0987TS145-D2.pdb:A  SCOP d1d6fa2
  203      0.1747          -0     0.01128     2.503    84    2    6      0.9167    0    207      6    115     10    T0987TS145-D2.pdb:A  SCOP d1eqra2
  204      0.1727   3.714e-13       1.985     1.659    71    3    3      0.9155    0    207      6    108      8    T0987TS145-D2.pdb:A  SCOP d1fmta1
  205      0.1719          -0     0.07297     1.794   100    2    4        0.95    0    207      6    207     10    T0987TS145-D2.pdb:A  SCOP d1khca_
  206      0.1714          -0     0.00107     3.741   137    2    5      0.9562    0    207      6    207      8    T0987TS145-D2.pdb:A  SCOP d1jd4a_
  207      0.1701          -0       2.015     2.112    74    3    3      0.9189    0    207      6    104      9    T0987TS145-D2.pdb:A  SCOP d1z7ea1
  208      0.1692          -0      0.3609     1.905    65    2    5      0.9538    0    207      6     86      9    T0987TS145-D2.pdb:A  SCOP d1ygya4
  209      0.1684          -0    0.001822     3.142   123    2    5      0.9593    0    207      6    207      7    T0987TS145-D2.pdb:A  SCOP d1l6oa_
  210      0.1682          -0    0.004427     3.334   119    3    9      0.9076    0    207      6    182     12    T0987TS145-D2.pdb:A  SCOP d1ohea2
  211      0.1665   0.0002066       1.549     1.971    75    2    1        0.96    0    207      6    114      7    T0987TS145-D2.pdb:A  SCOP d1f49a1
  212      0.1665   0.0002066       1.549     1.971    75    2    1        0.96    0    207      6    114      7    T0987TS145-D2.pdb:A  SCOP d1hn1a1
  213      0.1665   0.0002066       1.549     1.971    75    2    1        0.96    0    207      6    114      7    T0987TS145-D2.pdb:A  SCOP d1f4ha1
  214      0.1665   0.0002066       1.549     1.971    75    2    1        0.96    0    207      6    114      7    T0987TS145-D2.pdb:A  SCOP d1f4aa1
  215      0.1665   0.0002066       1.549     1.971    75    2    1        0.96    0    207      6    114      7    T0987TS145-D2.pdb:A  SCOP d1jyya1
  216      0.1665   0.0002066       1.549     1.971    75    2    1        0.96    0    207      6    114      7    T0987TS145-D2.pdb:A  SCOP d1bgla1
  217      0.1665   0.0002066       1.549     1.971    75    2    1        0.96    0    207      6    114      7    T0987TS145-D2.pdb:A  SCOP d1jz2a1
  218      0.1665   0.0002066       1.549     1.971    75    2    1        0.96    0    207      6    114      7    T0987TS145-D2.pdb:A  SCOP d1jz4a1
  219      0.1665   0.0002066       1.549     1.971    75    2    1        0.96    0    207      6    114      7    T0987TS145-D2.pdb:A  SCOP d1jz6a1
  220      0.1665   0.0002066       1.549     1.971    75    2    1        0.96    0    207      6    114      7    T0987TS145-D2.pdb:A  SCOP d1px3a1
  221      0.1665   0.0002066       1.549     1.971    75    2    1        0.96    0    207      6    114      7    T0987TS145-D2.pdb:A  SCOP d1jyva1
  222      0.1665   0.0002066       1.549     1.971    75    2    1        0.96    0    207      6    114      7    T0987TS145-D2.pdb:A  SCOP d1jz5a1
  223      0.1665   0.0002066       1.549     1.971    75    2    1        0.96    0    207      6    114      7    T0987TS145-D2.pdb:A  SCOP d1jyna1
  224      0.1665   0.0002066       1.549     1.971    75    2    1        0.96    0    207      6    114      7    T0987TS145-D2.pdb:A  SCOP d1jz8a1
  225      0.1665   0.0002066       1.549     1.971    75    2    1        0.96    0    207      6    114      7    T0987TS145-D2.pdb:A  SCOP d1jz7a1
  226      0.1665   0.0002066       1.549     1.971    75    2    1        0.96    0    207      6    114      7    T0987TS145-D2.pdb:A  SCOP d1jywa1
  227      0.1665   0.0002066       1.549     1.971    75    2    1        0.96    0    207      6    114      7    T0987TS145-D2.pdb:A  SCOP d1px4a1
  228      0.1665   0.0002066       1.549     1.971    75    2    1        0.96    0    207      6    114      7    T0987TS145-D2.pdb:A  SCOP d1dp0a1
  229      0.1665   0.0002066       1.549     1.971    75    2    1        0.96    0    207      6    114      7    T0987TS145-D2.pdb:A  SCOP d1jz3a1
  230      0.1665   0.0002066       1.549     1.971    75    2    1        0.96    0    207      6    114      7    T0987TS145-D2.pdb:A  SCOP d1jyxa1
  231      0.1646          -0      0.9856     2.929    89    2    3      0.9663    0    207      6    119      9    T0987TS145-D2.pdb:A  SCOP d1njja1
  232      0.1635          -0    0.003393     2.558   110    2    5      0.9545    0    207      6    207      8    T0987TS145-D2.pdb:A  SCOP d1my5a_
  233      0.1635          -0    0.003393     2.558   110    2    5      0.9545    0    207      6    207      9    T0987TS145-D2.pdb:A  SCOP d1bfta_
  234      0.1635          -0    0.003393     2.558   110    2    5      0.9545    0    207      6    207      8    T0987TS145-D2.pdb:A  SCOP d1my7a_
  235      0.1631    0.003156       1.646     1.495    69    2    1      0.9565    0    207      6    113      6    T0987TS145-D2.pdb:A  SCOP d1l3wa3
  236      0.1624   4.374e-09       2.648     2.299    82    2    3      0.9634    0    207      6    126      9    T0987TS145-D2.pdb:A  SCOP d1nj8a1
  237      0.1617          -0      0.5311     3.042    91    3    5       0.967    0    207      6    122     15    T0987TS145-D2.pdb:A  SCOP d1yi1a1
  238      0.1617          -0      0.5311     3.042    91    3    5       0.967    0    207      6    122     14    T0987TS145-D2.pdb:A  SCOP d1yhya1
  239      0.1617          -0      0.5311     3.042    91    3    5       0.967    0    207      6    122     14    T0987TS145-D2.pdb:A  SCOP d1z8na1
  240      0.1573          -0      0.5311     3.059    90    3    5      0.9667    0    207      6    122     13    T0987TS145-D2.pdb:A  SCOP d1yi0a1
  241      0.1573          -0      0.5311     3.059    90    3    5      0.9667    0    207      6    122     14    T0987TS145-D2.pdb:A  SCOP d1yhza1
  242      0.1573          -0      0.5311     3.059    90    3    5      0.9667    0    207      6    122     14    T0987TS145-D2.pdb:A  SCOP d1ybha1
  243      0.1555          -0    0.007196     2.675    79    2    6      0.8987    0    207      6    108     10    T0987TS145-D2.pdb:A  SCOP d1l0wa2
  244      0.1537          -0      0.8915     2.618    92    2    3      0.9674    0    207      6    151     10    T0987TS145-D2.pdb:A  SCOP d2gfxa2
  245      0.1529          -0    0.001471     3.508   119    3    8       0.916    0    207      6    189     15    T0987TS145-D2.pdb:A  SCOP d1auva2
  246      0.1474          -0       1.097     1.560    76    2    4      0.9737    0    207      6    149     10    T0987TS145-D2.pdb:A  SCOP d1g5xa2
  247      0.1474          -0       1.097     1.560    76    2    4      0.9737    0    207      6    149     10    T0987TS145-D2.pdb:A  SCOP d2byya2
  248      0.1474          -0       1.097     1.560    76    2    4      0.9737    0    207      6    149     10    T0987TS145-D2.pdb:A  SCOP d2aq7a2
  249      0.1474          -0       1.097     1.560    76    2    4      0.9737    0    207      6    149     10    T0987TS145-D2.pdb:A  SCOP d2aqba2
  250      0.1423          -0     0.03643     3.500   120    3    9      0.9667    0    207      6    207     12    T0987TS145-D2.pdb:A  SCOP d1qkna_
  251      0.1418          -0       1.105     1.605    75    2    4        0.96    0    207      6    149     10    T0987TS145-D2.pdb:A  SCOP d1fj4a2
  252      0.1408          -0     0.07494     2.244    97    3    6      0.9381    0    207      6    207     12    T0987TS145-D2.pdb:A  SCOP d1q89a_
  253      0.1401   1.028e-05       2.221     1.736    60    2    1      0.9667    0    207      6     93      9    T0987TS145-D2.pdb:A  SCOP d1yq2a2
  254      0.1383          -0       1.514     4.032    99    3    4      0.9394    0    207      6    122     10    T0987TS145-D2.pdb:A  SCOP d1mmia3
  255      0.1383   4.822e-17       1.755     4.032    99    3    4      0.9394    0    207      6    122     10    T0987TS145-D2.pdb:A  SCOP d2pola3
  256      0.1377          -0       1.298     2.795   105    4    6      0.9238    0    207      6    207     18    T0987TS145-D2.pdb:A  SCOP d1mj9a_
  257      0.1377          -0       1.105     1.614    74    2    4      0.9595    0    207      6    149      9    T0987TS145-D2.pdb:A  SCOP d1fj8a2
  258      0.1352          -0       1.442     2.793   104    4    6      0.9327    0    207      6    207     18    T0987TS145-D2.pdb:A  SCOP d1mjba_
  259      0.1352          -0       1.442     2.793   104    4    6      0.9327    0    207      6    207     18    T0987TS145-D2.pdb:A  SCOP d1mjaa_
  260      0.1342          -0       0.731     0.000    38    3    2           1    0    207      6     52     15    T0987TS145-D2.pdb:A  SCOP d1u2da2
  261      0.1327          -0     0.01366     3.653    83    2    2      0.9398    0    207      6    101     10    T0987TS145-D2.pdb:A  SCOP d1tuia1
  262      0.1314     0.01208       2.538     2.937   105    2    3      0.9714    0    207      6    207     10    T0987TS145-D2.pdb:A  SCOP d1gvma_
  263      0.1285          -0      0.5362     3.484    68    2    2      0.9706    0    207      6     74      9    T0987TS145-D2.pdb:A  SCOP d2ajta1
  264      0.1285          -0      0.5362     3.484    68    2    2      0.9706    0    207      6     74      9    T0987TS145-D2.pdb:A  SCOP d2hxga1
  265      0.1275          -0    0.002287     2.404    79    2    5      0.8987    0    207      6    144     10    T0987TS145-D2.pdb:A  SCOP d2c3oa3
  266      0.1253          -0       1.557     2.111    71    2    2      0.9718    0    207      6    130     10    T0987TS145-D2.pdb:A  SCOP d1vrla2
  267      0.1244          -0       1.339     2.464    74    2    3      0.9189    0    207      6    127      9    T0987TS145-D2.pdb:A  SCOP d1rrsa2
  268      0.1237          -0    0.002287     2.419    78    2    5      0.8974    0    207      6    144     10    T0987TS145-D2.pdb:A  SCOP d2pdaa3
  269      0.1222      0.0826         2.7     2.792    74    2    3       0.973    0    207      6    116      9    T0987TS145-D2.pdb:A  SCOP d1wb3a3
  270      0.1202          -0      0.6386     2.851    99    4    7      0.9293    0    207      6    207     18    T0987TS145-D2.pdb:A  SCOP d1fy7a_
  271      0.1169          -0    0.003202     3.230   104    3    6      0.9135    0    207      6    207      5    T0987TS145-D2.pdb:A  SCOP d2htsa_
  272      0.1155          -0   0.0007763     4.198   121    2    4      0.9421    0    207      6    207     10    T0987TS145-D2.pdb:A  SCOP d1twqa_
  273      0.1132          -0     0.08879     1.946    83    3    3      0.9518    0    207      6    207     11    T0987TS145-D2.pdb:A  SCOP d1ygha_
  274      0.1112          -0     0.04327     1.843    81    3    2      0.9506    0    207      6    207     15    T0987TS145-D2.pdb:A  SCOP d1trma_
  275      0.1112          -0      0.0385     1.843    81    3    2      0.9506    0    207      6    207     15    T0987TS145-D2.pdb:A  SCOP d1avxa_
  276      0.1111          -0      0.3548     2.224    56    2    2      0.9464    0    207      6     88      6    T0987TS145-D2.pdb:A  SCOP d1goia3
  277      0.1111          -0      0.4424     2.224    56    2    2      0.9464    0    207      6     88      6    T0987TS145-D2.pdb:A  SCOP d1e15a3
  278      0.1111          -0      0.4424     2.224    56    2    2      0.9464    0    207      6     88      6    T0987TS145-D2.pdb:A  SCOP d1e6na3
  279      0.1111          -0      0.4424     2.224    56    2    2      0.9464    0    207      6     88      6    T0987TS145-D2.pdb:A  SCOP d1ogga3
  280      0.1111          -0      0.4424     2.224    56    2    2      0.9464    0    207      6     88      6    T0987TS145-D2.pdb:A  SCOP d1ur9a3
  281      0.1111          -0      0.4424     2.224    56    2    2      0.9464    0    207      6     88      6    T0987TS145-D2.pdb:A  SCOP d1ur8a3
  282       0.111          -0       1.975     3.192    70    3    2      0.9714    0    207      6    100     15    T0987TS145-D2.pdb:A  SCOP d1kdha4
  283      0.1099   9.599e-07       2.822     1.802    67    2    3      0.9552    0    207      6    145      9    T0987TS145-D2.pdb:A  SCOP d1p16a1
  284      0.1096    0.002484       3.269     1.708    52    2    1      0.9423    0    207      6     90      6    T0987TS145-D2.pdb:A  SCOP d2cq0a1
  285      0.1094          -0     0.00358     3.312   102    3    7      0.9118    0    207      6    207      7    T0987TS145-D2.pdb:A  SCOP d1fbsa_
  286      0.1094          -0     0.00358     3.312   102    3    7      0.9118    0    207      6    207      8    T0987TS145-D2.pdb:A  SCOP d1fbua_
  287      0.1094          -0     0.00358     3.312   102    3    7      0.9118    0    207      6    207      7    T0987TS145-D2.pdb:A  SCOP d1fbqa_
  288      0.1092          -0     0.04719     2.332    74    2    5      0.9054    0    207      6    151      9    T0987TS145-D2.pdb:A  SCOP d2alma2
  289      0.1089          -0         1.5     2.932    69    2    9      0.6377    0    207      6    108      7    T0987TS145-D2.pdb:A  SCOP d1dlja3
  290      0.1084   7.715e-16      0.4424     3.491    67    2    2      0.8955    0    207      6     85      6    T0987TS145-D2.pdb:A  SCOP d1pcxa5
  291      0.1074          -0     0.01764     2.939    65    2    3      0.9077    0    207      6     97      7    T0987TS145-D2.pdb:A  SCOP d1lv0a2
  292      0.1067          -0    0.003202     3.328   101    3    7      0.9109    0    207      6    207      6    T0987TS145-D2.pdb:A  SCOP d1fyka_
  293      0.1067          -0    0.003202     3.328   101    3    7      0.9109    0    207      6    207      6    T0987TS145-D2.pdb:A  SCOP d1fyma_
  294      0.1066          -0       1.508     2.909    68    2    9      0.6471    0    207      6    108      7    T0987TS145-D2.pdb:A  SCOP d1dlia3
  295      0.1058          -0     0.04719     2.347    73    2    5      0.9041    0    207      6    151     10    T0987TS145-D2.pdb:A  SCOP d1oxha2
  296      0.1055          -0     0.05681     2.239    55    2    3      0.8909    0    207      6     89      7    T0987TS145-D2.pdb:A  SCOP d1ttta2
  297      0.1054          -0    0.002287     2.586    74    2    5      0.8919    0    207      6    144     10    T0987TS145-D2.pdb:A  SCOP d1b0pa3
  298      0.1054          -0    0.002287     2.586    74    2    5      0.8919    0    207      6    144     10    T0987TS145-D2.pdb:A  SCOP d1keka3
  299      0.1054          -0    0.002287     2.586    74    2    5      0.8919    0    207      6    144     10    T0987TS145-D2.pdb:A  SCOP d2c3ua3
  300      0.1054          -0    0.002287     2.586    74    2    5      0.8919    0    207      6    144     10    T0987TS145-D2.pdb:A  SCOP d2c3pa3
  301      0.1054          -0    0.002287     2.586    74    2    5      0.8919    0    207      6    144     10    T0987TS145-D2.pdb:A  SCOP d2c3ya3
  302      0.1054          -0    0.002287     2.586    74    2    5      0.8919    0    207      6    144     10    T0987TS145-D2.pdb:A  SCOP d2c3ma3
  303      0.1054          -0    0.002287     2.586    74    2    5      0.8919    0    207      6    144     10    T0987TS145-D2.pdb:A  SCOP d2c42a3
  304      0.1043          -0     0.05681     2.239    55    2    3      0.8909    0    207      6     90      7    T0987TS145-D2.pdb:A  SCOP d1exma2
  305      0.1043          -0     0.05681     2.239    55    2    3      0.8909    0    207      6     90      7    T0987TS145-D2.pdb:A  SCOP d1ha3a2
  306      0.1041          -0    0.002527     3.343   100    3    8        0.91    0    207      6    207      6    T0987TS145-D2.pdb:A  SCOP d1fyla_
  307       0.104          -0       2.612     1.617    65    2    4      0.9538    0    207      6    152     10    T0987TS145-D2.pdb:A  SCOP d1e5da1
  308      0.1011          -0      0.2082     2.414    56    2    3       0.875    0    207      6     91      8    T0987TS145-D2.pdb:A  SCOP d1r0va2
  309      0.1008          -0     0.04492     3.280    52    2    2      0.8654    0    207      6     59      3    T0987TS145-D2.pdb:A  SCOP d1l6ja3
  310      0.1002   4.822e-17    0.005499     3.399    99    2    3      0.9394    0    207      6    207      3    T0987TS145-D2.pdb:A  SCOP d1kbea_
  311      0.1002   4.822e-17    0.005499     3.399    99    2    3      0.9394    0    207      6    207      3    T0987TS145-D2.pdb:A  SCOP d1kbfa_
  312     0.09888          -0    0.001078     3.499   100    3    5         0.9    0    207      6    207      7    T0987TS145-D2.pdb:A  SCOP d1sl4a_
  313     0.09881          -0      0.5431     0.000    30    3    2           1    0    207      6     44     15    T0987TS145-D2.pdb:A  SCOP d2frda2
  314     0.09869          -0    0.005499     3.324    64    2    3      0.9062    0    207      6     90      6    T0987TS145-D2.pdb:A  SCOP d1vloa1
  315     0.09851          -0       1.964     3.135    64    2    3      0.9531    0    207      6     96     10    T0987TS145-D2.pdb:A  SCOP d1mu5a2
  316     0.09143          -0      0.5922     2.676    58    2    5      0.9483    0    207      6     99     10    T0987TS145-D2.pdb:A  SCOP d1vkla3
  317     0.09143          -0      0.5922     2.676    58    2    5      0.9483    0    207      6     99     10    T0987TS145-D2.pdb:A  SCOP d1lxta3
  318     0.09035          -0       1.452     1.931    74    2    2      0.9459    0    207      6    207      8    T0987TS145-D2.pdb:A  SCOP d1alva_
  319     0.08772          -0      0.5922     2.696    57    2    5      0.9474    0    207      6     99     10    T0987TS145-D2.pdb:A  SCOP d1c47a3
  320     0.08772          -0      0.5922     2.696    57    2    5      0.9474    0    207      6     99     10    T0987TS145-D2.pdb:A  SCOP d3pmga3
  321      0.0864          -0      0.4886     3.520    69    2    3       0.971    0    207      6    112      8    T0987TS145-D2.pdb:A  SCOP d1ojda2
  322     0.08552          -0     0.03643     2.698    70    2    5         0.9    0    207      6    153     10    T0987TS145-D2.pdb:A  SCOP d1j3na2
  323     0.08487          -0       1.452     1.957    72    2    3      0.9444    0    207      6    207      8    T0987TS145-D2.pdb:A  SCOP d1dvia_
  324     0.08408          -0      0.5852     2.716    56    2    5      0.9464    0    207      6     99     10    T0987TS145-D2.pdb:A  SCOP d1jdya3
  325     0.08125          -0      0.5473     4.881   100    3   12        0.82    0    207      6    163     14    T0987TS145-D2.pdb:A  SCOP d1v8ba1
  326     0.08117          -0     0.01366     3.170    53    2    3      0.8868    0    207      6     79      8    T0987TS145-D2.pdb:A  SCOP d1r47a1
  327     0.07997          -0     0.00281     3.436    89    2    3      0.9326    0    207      6    207      6    T0987TS145-D2.pdb:A  SCOP d1i42a_
  328     0.07992          -0    0.002287     3.802    64    2    2      0.9219    0    207      6     95      7    T0987TS145-D2.pdb:A  SCOP d1skqa1
  329     0.07992          -0    0.002287     3.802    64    2    2      0.9219    0    207      6     95      8    T0987TS145-D2.pdb:A  SCOP d1jnya1
  330     0.07539   9.561e-09       1.209     3.973    59    2   10     0.05085    0    207      6     81      5    T0987TS145-D2.pdb:A  SCOP d1r3ea1
  331     0.07485          -0       1.298     2.224    55    2    3      0.9455    0    207      6    126      9    T0987TS145-D2.pdb:A  SCOP d1h4sa1
  332     0.07257          -0      0.4819     1.857    43    2    1      0.9302    0    207      6     89      7    T0987TS145-D2.pdb:A  SCOP d1ckna1
  333     0.07203          -0     0.01018     3.436    59    2    2      0.8983    0    207      6    101      8    T0987TS145-D2.pdb:A  SCOP d1a3qa1
  334     0.06858          -0      0.3195     3.256    80    2    4      0.9625    0    207      6    207      6    T0987TS145-D2.pdb:A  SCOP d1u07a_
  335     0.06819          -0     0.02056     3.121    52    2    4      0.9038    0    207      6     92      9    T0987TS145-D2.pdb:A  SCOP d1mixa2
  336     0.06771          -0     0.03252     2.219    67    2    4      0.8806    0    207      6    207     10    T0987TS145-D2.pdb:A  SCOP d1l8wa_
  337     0.06757          -0      0.8143     4.312    54    2    7     0.01852    0    207      6     68      6    T0987TS145-D2.pdb:A  SCOP d1hjwa2
  338     0.06745          -0  1.798e+308     5.483   112    2   14     0.03571    0    207      6    207      8    T0987TS145-D2.pdb:A  SCOP d1jyoa_
  339     0.06697          -0      0.7385     4.863    65    2   10     0.01538    0    207      6     84      6    T0987TS145-D2.pdb:A  SCOP d2fuga3
  340     0.06594          -0      0.6571     4.020    63    3   11     0.06349    0    207      6    104      8    T0987TS145-D2.pdb:A  SCOP d1h3ta1
  341     0.06564          -0      0.5473     4.134    64    3   11     0.04688    0    207      6    104      8    T0987TS145-D2.pdb:A  SCOP d1h3ua1
  342     0.06517          -0    0.003393     4.127    53    2    2      0.9057    0    207      6     72      9    T0987TS145-D2.pdb:A  SCOP d1o0va2
  343     0.06468          -0      0.3862     3.704    59    3   12     0.08475    0    207      6    103      9    T0987TS145-D2.pdb:A  SCOP d2gj7a1
  344     0.06454          -0    0.006319     3.243    63    2    2      0.9206    0    207      6    137     10    T0987TS145-D2.pdb:A  SCOP d1qbaa4
  345     0.06454          -0    0.006319     3.243    63    2    2      0.9206    0    207      6    137     10    T0987TS145-D2.pdb:A  SCOP d1c7sa4
  346     0.06454          -0    0.006319     3.243    63    2    2      0.9206    0    207      6    137     10    T0987TS145-D2.pdb:A  SCOP d1c7ta4
  347     0.06427          -0      0.3548     5.000    68    2    9     0.05882    0    207      6     92      5    T0987TS145-D2.pdb:A  SCOP d1fbva3
  348       0.064   7.711e-11        1.83     4.690    63    2    7     0.01587    0    207      6     87      8    T0987TS145-D2.pdb:A  SCOP d1nkga1
  349      0.0619   4.822e-17      0.9305     4.102    50    2    7        0.02    0    207      6     68      6    T0987TS145-D2.pdb:A  SCOP d1hjva2
  350      0.0619   4.822e-17      0.9305     4.102    50    2    7        0.02    0    207      6     68      6    T0987TS145-D2.pdb:A  SCOP d1hjxa2
  351     0.06037          -0      0.3721     3.694    58    3   11     0.06897    0    207      6    107      9    T0987TS145-D2.pdb:A  SCOP d1t83a1
  352     0.05993          -0      0.3721     3.667    57    3   11     0.07018    0    207      6    105      9    T0987TS145-D2.pdb:A  SCOP d1l6xa1
  353     0.05985          -0        0.43     3.671    57    3   11     0.07018    0    207      6    105      9    T0987TS145-D2.pdb:A  SCOP d1dn2a1
  354     0.05968          -0      0.8759     5.021    76    2    9     0.02632    0    207      6    123     10    T0987TS145-D2.pdb:A  SCOP d1w5ea2
  355     0.05959          -0      0.1758     4.113    45    2    8      0.1556    0    207      6     57      5    T0987TS145-D2.pdb:A  SCOP d1sgva1
  356     0.05907          -0       1.611     3.312    29    2    3     0.03448    0    207      6     31      9    T0987TS145-D2.pdb:A  SCOP d2caya1
  357     0.05782          -0      0.2587     4.725    71    2   14      0.1268    0    207      6    121      9    T0987TS145-D2.pdb:A  SCOP d1qlba3
  358      0.0578   2.902e-07      0.4953     4.840    65    2   14      0.1077    0    207      6     98      3    T0987TS145-D2.pdb:A  SCOP d1soza1
  359      0.0575          -0      0.4078     3.824    57    3   11     0.05263    0    207      6    104      9    T0987TS145-D2.pdb:A  SCOP d1h3va1
  360     0.05675          -0      0.4886     4.459    51    2   10     0.03922    0    207      6     69      5    T0987TS145-D2.pdb:A  SCOP d2dy8a1
  361     0.05664          -0  1.798e+308     4.946    95    3    9     0.04211    0    207      6    207      9    T0987TS145-D2.pdb:A  SCOP d1brka_
  362     0.05664          -0  1.798e+308     4.946    95    3    9     0.04211    0    207      6    207      9    T0987TS145-D2.pdb:A  SCOP d1bria_
  363     0.05664          -0  1.798e+308     4.946    95    3    9     0.04211    0    207      6    207      9    T0987TS145-D2.pdb:A  SCOP d1bnja_
  364     0.05664          -0  1.798e+308     4.946    95    3    9     0.04211    0    207      6    207      9    T0987TS145-D2.pdb:A  SCOP d1bnea_
  365     0.05664          -0  1.798e+308     4.946    95    2    9     0.04211    0    207      6    207      8    T0987TS145-D2.pdb:A  SCOP d1s1ga_
  366     0.05664          -0  1.798e+308     4.946    95    3    9     0.04211    0    207      6    207      9    T0987TS145-D2.pdb:A  SCOP d1bnsa_
  367     0.05638          -0      0.3378     3.694    55    3   13     0.07273    0    207      6    103      8    T0987TS145-D2.pdb:A  SCOP d1i1ca1
  368     0.05573          -0      0.2968     4.929    65    2   12     0.09231    0    207      6     99      6    T0987TS145-D2.pdb:A  SCOP d1vcwa1
  369     0.05545          -0       1.017     5.127    75    2   13     0.02667    0    207      6    125      9    T0987TS145-D2.pdb:A  SCOP d1fsza2
  370     0.05435          -0      0.3669     4.529    56    2    6     0.03571    0    207      6     85      9    T0987TS145-D2.pdb:A  SCOP d1jala2
  371     0.05412          -0  1.798e+308     4.287    84    2   10     0.04762    0    207      6    207      9    T0987TS145-D2.pdb:A  SCOP d1av5a_
  372      0.0541          -0      0.2379     5.115    70    2   12     0.05714    0    207      6    112      8    T0987TS145-D2.pdb:A  SCOP d1djsa2
  373     0.05381          -0      0.8219     4.319    52    2    3      0.8654    0    207      6     79     10    T0987TS145-D2.pdb:A  SCOP d1kfia3
  374     0.05302          -0     0.05617     4.234    59    3   12     0.08475    0    207      6    106      9    T0987TS145-D2.pdb:A  SCOP d1oqxa1
  375     0.05258          -0      0.1225     4.745    49    2    7     0.06122    0    207      6     63      6    T0987TS145-D2.pdb:A  SCOP d1b9ma4
  376     0.05148          -0     0.00474     3.818    49    2    2       0.898    0    207      6     86      6    T0987TS145-D2.pdb:A  SCOP d2gysa4
  377     0.05128          -0     0.02371     4.466    61    2   10           0    0    207      6    109      6    T0987TS145-D2.pdb:A  SCOP d1a0ia1
  378     0.05103          -0       0.515     3.914    55    3    9      0.2364    0    207      6    106      9    T0987TS145-D2.pdb:A  SCOP d2dtqa1
  379     0.05103          -0       0.515     3.914    55    3    9      0.2364    0    207      6    106      9    T0987TS145-D2.pdb:A  SCOP d2dtsa1
  380      0.0509          -0      0.2618     4.612    61    3    8     0.03279    0    207      6    105     10    T0987TS145-D2.pdb:A  SCOP d1oqoa1
  381     0.05086          -0        0.15     4.460    59    2    8     0.08475    0    207      6    103      7    T0987TS145-D2.pdb:A  SCOP d2dpja1
  382     0.05034   2.062e-07      0.6208     4.089    45    2    8     0.02222    0    207      6     68      7    T0987TS145-D2.pdb:A  SCOP d1ijfa2
  383     0.05034   2.062e-07      0.6208     4.089    45    2    8     0.02222    0    207      6     68      7    T0987TS145-D2.pdb:A  SCOP d1f60a2
  384     0.05034   2.062e-07      0.6208     4.089    45    2    8     0.02222    0    207      6     68      7    T0987TS145-D2.pdb:A  SCOP d2b7ca2
  385     0.05034   2.062e-07      0.6208     4.089    45    2    8     0.02222    0    207      6     68      7    T0987TS145-D2.pdb:A  SCOP d1g7ca2
  386     0.05034   2.062e-07      0.6208     4.089    45    2    8     0.02222    0    207      6     68      7    T0987TS145-D2.pdb:A  SCOP d1ijea2
  387     0.05034   2.062e-07      0.6208     4.089    45    2    8     0.02222    0    207      6     68      7    T0987TS145-D2.pdb:A  SCOP d2b7ba2
  388     0.05013          -0  1.798e+308     4.300    81    2   12     0.06173    0    207      6    207      8    T0987TS145-D2.pdb:A  SCOP d1a2pa_
  389     0.05013          -0  1.798e+308     4.300    81    2   12     0.06173    0    207      6    207      9    T0987TS145-D2.pdb:A  SCOP d1b21a_
  390     0.05011          -0  1.798e+308     4.143    79    2   14     0.05063    0    207      6    207      8    T0987TS145-D2.pdb:A  SCOP d1dgva_
  391     0.05008          -0       0.515     4.338    54    2    5      0.1481    0    207      6     91      8    T0987TS145-D2.pdb:A  SCOP d1r11a2
  392     0.04975          -0      0.7762     3.734    52    2    8     0.05769    0    207      6    103      9    T0987TS145-D2.pdb:A  SCOP d2iwga1
  393     0.04945          -0      0.1459     5.301    57    2    9           0    0    207      6     77      7    T0987TS145-D2.pdb:A  SCOP d1yboa2
  394     0.04928          -0     0.01764     5.198    70    2   10     0.07143    0    207      6    120     10    T0987TS145-D2.pdb:A  SCOP d2ggxa1
  395     0.04914          -0  1.798e+308     4.832    87    2   11     0.02299    0    207      6    207      8    T0987TS145-D2.pdb:A  SCOP d1wlaa_
  396     0.04913          -0  1.798e+308     4.910    88    2   10     0.03409    0    207      6    207     10    T0987TS145-D2.pdb:A  SCOP d1cxua_
  397     0.04913          -0  1.798e+308     4.910    88    2   10     0.03409    0    207      6    207     10    T0987TS145-D2.pdb:A  SCOP d1cz9a_
  398     0.04913          -0  1.798e+308     4.910    88    2   10     0.03409    0    207      6    207     10    T0987TS145-D2.pdb:A  SCOP d1crpa_
  399     0.04913          -0  1.798e+308     4.910    88    2   10     0.03409    0    207      6    207     10    T0987TS145-D2.pdb:A  SCOP d1asva_
  400     0.04891          -0     0.01334     5.254    74    3   13     0.04054    0    207      6    133     10    T0987TS145-D2.pdb:A  SCOP d1h7ua1
  401     0.04837          -0      0.2034     4.255    56    2   10     0.03571    0    207      6    104      8    T0987TS145-D2.pdb:A  SCOP d1h3ya1
  402     0.04828   0.0004658      0.8296     4.046    36    2    6      0.5278    0    207      6     46      3    T0987TS145-D2.pdb:A  SCOP d2f5sa3
  403      0.0482          -0      0.2694     4.276    51    2    9     0.01961    0    207      6     86      7    T0987TS145-D2.pdb:A  SCOP d2ghpa3
  404     0.04803          -0      0.1419     4.352    53    2    8     0.03774    0    207      6     91      7    T0987TS145-D2.pdb:A  SCOP d2gjwa2
  405      0.0479          -0  1.798e+308     4.918    87    2   11     0.03448    0    207      6    207     10    T0987TS145-D2.pdb:A  SCOP d1usza_
  406     0.04788          -0  1.798e+308     4.686    84    3    9     0.05952    0    207      6    207     12    T0987TS145-D2.pdb:A  SCOP d1d1ja_
  407     0.04775          -0       2.426     3.259    25    2    3        0.04    0    207      6     29      7    T0987TS145-D2.pdb:A  SCOP d1uoua3
  408     0.04743          -0      0.7012     3.414    26    2    3     0.03846    0    207      6     30      9    T0987TS145-D2.pdb:A  SCOP d1yt8a3
  409      0.0474   1.084e-06       0.557     5.093    47    2    6     0.02128    0    207      6     58      3    T0987TS145-D2.pdb:A  SCOP d1ck7a4
  410     0.04723          -0  1.798e+308     4.492    81    2   16     0.03704    0    207      6    207      7    T0987TS145-D2.pdb:A  SCOP d1cl5a_
  411     0.04716          -0      0.1011     5.592    62    2   12     0.06452    0    207      6     88      5    T0987TS145-D2.pdb:A  SCOP d2cbla3
  412     0.04697          -0  1.798e+308     4.985    87    2   14     0.08046    0    207      6    207      8    T0987TS145-D2.pdb:A  SCOP d1odea_
  413     0.04689          -0      0.4167     4.917    61    2    8     0.03279    0    207      6    104      7    T0987TS145-D2.pdb:A  SCOP d1el5a2
  414     0.04689          -0      0.4167     4.917    61    2    8     0.03279    0    207      6    104      7    T0987TS145-D2.pdb:A  SCOP d1el9a2
  415     0.04689          -0      0.4167     4.917    61    2    8     0.03279    0    207      6    104      7    T0987TS145-D2.pdb:A  SCOP d1elia2
  416     0.04689          -0      0.4167     4.917    61    2    8     0.03279    0    207      6    104      7    T0987TS145-D2.pdb:A  SCOP d1el8a2
  417     0.04689          -0      0.4167     4.917    61    2    8     0.03279    0    207      6    104      7    T0987TS145-D2.pdb:A  SCOP d1l9da2
  418     0.04689          -0      0.4167     4.917    61    2    8     0.03279    0    207      6    104      7    T0987TS145-D2.pdb:A  SCOP d1el7a2
  419     0.04689          -0      0.4167     4.917    61    2    8     0.03279    0    207      6    104      7    T0987TS145-D2.pdb:A  SCOP d1l9ca2
  420     0.04689          -0      0.4167     4.917    61    2    8     0.03279    0    207      6    104      7    T0987TS145-D2.pdb:A  SCOP d2a89a2
  421     0.04689          -0      0.4167     4.917    61    2    8     0.03279    0    207      6    104      7    T0987TS145-D2.pdb:A  SCOP d2gb0a2
  422     0.04689          -0      0.4167     4.917    61    2    8     0.03279    0    207      6    104      7    T0987TS145-D2.pdb:A  SCOP d2gf3a2
  423     0.04689          -0      0.4167     4.917    61    2    8     0.03279    0    207      6    104      7    T0987TS145-D2.pdb:A  SCOP d1l9ea2
  424     0.04676          -0     0.09447     4.863    53    2    8      0.0566    0    207      6     80      7    T0987TS145-D2.pdb:A  SCOP d1ze1a1
  425     0.04666          -0     0.09447     4.890    57    2   12      0.1053    0    207      6     92      8    T0987TS145-D2.pdb:A  SCOP d2f0aa1
  426     0.04637          -0      0.1006     4.999    64    3    9     0.04688    0    207      6    113      8    T0987TS145-D2.pdb:A  SCOP d1e4ka1
  427     0.04584          -0      0.4953     4.832    36    2    3      0.1111    0    207      6     38      8    T0987TS145-D2.pdb:A  SCOP d2b5ea1
  428     0.04578          -0      0.1046     4.914    85    2   13         0.2    0    207      6    207      7    T0987TS145-D2.pdb:A  SCOP d1he7a_
  429     0.04557          -0     0.01867     5.380    73    3   12      0.0411    0    207      6    134     11    T0987TS145-D2.pdb:A  SCOP d1h7sa1
  430     0.04552          -0     0.01153     4.937    57    2    7      0.1053    0    207      6     93      5    T0987TS145-D2.pdb:A  SCOP d1qata1
  431     0.04525          -0      0.7611     3.840    54    2   11     0.05556    0    207      6    118     10    T0987TS145-D2.pdb:A  SCOP d1s0ua1
  432     0.04501          -0       1.233     4.133    27    3    2      0.1111    0    207      6     27     11    T0987TS145-D2.pdb:A  SCOP d1ra0a1
  433     0.04487          -0      0.2386     4.380    55    3    8     0.01818    0    207      6    104      9    T0987TS145-D2.pdb:A  SCOP d1fc1a1
  434     0.04479          -0     0.01334     5.370    72    3   13     0.04167    0    207      6    133     11    T0987TS145-D2.pdb:A  SCOP d1ea6a1
  435     0.04479          -0       1.347     3.912    26    3    2      0.1154    0    207      6     27     11    T0987TS145-D2.pdb:A  SCOP d1k70a1
  436      0.0446          -0      0.2912     4.892    50    2    8         0.1    0    207      6     74      6    T0987TS145-D2.pdb:A  SCOP d1nh8a2
  437     0.04448          -0      0.2534     5.279    65    2    7      0.2154    0    207      6    112      7    T0987TS145-D2.pdb:A  SCOP d1fnna1
  438     0.04441    0.000206       1.476     4.645    44    2    6           0    0    207      6     62      5    T0987TS145-D2.pdb:A  SCOP d1wnoa2
  439     0.04438   4.489e-14        1.75     4.141    39    2    6     0.02564    0    207      6     57      5    T0987TS145-D2.pdb:A  SCOP d1vzya2
  440     0.04396          -0      0.6938     4.891    83    2   11      0.0241    0    207      6    207      7    T0987TS145-D2.pdb:A  SCOP d1q4qa_
  441     0.04362          -0       0.194     4.785    48    2    8     0.04167    0    207      6     72      6    T0987TS145-D2.pdb:A  SCOP d1wipa4
  442     0.04362          -0       0.194     4.785    48    2    8     0.04167    0    207      6     72      6    T0987TS145-D2.pdb:A  SCOP d1wiqa4
  443     0.04362          -0       0.194     4.785    48    2    8     0.04167    0    207      6     72      6    T0987TS145-D2.pdb:A  SCOP d1wioa4
  444     0.04348   1.074e-08      0.3669     4.702    37    2    5     0.05405    0    207      6     44      3    T0987TS145-D2.pdb:A  SCOP d1tdha3
  445      0.0433          -0      0.5529     4.257    53    2   10     0.03774    0    207      6    104      9    T0987TS145-D2.pdb:A  SCOP d1jmca2
  446     0.04323          -0       0.413     4.906    55    3    7      0.1091    0    207      6     92      6    T0987TS145-D2.pdb:A  SCOP d1lnqa4
  447      0.0432          -0  1.798e+308     5.353    88    2    9     0.04545    0    207      6    207      6    T0987TS145-D2.pdb:A  SCOP d1q06a_
  448     0.04308          -0       1.742     3.239    26    2    2     0.03846    0    207      6     35      7    T0987TS145-D2.pdb:A  SCOP d1k35a4
  449     0.04308   1.398e-15       1.742     3.239    26    2    2     0.03846    0    207      6     35      6    T0987TS145-D2.pdb:A  SCOP d2fkfa4
  450     0.04287          -0      0.1804     4.899    59    3   10     0.05085    0    207      6    107      8    T0987TS145-D2.pdb:A  SCOP d1t89a1
  451     0.04278          -0       1.581     4.144    51    2   11     0.05882    0    207      6    101      7    T0987TS145-D2.pdb:A  SCOP d1ow0a1
  452     0.04262          -0  1.798e+308     5.158    85    2   15     0.05882    0    207      6    207     10    T0987TS145-D2.pdb:A  SCOP d1aoha_
  453      0.0425          -0    0.001417     4.840    81    2   15      0.4938    0    207      6    207      7    T0987TS145-D2.pdb:A  SCOP d1wwca_
  454     0.04249          -0     0.04272     4.774    65    2   10      0.4154    0    207      6    136      6    T0987TS145-D2.pdb:A  SCOP d1ewra1
  455     0.04238          -0  1.798e+308     5.177    85    2   14           0    0    207      6    207      7    T0987TS145-D2.pdb:A  SCOP d1vbza_
  456     0.04238          -0  1.798e+308     5.177    85    2   14           0    0    207      6    207      7    T0987TS145-D2.pdb:A  SCOP d1vc6a_
  457     0.04238          -0  1.798e+308     5.177    85    2   14           0    0    207      6    207      7    T0987TS145-D2.pdb:A  SCOP d1sjfa_
  458     0.04238          -0  1.798e+308     5.177    85    2   14           0    0    207      6    207      7    T0987TS145-D2.pdb:A  SCOP d1vbxa_
  459     0.04238          -0  1.798e+308     5.177    85    2   14           0    0    207      6    207      6    T0987TS145-D2.pdb:A  SCOP d1q05a_
  460     0.04231          -0       1.063     3.662    34    2    7     0.05882    0    207      6     53     10    T0987TS145-D2.pdb:A  SCOP d1flka1
  461     0.04229          -0      0.9842     2.852    20    2    2        0.05    0    207      6     24      9    T0987TS145-D2.pdb:A  SCOP d1xgoa2
  462     0.04228          -0     0.09123     5.367    50    2    7           0    0    207      6     68      6    T0987TS145-D2.pdb:A  SCOP d1guva2
  463     0.04206          -0     0.04057     5.242    60    2    7     0.08333    0    207      6    102      8    T0987TS145-D2.pdb:A  SCOP d1jhwa3
  464     0.04177          -0       0.404     4.412    58    2   10     0.03448    0    207      6    123     10    T0987TS145-D2.pdb:A  SCOP d2a1ua2
  465     0.04149   1.591e-15       1.209     4.248    44    2    5     0.02273    0    207      6     75      5    T0987TS145-D2.pdb:A  SCOP d1q1ka2
  466     0.04147          -0       1.746     3.782    33    2    5      0.1212    0    207      6     49      9    T0987TS145-D2.pdb:A  SCOP d1e0ua3
  467     0.04147          -0       1.242     3.782    33    2    5      0.1212    0    207      6     49      9    T0987TS145-D2.pdb:A  SCOP d1e0ta3
  468     0.04143          -0       1.201     4.664    71    2   12      0.5775    0    207      6    172     10    T0987TS145-D2.pdb:A  SCOP d2i2za1
  469      0.0414          -0      0.6245     3.393    25    2    4        0.04    0    207      6     32      7    T0987TS145-D2.pdb:A  SCOP d2bvya1
  470     0.04132          -0     0.01764     5.205    49    2    7     0.02041    0    207      6     70      6    T0987TS145-D2.pdb:A  SCOP d1wb0a2
  471     0.04102          -0     0.08491     5.401    53    2    9      0.0566    0    207      6     78      7    T0987TS145-D2.pdb:A  SCOP d1l2fa2
  472     0.04097          -0      0.3582     4.188    51    3    9     0.09804    0    207      6    104     10    T0987TS145-D2.pdb:A  SCOP d2j6ea1
  473     0.04081          -0     0.05681     5.349    49    2    8     0.02041    0    207      6     68      6    T0987TS145-D2.pdb:A  SCOP d1hkka2
  474     0.04081          -0     0.05681     5.349    49    2    8     0.02041    0    207      6     68      5    T0987TS145-D2.pdb:A  SCOP d1hkma2
  475     0.04081          -0     0.05681     5.349    49    2    8     0.02041    0    207      6     68      6    T0987TS145-D2.pdb:A  SCOP d1lq0a2
  476      0.0408          -0     0.06196     5.351    49    2    8     0.02041    0    207      6     68      6    T0987TS145-D2.pdb:A  SCOP d1lg2a2
  477     0.04056          -0       2.216     4.067    45    3   10     0.02222    0    207      6     85      9    T0987TS145-D2.pdb:A  SCOP d2fu3a2
  478     0.04049          -0       2.772     2.243    14    3    0     0.07143    0    207      6     15     12    T0987TS145-D2.pdb:A  SCOP d1mb4a1
  479     0.04046          -0      0.4401     3.543    38    2    6     0.05263    0    207      6     72      7    T0987TS145-D2.pdb:A  SCOP d1dv1a1
  480     0.04046          -0      0.4401     3.543    38    2    6     0.05263    0    207      6     72      9    T0987TS145-D2.pdb:A  SCOP d1bnca1
  481     0.04036          -0       0.542     4.704    44    2    6     0.04545    0    207      6     67      9    T0987TS145-D2.pdb:A  SCOP d1fp5a1
  482     0.04036          -0       1.264     2.789    29    2    4      0.1034    0    207      6     54      8    T0987TS145-D2.pdb:A  SCOP d1d2ea2
  483     0.04036          -0       1.264     2.789    29    2    4      0.1034    0    207      6     54      8    T0987TS145-D2.pdb:A  SCOP d1xb2a2
  484     0.04031   3.572e-06      0.4489     3.960    31    2    5      0.5806    0    207      6     42      3    T0987TS145-D2.pdb:A  SCOP d1l1za3
  485     0.04018          -0     0.03643     4.884    57    2   11     0.08772    0    207      6    107      7    T0987TS145-D2.pdb:A  SCOP d1j72a3
  486     0.03989          -0       1.136     4.024    35    2    6     0.08571    0    207      6     53      9    T0987TS145-D2.pdb:A  SCOP d1flla1
  487     0.03986          -0  1.798e+308     5.308    84    3   12     0.02381    0    207      6    207     11    T0987TS145-D2.pdb:A  SCOP d4q21a_
  488      0.0398          -0      0.1568     4.893    56    3    8     0.05357    0    207      6    104      7    T0987TS145-D2.pdb:A  SCOP d1adqa1
  489     0.03979   4.113e-11       1.258     4.625    53    2    7     0.03774    0    207      6    101     10    T0987TS145-D2.pdb:A  SCOP d1g7sa1
  490     0.03979   4.113e-11       1.258     4.625    53    2    7     0.03774    0    207      6    101     10    T0987TS145-D2.pdb:A  SCOP d1g7ta1
  491     0.03979   4.113e-11       1.258     4.625    53    2    7     0.03774    0    207      6    101     10    T0987TS145-D2.pdb:A  SCOP d1g7ra1
  492     0.03976          -0      0.3311     3.738    43    2    4     0.02326    0    207      6     88      6    T0987TS145-D2.pdb:A  SCOP d1y8ta1
  493     0.03955          -0  1.798e+308     4.482    74    2   12     0.09459    0    207      6    207      8    T0987TS145-D2.pdb:A  SCOP d1pvaa_
  494      0.0395          -0      0.4719     2.894    30    2    5         0.1    0    207      6     57      7    T0987TS145-D2.pdb:A  SCOP d1oy8a2
