<html><head></head><body><pre style="word-wrap: break-word; white-space: pre-wrap;"> PDBe Fold v2.59. (src3) 14 Apr 2014 result file.

                   RESULT SUMMARY

   ##      Q-score      P-score     Z-score   RMSD    Nalgn Nsse Ngaps Seq-%     Nmd Nres-Q Nsse-Q Nres-T Nsse-T Query Target
    1           1          -0  1.798e+308     0.000   185    4    0           1    0    185     12    185     16    T0987TS197-D1.pdb:A  SCOP d1ypta_
    2           1          -0  1.798e+308     0.000   185    4    0           1    0    185     12    185     11    T0987TS197-D1.pdb:A  SCOP d1rh8a_
    3           1   1.582e-05       4.735     0.000   185    3    0           1    0    185     12    185     10    T0987TS197-D1.pdb:A  SCOP d1gmia_
    4           1          -0  1.798e+308     0.000   185    3    0           1    0    185     12    185      8    T0987TS197-D1.pdb:A  SCOP d1baka_
    5           1          -0       3.073     0.000   185    3    0           1    0    185     12    185     15    T0987TS197-D1.pdb:A  SCOP d1tlya_
    6           1          -0       3.073     0.000   185    3    0           1    0    185     12    185     13    T0987TS197-D1.pdb:A  SCOP d1tlwa_
    7           1          -0       3.073     0.000   185    3    0           1    0    185     12    185     13    T0987TS197-D1.pdb:A  SCOP d1tlza_
    8           1          -0  1.798e+308     0.000   185    3    0           1    0    185     12    185      7    T0987TS197-D1.pdb:A  SCOP d1q1oa_
    9           1          -0  1.798e+308     0.000   185    3    0           1    0    185     12    185     10    T0987TS197-D1.pdb:A  SCOP d1d5h.1
   10           1          -0  1.798e+308     0.000   185    3    0           1    0    185     12    185      4    T0987TS197-D1.pdb:A  SCOP d1wj2a_
   11           1          -0       2.012     0.000   185    3    0           1    0    185     12    185     10    T0987TS197-D1.pdb:A  SCOP d1uuna_
   12           1          -0       4.195     0.000   185    4    0           1    0    185     12    185     15    T0987TS197-D1.pdb:A  SCOP d1hia.1
   13           1          -0  1.798e+308     0.000   185    3    0           1    0    185     12    185      6    T0987TS197-D1.pdb:A  SCOP d1i42a_
   14           1          -0       2.944     0.000   185    4    0           1    0    185     12    185     16    T0987TS197-D1.pdb:A  SCOP d2kai.1
   15           1          -0  1.798e+308     0.000   185    3    0           1    0    185     12    185     10    T0987TS197-D1.pdb:A  SCOP d1cjr.1
   16           1          -0  1.798e+308     0.000   185    3    0           1    0    185     12    185      8    T0987TS197-D1.pdb:A  SCOP d1whxa_
   17           1          -0  1.798e+308     0.000   185    4    0           1    0    185     12    185      8    T0987TS197-D1.pdb:A  SCOP d1kuma_
   18           1          -0  1.798e+308     0.000   185    4    0           1    0    185     12    185      8    T0987TS197-D1.pdb:A  SCOP d1acza_
   19           1          -0  1.798e+308     0.000   185    3    0           1    0    185     12    185     14    T0987TS197-D1.pdb:A  SCOP d1rrea_
   20           1          -0  1.798e+308     0.000   185    3    0           1    0    185     12    185      7    T0987TS197-D1.pdb:A  SCOP d1q5la_
   21           1          -0  1.798e+308     0.000   185    5    0           1    0    185     12    185     15    T0987TS197-D1.pdb:A  SCOP d4cha.1
   22           1          -0  1.798e+308     0.000   185    4    0           1    0    185     12    185     10    T0987TS197-D1.pdb:A  SCOP d1ljma_
   23           1          -0  1.798e+308     0.000   185    3    0           1    0    185     12    185      9    T0987TS197-D1.pdb:A  SCOP d1k6za_
   24           1          -0  1.798e+308     0.000   185    3    0           1    0    185     12    185      5    T0987TS197-D1.pdb:A  SCOP d1e5ba_
   25           1          -0  1.798e+308     0.000   185    3    0           1    0    185     12    185      5    T0987TS197-D1.pdb:A  SCOP d1nm7a_
   26           1          -0  1.798e+308     0.000   185    4    0           1    0    185     12    185      7    T0987TS197-D1.pdb:A  SCOP d1xbda_
   27           1          -0  1.798e+308     0.000   185    3    0           1    0    185     12    185      9    T0987TS197-D1.pdb:A  SCOP d1cjq.1
   28           1          -0           3     0.000   185    5    0           1    0    185     12    185     14    T0987TS197-D1.pdb:A  SCOP d1kdq.1
   29           1          -0  1.798e+308     0.000   185    4    0           1    0    185     12    185     17    T0987TS197-D1.pdb:A  SCOP d1ba8.1
   30           1          -0  1.798e+308     0.000   185    3    0           1    0    185     12    185     10    T0987TS197-D1.pdb:A  SCOP d1j7z.1
   31           1          -0  1.798e+308     0.000   185    4    0           1    0    185     12    185     19    T0987TS197-D1.pdb:A  SCOP d1g32.1
   32           1          -0  1.798e+308     0.000   185    3    0           1    0    185     12    185     11    T0987TS197-D1.pdb:A  SCOP d1fuka_
   33           1          -0  1.798e+308     0.000   185    4    0           1    0    185     12    185     18    T0987TS197-D1.pdb:A  SCOP d1mu6.1
   34           1          -0  1.798e+308     0.000   185    4    0           1    0    185     12    185     18    T0987TS197-D1.pdb:A  SCOP d1mue.1
   35           1          -0  1.798e+308     0.000   185    4    0           1    0    185     12    185     18    T0987TS197-D1.pdb:A  SCOP d1bb0.1
   36           1          -0  1.798e+308     0.000   185    4    0           1    0    185     12    185     18    T0987TS197-D1.pdb:A  SCOP d1g30.1
   37           1          -0  1.798e+308     0.000   185    3    0           1    0    185     12    185     15    T0987TS197-D1.pdb:A  SCOP d1snxa_
   38           1          -0  1.798e+308     0.000   185    4    0           1    0    185     12    185     16    T0987TS197-D1.pdb:A  SCOP d1snua_
   39           1          -0  1.798e+308     0.000   185    4    0           1    0    185     12    185     18    T0987TS197-D1.pdb:A  SCOP d1gaga_
   40           1          -0  1.798e+308     0.000   185    4    0           1    0    185     12    185     18    T0987TS197-D1.pdb:A  SCOP d1ca8.1
   41           1          -0  1.798e+308     0.000   185    4    0           1    0    185     12    185     18    T0987TS197-D1.pdb:A  SCOP d1mu8.1
   42           1          -0  1.798e+308     0.000   185    3    0           1    0    185     12    185      6    T0987TS197-D1.pdb:A  SCOP d1ufma_
   43           1          -0  1.798e+308     0.000   185    4    0           1    0    185     12    185     18    T0987TS197-D1.pdb:A  SCOP d1ktt.1
   44           1          -0  1.798e+308     0.000   185    4    0           1    0    185     12    185     18    T0987TS197-D1.pdb:A  SCOP d1bhx.1
   45           1          -0  1.798e+308     0.000   185    4    0           1    0    185     12    185     20    T0987TS197-D1.pdb:A  SCOP d1b7x.1
   46           1          -0  1.798e+308     0.000   185    4    0           1    0    185     12    185     17    T0987TS197-D1.pdb:A  SCOP d1kts.1
   47           1          -0  1.798e+308     0.000   185    4    0           1    0    185     12    185     16    T0987TS197-D1.pdb:A  SCOP d1toc.1
   48           1          -0  1.798e+308     0.000   185    3    0           1    0    185     12    185     15    T0987TS197-D1.pdb:A  SCOP d1nhza_
   49           1          -0  1.798e+308     0.000   185    3    0           1    0    185     12    185     13    T0987TS197-D1.pdb:A  SCOP d1sqna_
   50           1          -0  1.798e+308     0.000   185    3    0           1    0    185     12    185      9    T0987TS197-D1.pdb:A  SCOP d1l8ra_
   51           1          -0  1.798e+308     0.000   185    3    0           1    0    185     12    185     11    T0987TS197-D1.pdb:A  SCOP d1gvja_
   52           1          -0  1.798e+308     0.000   185    4    0           1    0    185     12    185     12    T0987TS197-D1.pdb:A  SCOP d1lb5a_
   53           1          -0  1.798e+308     0.000   185    3    0           1    0    185     12    185     10    T0987TS197-D1.pdb:A  SCOP d1fhwa_
   54           1          -0  1.798e+308     0.000   185    4    0           1    0    185     12    185     16    T0987TS197-D1.pdb:A  SCOP d1qz0a_
   55           1          -0  1.798e+308     0.000   185    4    0           1    0    185     12    185     16    T0987TS197-D1.pdb:A  SCOP d1gena_
   56           1          -0  1.798e+308     0.000   185    3    0           1    0    185     12    185     10    T0987TS197-D1.pdb:A  SCOP d1e6fa_
   57           1          -0  1.798e+308     0.000   185    3    0           1    0    185     12    185     10    T0987TS197-D1.pdb:A  SCOP d1gp0a_
   58           1          -0  1.798e+308     0.000   185    3    0           1    0    185     12    185     11    T0987TS197-D1.pdb:A  SCOP d1fzda_
   59           1          -0  1.798e+308     0.000   185    3    0           1    0    185     12    185      7    T0987TS197-D1.pdb:A  SCOP d1r6ja_
   60           1          -0  1.798e+308     0.000   185    4    0           1    0    185     12    185     18    T0987TS197-D1.pdb:A  SCOP d1hzga_
   61           1          -0  1.798e+308     0.000   185    3    0           1    0    185     12    185     10    T0987TS197-D1.pdb:A  SCOP d1awta_
   62           1          -0  1.798e+308     0.000   185    3    0           1    0    185     12    185     10    T0987TS197-D1.pdb:A  SCOP d1awva_
   63           1          -0  1.798e+308     0.000   185    3    0           1    0    185     12    185     11    T0987TS197-D1.pdb:A  SCOP d1awra_
   64           1          -0  1.798e+308     0.000   185    3    0           1    0    185     12    185     14    T0987TS197-D1.pdb:A  SCOP d1hvca_
   65           1          -0        3.24     0.000   185    3    0           1    0    185     12    185      8    T0987TS197-D1.pdb:A  SCOP d1uoja_
   66           1          -0  1.798e+308     0.000   185    3    0           1    0    185     12    185      9    T0987TS197-D1.pdb:A  SCOP d1d5d.1
   67           1          -0  1.798e+308     0.000   185    4    0           1    0    185     12    185     13    T0987TS197-D1.pdb:A  SCOP d1noba_
   68           1          -0  1.798e+308     0.000   185    3    0           1    0    185     12    185     13    T0987TS197-D1.pdb:A  SCOP d1rj8a_
   69           1          -0       3.343     0.000   185    4    0           1    0    185     12    185     15    T0987TS197-D1.pdb:A  SCOP d1ept.1
   70           1          -0  1.798e+308     0.000   185    3    0           1    0    185     12    185      9    T0987TS197-D1.pdb:A  SCOP d1h5pa_
   71           1          -0       2.065     0.000   185    3    0           1    0    185     12    185      8    T0987TS197-D1.pdb:A  SCOP d1bvea_
   72           1          -0       2.396     0.000   185    4    0           1    0    185     12    185     11    T0987TS197-D1.pdb:A  SCOP d1dupa_
   73           1          -0  1.798e+308     0.000   185    3    0           1    0    185     12    185      9    T0987TS197-D1.pdb:A  SCOP d1j80.1
   74           1          -0  1.798e+308     0.000   185    3    0           1    0    185     12    185     12    T0987TS197-D1.pdb:A  SCOP d1hn2a_
   75           1          -0  1.798e+308     0.000   185    3    0           1    0    185     12    185      9    T0987TS197-D1.pdb:A  SCOP d1wida_
   76           1          -0  1.798e+308     0.000   185    3    0           1    0    185     12    185      7    T0987TS197-D1.pdb:A  SCOP d1mzka_
   77           1          -0  1.798e+308     0.000   185    3    0           1    0    185     12    185      7    T0987TS197-D1.pdb:A  SCOP d1owxa_
   78           1          -0  1.798e+308     0.000   185    3    0           1    0    185     12    185     12    T0987TS197-D1.pdb:A  SCOP d1w1da_
   79           1          -0  1.798e+308     0.000   185    5    0           1    0    185     12    185      9    T0987TS197-D1.pdb:A  SCOP d1ivta_
   80           1          -0  1.798e+308     0.000   185    5    0           1    0    185     12    185      9    T0987TS197-D1.pdb:A  SCOP d1ifra_
   81           1          -0  1.798e+308     0.000   185    3    0           1    0    185     12    185     10    T0987TS197-D1.pdb:A  SCOP d1j82.1
   82           1          -0  1.798e+308     0.000   185    4    0           1    0    185     12    185     11    T0987TS197-D1.pdb:A  SCOP d1r4ka_
   83           1          -0       4.338     0.000   185    3    0           1    0    185     12    185      9    T0987TS197-D1.pdb:A  SCOP d1ijta_
   84           1          -0  1.798e+308     0.000   185    3    0           1    0    185     12    185     14    T0987TS197-D1.pdb:A  SCOP d1gxja_
   85           1          -0  1.798e+308     0.000   185    3    0           1    0    185     12    185     10    T0987TS197-D1.pdb:A  SCOP d1j81.1
   86           1          -0        3.24     0.000   185    3    0           1    0    185     12    185      8    T0987TS197-D1.pdb:A  SCOP d1okoa_
   87           1          -0  1.798e+308     0.000   185    3    0           1    0    185     12    185      7    T0987TS197-D1.pdb:A  SCOP d1pd6a_
   88           1          -0  1.798e+308     0.000   185    4    0           1    0    185     12    185     20    T0987TS197-D1.pdb:A  SCOP d1i9za_
   89           1          -0  1.798e+308     0.000   185    3    0           1    0    185     12    185      9    T0987TS197-D1.pdb:A  SCOP d1egga_
   90           1          -0  1.798e+308     0.000   185    3    0           1    0    185     12    185      8    T0987TS197-D1.pdb:A  SCOP d1egia_
   91           1          -0  1.798e+308     0.000   185    3    0           1    0    185     12    185      7    T0987TS197-D1.pdb:A  SCOP d1he7a_
   92           1          -0        3.24     0.000   185    3    0           1    0    185     12    185      8    T0987TS197-D1.pdb:A  SCOP d1l7la_
   93           1          -0  1.798e+308     0.000   185    5    0           1    0    185     12    185     17    T0987TS197-D1.pdb:A  SCOP d1rtga_
   94      0.9892          -0        3.24     0.000   184    3    1           1    0    185     12    185     15    T0987TS197-D1.pdb:A  SCOP d1fnia_
   95      0.9892          -0       3.343     0.000   184    3    1           1    0    185     12    185     15    T0987TS197-D1.pdb:A  SCOP d1oyqa_
   96      0.9892          -0       3.343     0.000   184    3    1           1    0    185     12    185     15    T0987TS197-D1.pdb:A  SCOP d1o37a_
   97      0.9892          -0        3.24     0.000   184    3    1           1    0    185     12    185     15    T0987TS197-D1.pdb:A  SCOP d1qqua_
   98      0.9892          -0       3.343     0.000   184    3    1           1    0    185     12    185     15    T0987TS197-D1.pdb:A  SCOP d1ql8a_
   99      0.9892          -0       4.195     0.000   184    3    1           1    0    185     12    185     15    T0987TS197-D1.pdb:A  SCOP d1c2la_
  100      0.9892          -0       3.343     0.000   184    3    1           1    0    185     12    185     15    T0987TS197-D1.pdb:A  SCOP d1o3oa_
  101      0.9892          -0       4.195     0.000   184    3    1           1    0    185     12    185     15    T0987TS197-D1.pdb:A  SCOP d1c1sa_
  102      0.9892          -0  1.798e+308     0.000   184    4    1           1    0    185     12    185     18    T0987TS197-D1.pdb:A  SCOP d1d3d.1
  103      0.9892          -0        3.24     0.000   184    3    1           1    0    185     12    185     15    T0987TS197-D1.pdb:A  SCOP d1s81a_
  104      0.9892          -0       3.343     0.000   184    3    1           1    0    185     12    185     15    T0987TS197-D1.pdb:A  SCOP d1o3aa_
  105      0.9892          -0       4.195     0.000   184    3    1           1    0    185     12    185     15    T0987TS197-D1.pdb:A  SCOP d1sfia_
  106      0.9892          -0       3.343     0.000   184    3    1           1    0    185     12    185     15    T0987TS197-D1.pdb:A  SCOP d1gbta_
  107      0.9892          -0       3.343     0.000   184    3    1           1    0    185     12    185     15    T0987TS197-D1.pdb:A  SCOP d2tgda_
  108      0.9892          -0        3.24     0.000   184    3    1           1    0    185     12    185     15    T0987TS197-D1.pdb:A  SCOP d1s85a_
  109      0.9892          -0       3.343     0.000   184    3    1           1    0    185     12    185     15    T0987TS197-D1.pdb:A  SCOP d1k1la_
  110      0.9892          -0        3.24     0.000   184    3    1           1    0    185     12    185     15    T0987TS197-D1.pdb:A  SCOP d1trna_
  111      0.9892          -0       3.343     0.000   184    3    1           1    0    185     12    185     15    T0987TS197-D1.pdb:A  SCOP d1o2oa_
  112      0.9892          -0       3.343     0.000   184    3    1           1    0    185     12    185     15    T0987TS197-D1.pdb:A  SCOP d1o2ma_
  113      0.9892          -0       3.343     0.000   184    3    1           1    0    185     12    185     15    T0987TS197-D1.pdb:A  SCOP d1btwa_
  114      0.9892          -0       4.195     0.000   184    3    1           1    0    185     12    185     15    T0987TS197-D1.pdb:A  SCOP d1utqa_
  115      0.9892          -0       3.343     0.000   184    3    1           1    0    185     12    185     15    T0987TS197-D1.pdb:A  SCOP d1o2ja_
  116      0.9892          -0       1.785     0.000   184    4    1           1    0    185     12    185     11    T0987TS197-D1.pdb:A  SCOP d1euwa_
  117      0.9892          -0       4.195     0.000   184    3    1           1    0    185     12    185     15    T0987TS197-D1.pdb:A  SCOP d1utpa_
  118      0.9892          -0  1.798e+308     0.000   184    3    1           1    0    185     12    185     11    T0987TS197-D1.pdb:A  SCOP d1m3ga_
  119      0.9892          -0        3.24     0.000   184    3    1           1    0    185     12    185     15    T0987TS197-D1.pdb:A  SCOP d1s5sa_
  120      0.9892          -0        3.24     0.000   184    3    1           1    0    185     12    185     15    T0987TS197-D1.pdb:A  SCOP d1s6ha_
  121      0.9892          -0  1.798e+308     0.000   184    4    1           1    0    185     12    185     18    T0987TS197-D1.pdb:A  SCOP d1riw.1
  122      0.9892          -0       3.343     0.000   184    3    1           1    0    185     12    185     15    T0987TS197-D1.pdb:A  SCOP d1o2ra_
  123      0.9892          -0       3.343     0.000   184    3    1           1    0    185     12    185     15    T0987TS197-D1.pdb:A  SCOP d1o3ha_
  124      0.9892          -0       3.343     0.000   184    3    1           1    0    185     12    185     15    T0987TS197-D1.pdb:A  SCOP d1o3ia_
  125      0.9892          -0       3.343     0.000   184    3    1           1    0    185     12    185     15    T0987TS197-D1.pdb:A  SCOP d1v6da_
  126      0.9785          -0       2.559     0.000   183    3    1           1    0    185     12    185      9    T0987TS197-D1.pdb:A  SCOP d1rbfa_
  127      0.9785   3.521e-12       5.193     0.000   183    3    1           1    0    185     12    185     10    T0987TS197-D1.pdb:A  SCOP d1g13a_
  128      0.9785          -0       2.085     0.000   183    3    1           1    0    185     12    185     10    T0987TS197-D1.pdb:A  SCOP d1dy5a_
  129      0.9785          -0       2.085     0.000   183    3    1           1    0    185     12    185     10    T0987TS197-D1.pdb:A  SCOP d1kf3a_
  130      0.9785          -0       2.085     0.000   183    3    1           1    0    185     12    185     10    T0987TS197-D1.pdb:A  SCOP d1kf2a_
  131      0.9785          -0       2.085     0.000   183    3    1           1    0    185     12    185     10    T0987TS197-D1.pdb:A  SCOP d1kf4a_
  132      0.9785          -0       2.085     0.000   183    3    1           1    0    185     12    185     10    T0987TS197-D1.pdb:A  SCOP d1kf8a_
  133      0.9785          -0       2.085     0.000   183    3    1           1    0    185     12    185     10    T0987TS197-D1.pdb:A  SCOP d1kf7a_
  134      0.9785          -0       2.085     0.000   183    3    1           1    0    185     12    185     10    T0987TS197-D1.pdb:A  SCOP d3rata_
  135      0.9785          -0       2.085     0.000   183    3    1           1    0    185     12    185     10    T0987TS197-D1.pdb:A  SCOP d9rata_
  136      0.9785          -0       2.085     0.000   183    3    1           1    0    185     12    185     10    T0987TS197-D1.pdb:A  SCOP d2rata_
  137      0.9785          -0       2.085     0.000   183    3    1           1    0    185     12    185     10    T0987TS197-D1.pdb:A  SCOP d5rata_
  138      0.9785          -0       2.085     0.000   183    3    1           1    0    185     12    185     10    T0987TS197-D1.pdb:A  SCOP d6rata_
  139      0.9785          -0       2.085     0.000   183    3    1           1    0    185     12    185     10    T0987TS197-D1.pdb:A  SCOP d7rata_
  140      0.9785          -0       2.085     0.000   183    3    1           1    0    185     12    185     10    T0987TS197-D1.pdb:A  SCOP d4rata_
  141      0.9785          -0       2.085     0.000   183    3    1           1    0    185     12    185     10    T0987TS197-D1.pdb:A  SCOP d8rata_
  142      0.9785          -0       2.085     0.000   183    3    1           1    0    185     12    185     10    T0987TS197-D1.pdb:A  SCOP d1rata_
  143      0.9785          -0       2.085     0.000   183    3    1           1    0    185     12    185     10    T0987TS197-D1.pdb:A  SCOP d1eiea_
  144      0.9785          -0       2.085     0.000   183    3    1           1    0    185     12    185     10    T0987TS197-D1.pdb:A  SCOP d1eica_
  145      0.9785          -0       2.262     0.000   183    3    1           1    0    185     12    185     10    T0987TS197-D1.pdb:A  SCOP d1eida_
  146      0.9785          -0       2.085     0.000   183    3    1           1    0    185     12    185     10    T0987TS197-D1.pdb:A  SCOP d1bela_
  147      0.9785          -0       3.808     0.000   183    3    1           1    0    185     12    185     14    T0987TS197-D1.pdb:A  SCOP d1vb2a_
  148      0.9785          -0       2.085     0.000   183    3    1           1    0    185     12    185     10    T0987TS197-D1.pdb:A  SCOP d1rnxa_
  149      0.9785          -0       2.085     0.000   183    3    1           1    0    185     12    185     10    T0987TS197-D1.pdb:A  SCOP d1xpta_
  150      0.9785          -0       2.085     0.000   183    3    1           1    0    185     12    185     10    T0987TS197-D1.pdb:A  SCOP d1a5qa_
  151      0.9785          -0       2.085     0.000   183    3    1           1    0    185     12    185     10    T0987TS197-D1.pdb:A  SCOP d1rnza_
  152      0.9785          -0       2.085     0.000   183    3    1           1    0    185     12    185     10    T0987TS197-D1.pdb:A  SCOP d1rnoa_
  153      0.9785          -0       2.085     0.000   183    3    1           1    0    185     12    185     10    T0987TS197-D1.pdb:A  SCOP d9rsaa_
  154      0.9785          -0       2.085     0.000   183    3    1           1    0    185     12    185     10    T0987TS197-D1.pdb:A  SCOP d1lsqa_
  155      0.9785          -0       2.085     0.000   183    3    1           1    0    185     12    185     10    T0987TS197-D1.pdb:A  SCOP d1rtba_
  156      0.9785          -0       2.085     0.000   183    3    1           1    0    185     12    185     10    T0987TS197-D1.pdb:A  SCOP d1rnwa_
  157      0.9785          -0       2.559     0.000   183    3    1           1    0    185     12    185      9    T0987TS197-D1.pdb:A  SCOP d1rbea_
  158      0.9785          -0       2.559     0.000   183    3    1           1    0    185     12    185      9    T0987TS197-D1.pdb:A  SCOP d1rbga_
  159      0.9785          -0       2.085     0.000   183    3    1           1    0    185     12    185     10    T0987TS197-D1.pdb:A  SCOP d1a5pa_
  160      0.9785          -0       2.085     0.000   183    3    1           1    0    185     12    185     10    T0987TS197-D1.pdb:A  SCOP d8rsaa_
  161      0.9785          -0       2.559     0.000   183    3    1           1    0    185     12    185      9    T0987TS197-D1.pdb:A  SCOP d1rbia_
  162      0.9785          -0       2.085     0.000   183    3    1           1    0    185     12    185     10    T0987TS197-D1.pdb:A  SCOP d1xpsa_
  163      0.9785          -0       2.559     0.000   183    3    1           1    0    185     12    185      9    T0987TS197-D1.pdb:A  SCOP d1rbda_
  164      0.9785          -0       2.559     0.000   183    3    1           1    0    185     12    185     10    T0987TS197-D1.pdb:A  SCOP d1rnva_
  165      0.9785          -0       2.085     0.000   183    3    1           1    0    185     12    185     10    T0987TS197-D1.pdb:A  SCOP d1eowa_
  166      0.9785          -0       2.531     0.000   183    3    1           1    0    185     12    185     10    T0987TS197-D1.pdb:A  SCOP d1ssb.1
  167      0.9785          -0       2.531     0.000   183    3    1           1    0    185     12    185     10    T0987TS197-D1.pdb:A  SCOP d3srn.1
  168      0.9785          -0       2.085     0.000   183    3    1           1    0    185     12    185     10    T0987TS197-D1.pdb:A  SCOP d1rnqa_
  169      0.9785          -0       2.531     0.000   183    3    1           1    0    185     12    185     10    T0987TS197-D1.pdb:A  SCOP d1ssc.1
  170      0.9785          -0       2.559     0.000   183    3    1           1    0    185     12    185     10    T0987TS197-D1.pdb:A  SCOP d1aqpa_
  171      0.9785          -0       2.085     0.000   183    3    1           1    0    185     12    185     10    T0987TS197-D1.pdb:A  SCOP d1rnya_
  172      0.9785          -0       2.085     0.000   183    3    1           1    0    185     12    185     10    T0987TS197-D1.pdb:A  SCOP d1rbna_
  173      0.9785          -0       2.531     0.000   183    3    1           1    0    185     12    185     10    T0987TS197-D1.pdb:A  SCOP d4srn.1
  174      0.9785          -0       2.531     0.000   183    3    1           1    0    185     12    185     10    T0987TS197-D1.pdb:A  SCOP d1ssa.1
  175      0.9785          -0       2.559     0.000   183    3    1           1    0    185     12    185      9    T0987TS197-D1.pdb:A  SCOP d1rbca_
  176      0.9678          -0       3.996     0.000   182    3    1           1    0    185     12    185     13    T0987TS197-D1.pdb:A  SCOP d1wgba_
  177      0.9678          -0       3.043     0.000   182    3    1           1    0    185     12    185     13    T0987TS197-D1.pdb:A  SCOP d3np1a_
  178      0.9678          -0           2     0.000   182    6    1           1    0    185     12    185     27    T0987TS197-D1.pdb:A  SCOP d1v04a_
  179      0.9678          -0       3.783     0.000   182    3    1           1    0    185     12    185     13    T0987TS197-D1.pdb:A  SCOP d1peea_
  180      0.9678          -0       4.627     0.000   182    3    1           1    0    185     12    185     13    T0987TS197-D1.pdb:A  SCOP d1euoa_
  181      0.9678          -0       4.351     0.000   182    3    1           1    0    185     12    185      8    T0987TS197-D1.pdb:A  SCOP d1kdia_
  182      0.9678          -0       4.351     0.000   182    3    1           1    0    185     12    185      8    T0987TS197-D1.pdb:A  SCOP d1kdja_
  183      0.9645          -0       4.487     0.481   184    3    1      0.9891    0    185     12    185      8    T0987TS197-D1.pdb:A  SCOP d1btea_
  184      0.9645          -0      0.8657     0.481   184    3    1      0.9837    0    185     12    185     15    T0987TS197-D1.pdb:A  SCOP d1fi8a_
  185      0.9645          -0      0.8657     0.481   184    3    1      0.9837    0    185     12    185     15    T0987TS197-D1.pdb:A  SCOP d1eufa_
  186      0.9644          -0       1.815     0.481   184    3    1      0.9837    0    185     12    185     12    T0987TS197-D1.pdb:A  SCOP d1uw6a_
  187      0.9644          -0       1.403     0.481   184    3    1      0.9837    0    185     12    185      9    T0987TS197-D1.pdb:A  SCOP d1onca_
  188      0.9644          -0       2.833     0.481   184    5    1      0.9837    0    185     12    185     12    T0987TS197-D1.pdb:A  SCOP d1fata_
  189      0.9644          -0       1.815     0.481   184    3    1      0.9837    0    185     12    185     12    T0987TS197-D1.pdb:A  SCOP d1uv6a_
  190      0.9644          -0       2.419     0.481   184    3    1      0.9837    0    185     12    185     12    T0987TS197-D1.pdb:A  SCOP d1ux2a_
  191      0.9644          -0       1.815     0.481   184    3    1      0.9837    0    185     12    185     12    T0987TS197-D1.pdb:A  SCOP d1i9ba_
  192      0.9644   3.606e-09       4.767     0.482   184    3    1      0.9837    0    185     12    185      8    T0987TS197-D1.pdb:A  SCOP d1so9a_
  193      0.9644          -0       1.565     0.482   184    4    1      0.9837    0    185     12    185     19    T0987TS197-D1.pdb:A  SCOP d1o4ya_
  194      0.9644          -0       2.814     0.482   184    3    1      0.9837    0    185     12    185      7    T0987TS197-D1.pdb:A  SCOP d5pcya_
  195      0.9644          -0       2.814     0.482   184    3    1      0.9837    0    185     12    185      7    T0987TS197-D1.pdb:A  SCOP d3pcya_
  196      0.9644          -0       2.814     0.482   184    3    1      0.9837    0    185     12    185      7    T0987TS197-D1.pdb:A  SCOP d2pcya_
  197      0.9644          -0       2.814     0.482   184    3    1      0.9837    0    185     12    185      7    T0987TS197-D1.pdb:A  SCOP d6pcya_
  198      0.9644          -0       2.814     0.482   184    3    1      0.9837    0    185     12    185      7    T0987TS197-D1.pdb:A  SCOP d1pnda_
  199      0.9644          -0       2.814     0.482   184    3    1      0.9837    0    185     12    185      9    T0987TS197-D1.pdb:A  SCOP d1jxga_
  200      0.9644          -0       2.814     0.482   184    3    1      0.9837    0    185     12    185      7    T0987TS197-D1.pdb:A  SCOP d1pnca_
  201      0.9644          -0       2.814     0.482   184    3    1      0.9837    0    185     12    185      7    T0987TS197-D1.pdb:A  SCOP d1plca_
  202      0.9644          -0       3.429     0.482   184    3    1      0.9837    0    185     12    185      7    T0987TS197-D1.pdb:A  SCOP d1byoa_
  203      0.9644          -0       2.814     0.482   184    3    1      0.9837    0    185     12    185      8    T0987TS197-D1.pdb:A  SCOP d4pcya_
  204      0.9644          -0       3.875     0.482   184    3    1      0.9837    0    185     12    185      7    T0987TS197-D1.pdb:A  SCOP d1bypa_
  205      0.9644          -0       2.568     0.482   184    3    1      0.9837    0    185     12    185      7    T0987TS197-D1.pdb:A  SCOP d1oowa_
  206      0.9644          -0       3.875     0.482   184    3    1      0.9837    0    185     12    185      7    T0987TS197-D1.pdb:A  SCOP d9pcya_
  207      0.9644          -0       2.568     0.482   184    3    1      0.9837    0    185     12    185      7    T0987TS197-D1.pdb:A  SCOP d1ag6a_
  208      0.9643          -0       3.597     0.482   184    5    1      0.9837    0    185     12    185     17    T0987TS197-D1.pdb:A  SCOP d1ioaa_
  209      0.9643          -0       2.102     0.483   184    4    1      0.9837    0    185     12    185     11    T0987TS197-D1.pdb:A  SCOP d1rnja_
  210      0.9643          -0       2.102     0.483   184    4    1      0.9837    0    185     12    185     11    T0987TS197-D1.pdb:A  SCOP d1rn8a_
  211      0.9622          -0        3.24     0.000   179    3    1           1    0    185     12    180     15    T0987TS197-D1.pdb:A  SCOP d2a31a1
  212      0.9622          -0        3.24     0.000   179    3    1           1    0    185     12    180     15    T0987TS197-D1.pdb:A  SCOP d1ylca1
  213      0.9622          -0       3.343     0.000   179    3    1           1    0    185     12    180     15    T0987TS197-D1.pdb:A  SCOP d2fx4a1
  214      0.9622          -0       3.343     0.000   179    3    1           1    0    185     12    180     15    T0987TS197-D1.pdb:A  SCOP d1zr0a1
  215      0.9622          -0       3.343     0.000   179    3    1           1    0    185     12    180     15    T0987TS197-D1.pdb:A  SCOP d2aywa1
  216      0.9622          -0       3.343     0.000   179    3    1           1    0    185     12    180     15    T0987TS197-D1.pdb:A  SCOP d2fx6a1
  217      0.9572          -0       3.474     0.000   181    3    2           1    0    185     12    185     14    T0987TS197-D1.pdb:A  SCOP d1sxxa_
  218      0.9572          -0       3.474     0.000   181    3    2           1    0    185     12    185     15    T0987TS197-D1.pdb:A  SCOP d1sy1a_
  219      0.9572          -0       3.474     0.000   181    3    2           1    0    185     12    185     15    T0987TS197-D1.pdb:A  SCOP d1sy3a_
  220      0.9572          -0       3.474     0.000   181    3    2           1    0    185     12    185     15    T0987TS197-D1.pdb:A  SCOP d1koia_
  221      0.9572          -0       3.474     0.000   181    3    2           1    0    185     12    185     15    T0987TS197-D1.pdb:A  SCOP d1x8oa_
  222      0.9572          -0       3.495     0.000   181    3    1           1    0    185     12    185     10    T0987TS197-D1.pdb:A  SCOP d1agia_
  223      0.9572          -0       3.842     0.000   181    3    2           1    0    185     12    185     14    T0987TS197-D1.pdb:A  SCOP d1sxwa_
  224      0.9572          -0       3.523     0.000   181    4    1           1    0    185     12    185     17    T0987TS197-D1.pdb:A  SCOP d1igoa_
  225      0.9572          -0        3.09     0.000   181    3    2           1    0    185     12    185     13    T0987TS197-D1.pdb:A  SCOP d4np1a_
  226      0.9572          -0       3.495     0.000   181    3    1           1    0    185     12    185     11    T0987TS197-D1.pdb:A  SCOP d1un5a_
  227      0.9572          -0        3.09     0.000   181    3    2           1    0    185     12    185     13    T0987TS197-D1.pdb:A  SCOP d2np1a_
  228      0.9572          -0       3.842     0.000   181    3    2           1    0    185     12    185     14    T0987TS197-D1.pdb:A  SCOP d1ikja_
  229      0.9572          -0       3.842     0.000   181    3    2           1    0    185     12    185     13    T0987TS197-D1.pdb:A  SCOP d1ikea_
  230      0.9572   5.796e-14       3.842     0.000   181    3    2           1    0    185     12    185     13    T0987TS197-D1.pdb:A  SCOP d1x8na_
  231      0.9572          -0       2.837     0.000   181    3    1           1    0    185     12    185     10    T0987TS197-D1.pdb:A  SCOP d1c0ba_
  232      0.9572          -0        3.09     0.000   181    3    2           1    0    185     12    185     13    T0987TS197-D1.pdb:A  SCOP d1np1a_
  233      0.9572          -0       3.875     0.000   181    3    2           1    0    185     12    185     13    T0987TS197-D1.pdb:A  SCOP d1d2ua_
  234      0.9572          -0       3.507     0.000   181    3    2           1    0    185     12    185     14    T0987TS197-D1.pdb:A  SCOP d1ml7a_
  235      0.9572          -0       3.875     0.000   181    3    2           1    0    185     12    185     13    T0987TS197-D1.pdb:A  SCOP d1np4a_
  236      0.9572          -0       3.474     0.000   181    3    2           1    0    185     12    185     15    T0987TS197-D1.pdb:A  SCOP d1erxa_
  237      0.9572          -0        3.94     0.000   181    3    1           1    0    185     12    185     10    T0987TS197-D1.pdb:A  SCOP d1gv7a_
  238      0.9539          -0       2.404     0.482   183    3    2      0.9836    0    185     12    185     15    T0987TS197-D1.pdb:A  SCOP d1iaua_
  239      0.9539          -0       2.612     0.482   183    3    2      0.9836    0    185     12    185      7    T0987TS197-D1.pdb:A  SCOP d1buja_
  240      0.9537          -0       1.454     0.484   183    4    2      0.9836    0    185     12    185     11    T0987TS197-D1.pdb:A  SCOP d1syla_
  241      0.9537          -0       1.454     0.484   183    4    2      0.9836    0    185     12    185     11    T0987TS197-D1.pdb:A  SCOP d1eu5a_
  242      0.9467          -0       3.457     0.000   180    3    1           1    0    185     12    185     10    T0987TS197-D1.pdb:A  SCOP d1olra_
  243      0.9467          -0       3.457     0.000   180    3    1           1    0    185     12    185     10    T0987TS197-D1.pdb:A  SCOP d1uu5a_
  244      0.9467          -0       2.085     0.000   180    3    2           1    0    185     12    185     10    T0987TS197-D1.pdb:A  SCOP d3rspa_
  245      0.9467          -0       5.025     0.000   180    3    1           1    0    185     12    185     13    T0987TS197-D1.pdb:A  SCOP d1s21a_
  246      0.9467          -0       4.169     0.000   180    3    1           1    0    185     12    185      9    T0987TS197-D1.pdb:A  SCOP d1tuwa_
  247      0.9362    1.09e-07       3.866     0.000   179    3    1           1    0    185     12    185      6    T0987TS197-D1.pdb:A  SCOP d1nwba_
  248      0.9303          -0       2.384     0.683   183    4    2      0.9727    0    185     12    185      9    T0987TS197-D1.pdb:A  SCOP d1stma_
  249      0.9258          -0       3.755     0.000   178    3    1           1    0    185     12    185     14    T0987TS197-D1.pdb:A  SCOP d1n0sa_
  250      0.9258          -0       0.445     0.000   178    3    2           1    2    185     12    185      5    T0987TS197-D1.pdb:A  SCOP d1g2ba_
  251      0.9224          -0       3.829     0.487   180    3    2      0.9833    0    185     12    185     10    T0987TS197-D1.pdb:A  SCOP d1gioa_
  252      0.9224          -0       2.311     0.487   180    3    2      0.9833    0    185     12    185     11    T0987TS197-D1.pdb:A  SCOP d1h52a_
  253      0.9224          -0       3.168     0.487   180    3    2      0.9833    0    185     12    185     10    T0987TS197-D1.pdb:A  SCOP d1k5aa_
  254      0.9224          -0       2.311     0.487   180    3    2      0.9833    0    185     12    185     11    T0987TS197-D1.pdb:A  SCOP d1b1ea_
  255      0.9224          -0       2.311     0.487   180    3    2      0.9833    0    185     12    185     11    T0987TS197-D1.pdb:A  SCOP d1anga_
  256      0.9154          -0       1.796     0.000   177    4    3           1    0    185     12    185     20    T0987TS197-D1.pdb:A  SCOP d1g0ia_
  257      0.9151          -0        2.37     0.790   183    3    1      0.9836    0    185     12    185     14    T0987TS197-D1.pdb:A  SCOP d1ntga_
  258      0.9122          -0       1.049     0.809   183    4    1      0.9836    0    185     12    185     19    T0987TS197-D1.pdb:A  SCOP d1urxa_
  259      0.9122          -0      0.9786     0.809   183    3    1      0.9836    0    185     12    185     15    T0987TS197-D1.pdb:A  SCOP d1hq6.1
  260       0.912          -0        2.68     0.488   179    3    2      0.9832    0    185     12    185     11    T0987TS197-D1.pdb:A  SCOP d1b1ja_
  261       0.912          -0       2.311     0.488   179    3    2      0.9832    0    185     12    185     11    T0987TS197-D1.pdb:A  SCOP d1awza_
  262      0.9077          -0       1.018     0.838   183    3    1      0.9836    0    185     12    185     11    T0987TS197-D1.pdb:A  SCOP d1bw4a_
  263      0.9054          -0       2.381     0.788   182    3    2      0.9835    0    185     12    185      8    T0987TS197-D1.pdb:A  SCOP d1jxda_
  264      0.9051          -0       3.635     0.000   176    3    1           1    0    185     12    185      8    T0987TS197-D1.pdb:A  SCOP d1rtua_
  265      0.9034          -0       2.795     0.865   183    3    1      0.9836    0    185     12    185     11    T0987TS197-D1.pdb:A  SCOP d1qvya_
  266      0.9034          -0       2.795     0.865   183    3    1      0.9836    0    185     12    185      9    T0987TS197-D1.pdb:A  SCOP d1ft3a_
  267      0.9034          -0       2.795     0.865   183    3    1      0.9836    0    185     12    185      9    T0987TS197-D1.pdb:A  SCOP d1ft0a_
  268      0.9034          -0       2.795     0.865   183    3    1      0.9836    0    185     12    185     10    T0987TS197-D1.pdb:A  SCOP d1rhoa_
  269      0.9034          -0       2.795     0.865   183    3    1      0.9836    0    185     12    185     11    T0987TS197-D1.pdb:A  SCOP d1fsta_
  270      0.9034          -0       2.553     0.865   183    4    1      0.9836    0    185     12    185     16    T0987TS197-D1.pdb:A  SCOP d1wbfa_
  271      0.9034   3.028e-08       5.006     0.865   183    3    1      0.9836    0    185     12    185      8    T0987TS197-D1.pdb:A  SCOP d1b3sa_
  272      0.9034          -0       2.553     0.865   183    4    1      0.9836    0    185     12    185     17    T0987TS197-D1.pdb:A  SCOP d1qota_
  273      0.9034          -0       2.795     0.865   183    3    1      0.9836    0    185     12    185     11    T0987TS197-D1.pdb:A  SCOP d1fsoa_
  274      0.9034          -0       2.372     0.865   183    3    1      0.9836    0    185     12    185      9    T0987TS197-D1.pdb:A  SCOP d1pu3a_
  275      0.9034          -0       2.795     0.865   183    3    1      0.9836    0    185     12    185     10    T0987TS197-D1.pdb:A  SCOP d1kmta_
  276      0.9007          -0      0.3878     0.882   183    3    1      0.9836    0    185     12    185     15    T0987TS197-D1.pdb:A  SCOP d1hfda_
  277      0.9007          -0      0.3878     0.882   183    3    1      0.9836    0    185     12    185     14    T0987TS197-D1.pdb:A  SCOP d1fuja_
  278      0.9007          -0      0.3878     0.882   183    3    1      0.9836    0    185     12    185     15    T0987TS197-D1.pdb:A  SCOP d1mzaa_
  279      0.9007          -0      0.3878     0.882   183    3    1      0.9836    0    185     12    185     15    T0987TS197-D1.pdb:A  SCOP d1au8a_
  280      0.8994          -0      0.2482     0.688   180    3    3      0.9722    0    185     12    185      8    T0987TS197-D1.pdb:A  SCOP d1jbra_
  281      0.8948          -0       4.105     0.000   175    3    2           1    0    185     12    185     10    T0987TS197-D1.pdb:A  SCOP d1xn5a_
  282      0.8916          -0       1.935     0.490   177    3    3      0.9887    0    185     12    185     11    T0987TS197-D1.pdb:A  SCOP d1gpqa_
  283      0.8905          -0      0.3878     0.884   182    3    2      0.9835    0    185     12    185     15    T0987TS197-D1.pdb:A  SCOP d1l2ea_
  284      0.8859          -0       3.467     0.786   180    3    2      0.9778    0    185     12    185     10    T0987TS197-D1.pdb:A  SCOP d1puba_
  285      0.8846          -0       2.114     0.000   174    3    1           1    0    185     12    185      8    T0987TS197-D1.pdb:A  SCOP d1j1ya_
  286      0.8846          -0       1.484     0.000   174    3    2           1    0    185     12    185      7    T0987TS197-D1.pdb:A  SCOP d1jrma_
  287      0.8846      0.6178       5.838     0.000   174    3    2           1    0    185     12    185      7    T0987TS197-D1.pdb:A  SCOP d1w4ma_
  288      0.8839          -0       1.975     0.924   182    4    2       0.967    0    185     12    185     11    T0987TS197-D1.pdb:A  SCOP d1mq7a_
  289      0.8824          -0       1.725     0.934   182    4    2      0.9835    1    185     12    185     20    T0987TS197-D1.pdb:A  SCOP d1ssxa_
  290      0.8815          -0       2.361     0.491   176    3    3      0.9886    0    185     12    185     13    T0987TS197-D1.pdb:A  SCOP d1obqa_
  291      0.8815          -0       2.361     0.491   176    3    3      0.9886    0    185     12    185     13    T0987TS197-D1.pdb:A  SCOP d1obua_
  292      0.8815          -0       2.174     0.491   176    3    3      0.9886    0    185     12    185     14    T0987TS197-D1.pdb:A  SCOP d1h91a_
  293      0.8803          -0      0.3878     0.887   181    3    2      0.9834    0    185     12    185     15    T0987TS197-D1.pdb:A  SCOP d1fy5a_
  294      0.8782          -0      0.3311     0.698   178    3    3      0.9663    0    185     12    185     13    T0987TS197-D1.pdb:A  SCOP d1qxha_
  295      0.8745          -0           2     0.000   173    4    3           1    0    185     12    185     20    T0987TS197-D1.pdb:A  SCOP d1vz4a_
  296      0.8745          -0  1.798e+308     0.000   173    3    2           1    0    185     12    185     15    T0987TS197-D1.pdb:A  SCOP d1rd4a_
  297      0.8713          -0       2.126     0.492   175    3    3      0.9886    0    185     12    185     13    T0987TS197-D1.pdb:A  SCOP d1s2pa_
  298      0.8713          -0       2.361     0.492   175    3    3      0.9886    0    185     12    185     13    T0987TS197-D1.pdb:A  SCOP d1i4ua_
  299      0.8713          -0       2.126     0.492   175    3    3      0.9886    0    185     12    185     13    T0987TS197-D1.pdb:A  SCOP d1s44a_
  300      0.8713          -0       1.678     0.998   182    4    2       0.967    0    185     12    185     16    T0987TS197-D1.pdb:A  SCOP d1qosa_
  301      0.8648          -0       3.653     0.796   178    3    2      0.9831    0    185     12    185      7    T0987TS197-D1.pdb:A  SCOP d1lnia_
  302      0.8648          -0       3.653     0.796   178    3    2      0.9831    0    185     12    185      7    T0987TS197-D1.pdb:A  SCOP d1t2ha_
  303      0.8615          -0      0.9786     0.820   178    3    2      0.9831    0    185     12    185     15    T0987TS197-D1.pdb:A  SCOP d1ibv.1
  304      0.8611          -0      0.2534     0.946   180    3    3      0.9667    0    185     12    185     14    T0987TS197-D1.pdb:A  SCOP d1sr4a_
  305      0.8544          -0       5.033     0.000   171    4    3           1    0    185     12    185     12    T0987TS197-D1.pdb:A  SCOP d1vhsa_
  306      0.8518          -0        2.35     0.944   179    3    4      0.9665    0    185     12    185     12    T0987TS197-D1.pdb:A  SCOP d1dc9a_
  307      0.8515          -0      0.9786     0.822   177    3    2      0.9831    0    185     12    185     15    T0987TS197-D1.pdb:A  SCOP d1ibt.1
  308      0.8512          -0       2.193     0.496   173    3    4      0.9827    0    185     12    185     13    T0987TS197-D1.pdb:A  SCOP d1a97a_
  309      0.8449          -0       2.698     1.144   182    4    1      0.9835    0    185     12    185     11    T0987TS197-D1.pdb:A  SCOP d1xsqa_
  310      0.8444          -0       3.377     0.000   170    4    2           1    0    185     12    185     16    T0987TS197-D1.pdb:A  SCOP d1gfw.1
  311      0.8444          -0       2.843     0.000   170    3    2           1    0    185     12    185      8    T0987TS197-D1.pdb:A  SCOP d1dm9a_
  312      0.8444          -0  1.798e+308     0.000   170    3    3           1    0    185     12    185     11    T0987TS197-D1.pdb:A  SCOP d1ygha_
  313      0.8419          -0        2.35     0.947   178    3    4      0.9663    0    185     12    185     12    T0987TS197-D1.pdb:A  SCOP d1icna_
  314      0.8412          -0       1.343     0.498   172    3    4      0.9826    0    185     12    185     14    T0987TS197-D1.pdb:A  SCOP d1nula_
  315      0.8394          -0       2.409     1.173   182    3    1      0.9835    0    185     12    185      9    T0987TS197-D1.pdb:A  SCOP d1htea_
  316      0.8352          -0       3.157     1.195   182    5    1      0.9835    0    185     12    185     15    T0987TS197-D1.pdb:A  SCOP d2pka.1
  317      0.8352          -0       2.632     1.195   182    3    1      0.9835    0    185     12    185     10    T0987TS197-D1.pdb:A  SCOP d1e0oa_
  318      0.8352          -0       2.035     1.195   182    3    1      0.9835    0    185     12    185     12    T0987TS197-D1.pdb:A  SCOP d1jt3a_
  319      0.8352          -0       2.035     1.195   182    3    1      0.9835    0    185     12    185     12    T0987TS197-D1.pdb:A  SCOP d1pzza_
  320      0.8352          -0       2.035     1.195   182    3    1      0.9835    0    185     12    185     10    T0987TS197-D1.pdb:A  SCOP d1m16a_
  321      0.8352          -0       2.035     1.195   182    3    1      0.9835    0    185     12    185     10    T0987TS197-D1.pdb:A  SCOP d1nzka_
  322      0.8352          -0       2.035     1.195   182    3    1      0.9835    0    185     12    185     10    T0987TS197-D1.pdb:A  SCOP d1jt7a_
  323      0.8345    0.003701       4.881     0.000   169    3    2           1    0    185     12    185      9    T0987TS197-D1.pdb:A  SCOP d1jbba_
  324      0.8317          -0      0.9786     0.826   175    3    2      0.9829    0    185     12    185     15    T0987TS197-D1.pdb:A  SCOP d1ibw.1
  325      0.8317          -0      0.9786     0.826   175    3    2      0.9829    0    185     12    185     15    T0987TS197-D1.pdb:A  SCOP d1pya.1
  326      0.8314          -0       1.755     0.499   171    3    4      0.9825    0    185     12    185     13    T0987TS197-D1.pdb:A  SCOP d1a95a_
  327      0.8314          -0       1.755     0.499   171    3    4      0.9825    0    185     12    185     13    T0987TS197-D1.pdb:A  SCOP d1a96a_
  328      0.8274          -0       2.574     1.236   182    3    1      0.9835    0    185     12    185     10    T0987TS197-D1.pdb:A  SCOP d2axma_
  329      0.8259          -0       1.635     1.196   181    3    2      0.9669    0    185     12    185      6    T0987TS197-D1.pdb:A  SCOP d1dd2a_
  330      0.8247   1.666e-06       4.087     0.000   168    3    4           1    0    185     12    185      9    T0987TS197-D1.pdb:A  SCOP d1jasa_
  331      0.8247    0.002377       4.881     0.000   168    3    3           1    0    185     12    185      9    T0987TS197-D1.pdb:A  SCOP d1fxta_
  332      0.8247          -0       3.383     0.000   168    3    2           1    0    185     12    185     13    T0987TS197-D1.pdb:A  SCOP d1urma_
  333      0.8247          -0       1.129     0.000   168    3    2           1    0    185     12    185      9    T0987TS197-D1.pdb:A  SCOP d1qd9a_
  334      0.8247          -0       3.383     0.000   168    3    2           1    0    185     12    185     13    T0987TS197-D1.pdb:A  SCOP d1h4oa_
  335       0.824          -0       0.515     1.206   181    3    2      0.9669    0    185     12    185      5    T0987TS197-D1.pdb:A  SCOP d1kika_
  336      0.8218          -0      0.5711     1.169   180    3    2      0.9833    0    185     12    185     14    T0987TS197-D1.pdb:A  SCOP d1upna_
  337      0.8218          -0       1.174     1.169   180    3    2      0.9833    0    185     12    185     14    T0987TS197-D1.pdb:A  SCOP d1h8ta_
  338      0.8149   3.748e-10        3.56     0.000   167    3    3           1    0    185     12    185      9    T0987TS197-D1.pdb:A  SCOP d1uzxa_
  339      0.8149   7.606e-07       4.087     0.000   167    3    3           1    0    185     12    185     10    T0987TS197-D1.pdb:A  SCOP d1pzva_
  340      0.8149   1.666e-06       4.087     0.000   167    3    4           1    0    185     12    185      9    T0987TS197-D1.pdb:A  SCOP d1q34a_
  341      0.8149          -0       3.681     0.000   167    3    2           1    0    185     12    185      9    T0987TS197-D1.pdb:A  SCOP d1n06a_
  342      0.8149          -0       2.252     0.000   167    3    2           1    0    185     12    185     10    T0987TS197-D1.pdb:A  SCOP d1fvga_
  343      0.8149          -0       3.377     0.000   167    3    4           1    0    185     12    185     12    T0987TS197-D1.pdb:A  SCOP d1fuea_
  344      0.8149   4.089e-10       5.059     0.000   167    3    3           1    0    185     12    185     10    T0987TS197-D1.pdb:A  SCOP d1fm4a_
  345      0.8149          -0       3.672     0.000   167    3    3           1    0    185     12    185     10    T0987TS197-D1.pdb:A  SCOP d1mq0a_
  346      0.8149          -0       3.383     0.000   167    3    3           1    0    185     12    185     13    T0987TS197-D1.pdb:A  SCOP d1hd2a_
  347      0.8122          -0      0.9218     1.313   182    3    1      0.9835    0    185     12    185      9    T0987TS197-D1.pdb:A  SCOP d1fhga_
  348      0.8104          -0       1.607     1.277   181    3    2      0.9669    0    185     12    185      5    T0987TS197-D1.pdb:A  SCOP d1mdaa_
  349      0.8102          -0      0.2738     1.278   181    3    2      0.9669    0    185     12    185      6    T0987TS197-D1.pdb:A  SCOP d1a8ma_
  350      0.8087          -0       1.594     1.331   182    3    1      0.9835    0    185     12    185     10    T0987TS197-D1.pdb:A  SCOP d1ldoa_
  351      0.8087          -0       1.635     1.331   182    3    1      0.9835    0    185     12    185      9    T0987TS197-D1.pdb:A  SCOP d1avea_
  352      0.8087          -0      0.2162     1.331   182    3    1      0.9835    0    185     12    185     15    T0987TS197-D1.pdb:A  SCOP d1j15a_
  353      0.8087          -0      0.2162     1.331   182    3    1      0.9835    0    185     12    185     15    T0987TS197-D1.pdb:A  SCOP d1j16a_
  354      0.8051          -0       4.237     0.000   166    3    3           1    0    185     12    185     10    T0987TS197-D1.pdb:A  SCOP d1b6fa_
  355      0.8051      0.1519       4.681     0.000   166    3    3           1    0    185     12    185      9    T0987TS197-D1.pdb:A  SCOP d1fska_
  356      0.8051     0.02298       4.881     0.000   166    3    3           1    0    185     12    185      9    T0987TS197-D1.pdb:A  SCOP d1fzya_
  357      0.8051          -0       3.681     0.000   166    3    2           1    0    185     12    185      8    T0987TS197-D1.pdb:A  SCOP d1n07a_
  358      0.8039          -0       1.995     1.162   174    4    1      0.9828    0    185     12    177     17    T0987TS197-D1.pdb:A  SCOP d1upsa1
  359      0.8027          -0       1.726     1.316   181    3    2      0.9834    0    185     12    185      9    T0987TS197-D1.pdb:A  SCOP d1b75a_
  360      0.8023          -0       4.271     1.318   181    5    2      0.9669    0    185     12    185     10    T0987TS197-D1.pdb:A  SCOP d1shwa_
  361      0.8021          -0       3.166     0.503   168    4    4      0.9881    0    185     12    185     20    T0987TS197-D1.pdb:A  SCOP d1lbwa_
  362       0.802   1.017e-11       3.232     0.505   168    3    4      0.9821    0    185     12    185      8    T0987TS197-D1.pdb:A  SCOP d1ur6a_
  363      0.7991          -0      0.8605     1.334   181    3    2      0.9834    0    185     12    185     15    T0987TS197-D1.pdb:A  SCOP d1fmga_
  364      0.7991          -0        2.35     1.334   181    3    2      0.9834    0    185     12    185     15    T0987TS197-D1.pdb:A  SCOP d1s82a_
  365      0.7991          -0      0.2162     1.334   181    3    2      0.9834    0    185     12    185     15    T0987TS197-D1.pdb:A  SCOP d1g36a_
  366      0.7991          -0      0.8605     1.334   181    3    2      0.9834    0    185     12    185     15    T0987TS197-D1.pdb:A  SCOP d1f0ta_
  367      0.7991          -0      0.8605     1.334   181    3    2      0.9834    0    185     12    185     15    T0987TS197-D1.pdb:A  SCOP d1fn6a_
  368      0.7991          -0      0.8605     1.334   181    3    2      0.9834    0    185     12    185     15    T0987TS197-D1.pdb:A  SCOP d1mcta_
  369      0.7991          -0      0.2162     1.334   181    3    2      0.9834    0    185     12    185     15    T0987TS197-D1.pdb:A  SCOP d1mtsa_
  370      0.7991          -0      0.2162     1.334   181    3    2      0.9834    0    185     12    185     15    T0987TS197-D1.pdb:A  SCOP d1mtua_
  371      0.7991          -0      0.2162     1.334   181    3    2      0.9834    0    185     12    185     15    T0987TS197-D1.pdb:A  SCOP d1k1ja_
  372      0.7991          -0      0.2162     1.334   181    3    2      0.9834    0    185     12    185     15    T0987TS197-D1.pdb:A  SCOP d1k1ma_
  373      0.7991          -0      0.8605     1.334   181    3    2      0.9834    0    185     12    185     15    T0987TS197-D1.pdb:A  SCOP d1eb2a_
  374      0.7991          -0      0.8605     1.334   181    3    2      0.9834    0    185     12    185     15    T0987TS197-D1.pdb:A  SCOP d1f0ua_
  375      0.7991          -0      0.8605     1.334   181    3    2      0.9834    0    185     12    185     15    T0987TS197-D1.pdb:A  SCOP d1s84a_
  376      0.7991          -0       3.204     1.334   181    3    2      0.9834    0    185     12    185     15    T0987TS197-D1.pdb:A  SCOP d1c9pa_
  377      0.7991          -0       1.933     1.334   181    3    2      0.9834    0    185     12    185     15    T0987TS197-D1.pdb:A  SCOP d1ejaa_
  378      0.7991          -0      0.8605     1.334   181    3    2      0.9834    0    185     12    185     15    T0987TS197-D1.pdb:A  SCOP d1tfxa_
  379      0.7991          -0        2.35     1.334   181    3    2      0.9834    0    185     12    185     15    T0987TS197-D1.pdb:A  SCOP d1s6fa_
  380      0.7991          -0       1.933     1.334   181    3    2      0.9834    0    185     12    185     15    T0987TS197-D1.pdb:A  SCOP d1p2ia_
  381      0.7991          -0       1.933     1.334   181    3    2      0.9834    0    185     12    185     15    T0987TS197-D1.pdb:A  SCOP d1p2ka_
  382      0.7991          -0       1.933     1.334   181    3    2      0.9834    0    185     12    185     15    T0987TS197-D1.pdb:A  SCOP d1p2ja_
  383      0.7991          -0      0.8605     1.334   181    3    2      0.9834    0    185     12    185     15    T0987TS197-D1.pdb:A  SCOP d1s83a_
  384      0.7955          -0        3.24     0.000   165    3    4           1    0    185     12    185     12    T0987TS197-D1.pdb:A  SCOP d1u7oa_
  385      0.7955          -0       3.903     0.000   165    3    2           1    0    185     12    185     10    T0987TS197-D1.pdb:A  SCOP d1btva_
  386      0.7955          -0        3.24     0.000   165    3    4           1    0    185     12    185     13    T0987TS197-D1.pdb:A  SCOP d1u7pa_
  387      0.7938          -0       3.429     0.000   158    3    3           1    0    185     12    170     14    T0987TS197-D1.pdb:A  SCOP d1xhna1
  388      0.7934          -0      0.1761     1.319   180    3    3        0.95    0    185     12    185      9    T0987TS197-D1.pdb:A  SCOP d1hkfa_
  389      0.7896          -0      0.2162     1.338   180    3    2      0.9833    0    185     12    185     15    T0987TS197-D1.pdb:A  SCOP d1oxga_
  390      0.7896          -0        2.34     1.338   180    3    2      0.9833    0    185     12    185     15    T0987TS197-D1.pdb:A  SCOP d1gcda_
  391       0.787          -0       1.814     1.212   177    3    3      0.9831    0    185     12    185     13    T0987TS197-D1.pdb:A  SCOP d1i0ra_
  392       0.787          -0       1.814     1.212   177    3    3      0.9831    0    185     12    185     13    T0987TS197-D1.pdb:A  SCOP d1i0sa_
  393      0.7859          -0        4.73     0.000   164    3    3           1    0    185     12    185     15    T0987TS197-D1.pdb:A  SCOP d1qe5a_
  394      0.7859          -0       4.388     0.000   164    3    3           1    0    185     12    185     15    T0987TS197-D1.pdb:A  SCOP d1c3xa_
  395      0.7837          -0      0.9935     1.412   181    4    1      0.9834    0    185     12    185     18    T0987TS197-D1.pdb:A  SCOP d1dt2a_
  396      0.7828          -0       3.518     0.506   166    4    4       0.988    0    185     12    185     19    T0987TS197-D1.pdb:A  SCOP d1lbxa_
  397      0.7815          -0       3.755     1.193   176    3    3       0.983    0    185     12    185      7    T0987TS197-D1.pdb:A  SCOP d1fjca_
  398      0.7809          -0       2.661     0.508   164    3    5      0.9878    0    185     12    181     15    T0987TS197-D1.pdb:A  SCOP d1hska1
  399      0.7773          -0       1.234     1.166   175    3    2      0.9829    0    185     12    185     12    T0987TS197-D1.pdb:A  SCOP d1ngla_
  400      0.7763          -0       3.223     0.000   163    3    4           1    0    185     12    185     14    T0987TS197-D1.pdb:A  SCOP d1uxoa_
  401      0.7763          -0       3.875     0.000   163    3    3           1    0    185     12    185     10    T0987TS197-D1.pdb:A  SCOP d1e09a_
  402      0.7763   1.998e-11       4.819     0.000   163    3    3           1    0    185     12    185     10    T0987TS197-D1.pdb:A  SCOP d1bv1a_
  403      0.7763          -0       4.324     0.000   163    3    4           1    0    185     12    185     14    T0987TS197-D1.pdb:A  SCOP d1j42a_
  404      0.7763          -0       4.324     0.000   163    3    4           1    0    185     12    185     14    T0987TS197-D1.pdb:A  SCOP d1pdwa_
  405      0.7763      0.7233       5.092     0.000   163    3    3           1    0    185     12    185     10    T0987TS197-D1.pdb:A  SCOP d1ifva_
  406      0.7763          -0       4.324     0.000   163    3    4           1    0    185     12    185     14    T0987TS197-D1.pdb:A  SCOP d1pe0a_
  407      0.7763   2.206e-07       4.997     0.000   163    3    3           1    0    185     12    185     10    T0987TS197-D1.pdb:A  SCOP d1icxa_
  408      0.7763          -0       2.721     0.000   163    3    4           1    0    185     12    185     13    T0987TS197-D1.pdb:A  SCOP d1cmxa_
  409      0.7763          -0       5.006     0.000   163    3    3           1    0    185     12    185     10    T0987TS197-D1.pdb:A  SCOP d1llta_
  410      0.7763   1.998e-11       4.819     0.000   163    3    3           1    0    185     12    185     10    T0987TS197-D1.pdb:A  SCOP d1qmra_
  411      0.7745          -0       1.635     0.608   154    3    2       0.974    0    185     12    159      7    T0987TS197-D1.pdb:A  SCOP d1otca1
  412       0.774          -0       2.617     1.234   176    4    1       0.983    0    185     12    185     13    T0987TS197-D1.pdb:A  SCOP d1cq3a_
  413      0.7735          -0       1.675     1.188   175    3    3      0.9657    0    185     12    185      6    T0987TS197-D1.pdb:A  SCOP d1mgra_
  414      0.7735          -0       1.675     1.188   175    3    3      0.9657    0    185     12    185      6    T0987TS197-D1.pdb:A  SCOP d1mgwa_
  415      0.7733          -0       2.603     0.508   165    3    5      0.9818    0    185     12    185     10    T0987TS197-D1.pdb:A  SCOP d2ucza_
  416      0.7733          -0      0.8915     0.508   165    3    5      0.9818    0    185     12    185      9    T0987TS197-D1.pdb:A  SCOP d1s60a_
  417      0.7732          -0        2.69     0.509   165    3    4      0.9818    0    185     12    185      9    T0987TS197-D1.pdb:A  SCOP d1y6la_
  418      0.7731          -0      0.2162     1.353   176    3    2       0.983    0    185     12    180     15    T0987TS197-D1.pdb:A  SCOP d2j9na1
  419      0.7731          -0      0.8605     1.353   176    3    2       0.983    0    185     12    180     15    T0987TS197-D1.pdb:A  SCOP d2a32a1
  420      0.7731          -0      0.2162     1.353   176    3    2       0.983    0    185     12    180     15    T0987TS197-D1.pdb:A  SCOP d2ilna1
  421      0.7731          -0      0.8605     1.353   176    3    2       0.983    0    185     12    180     15    T0987TS197-D1.pdb:A  SCOP d1tx7a1
  422      0.7731          -0      0.8605     1.353   176    3    2       0.983    0    185     12    180     15    T0987TS197-D1.pdb:A  SCOP d1tx8a1
  423      0.7731          -0      0.2162     1.353   176    3    2       0.983    0    185     12    180     15    T0987TS197-D1.pdb:A  SCOP d1y3va1
  424      0.7731          -0      0.2162     1.353   176    3    2       0.983    0    185     12    180     15    T0987TS197-D1.pdb:A  SCOP d1y3xa1
  425       0.769          -0       3.062     1.057   172    3    2      0.9884    0    185     12    185     12    T0987TS197-D1.pdb:A  SCOP d1toq.1
  426      0.7682          -0       2.448     1.488   181    3    1      0.9834    0    185     12    185     10    T0987TS197-D1.pdb:A  SCOP d1blda_
  427      0.7682          -0       2.045     1.488   181    3    1      0.9834    0    185     12    185     10    T0987TS197-D1.pdb:A  SCOP d1blaa_
  428      0.7682          -0       3.304     1.488   181    3    1      0.9834    0    185     12    185     11    T0987TS197-D1.pdb:A  SCOP d1ii4a_
  429      0.7682          -0       3.304     1.488   181    3    1      0.9834    0    185     12    185     11    T0987TS197-D1.pdb:A  SCOP d1iila_
  430      0.7682   1.388e-06       2.891     1.488   181    3    1      0.9834    0    185     12    185      5    T0987TS197-D1.pdb:A  SCOP d1ul4a_
  431      0.7675          -0        2.02     1.406   179    3    3      0.9665    0    185     12    185      9    T0987TS197-D1.pdb:A  SCOP d1kvza_
  432      0.7668          -0       4.151     0.000   162    3    5           1    0    185     12    185     14    T0987TS197-D1.pdb:A  SCOP d1pdva_
  433      0.7668          -0       4.151     0.000   162    3    5           1    0    185     12    185     14    T0987TS197-D1.pdb:A  SCOP d1q2ua_
  434      0.7668          -0       2.623     0.000   162    3    5           1    0    185     12    185     15    T0987TS197-D1.pdb:A  SCOP d1h5xa_
  435      0.7668   2.386e-09       3.709     0.000   162    3    3           1    0    185     12    185      9    T0987TS197-D1.pdb:A  SCOP d1i7ka_
  436      0.7658          -0       4.442     0.899   169    3    4      0.9822    0    185     12    185      9    T0987TS197-D1.pdb:A  SCOP d1gl8a_
  437      0.7652          -0       2.267     1.080   172    4    2      0.9826    0    185     12    185     19    T0987TS197-D1.pdb:A  SCOP d1m7ua_
  438      0.7652          -0       3.401     1.080   172    4    2      0.9826    0    185     12    185     17    T0987TS197-D1.pdb:A  SCOP d1s2ba_
  439      0.7645          -0       3.451     0.970   170    3    3      0.9824    0    185     12    185      8    T0987TS197-D1.pdb:A  SCOP d1e57a_
  440      0.7638          -0       2.993     0.510   164    3    3      0.9817    0    185     12    185     11    T0987TS197-D1.pdb:A  SCOP d1xeba_
  441      0.7624          -0      0.5804     1.475   180    3    2      0.9667    0    185     12    185      7    T0987TS197-D1.pdb:A  SCOP d1smxa_
  442      0.7624          -0      0.5804     1.475   180    3    2      0.9667    0    185     12    185      7    T0987TS197-D1.pdb:A  SCOP d1sn8a_
  443      0.7595          -0       1.945     0.610   153    3    2      0.9739    0    185     12    160     10    T0987TS197-D1.pdb:A  SCOP d1kixa1
  444      0.7574          -0       4.151     0.000   161    3    5           1    0    185     12    185     14    T0987TS197-D1.pdb:A  SCOP d1ucfa_
  445      0.7568          -0       2.174     0.831   167    3    3       0.982    0    185     12    185      7    T0987TS197-D1.pdb:A  SCOP d1q53a_
  446      0.7567          -0        2.09     0.589   164    3    5      0.9756    0    185     12    185      9    T0987TS197-D1.pdb:A  SCOP d1rtza_
  447      0.7563          -0       2.977     0.902   168    3    5      0.9821    0    185     12    185      8    T0987TS197-D1.pdb:A  SCOP d1vqsa_
  448      0.7557          -0       3.119     1.423   178    3    3      0.9831    0    185     12    185     13    T0987TS197-D1.pdb:A  SCOP d2hmba_
  449      0.7557          -0       3.119     1.423   178    3    3      0.9831    0    185     12    185     13    T0987TS197-D1.pdb:A  SCOP d1hmra_
  450      0.7557          -0       3.119     1.423   178    3    3      0.9831    0    185     12    185     12    T0987TS197-D1.pdb:A  SCOP d1acda_
  451      0.7545          -0       3.176     0.510   163    5    4      0.9816    0    185     12    185     15    T0987TS197-D1.pdb:A  SCOP d1wdua_
  452      0.7493          -0      0.7161     1.012   169    3    2      0.9822    0    185     12    185      9    T0987TS197-D1.pdb:A  SCOP d1rowa_
  453      0.7488          -0       1.253     1.371   176    3    3      0.9716    0    185     12    185      6    T0987TS197-D1.pdb:A  SCOP d1aaja_
  454      0.7488          -0       1.705     1.371   176    3    3      0.9716    0    185     12    185      6    T0987TS197-D1.pdb:A  SCOP d1t5ka_
  455      0.7488          -0       2.138     1.371   176    3    3      0.9716    0    185     12    185      6    T0987TS197-D1.pdb:A  SCOP d1aaca_
  456      0.7483          -0       2.301     1.503   179    3    1      0.9832    0    185     12    185     10    T0987TS197-D1.pdb:A  SCOP d1ee6a_
  457       0.748          -0       3.204     0.000   160    3    3           1    0    185     12    185      9    T0987TS197-D1.pdb:A  SCOP d2e2ca_
  458      0.7476          -0       1.017     1.421   177    4    5      0.9492    0    185     12    185     13    T0987TS197-D1.pdb:A  SCOP d1a44a_
  459      0.7466          -0       3.043     1.382   176    3    2       0.983    0    185     12    185      9    T0987TS197-D1.pdb:A  SCOP d2afga_
  460      0.7465          -0       3.119     1.427   177    3    3      0.9831    0    185     12    185     13    T0987TS197-D1.pdb:A  SCOP d1fdqa_
  461       0.746          -0       2.477     1.293   174    3    3      0.9713    0    185     12    185     14    T0987TS197-D1.pdb:A  SCOP d1ew3a_
  462      0.7459          -0       2.605     1.294   174    3    3      0.9713    0    185     12    185     12    T0987TS197-D1.pdb:A  SCOP d1i05a_
  463      0.7459          -0       2.605     1.294   174    3    3      0.9713    0    185     12    185     12    T0987TS197-D1.pdb:A  SCOP d1i06a_
  464      0.7459          -0       1.745     1.246   173    4    2      0.9827    0    185     12    185     15    T0987TS197-D1.pdb:A  SCOP d1rtva_
  465       0.745          -0       2.321     0.513   162    3    6      0.9815    0    185     12    185     14    T0987TS197-D1.pdb:A  SCOP d1khha_
  466      0.7447          -0       2.853     1.098   170    3    2      0.9824    0    185     12    185      9    T0987TS197-D1.pdb:A  SCOP d1ncna_
  467      0.7414          -0        1.21     0.880   166    3    5      0.9458    0    185     12    185      6    T0987TS197-D1.pdb:A  SCOP d1v5sa_
  468      0.7412          -0        2.56     1.580   180    5    2      0.9667    0    185     12    185     15    T0987TS197-D1.pdb:A  SCOP d1xsra_
  469      0.7411          -0      0.2678     1.539   179    3    3      0.9497    0    185     12    185      4    T0987TS197-D1.pdb:A  SCOP d1sska_
  470      0.7396          -0       2.802     1.505   178    4    2      0.9831    0    185     12    185     10    T0987TS197-D1.pdb:A  SCOP d2cd0a_
  471      0.7387          -0       2.986     0.000   159    4    5           1    0    185     12    185     20    T0987TS197-D1.pdb:A  SCOP d9gaca_
  472      0.7377    0.002695       4.133     0.907   166    3    3      0.9819    0    185     12    185      8    T0987TS197-D1.pdb:A  SCOP d1m4qa_
  473      0.7374          -0       3.864     1.431   176    3    3       0.983    0    185     12    185     13    T0987TS197-D1.pdb:A  SCOP d1lida_
  474      0.7364          -0      0.9734     1.562   179    4    2      0.9665    0    185     12    185     10    T0987TS197-D1.pdb:A  SCOP d1guia_
  475      0.7357          -0       2.709     0.515   161    3    6      0.9814    0    185     12    185     14    T0987TS197-D1.pdb:A  SCOP d1p1ca_
  476      0.7354          -0       3.507     1.101   169    4    3      0.9822    0    185     12    185     12    T0987TS197-D1.pdb:A  SCOP d1ggla_
  477      0.7354          -0       3.451     1.155   170    4    5      0.9647    0    185     12    185     17    T0987TS197-D1.pdb:A  SCOP d1jqra_
  478      0.7339          -0      0.8221     1.615   180    4    2      0.9722    0    185     12    185     10    T0987TS197-D1.pdb:A  SCOP d2rhea_
  479      0.7325          -0       3.653     1.006   167    3    3       0.982    0    185     12    185     10    T0987TS197-D1.pdb:A  SCOP d2moba_
  480      0.7322          -0       0.313     1.500   177    3    4      0.9492    0    185     12    185     11    T0987TS197-D1.pdb:A  SCOP d1v2ba_
  481      0.7308          -0       2.389     1.075   168    4    3      0.9643    0    185     12    185     19    T0987TS197-D1.pdb:A  SCOP d1nkqa_
  482      0.7305          -0       3.237     1.467   176    4    3      0.9716    0    185     12    185     11    T0987TS197-D1.pdb:A  SCOP d1blra_
  483      0.7294          -0       3.848     0.000   158    3    6           1    0    185     12    185     15    T0987TS197-D1.pdb:A  SCOP d1c7za_
  484      0.7294          -0        3.24     0.000   158    3    4           1    0    185     12    185     15    T0987TS197-D1.pdb:A  SCOP d1k56a_
  485      0.7294          -0       2.986     0.000   158    4    5           1    0    185     12    185     20    T0987TS197-D1.pdb:A  SCOP d1p4va_
  486      0.7294          -0       4.215     0.000   158    3    5           1    0    185     12    185     11    T0987TS197-D1.pdb:A  SCOP d1k7ka_
  487      0.7288          -0      0.5392     1.475   176    5    3      0.9659    0    185     12    185     21    T0987TS197-D1.pdb:A  SCOP d1jova_
  488      0.7282          -0       1.056     1.603   179    3    2      0.9609    0    185     12    185     12    T0987TS197-D1.pdb:A  SCOP d1cwpa_
  489      0.7282          -0     0.07297     1.603   179    3    2      0.9609    0    185     12    185     14    T0987TS197-D1.pdb:A  SCOP d1oa7a_
  490      0.7282          -0       1.825     1.603   179    4    2      0.9609    0    185     12    185     13    T0987TS197-D1.pdb:A  SCOP d1l8fa_
  491      0.7255          -0       1.735     1.492   176    3    3       0.983    0    185     12    185     15    T0987TS197-D1.pdb:A  SCOP d1gvca_
  492      0.7231          -0       1.755     1.462   175    3    3      0.9657    0    185     12    185      9    T0987TS197-D1.pdb:A  SCOP d1l0sa_
  493      0.7225          -0       2.603     1.128   168    3    3      0.9643    0    185     12    185      7    T0987TS197-D1.pdb:A  SCOP d1b34a_
  494      0.7207          -0      0.9887     1.474   175    3    4      0.9657    0    185     12    185     10    T0987TS197-D1.pdb:A  SCOP d1byla_
