<html><head></head><body><pre style="word-wrap: break-word; white-space: pre-wrap;"> PDBe Fold v2.59. (src3) 14 Apr 2014 result file.

                   RESULT SUMMARY

   ##      Q-score      P-score     Z-score   RMSD    Nalgn Nsse Ngaps Seq-%     Nmd Nres-Q Nsse-Q Nres-T Nsse-T Query Target
    1           1          -0       3.578     0.000   207    2    0           1    0    207      9    207      9    T0987TS322-D2.pdb:A  SCOP d1x11a_
    2      0.9617          -0       2.597     0.000   203    2    1           1    0    207      9    207      7    T0987TS322-D2.pdb:A  SCOP d1egja_
    3      0.9617          -0  1.798e+308     0.000   203    2    1           1    0    207      9    207      7    T0987TS322-D2.pdb:A  SCOP d1eiia_
    4      0.9617          -0  1.798e+308     0.000   203    2    1           1    0    207      9    207      6    T0987TS322-D2.pdb:A  SCOP d1d3ba_
    5      0.9617          -0  1.798e+308     0.000   203    3    1           1    0    207      9    207     10    T0987TS322-D2.pdb:A  SCOP d1msaa_
    6      0.9617          -0  1.798e+308     0.000   203    2    1           1    0    207      9    207      9    T0987TS322-D2.pdb:A  SCOP d1v14a_
    7      0.9617          -0  1.798e+308     0.000   203    3    1           1    0    207      9    207     11    T0987TS322-D2.pdb:A  SCOP d1kb5a_
    8      0.9617          -0  1.798e+308     0.000   203    2    1           1    0    207      9    207      7    T0987TS322-D2.pdb:A  SCOP d1kj4a_
    9      0.9617          -0  1.798e+308     0.000   203    2    1           1    0    207      9    207     10    T0987TS322-D2.pdb:A  SCOP d1eaya_
   10      0.9617          -0  1.798e+308     0.000   203    2    1           1    0    207      9    207      9    T0987TS322-D2.pdb:A  SCOP d1ejba_
   11      0.9617          -0  1.798e+308     0.000   203    3    1           1    0    207      9    207     11    T0987TS322-D2.pdb:A  SCOP d1mx8a_
   12      0.9617          -0  1.798e+308     0.000   203    3    1           1    0    207      9    207     15    T0987TS322-D2.pdb:A  SCOP d1grca_
   13      0.9617          -0  1.798e+308     0.000   203    2    1           1    0    207      9    207      8    T0987TS322-D2.pdb:A  SCOP d1sh4a_
   14      0.9617          -0  1.798e+308     0.000   203    2    1           1    0    207      9    207      5    T0987TS322-D2.pdb:A  SCOP d1avva_
   15      0.9523          -0  1.798e+308     0.000   202    3    2           1    0    207      9    207     15    T0987TS322-D2.pdb:A  SCOP d1a0la_
   16      0.9315          -0      0.7642     0.448   202    4    2      0.9851    0    207      9    207     19    T0987TS322-D2.pdb:A  SCOP d1i7ea_
   17      0.9057          -0       2.623     0.000   197    2    2           1    0    207      9    207      9    T0987TS322-D2.pdb:A  SCOP d1aqca_
   18      0.8783          -0       2.305     0.000   194    2    3           1    0    207      9    207     10    T0987TS322-D2.pdb:A  SCOP d1of5a_
   19      0.8783          -0  1.798e+308     0.000   194    3    2           1    0    207      9    207     14    T0987TS322-D2.pdb:A  SCOP d1t75a_
   20       0.876          -0       0.393     0.829   201    2    2      0.9851    0    207      9    207     10    T0987TS322-D2.pdb:A  SCOP d1xu1a_
   21      0.8693          -0  1.798e+308     0.000   193    4    2           1    0    207      9    207     16    T0987TS322-D2.pdb:A  SCOP d1kdoa_
   22      0.8463          -0      0.5312     0.795   197    2    3      0.9848    0    207      9    207      7    T0987TS322-D2.pdb:A  SCOP d1opia_
   23      0.8463          -0      0.5312     0.795   197    2    3      0.9848    0    207      9    207      7    T0987TS322-D2.pdb:A  SCOP d1o0pa_
   24      0.8226          -0       2.656     0.467   190    2    3      0.9895    0    207      9    207      8    T0987TS322-D2.pdb:A  SCOP d1fb8a_
   25      0.8196          -0      0.9278     0.803   194    3    3      0.9845    0    207      9    207     15    T0987TS322-D2.pdb:A  SCOP d1f9e.1
   26      0.8109          -0      0.9278     0.805   193    2    3      0.9845    0    207      9    207      7    T0987TS322-D2.pdb:A  SCOP d1c4pa_
   27      0.8085          -0      0.7417     0.567   181    3    3      0.9779    0    207      9    189     13    T0987TS322-D2.pdb:A  SCOP d1i7oa2
   28      0.8085          -0      0.7417     0.567   181    3    3      0.9779    0    207      9    189     13    T0987TS322-D2.pdb:A  SCOP d1gtta2
   29      0.7882          -0       2.937     0.850   191    2    3      0.9843    0    207      9    207      8    T0987TS322-D2.pdb:A  SCOP d1faoa_
   30       0.749          -0       3.384     1.202   193    2    4      0.9845    0    207      9    207      7    T0987TS322-D2.pdb:A  SCOP d1i3ja_
   31       0.749          -0       3.384     1.202   193    2    4      0.9845    0    207      9    207      7    T0987TS322-D2.pdb:A  SCOP d1t2ta_
   32      0.7311          -0      0.9842     0.000   177    3    7           1    0    207      9    207     15    T0987TS322-D2.pdb:A  SCOP d1c81a_
   33      0.7248          -0       2.066     0.481   175    3    6      0.9829    0    207      9    199     12    T0987TS322-D2.pdb:A  SCOP d1jqpa2
   34      0.6935          -0       1.411     1.431   191    2    3      0.9895    0    207      9    207      4    T0987TS322-D2.pdb:A  SCOP d1uj0a_
   35      0.6935          -0       1.814     1.431   191    2    3      0.9895    0    207      9    207     10    T0987TS322-D2.pdb:A  SCOP d1gvma_
   36      0.6299          -0     0.05189     1.669   188    2    4      0.9734    0    207      9    207     10    T0987TS322-D2.pdb:A  SCOP d1u5xa_
   37      0.6297          -0      0.1608     1.388   181    2    2      0.9834    0    207      9    207     10    T0987TS322-D2.pdb:A  SCOP d1u5za_
   38      0.6297          -0      0.1961     1.388   181    2    2      0.9834    0    207      9    207      7    T0987TS322-D2.pdb:A  SCOP d1x8sa_
   39      0.6178          -0      0.5149     0.847   167    3    6       0.982    0    207      9    202     13    T0987TS322-D2.pdb:A  SCOP d1sc7a3
   40       0.611          -0      0.2802     0.812   155    3    5      0.9806    0    207      9    177     14    T0987TS322-D2.pdb:A  SCOP d1h3na2
   41      0.6101          -0      0.5149     0.849   166    3    6      0.9819    0    207      9    202     15    T0987TS322-D2.pdb:A  SCOP d1t8ia3
   42      0.6101          -0      0.5149     0.849   166    3    6      0.9819    0    207      9    202     13    T0987TS322-D2.pdb:A  SCOP d1seua3
   43      0.6053       1.193       3.671     0.000   138    2    3           1    0    207      9    152      6    T0987TS322-D2.pdb:A  SCOP d1fuga3
   44      0.6025          -0      0.5149     0.852   165    3    6      0.9818    0    207      9    202     14    T0987TS322-D2.pdb:A  SCOP d1tl8a3
   45      0.5954          -0      0.1627     1.790   186    3    4      0.9677    0    207      9    207     15    T0987TS322-D2.pdb:A  SCOP d1gwza_
   46        0.58          -0      0.5149     0.859   162    3    6      0.9815    0    207      9    202     13    T0987TS322-D2.pdb:A  SCOP d1k4ta3
   47      0.5769          -0      0.1301     1.896   186    3    4      0.9677    0    207      9    207     15    T0987TS322-D2.pdb:A  SCOP d1i3o.1
   48      0.5769          -0      0.1301     1.896   186    3    4      0.9677    0    207      9    207     15    T0987TS322-D2.pdb:A  SCOP d1re1.1
   49      0.5769          -0      0.1301     1.896   186    3    4      0.9677    0    207      9    207     15    T0987TS322-D2.pdb:A  SCOP d1rhk.1
   50       0.571          -0       1.765     1.669   179    3    4      0.9665    0    207      9    207      8    T0987TS322-D2.pdb:A  SCOP d1awca_
   51      0.5709          -0      0.5149     0.865   160    3    6      0.9812    0    207      9    200     12    T0987TS322-D2.pdb:A  SCOP d1ej9a2
   52      0.5646          -0      0.9856     1.932   185    2    1      0.9838    0    207      9    207      6    T0987TS322-D2.pdb:A  SCOP d1whna_
   53      0.5438          -0       4.204     0.933   131    4    3      0.9771    0    207      9    139     13    T0987TS322-D2.pdb:A  SCOP d1i5pa2
   54      0.5388          -0     0.07297     1.906   180    2    4      0.9833    0    207      9    207     10    T0987TS322-D2.pdb:A  SCOP d1k79a_
   55      0.5373          -0      0.9462     1.516   170    4    4      0.9824    0    207      9    207     16    T0987TS322-D2.pdb:A  SCOP d1khua_
   56      0.5369          -0       2.026     0.000   115    2    1           1    0    207      9    119      9    T0987TS322-D2.pdb:A  SCOP d1njja1
   57      0.5369          -0       2.026     0.000   115    2    1           1    0    207      9    119     10    T0987TS322-D2.pdb:A  SCOP d1szra1
   58      0.5369          -0       2.026     0.000   115    2    1           1    0    207      9    119     10    T0987TS322-D2.pdb:A  SCOP d2toda1
   59      0.5294          -0     0.07587     2.208   187    3    4      0.9679    0    207      9    207      8    T0987TS322-D2.pdb:A  SCOP d1ocya_
   60      0.5207   9.864e-11       2.829     0.000   128    2    4           1    0    207      9    152      8    T0987TS322-D2.pdb:A  SCOP d1mxca3
   61      0.5171          -0      0.8143     2.412   191    2    4      0.9843    0    207      9    207      6    T0987TS322-D2.pdb:A  SCOP d1k6oa_
   62      0.5166          -0      0.5149     0.898   148    3    6      0.9797    0    207      9    188     15    T0987TS322-D2.pdb:A  SCOP d1a36a3
   63      0.5104          -0       1.896     1.742   171    3    4      0.9825    0    207      9    207     13    T0987TS322-D2.pdb:A  SCOP d1ue0a_
   64       0.503          -0      0.8746     1.185   148    3    5      0.9662    0    207      9    182     14    T0987TS322-D2.pdb:A  SCOP d1yf2a2
   65      0.5005          -0      0.3112     0.835   152    4    2      0.9934    0    207      9    207     16    T0987TS322-D2.pdb:A  SCOP d1k8fa_
   66      0.4902          -0      0.7911     1.498   162    4    3      0.9877    0    207      9    207     17    T0987TS322-D2.pdb:A  SCOP d1u7va_
   67      0.4879          -0       2.707     0.000   111    2    2           1    0    207      9    122      9    T0987TS322-D2.pdb:A  SCOP d1emsa1
   68       0.477          -0       2.538     1.508   160    4    3      0.9875    0    207      9    207     17    T0987TS322-D2.pdb:A  SCOP d1khxa_
   69      0.4757          -0      0.6745     1.860   168    3    3      0.9643    0    207      9    207     13    T0987TS322-D2.pdb:A  SCOP d1h6ea_
   70      0.4754          -0        1.25     1.902   169    2    3      0.9822    0    207      9    207      6    T0987TS322-D2.pdb:A  SCOP d1ufma_
   71      0.4734          -0      0.2012     1.341   156    3    3      0.9872    0    207      9    207     15    T0987TS322-D2.pdb:A  SCOP d1rhu.1
   72      0.4734          -0      0.2012     1.341   156    3    3      0.9872    0    207      9    207     15    T0987TS322-D2.pdb:A  SCOP d1rhm.1
   73      0.4714          -0     0.01658     2.400   182    3    3      0.9835    0    207      9    207     11    T0987TS322-D2.pdb:A  SCOP d1bxda_
   74       0.444          -0      0.2379     1.631   157    3    5      0.9554    0    207      9    207     15    T0987TS322-D2.pdb:A  SCOP d1gqfa_
   75      0.4433          -0     0.01626     1.974   165    2    4      0.9636    0    207      9    207      6    T0987TS322-D2.pdb:A  SCOP d1dv8a_
   76        0.44          -0    0.007196     2.406   176    2    4      0.9773    0    207      9    207      4    T0987TS322-D2.pdb:A  SCOP d1gl5a_
   77      0.4341          -0    0.005499     2.412   175    2    4      0.9771    0    207      9    207      6    T0987TS322-D2.pdb:A  SCOP d1wi5a_
   78      0.4275          -0       2.411     1.049   120    2    5       0.975    0    207      9    145     10    T0987TS322-D2.pdb:A  SCOP d1jnra3
   79       0.425          -0       1.153     0.631   105    2    4       0.981    0    207      9    120     10    T0987TS322-D2.pdb:A  SCOP d1neka3
   80       0.425          -0       1.153     0.631   105    2    4       0.981    0    207      9    120     10    T0987TS322-D2.pdb:A  SCOP d1nena3
   81      0.4226          -0       2.181     0.000    94    3    3           1    0    207      9    101     14    T0987TS322-D2.pdb:A  SCOP d1q32a2
   82      0.4225          -0       1.209     1.573   119    2    2      0.9832    0    207      9    127     10    T0987TS322-D2.pdb:A  SCOP d1r17a1
   83      0.4207          -0     0.02211     2.712   181    2    4      0.9724    0    207      9    207      9    T0987TS322-D2.pdb:A  SCOP d1k9ia_
   84      0.4143          -0       4.152     0.000    98    2    3           1    0    207      9    112     10    T0987TS322-D2.pdb:A  SCOP d2csua3
   85      0.4115          -0       1.758     0.657    94    2    2      0.9681    0    207      9     99      6    T0987TS322-D2.pdb:A  SCOP d1urza1
   86      0.4103          -0   0.0005131     2.754   180    3    4      0.9556    0    207      9    207     12    T0987TS322-D2.pdb:A  SCOP d1uxaa_
   87      0.4103          -0   0.0005131     2.754   180    3    4      0.9556    0    207      9    207     13    T0987TS322-D2.pdb:A  SCOP d1uxba_
   88      0.4103          -0   0.0005131     2.754   180    3    4      0.9556    0    207      9    207     13    T0987TS322-D2.pdb:A  SCOP d1uxea_
   89      0.4085          -0     0.02883     2.197   164    2    5      0.9634    0    207      9    207     10    T0987TS322-D2.pdb:A  SCOP d1r62a_
   90       0.404          -0      0.4379     2.700   177    3    8      0.9266    0    207      9    207     15    T0987TS322-D2.pdb:A  SCOP d1mvxa_
   91      0.4033          -0       2.448     2.104   153    3    5      0.9804    0    207      9    188     14    T0987TS322-D2.pdb:A  SCOP d1r5ba3
   92         0.4          -0       3.614     0.000    95    2    3           1    0    207      9    109     10    T0987TS322-D2.pdb:A  SCOP d1afwa2
   93         0.4          -0       3.614     0.000    95    2    3           1    0    207      9    109     10    T0987TS322-D2.pdb:A  SCOP d1pxta2
   94      0.3923          -0       1.758     1.422   106    3    2      0.9717    0    207      9    113     12    T0987TS322-D2.pdb:A  SCOP d1upsa2
   95      0.3897          -0     0.08361     2.670   173    2    2      0.9827    0    207      9    207      5    T0987TS322-D2.pdb:A  SCOP d1gcqa_
   96      0.3827          -0       1.758     0.678    88    2    2      0.9659    0    207      9     93      6    T0987TS322-D2.pdb:A  SCOP d1z66a1
   97      0.3827          -0       1.758     0.678    88    2    2      0.9659    0    207      9     93      7    T0987TS322-D2.pdb:A  SCOP d1svba1
   98      0.3779          -0    0.008131     2.247   159    3    4      0.9623    0    207      9    207     13    T0987TS322-D2.pdb:A  SCOP d1erra_
   99      0.3704   7.183e-08        2.26     0.661    91    2    4       0.967    0    207      9    103      4    T0987TS322-D2.pdb:A  SCOP d1zeta1
  100      0.3701          -0       1.678     1.124    93    2    2      0.9677    0    207      9     99      8    T0987TS322-D2.pdb:A  SCOP d2feza3
  101      0.3701          -0       1.678     1.124    93    2    2      0.9677    0    207      9     99      8    T0987TS322-D2.pdb:A  SCOP d2ff4a3
  102       0.366          -0      0.4078     2.347   159    4    7      0.9623    0    207      9    207     18    T0987TS322-D2.pdb:A  SCOP d1cr2a_
  103      0.3657   0.0004377       4.451     0.000    83    2    2           1    0    207      9     91      6    T0987TS322-D2.pdb:A  SCOP d2j0wa2
  104      0.3635          -0     0.01431     2.983   176    3    3      0.9432    0    207      9    207     15    T0987TS322-D2.pdb:A  SCOP d1i58a_
  105      0.3612    2.04e-07       2.136     0.659    92    2    3      0.9674    0    207      9    108      8    T0987TS322-D2.pdb:A  SCOP d1m5ya3
  106      0.3599          -0       1.355     3.148   180    2    2      0.9889    0    207      9    207      6    T0987TS322-D2.pdb:A  SCOP d1i42a_
  107      0.3568          -0      0.4359     2.288   147    2    6       0.966    0    207      9    185      9    T0987TS322-D2.pdb:A  SCOP d2fo1a2
  108      0.3567          -0    0.006319     3.208   181    2    3      0.9669    0    207      9    207      3    T0987TS322-D2.pdb:A  SCOP d1kbfa_
  109      0.3567          -0    0.006319     3.208   181    2    3      0.9669    0    207      9    207      3    T0987TS322-D2.pdb:A  SCOP d1kbea_
  110      0.3498          -0      0.4078     2.369   156    4    7      0.9615    0    207      9    207     18    T0987TS322-D2.pdb:A  SCOP d1cr1a_
  111      0.3498          -0      0.4078     2.369   156    4    7      0.9615    0    207      9    207     18    T0987TS322-D2.pdb:A  SCOP d1cr0a_
  112      0.3498          -0      0.4078     2.369   156    4    7      0.9615    0    207      9    207     18    T0987TS322-D2.pdb:A  SCOP d1cr4a_
  113      0.3478          -0        4.31     0.000    72    2    0           1    0    207      9     72      7    T0987TS322-D2.pdb:A  SCOP d1brwa3
  114      0.3472          -0       1.468     0.692    83    2    3      0.9639    0    207      9     91     10    T0987TS322-D2.pdb:A  SCOP d1nqla2
  115      0.3416          -0       3.492     0.700    81    3    3       0.963    0    207      9     88     14    T0987TS322-D2.pdb:A  SCOP d1xdoa3
  116      0.3384          -0           2     0.000    72    2    1           1    0    207      9     74      9    T0987TS322-D2.pdb:A  SCOP d1kixa3
  117      0.3384          -0           2     0.000    72    2    1           1    0    207      9     74      9    T0987TS322-D2.pdb:A  SCOP d1phja3
  118      0.3384          -0           2     0.000    72    2    1           1    0    207      9     74     10    T0987TS322-D2.pdb:A  SCOP d1ph8a3
  119      0.3384          -0           2     0.000    72    2    1           1    0    207      9     74     10    T0987TS322-D2.pdb:A  SCOP d1otca3
  120      0.3384          -0           2     0.000    72    2    1           1    0    207      9     74     10    T0987TS322-D2.pdb:A  SCOP d1ph7a3
  121      0.3349          -0       3.822     0.690    85    2    2      0.9765    0    207      9     99      8    T0987TS322-D2.pdb:A  SCOP d1gc6a2
  122        0.33          -0       1.253     2.886   165    3    4      0.9636    0    207      9    207     11    T0987TS322-D2.pdb:A  SCOP d1at0a_
  123      0.3283          -0       5.025     0.000    76    2    2           1    0    207      9     85      9    T0987TS322-D2.pdb:A  SCOP d2fu3a2
  124      0.3268          -0       4.331     0.694    84    2    2      0.9762    0    207      9     99      8    T0987TS322-D2.pdb:A  SCOP d1ni2a2
  125      0.3268          -0       3.822     0.694    84    2    2      0.9762    0    207      9     99      8    T0987TS322-D2.pdb:A  SCOP d2yvca2
  126      0.3262          -0      0.2034     2.086   144    4    4      0.9792    0    207      9    207     17    T0987TS322-D2.pdb:A  SCOP d1deva_
  127       0.323          -0      0.9983     1.465    98    3    3      0.9592    0    207      9    116     10    T0987TS322-D2.pdb:A  SCOP d1chua3
  128      0.3223          -0       1.266     2.444   132    2    4      0.9773    0    207      9    157     10    T0987TS322-D2.pdb:A  SCOP d1sa1a2
  129      0.3132          -0       2.358     1.048   102    2    6      0.9706    0    207      9    143     10    T0987TS322-D2.pdb:A  SCOP d1ikpa3
  130       0.313   3.361e-14        3.24     0.000    72    2    2           1    0    207      9     80      6    T0987TS322-D2.pdb:A  SCOP d1p1ia2
  131      0.3119          -0      0.3978     1.731   114    2    3      0.9474    0    207      9    151      7    T0987TS322-D2.pdb:A  SCOP d2oi6a1
  132      0.3119          -0      0.3978     1.731   114    2    3      0.9474    0    207      9    151      7    T0987TS322-D2.pdb:A  SCOP d2oi5a1
  133      0.3119          -0      0.3978     1.731   114    2    3      0.9474    0    207      9    151      7    T0987TS322-D2.pdb:A  SCOP d1hv9a1
  134      0.3119          -0      0.3978     1.731   114    2    3      0.9474    0    207      9    151      7    T0987TS322-D2.pdb:A  SCOP d2oi7a1
  135      0.3111          -0       3.822     0.702    82    2    2      0.9756    0    207      9     99      8    T0987TS322-D2.pdb:A  SCOP d1sgha2
  136      0.3111          -0       4.331     0.702    82    2    2      0.9756    0    207      9     99      8    T0987TS322-D2.pdb:A  SCOP d1gc7a2
  137      0.3111          -0       3.822     0.702    82    2    2      0.9756    0    207      9     99      8    T0987TS322-D2.pdb:A  SCOP d1ef1a2
  138      0.3111          -0       3.822     0.702    82    2    2      0.9756    0    207      9     99      8    T0987TS322-D2.pdb:A  SCOP d2d2qa2
  139      0.3105          -0       1.233     2.846   159    3   10      0.9497    0    207      9    207     15    T0987TS322-D2.pdb:A  SCOP d1kkqa_
  140      0.3103          -0       2.815     0.000    68    2    1           1    0    207      9     72      6    T0987TS322-D2.pdb:A  SCOP d1wu2a1
  141      0.3092          -0        4.73     0.000    72    2    1           1    0    207      9     81     10    T0987TS322-D2.pdb:A  SCOP d1gqqa2
  142      0.3063          -0       3.435     0.747    72    2    2      0.9583    0    207      9     77      8    T0987TS322-D2.pdb:A  SCOP d1qiua2
  143      0.3046          -0       1.154     3.377   172    3    4      0.9826    0    207      9    207     11    T0987TS322-D2.pdb:A  SCOP d1r36a_
  144      0.3041          -0       2.623     0.000    74    2    3           1    0    207      9     87     10    T0987TS322-D2.pdb:A  SCOP d2a29a1
  145      0.3041          -0       2.623     0.000    74    2    3           1    0    207      9     87     10    T0987TS322-D2.pdb:A  SCOP d2a00a1
  146      0.3029          -0       1.161     1.769    91    2    2       0.978    0    207      9     98      7    T0987TS322-D2.pdb:A  SCOP d1tg8a1
  147      0.3014          -0       1.282     1.572    86    2    2      0.9651    0    207      9     93      7    T0987TS322-D2.pdb:A  SCOP d2gg1a1
  148      0.3004          -0       2.366     1.058   100    2    6        0.97    0    207      9    143     10    T0987TS322-D2.pdb:A  SCOP d1ikqa3
  149       0.298          -0      0.2034     1.468   116    2    9      0.9569    0    207      9    176     10    T0987TS322-D2.pdb:A  SCOP d1wuua2
  150      0.2943          -0       1.047     2.720   132    2    7      0.9394    0    207      9    157     10    T0987TS322-D2.pdb:A  SCOP d1tuba2
  151      0.2943          -0   0.0005398     2.969   158    2    7      0.9494    0    207      9    207      8    T0987TS322-D2.pdb:A  SCOP d1fqia_
  152      0.2942          -0       1.154     3.482   172    3    5      0.9826    0    207      9    207     11    T0987TS322-D2.pdb:A  SCOP d1md0a_
  153      0.2935          -0       2.389     0.738    77    3    5       0.961    0    207      9     92     15    T0987TS322-D2.pdb:A  SCOP d1wdka3
  154      0.2935          -0       2.656     0.738    77    3    5       0.961    0    207      9     92     14    T0987TS322-D2.pdb:A  SCOP d1wdla3
  155      0.2935          -0       2.389     0.738    77    3    5       0.961    0    207      9     92     15    T0987TS322-D2.pdb:A  SCOP d1wdma3
  156      0.2903          -0       1.573     1.889   108    3    2      0.9722    0    207      9    139     14    T0987TS322-D2.pdb:A  SCOP d1v0wa2
  157      0.2903          -0       1.573     1.889   108    3    2      0.9722    0    207      9    139     14    T0987TS322-D2.pdb:A  SCOP d1f0ia2
  158      0.2903          -0       1.573     1.889   108    3    2      0.9722    0    207      9    139     14    T0987TS322-D2.pdb:A  SCOP d1v0ua2
  159      0.2903          -0       1.573     1.889   108    3    2      0.9722    0    207      9    139     14    T0987TS322-D2.pdb:A  SCOP d1v0ta2
  160      0.2903          -0       1.573     1.889   108    3    2      0.9722    0    207      9    139     14    T0987TS322-D2.pdb:A  SCOP d1v0ra2
  161      0.2903          -0       1.573     1.889   108    3    2      0.9722    0    207      9    139     14    T0987TS322-D2.pdb:A  SCOP d1v0va2
  162      0.2903          -0       1.573     1.889   108    3    2      0.9722    0    207      9    139     14    T0987TS322-D2.pdb:A  SCOP d1v0sa2
  163      0.2903          -0       1.573     1.889   108    3    2      0.9722    0    207      9    139     14    T0987TS322-D2.pdb:A  SCOP d1v0ya2
  164      0.2899          -0       1.154     3.491   171    3    5      0.9825    0    207      9    207     11    T0987TS322-D2.pdb:A  SCOP d1gvja_
  165      0.2852   3.221e-14       1.353     0.000    99    2    9           1    0    207      9    166     10    T0987TS322-D2.pdb:A  SCOP d1yfta1
  166      0.2846          -0       1.846     1.611   106    3    5      0.9717    0    207      9    148     15    T0987TS322-D2.pdb:A  SCOP d1piia1
  167      0.2835          -0       3.038     0.000    65    2    1           1    0    207      9     72     10    T0987TS322-D2.pdb:A  SCOP d1p1ma1
  168       0.283          -0      0.2328     2.080   134    2    2      0.9552    0    207      9    207     10    T0987TS322-D2.pdb:A  SCOP d1hcxa_
  169      0.2796          -0       2.486     0.000    65    2    3           1    0    207      9     73      9    T0987TS322-D2.pdb:A  SCOP d1wu7a1
  170      0.2783          -0      0.9845     2.273   137    4    4      0.9416    0    207      9    207     18    T0987TS322-D2.pdb:A  SCOP d1hxna_
  171      0.2752          -0       3.815     0.657    94    2    3      0.9787    0    207      9    148      9    T0987TS322-D2.pdb:A  SCOP d1e5wa2
  172      0.2747          -0      0.6226     3.547   168    3    6      0.9643    0    207      9    207     13    T0987TS322-D2.pdb:A  SCOP d1t5ia_
  173      0.2739          -0       2.136     1.642    99    2    2      0.9798    0    207      9    133     10    T0987TS322-D2.pdb:A  SCOP d1h7ua1
  174      0.2736          -0     0.02211     2.118   103    2    5      0.9417    0    207      9    125     10    T0987TS322-D2.pdb:A  SCOP d1bhya2
  175      0.2736          -0     0.02211     2.118   103    2    5      0.9417    0    207      9    125     10    T0987TS322-D2.pdb:A  SCOP d1ojta2
  176       0.272          -0     0.04069     2.159   123    3    7      0.9187    0    207      9    177     15    T0987TS322-D2.pdb:A  SCOP d1upca1
  177       0.272          -0     0.04069     2.160   123    3    7      0.9187    0    207      9    177     15    T0987TS322-D2.pdb:A  SCOP d1upaa1
  178       0.272          -0     0.04069     2.160   123    3    7      0.9187    0    207      9    177     15    T0987TS322-D2.pdb:A  SCOP d1upba1
  179      0.2717          -0     0.01626     2.209   134    2    5      0.9478    0    207      9    207      5    T0987TS322-D2.pdb:A  SCOP d1cita_
  180      0.2711   0.0004665       3.343     0.000    67    2    2           1    0    207      9     80      4    T0987TS322-D2.pdb:A  SCOP d1jkfa2
  181      0.2708          -0     0.04272     2.866   149    2    3      0.9597    0    207      9    207      5    T0987TS322-D2.pdb:A  SCOP d1e5ba_
  182      0.2701          -0       1.985     1.922    91    3    5      0.9231    0    207      9    105     14    T0987TS322-D2.pdb:A  SCOP d2hvha1
  183      0.2692          -0      0.2748     1.675    82    2    4      0.9146    0    207      9     92      7    T0987TS322-D2.pdb:A  SCOP d1jnda2
  184       0.268          -0       1.001     2.478   111    2    3       0.973    0    207      9    132     10    T0987TS322-D2.pdb:A  SCOP d2b76a3
  185      0.2675          -0     0.01069     3.406   162    3    4      0.9506    0    207      9    207     11    T0987TS322-D2.pdb:A  SCOP d1u7qa_
  186       0.266          -0       2.171     0.000    57    3    2           1    0    207      9     59     12    T0987TS322-D2.pdb:A  SCOP d1zm2a1
  187       0.266          -0       2.171     0.000    57    3    2           1    0    207      9     59     12    T0987TS322-D2.pdb:A  SCOP d1zm9a1
  188       0.266          -0       2.171     0.000    57    3    2           1    0    207      9     59     12    T0987TS322-D2.pdb:A  SCOP d1zm3a1
  189      0.2618          -0      0.3195     2.224    93    2    3      0.9247    0    207      9    103      9    T0987TS322-D2.pdb:A  SCOP d1igra2
  190      0.2578          -0       1.153     2.719   108    2    3      0.9444    0    207      9    120     10    T0987TS322-D2.pdb:A  SCOP d2bm0a1
  191      0.2578          -0       1.153     2.719   108    2    3      0.9444    0    207      9    120     10    T0987TS322-D2.pdb:A  SCOP d2bm1a1
  192      0.2578          -0       1.153     2.719   108    2    3      0.9444    0    207      9    120     10    T0987TS322-D2.pdb:A  SCOP d1fnma1
  193      0.2578          -0      0.1379     2.508   137    2    2      0.9635    0    207      9    207     10    T0987TS322-D2.pdb:A  SCOP d1uova_
  194      0.2573          -0       2.441     0.783    64    2    2      0.9531    0    207      9     72     10    T0987TS322-D2.pdb:A  SCOP d1j6pa1
  195      0.2572          -0       1.549     2.098    84    2    2      0.9762    0    207      9     89      8    T0987TS322-D2.pdb:A  SCOP d1biha4
  196      0.2566          -0       1.001     2.501   109    2    3      0.9725    0    207      9    132     10    T0987TS322-D2.pdb:A  SCOP d1kf6a3
  197      0.2544          -0       0.194     1.553    74    2    4      0.9189    0    207      9     82      9    T0987TS322-D2.pdb:A  SCOP d1ni3a2
  198      0.2529          -0       2.419     2.155    93    3    2      0.9677    0    207      9    109      7    T0987TS322-D2.pdb:A  SCOP d1b5qa2
  199      0.2529          -0       2.419     2.155    93    3    2      0.9677    0    207      9    109      7    T0987TS322-D2.pdb:A  SCOP d1h86a2
  200      0.2529          -0       2.419     2.155    93    3    2      0.9677    0    207      9    109      7    T0987TS322-D2.pdb:A  SCOP d1b37a2
  201      0.2529          -0       2.419     2.155    93    3    2      0.9677    0    207      9    109      7    T0987TS322-D2.pdb:A  SCOP d1h84a2
  202      0.2529          -0       2.419     2.155    93    3    2      0.9677    0    207      9    109      7    T0987TS322-D2.pdb:A  SCOP d1h81a2
  203      0.2529          -0       2.419     2.155    93    3    2      0.9677    0    207      9    109      7    T0987TS322-D2.pdb:A  SCOP d1h83a2
  204      0.2529          -0       2.419     2.155    93    3    2      0.9677    0    207      9    109      7    T0987TS322-D2.pdb:A  SCOP d1h82a2
  205      0.2517   4.756e-10       1.353     0.000    93    2    8           1    0    207      9    166      9    T0987TS322-D2.pdb:A  SCOP d1yfra1
  206      0.2505          -0     0.00358     3.681   164    3    5      0.9451    0    207      9    207      9    T0987TS322-D2.pdb:A  SCOP d1k7aa_
  207      0.2497          -0       2.494     1.787    99    2    3      0.9697    0    207      9    140      9    T0987TS322-D2.pdb:A  SCOP d2basa2
  208      0.2488          -0    0.003393     2.999   146    2    2      0.9589    0    207      9    207      5    T0987TS322-D2.pdb:A  SCOP d1igua_
  209      0.2481          -0       1.105     2.304    89    2    2      0.9775    0    207      9     97      6    T0987TS322-D2.pdb:A  SCOP d1ok8a1
  210      0.2463    1.39e-13       1.353     0.000    92    2    8           1    0    207      9    166     10    T0987TS322-D2.pdb:A  SCOP d1yfsa1
  211      0.2449          -0     0.01274     2.485   109    3    3      0.9725    0    207      9    139     15    T0987TS322-D2.pdb:A  SCOP d1k25a4
  212      0.2448          -0       1.901     2.276    92    2    3      0.9674    0    207      9    106      9    T0987TS322-D2.pdb:A  SCOP d2gc5a1
  213      0.2361          -0      0.1198     2.064   107    3    6      0.9159    0    207      9    159     11    T0987TS322-D2.pdb:A  SCOP d2j0qa2
  214      0.2358          -0    0.003202     2.507   131    3    6      0.9237    0    207      9    207     10    T0987TS322-D2.pdb:A  SCOP d1khca_
  215      0.2354          -0       1.339     1.484    67    2    3      0.9254    0    207      9     74      6    T0987TS322-D2.pdb:A  SCOP d1v1ha1
  216      0.2347          -0        2.09     2.201    89    2    3      0.9663    0    207      9    106      9    T0987TS322-D2.pdb:A  SCOP d1fgsa1
  217        0.23          -0      0.1191     2.638   126    3    8      0.9286    0    207      9    188     13    T0987TS322-D2.pdb:A  SCOP d1a35a2
  218      0.2297          -0       2.171     0.854    56    2    2      0.9464    0    207      9     61      5    T0987TS322-D2.pdb:A  SCOP d1elva2
  219      0.2285          -0       3.138     2.038    78    3    3      0.9487    0    207      9     88     14    T0987TS322-D2.pdb:A  SCOP d1xdpa3
  220      0.2285          -0       2.623     0.000    51    2    1           1    0    207      9     55      6    T0987TS322-D2.pdb:A  SCOP d1s0ua2
  221      0.2267          -0       1.057     1.861   101    3    5      0.9406    0    207      9    157     15    T0987TS322-D2.pdb:A  SCOP d2caua2
  222      0.2267          -0       1.057     1.861   101    3    5      0.9406    0    207      9    157     15    T0987TS322-D2.pdb:A  SCOP d2cava2
  223      0.2263          -0     0.02115     2.813   135    3    6      0.9481    0    207      9    207     12    T0987TS322-D2.pdb:A  SCOP d1h9ua_
  224      0.2258          -0       0.462     1.804    70    2    3      0.9286    0    207      9     77      7    T0987TS322-D2.pdb:A  SCOP d1yboa2
  225      0.2238          -0       2.617     2.646   113    3    6      0.9204    0    207      9    155     12    T0987TS322-D2.pdb:A  SCOP d1hv8a2
  226      0.2231          -0      0.7611     2.254   102    2    4      0.9706    0    207      9    144      7    T0987TS322-D2.pdb:A  SCOP d1o9ta3
  227      0.2231          -0      0.7611     2.254   102    2    4      0.9706    0    207      9    144      7    T0987TS322-D2.pdb:A  SCOP d1o92a3
  228      0.2231          -0      0.7611     2.254   102    2    4      0.9706    0    207      9    144      7    T0987TS322-D2.pdb:A  SCOP d1o93a3
  229      0.2231          -0      0.7611     2.254   102    2    4      0.9706    0    207      9    144      7    T0987TS322-D2.pdb:A  SCOP d1qm4a3
  230      0.2231          -0      0.7611     2.254   102    2    4      0.9706    0    207      9    144      7    T0987TS322-D2.pdb:A  SCOP d1o90a3
  231      0.2226          -0       1.675     2.552    90    3    4      0.9444    0    207      9    102     12    T0987TS322-D2.pdb:A  SCOP d1mfza3
  232      0.2222          -0     0.02115     2.824   134    3    6      0.9478    0    207      9    207     12    T0987TS322-D2.pdb:A  SCOP d1uhla_
  233      0.2216          -0      0.1804     1.699   112    3    7      0.9375    0    207      9    207     14    T0987TS322-D2.pdb:A  SCOP d1fyaa_
  234      0.2214          -0      0.3978     2.982   135    3    5      0.9481    0    207      9    200     11    T0987TS322-D2.pdb:A  SCOP d1nh3a2
  235      0.2213          -0      0.2228     2.160    80    2    4       0.925    0    207      9     92      9    T0987TS322-D2.pdb:A  SCOP d1mixa2
  236      0.2211          -0      0.1584     2.402   104    2    6      0.9423    0    207      9    144     10    T0987TS322-D2.pdb:A  SCOP d2c3oa3
  237      0.2211          -0      0.1584     2.403   104    2    6      0.9423    0    207      9    144     10    T0987TS322-D2.pdb:A  SCOP d2c3ya3
  238      0.2211          -0      0.1584     2.403   104    2    6      0.9423    0    207      9    144     10    T0987TS322-D2.pdb:A  SCOP d2c3pa3
  239      0.2211          -0      0.1584     2.403   104    2    6      0.9423    0    207      9    144     10    T0987TS322-D2.pdb:A  SCOP d2c3ua3
  240      0.2205          -0       1.533     2.325    88    2    3      0.9659    0    207      9    106      9    T0987TS322-D2.pdb:A  SCOP d1jbwa1
  241      0.2185          -0       0.462     1.817    69    2    3      0.9275    0    207      9     77      7    T0987TS322-D2.pdb:A  SCOP d1w9ea2
  242      0.2167          -0       1.363     2.566    89    3    5      0.9438    0    207      9    102     12    T0987TS322-D2.pdb:A  SCOP d1mv8a3
  243      0.2162          -0     0.01153     2.102   103    3    7      0.9126    0    207      9    159     12    T0987TS322-D2.pdb:A  SCOP d2j0sa2
  244      0.2146          -0       1.089     2.338    87    2    4      0.9655    0    207      9    106      9    T0987TS322-D2.pdb:A  SCOP d2gcaa1
  245      0.2146          -0       1.452     2.338    87    2    4      0.9655    0    207      9    106      9    T0987TS322-D2.pdb:A  SCOP d2gcba1
  246      0.2146          -0       1.452     2.338    87    2    4      0.9655    0    207      9    106      9    T0987TS322-D2.pdb:A  SCOP d1jbva1
  247      0.2078          -0       2.623     0.000    44    2    0           1    0    207      9     45      6    T0987TS322-D2.pdb:A  SCOP d1jdca1
  248      0.2069    0.001598       1.766     2.253    87    2    3      0.9655    0    207      9    113      6    T0987TS322-D2.pdb:A  SCOP d1cg2a2
  249      0.2065          -0       2.609     0.244    44    2    0           1    0    207      9     45      6    T0987TS322-D2.pdb:A  SCOP d1gcya1
  250      0.2052          -0         3.8     0.000    47    2    2           1    0    207      9     52      9    T0987TS322-D2.pdb:A  SCOP d1pkya3
  251      0.2046          -0      0.2912     1.753    75    2    7        0.92    0    207      9     99     10    T0987TS322-D2.pdb:A  SCOP d1vkla3
  252      0.2038          -0      0.3978     3.020   131    3    5      0.9466    0    207      9    202     11    T0987TS322-D2.pdb:A  SCOP d1k4sa2
  253      0.2026          -0       1.766     2.235   105    3    7      0.9714    0    207      9    169     14    T0987TS322-D2.pdb:A  SCOP d1sqqa2
  254      0.1997          -0       1.057     2.895    88    2    2      0.9773    0    207      9     97      7    T0987TS322-D2.pdb:A  SCOP d1okea1
  255      0.1997          -0       1.057     2.895    88    2    2      0.9773    0    207      9     97      7    T0987TS322-D2.pdb:A  SCOP d1oana1
  256      0.1996          -0       3.657     0.000    45    2    2           1    0    207      9     49      9    T0987TS322-D2.pdb:A  SCOP d1e0ua3
  257      0.1996          -0       4.152     0.000    45    2    2           1    0    207      9     49      9    T0987TS322-D2.pdb:A  SCOP d1e0ta3
  258      0.1988          -0     0.05617     3.718   147    3    8      0.9592    0    207      9    207     11    T0987TS322-D2.pdb:A  SCOP d1mkpa_
  259      0.1985          -0      0.2912     1.764    74    2    7      0.9189    0    207      9     99     10    T0987TS322-D2.pdb:A  SCOP d1c47a3
  260      0.1985          -0      0.2912     1.764    74    2    7      0.9189    0    207      9     99     10    T0987TS322-D2.pdb:A  SCOP d1lxta3
  261      0.1983          -0     0.07587     2.995   100    3    3        0.95    0    207      9    122     10    T0987TS322-D2.pdb:A  SCOP d1sz0a3
  262      0.1982          -0     0.04812     2.245   104    3    7      0.9712    0    207      9    169     15    T0987TS322-D2.pdb:A  SCOP d1pp9a2
  263      0.1982          -0       1.363     2.245   104    3    7      0.9712    0    207      9    169     14    T0987TS322-D2.pdb:A  SCOP d2fyua2
  264      0.1982          -0       1.758     2.245   104    3    7      0.9712    0    207      9    169     14    T0987TS322-D2.pdb:A  SCOP d1ntza2
  265      0.1982          -0       1.758     2.245   104    3    7      0.9712    0    207      9    169     14    T0987TS322-D2.pdb:A  SCOP d1l0na2
  266      0.1982          -0       1.363     2.246   104    3    7      0.9712    0    207      9    169     14    T0987TS322-D2.pdb:A  SCOP d1sqxa2
  267      0.1982          -0     0.04812     2.246   104    3    7      0.9712    0    207      9    169     15    T0987TS322-D2.pdb:A  SCOP d1ppja2
  268      0.1972          -0      0.3498     3.575   143    4    5      0.9441    0    207      9    207     17    T0987TS322-D2.pdb:A  SCOP d1mk2a_
  269      0.1937          -0     0.04812     2.256   103    3    7      0.9709    0    207      9    169     15    T0987TS322-D2.pdb:A  SCOP d2a06a2
  270      0.1937          -0       1.782     2.256   103    3    7      0.9709    0    207      9    169     14    T0987TS322-D2.pdb:A  SCOP d1ntka2
  271      0.1936          -0      0.1147     2.312   115    5    5      0.9739    0    207      9    207     23    T0987TS322-D2.pdb:A  SCOP d1nlza_
  272      0.1933          -0       3.669     0.000    51    3    3           1    0    207      9     65     13    T0987TS322-D2.pdb:A  SCOP d1e8ca2
  273      0.1925          -0      0.2912     1.776    73    2    7      0.9178    0    207      9     99     10    T0987TS322-D2.pdb:A  SCOP d1jdya3
  274      0.1925          -0      0.2912     1.776    73    2    7      0.9178    0    207      9     99     10    T0987TS322-D2.pdb:A  SCOP d3pmga3
  275      0.1925          -0     0.02707     3.026   129    2    2      0.9612    0    207      9    207      8    T0987TS322-D2.pdb:A  SCOP d1u3ya_
  276       0.192          -0       2.738     3.158    99    2    3      0.9394    0    207      9    117      9    T0987TS322-D2.pdb:A  SCOP d1ktva1
  277      0.1903          -0       2.336     2.554    76    2    2      0.9474    0    207      9     85      9    T0987TS322-D2.pdb:A  SCOP d1jala2
  278      0.1892          -0    0.003988     3.349   119    3    5       0.916    0    207      9    161     13    T0987TS322-D2.pdb:A  SCOP d2gjaa1
  279      0.1834          -0       3.317     2.951    86    3    2      0.9651    0    207      9     99      7    T0987TS322-D2.pdb:A  SCOP d1rera1
  280      0.1832          -0      0.4167     2.398    65    2    3      0.9231    0    207      9     68      6    T0987TS322-D2.pdb:A  SCOP d2dt2a2
  281      0.1832          -0      0.4167     2.398    65    2    3      0.9231    0    207      9     68      6    T0987TS322-D2.pdb:A  SCOP d2aosa2
  282      0.1832          -0      0.4167     2.398    65    2    3      0.9231    0    207      9     68      6    T0987TS322-D2.pdb:A  SCOP d1zu8a2
  283      0.1832          -0      0.4167     2.398    65    2    3      0.9231    0    207      9     68      6    T0987TS322-D2.pdb:A  SCOP d1xhga2
  284      0.1832          -0      0.4167     2.398    65    2    3      0.9231    0    207      9     68      6    T0987TS322-D2.pdb:A  SCOP d2b31a2
  285      0.1832          -0      0.4167     2.398    65    2    3      0.9231    0    207      9     68      6    T0987TS322-D2.pdb:A  SCOP d1sr0a2
  286      0.1832          -0      0.4167     2.398    65    2    3      0.9231    0    207      9     68      6    T0987TS322-D2.pdb:A  SCOP d2olha2
  287      0.1832          -0      0.4167     2.398    65    2    3      0.9231    0    207      9     68      6    T0987TS322-D2.pdb:A  SCOP d1owqa2
  288      0.1832          -0      0.4167     2.398    65    2    3      0.9231    0    207      9     68      6    T0987TS322-D2.pdb:A  SCOP d1zbwa2
  289      0.1832          -0      0.4167     2.398    65    2    3      0.9231    0    207      9     68      6    T0987TS322-D2.pdb:A  SCOP d1ljya2
  290      0.1832          -0      0.4167     2.398    65    2    3      0.9231    0    207      9     68      6    T0987TS322-D2.pdb:A  SCOP d2dt3a2
  291      0.1832          -0      0.4167     2.398    65    2    3      0.9231    0    207      9     68      6    T0987TS322-D2.pdb:A  SCOP d2dt1a2
  292      0.1832          -0      0.4167     2.398    65    2    3      0.9231    0    207      9     68      6    T0987TS322-D2.pdb:A  SCOP d2dt0a2
  293      0.1832          -0      0.4167     2.398    65    2    3      0.9231    0    207      9     68      6    T0987TS322-D2.pdb:A  SCOP d1syta2
  294      0.1823          -0       0.557     2.316    64    2    3      0.9062    0    207      9     68      6    T0987TS322-D2.pdb:A  SCOP d1tfva2
  295      0.1795          -0       2.152     0.976    43    2    1      0.9302    0    207      9     45      6    T0987TS322-D2.pdb:A  SCOP d2amga1
  296      0.1795          -0       2.152     0.976    43    2    1      0.9302    0    207      9     45      6    T0987TS322-D2.pdb:A  SCOP d1jdaa1
  297      0.1795          -0       2.152     0.976    43    2    1      0.9302    0    207      9     45      6    T0987TS322-D2.pdb:A  SCOP d1qi5a1
  298      0.1795          -0       2.152     0.976    43    2    1      0.9302    0    207      9     45      6    T0987TS322-D2.pdb:A  SCOP d1qi3a1
  299      0.1795          -0       2.152     0.976    43    2    1      0.9302    0    207      9     45      6    T0987TS322-D2.pdb:A  SCOP d1qpka1
  300      0.1795          -0       2.152     0.976    43    2    1      0.9302    0    207      9     45      6    T0987TS322-D2.pdb:A  SCOP d1qi4a1
  301      0.1795          -0       2.152     0.976    43    2    1      0.9302    0    207      9     45      6    T0987TS322-D2.pdb:A  SCOP d1jdda1
  302      0.1788          -0      0.4424     3.165    94    2    3      0.9787    0    207      9    113      7    T0987TS322-D2.pdb:A  SCOP d1vixa2
  303      0.1766          -0      0.4167     2.414    64    2    3      0.9219    0    207      9     68      6    T0987TS322-D2.pdb:A  SCOP d1xrva2
  304      0.1766          -0      0.4167     2.414    64    2    3      0.9219    0    207      9     68      6    T0987TS322-D2.pdb:A  SCOP d1zbva2
  305      0.1766          -0      0.4167     2.414    64    2    3      0.9219    0    207      9     68      6    T0987TS322-D2.pdb:A  SCOP d2o92a2
  306      0.1753          -0      0.0638     4.205   138    3    6      0.9638    0    207      9    177     14    T0987TS322-D2.pdb:A  SCOP d1obca2
  307      0.1736          -0      0.1903     3.195    84    3    3      0.9167    0    207      9     92     11    T0987TS322-D2.pdb:A  SCOP d1d8ta1
  308      0.1736          -0      0.1903     3.195    84    3    3      0.9167    0    207      9     92     11    T0987TS322-D2.pdb:A  SCOP d1efua1
  309      0.1736          -0      0.1903     3.195    84    3    3      0.9167    0    207      9     92     11    T0987TS322-D2.pdb:A  SCOP d2bvna1
  310       0.172          -0      0.6312     3.156    90    2    7      0.9333    0    207      9    108      7    T0987TS322-D2.pdb:A  SCOP d1dlja3
  311      0.1717          -0     0.06196     2.464   111    2    3      0.9459    0    207      9    207      8    T0987TS322-D2.pdb:A  SCOP d1h8ga_
  312       0.171          -0     0.02211     2.307   108    3    5      0.9537    0    207      9    207     15    T0987TS322-D2.pdb:A  SCOP d1y08a_
  313      0.1672          -0      0.6312     3.174    89    2    7      0.9326    0    207      9    108      7    T0987TS322-D2.pdb:A  SCOP d1dlia3
  314      0.1661          -0       3.073     0.000    38    2    1           1    0    207      9     42      9    T0987TS322-D2.pdb:A  SCOP d1poja1
  315      0.1655          -0     0.01431     3.089   117    3    7      0.9145    0    207      9    194     13    T0987TS322-D2.pdb:A  SCOP d1z05a2
  316      0.1652          -0       1.115     2.120    62    3    4       0.871    0    207      9     75      8    T0987TS322-D2.pdb:A  SCOP d1v1ia1
  317      0.1643          -0       3.341     1.668    96    2    3      0.9688    0    207      9    207     10    T0987TS322-D2.pdb:A  SCOP d1xu2a_
  318      0.1636          -0     0.02536     3.312   112    3    6      0.9464    0    207      9    167     12    T0987TS322-D2.pdb:A  SCOP d1zcaa2
  319       0.163          -0       5.713     0.000    45    2    2           1    0    207      9     60      9    T0987TS322-D2.pdb:A  SCOP d1g5ha1
  320      0.1615          -0       0.404     3.204   116    3    5      0.9397    0    207      9    188     12    T0987TS322-D2.pdb:A  SCOP d1a31a2
  321      0.1583          -0       0.124     2.975   116    3    5      0.9224    0    207      9    207     11    T0987TS322-D2.pdb:A  SCOP d1dsya_
  322      0.1577          -0      0.1987     2.470    74    2    2      0.9324    0    207      9    100      9    T0987TS322-D2.pdb:A  SCOP d1efta1
  323      0.1577          -0      0.1987     2.470    74    2    2      0.9324    0    207      9    100      9    T0987TS322-D2.pdb:A  SCOP d1exma1
  324      0.1577          -0      0.1987     2.470    74    2    2      0.9324    0    207      9    100      9    T0987TS322-D2.pdb:A  SCOP d1aipa1
  325      0.1559          -0       1.258     4.219   116    2    2      0.9741    0    207      9    140      9    T0987TS322-D2.pdb:A  SCOP d1hqna2
  326      0.1549          -0       1.533     2.072    99    2    4      0.9697    0    207      9    207      7    T0987TS322-D2.pdb:A  SCOP d1rzxa_
  327      0.1549   8.632e-08       2.612     2.261   102    2    4      0.9706    0    207      9    207     10    T0987TS322-D2.pdb:A  SCOP d1hj1a_
  328      0.1548          -0       1.225     2.348    61    2    2      0.9508    0    207      9     72      6    T0987TS322-D2.pdb:A  SCOP d1xi8a1
  329      0.1536          -0     0.03445     2.748   110    2    4      0.9636    0    207      9    207      5    T0987TS322-D2.pdb:A  SCOP d1qmca_
  330      0.1526          -0       2.957     2.426    73    3    3      0.9589    0    207      9    102      8    T0987TS322-D2.pdb:A  SCOP d1bwma1
  331        0.15          -0     0.02371     2.043    97    2    6      0.9485    0    207      9    207      7    T0987TS322-D2.pdb:A  SCOP d1r6ja_
  332        0.15          -0     0.03252     2.043    97    2    6      0.9485    0    207      9    207      7    T0987TS322-D2.pdb:A  SCOP d1obxa_
  333        0.15          -0     0.03252     2.043    97    2    6      0.9485    0    207      9    207      7    T0987TS322-D2.pdb:A  SCOP d1obya_
  334      0.1497    2.59e-08       1.955     1.578    59    2    3      0.8983    0    207      9     88      7    T0987TS322-D2.pdb:A  SCOP d1vkoa2
  335       0.149          -0     0.02384     3.945   132    3    5       0.947    0    207      9    207     15    T0987TS322-D2.pdb:A  SCOP d1tw5a_
  336      0.1472          -0      0.5972     4.115   114    3    6      0.9474    0    207      9    148     12    T0987TS322-D2.pdb:A  SCOP d1xtia2
  337      0.1471          -0      0.8372     4.117   114    3    4      0.9474    0    207      9    148     12    T0987TS322-D2.pdb:A  SCOP d1xtka2
  338       0.143   1.554e-12      0.4359     3.302    86    2    3      0.9767    0    207      9    113      7    T0987TS322-D2.pdb:A  SCOP d1fnoa3
  339      0.1409          -0       3.669     0.000    35    3    1           1    0    207      9     42     14    T0987TS322-D2.pdb:A  SCOP d1kola1
  340      0.1399          -0      0.6498     2.108    61    2    2      0.9016    0    207      9     86      9    T0987TS322-D2.pdb:A  SCOP d1yp2a1
  341      0.1399          -0      0.6498     2.108    61    2    2      0.9016    0    207      9     86      8    T0987TS322-D2.pdb:A  SCOP d1yp4a1
  342      0.1399          -0      0.6498     2.108    61    2    2      0.9016    0    207      9     86      9    T0987TS322-D2.pdb:A  SCOP d1yp3a1
  343      0.1385          -0       1.508     2.484   100    2    4        0.97    0    207      9    207      7    T0987TS322-D2.pdb:A  SCOP d1ry4a_
  344      0.1384          -0     0.01626     3.005   109    2    3      0.9541    0    207      9    207     10    T0987TS322-D2.pdb:A  SCOP d1fgya_
  345      0.1384          -0     0.01626     3.005   109    2    3      0.9541    0    207      9    207     10    T0987TS322-D2.pdb:A  SCOP d1fgza_
  346      0.1377          -0      0.0427     3.016   101    3    8      0.9109    0    207      9    178     12    T0987TS322-D2.pdb:A  SCOP d1iyla2
  347      0.1377          -0      0.0427     3.016   101    3    8      0.9109    0    207      9    178     12    T0987TS322-D2.pdb:A  SCOP d1nmta2
  348      0.1375          -0       3.384     2.724    59    3    2      0.9492    0    207      9     67      9    T0987TS322-D2.pdb:A  SCOP d1ei5a1
  349      0.1368          -0      0.2082     2.900    74    2    2      0.9324    0    207      9    100     10    T0987TS322-D2.pdb:A  SCOP d2c78a1
  350      0.1364          -0      0.2694     2.064    52    2    4      0.8846    0    207      9     65      6    T0987TS322-D2.pdb:A  SCOP d1itxa2
  351      0.1354          -0      0.2082     2.900    74    2    2      0.9324    0    207      9    101      8    T0987TS322-D2.pdb:A  SCOP d1ttta1
  352      0.1349          -0      0.4006     3.159    79    3    3      0.9114    0    207      9    106     15    T0987TS322-D2.pdb:A  SCOP d1ud1a2
  353      0.1349          -0      0.2923     3.159    79    3    3      0.9114    0    207      9    106     15    T0987TS322-D2.pdb:A  SCOP d1ucxa2
  354      0.1343          -0      0.0427     3.031   100    3    8        0.91    0    207      9    178     12    T0987TS322-D2.pdb:A  SCOP d1iyka2
  355      0.1343          -0      0.5972     4.295   112    3    6      0.9464    0    207      9    148     11    T0987TS322-D2.pdb:A  SCOP d1xtja2
  356      0.1324          -0      0.3862     3.116    89    4    7      0.9326    0    207      9    139     18    T0987TS322-D2.pdb:A  SCOP d1q57a1
  357      0.1318          -0       1.755     3.872   116    3    3      0.9569    0    207      9    185     12    T0987TS322-D2.pdb:A  SCOP d1ttua2
  358      0.1317          -0       1.331     1.116    32    2    1      0.9062    0    207      9     33      9    T0987TS322-D2.pdb:A  SCOP d2dpka1
  359      0.1316          -0     0.09778     3.590    83    2    4      0.9277    0    207      9    104      9    T0987TS322-D2.pdb:A  SCOP d1jmca2
  360      0.1315          -0       1.065     3.157    62    2    1      0.9516    0    207      9     67      7    T0987TS322-D2.pdb:A  SCOP d1azya3
  361      0.1308          -0       1.204     4.010   125    3    9       0.976    0    207      9    207     15    T0987TS322-D2.pdb:A  SCOP d1gwxa_
  362      0.1306          -0      0.4374     4.278   106    3    5      0.9434    0    207      9    137     13    T0987TS322-D2.pdb:A  SCOP d1m6ia2
  363       0.127          -0       2.922     1.132    31    3    1      0.9032    0    207      9     32      8    T0987TS322-D2.pdb:A  SCOP d2fwsa1
  364      0.1263          -0       1.985     2.915    72    3    4      0.9306    0    207      9    102     12    T0987TS322-D2.pdb:A  SCOP d1muua3
  365      0.1263          -0      0.9383     3.181    61    2    2      0.9508    0    207      9     67      7    T0987TS322-D2.pdb:A  SCOP d1otpa3
  366      0.1263          -0      0.9383     3.181    61    2    2      0.9508    0    207      9     67      7    T0987TS322-D2.pdb:A  SCOP d2tpta3
  367      0.1255          -0     0.02674     2.842   101    3    5      0.9109    0    207      9    207     12    T0987TS322-D2.pdb:A  SCOP d1p4pa_
  368      0.1253          -0   0.0005131     4.095   124    3    5      0.9435    0    207      9    207      7    T0987TS322-D2.pdb:A  SCOP d1jrua_
  369       0.123          -0        2.37     3.145    84    3    2      0.9643    0    207      9    132     13    T0987TS322-D2.pdb:A  SCOP d1ne6a2
  370      0.1217          -0       1.662     3.322    81    2    3      0.9753    0    207      9    117      7    T0987TS322-D2.pdb:A  SCOP d2imoa2
  371      0.1215          -0      0.1011     3.286    74    2    5      0.9054    0    207      9     99      8    T0987TS322-D2.pdb:A  SCOP d1c4ga3
  372      0.1189          -0     0.01639     3.572   111    3    3      0.9369    0    207      9    207     11    T0987TS322-D2.pdb:A  SCOP d1fhxa_
  373      0.1186          -0     0.05189     3.525   110    2    3      0.9455    0    207      9    207      8    T0987TS322-D2.pdb:A  SCOP d1my5a_
  374      0.1186          -0     0.05189     3.525   110    2    3      0.9455    0    207      9    207      8    T0987TS322-D2.pdb:A  SCOP d1my7a_
  375      0.1182          -0     0.01533     3.307    71    3    3      0.8732    0    207      9     93      6    T0987TS322-D2.pdb:A  SCOP d1zoka1
  376       0.118          -0       1.339     3.558    69    3    2      0.9565    0    207      9     81     12    T0987TS322-D2.pdb:A  SCOP d1o7fa3
  377      0.1179          -0       1.662     3.341    80    2    3       0.975    0    207      9    117      8    T0987TS322-D2.pdb:A  SCOP d1z2la2
  378      0.1179          -0     0.04719     3.483    71    2    3      0.9437    0    207      9     88      9    T0987TS322-D2.pdb:A  SCOP d1szna1
  379      0.1152   1.527e-08      0.3081     1.962    80    2    9        0.95    0    207      9    188      9    T0987TS322-D2.pdb:A  SCOP d1kw2a2
  380      0.1145          -0       2.663     2.728    69    2    3      0.9565    0    207      9    110      9    T0987TS322-D2.pdb:A  SCOP d1jxea1
  381      0.1141          -0    0.001265     4.779   124    3    5      0.9274    0    207      9    184     15    T0987TS322-D2.pdb:A  SCOP d1zxca1
  382      0.1098          -0     0.02211     2.441    69    2    4      0.9275    0    207      9    126      9    T0987TS322-D2.pdb:A  SCOP d1o75a1
  383      0.1097          -0     0.03643     2.637    87    2    7       0.931    0    207      9    188      9    T0987TS322-D2.pdb:A  SCOP d7mdha2
  384      0.1092          -0       0.337     2.645    47    2    3      0.8723    0    207      9     55     10    T0987TS322-D2.pdb:A  SCOP d1dxla3
  385      0.1083          -0       1.373     3.345   102    3    3      0.9412    0    207      9    207     15    T0987TS322-D2.pdb:A  SCOP d1fica_
  386      0.1078          -0       3.008     1.916    35    2    2      0.9429    0    207      9     39     10    T0987TS322-D2.pdb:A  SCOP d2grta3
  387      0.1067          -0     0.05936     3.650    74    2    2      0.9189    0    207      9    100      5    T0987TS322-D2.pdb:A  SCOP d1ob5a1
  388      0.1056          -0     0.02707     2.998    73    2    3      0.9315    0    207      9    122     10    T0987TS322-D2.pdb:A  SCOP d2pola3
  389      0.1056          -0     0.02707     2.998    73    2    3      0.9315    0    207      9    122     10    T0987TS322-D2.pdb:A  SCOP d1mmia3
  390      0.1053          -0     0.01241     3.095    71    3    3      0.8732    0    207      9    112      9    T0987TS322-D2.pdb:A  SCOP d1lmka2
  391      0.1049          -0     0.01366     3.869    84    3    4      0.9286    0    207      9    122     13    T0987TS322-D2.pdb:A  SCOP d1yi0a1
  392      0.1049          -0     0.01366     3.869    84    3    4      0.9286    0    207      9    122     14    T0987TS322-D2.pdb:A  SCOP d1z8na1
  393      0.1049          -0     0.01366     3.869    84    3    4      0.9286    0    207      9    122     14    T0987TS322-D2.pdb:A  SCOP d1yhza1
  394      0.1049          -0     0.01366     3.869    84    3    4      0.9286    0    207      9    122     15    T0987TS322-D2.pdb:A  SCOP d1yi1a1
  395      0.1027          -0       1.413     2.795    71    3    5      0.9296    0    207      9    127     13    T0987TS322-D2.pdb:A  SCOP d1hyua1
  396      0.1021          -0     0.02707     3.017    72    2    3      0.9306    0    207      9    122     10    T0987TS322-D2.pdb:A  SCOP d1unna3
  397      0.1017          -0     0.01366     3.891    83    3    4      0.9277    0    207      9    122     14    T0987TS322-D2.pdb:A  SCOP d1yhya1
  398      0.1017          -0     0.01366     3.891    83    3    4      0.9277    0    207      9    122     14    T0987TS322-D2.pdb:A  SCOP d1ybha1
  399      0.1013          -0       0.108     2.561    74    2    4      0.9189    0    207      9    151      9    T0987TS322-D2.pdb:A  SCOP d1ox0a2
  400      0.1008          -0       1.698     1.167    29    2    2      0.8966    0    207      9     35      7    T0987TS322-D2.pdb:A  SCOP d1k35a4
  401      0.1008          -0       1.698     1.167    29    2    2      0.8966    0    207      9     35      6    T0987TS322-D2.pdb:A  SCOP d2fkfa4
  402      0.1007          -0       1.383     2.646    85    3    3      0.9412    0    207      9    195     14    T0987TS322-D2.pdb:A  SCOP d1sp8a2
  403     0.09945          -0      0.6023     1.027    69    4    2       0.971    0    207      9    207     17    T0987TS322-D2.pdb:A  SCOP d1u05a_
  404     0.09945          -0      0.6023     1.027    69    4    2       0.971    0    207      9    207     18    T0987TS322-D2.pdb:A  SCOP d1xafa_
  405     0.09811          -0       1.387     2.411    62    3    5      0.9355    0    207      9    115     13    T0987TS322-D2.pdb:A  SCOP d1gt8a3
  406     0.09811          -0       1.387     2.411    62    3    5      0.9355    0    207      9    115     13    T0987TS322-D2.pdb:A  SCOP d1gtha3
  407     0.09811          -0       1.387     2.411    62    3    5      0.9355    0    207      9    115     13    T0987TS322-D2.pdb:A  SCOP d1h7wa3
  408     0.09811          -0       1.387     2.411    62    3    5      0.9355    0    207      9    115     13    T0987TS322-D2.pdb:A  SCOP d1gtea3
  409     0.09811          -0       1.387     2.411    62    3    5      0.9355    0    207      9    115     13    T0987TS322-D2.pdb:A  SCOP d1h7xa3
  410     0.09763          -0       1.242     3.385    61    2    3      0.9508    0    207      9     81      6    T0987TS322-D2.pdb:A  SCOP d1kk1a2
  411     0.09763          -0       1.242     3.385    61    2    3      0.9508    0    207      9     81      6    T0987TS322-D2.pdb:A  SCOP d1kk3a2
  412     0.09763          -0       1.242     3.385    61    2    3      0.9508    0    207      9     81      6    T0987TS322-D2.pdb:A  SCOP d1kk2a2
  413     0.09763          -0       1.242     3.385    61    2    3      0.9508    0    207      9     81      6    T0987TS322-D2.pdb:A  SCOP d1kk0a2
  414     0.09763          -0       1.242     3.385    61    2    3      0.9508    0    207      9     81      7    T0987TS322-D2.pdb:A  SCOP d1kjza2
  415     0.09755          -0      0.1848     3.207    61    2    2      0.9016    0    207      9     86      6    T0987TS322-D2.pdb:A  SCOP d1dgsa2
  416     0.09751          -0       1.193     2.923    43    2    2      0.9302    0    207      9     47     10    T0987TS322-D2.pdb:A  SCOP d1v59a3
  417     0.09719          -0       2.822     1.955    66    2    4      0.9697    0    207      9    152     10    T0987TS322-D2.pdb:A  SCOP d1e5da1
  418     0.09693          -0      0.1506     2.489    72    3    6      0.9583    0    207      9    153     15    T0987TS322-D2.pdb:A  SCOP d1bifa2
  419     0.09418          -0       1.086     3.775    96    3    6      0.9271    0    207      9    183     13    T0987TS322-D2.pdb:A  SCOP d1lw7a2
  420     0.09392          -0       1.355     3.596    60    2    2        0.95    0    207      9     76      6    T0987TS322-D2.pdb:A  SCOP d2nqua1
  421     0.09321          -0       3.127     2.066    48    2    1      0.9375    0    207      9     81      5    T0987TS322-D2.pdb:A  SCOP d1r3ea1
  422     0.09259          -0      0.6921     3.316    58    3    3      0.8793    0    207      9     79     13    T0987TS322-D2.pdb:A  SCOP d2kzza1
  423     0.09095          -0    0.001909     5.259   126    4    9       0.881    0    207      9    207     15    T0987TS322-D2.pdb:A  SCOP d1fgxa_
  424     0.09085          -0      0.2711     1.728    72    3    2      0.9583    0    207      9    207     15    T0987TS322-D2.pdb:A  SCOP d1mv5a_
  425     0.09067          -0       1.665     3.640    98    3    6      0.9286    0    207      9    207     14    T0987TS322-D2.pdb:A  SCOP d1ekja_
  426     0.09067          -0      0.2179     3.236    77    2    5      0.9481    0    207      9    146      9    T0987TS322-D2.pdb:A  SCOP d2fwra1
  427     0.09059          -0    0.001951     3.705    99    3    5      0.9091    0    207      9    207      9    T0987TS322-D2.pdb:A  SCOP d1wida_
  428     0.08902          -0    0.001909     5.279   125    4    9        0.88    0    207      9    207     15    T0987TS322-D2.pdb:A  SCOP d1fr8a_
  429     0.08882          -0      0.6745     3.337    57    3    3      0.8772    0    207      9     79     14    T0987TS322-D2.pdb:A  SCOP d2kzma1
  430     0.08882          -0      0.6745     3.337    57    3    3      0.8772    0    207      9     79     13    T0987TS322-D2.pdb:A  SCOP d2kfza1
  431     0.08882          -0      0.6745     3.337    57    3    3      0.8772    0    207      9     79     13    T0987TS322-D2.pdb:A  SCOP d2kfna1
  432     0.08789          -0    0.002024     5.268   124    4    8      0.8952    0    207      9    207     15    T0987TS322-D2.pdb:A  SCOP d1pzta_
  433     0.08688          -0      0.9149     3.403    57    3    5       0.807    0    207      9     79     14    T0987TS322-D2.pdb:A  SCOP d1d9da1
  434     0.08688          -0      0.9149     3.403    57    3    5       0.807    0    207      9     79     13    T0987TS322-D2.pdb:A  SCOP d1d8ya1
  435     0.08688          -0      0.9149     3.403    57    3    5       0.807    0    207      9     79     14    T0987TS322-D2.pdb:A  SCOP d1d9fa1
  436     0.08673          -0       1.193     2.988    41    2    3      0.9268    0    207      9     47     10    T0987TS322-D2.pdb:A  SCOP d1jeha3
  437      0.0867          -0     0.01018     3.392    92    3    3      0.9457    0    207      9    207      7    T0987TS322-D2.pdb:A  SCOP d1mzka_
  438     0.08507          -0      0.6658     3.360    56    3    3       0.875    0    207      9     79     14    T0987TS322-D2.pdb:A  SCOP d1kfsa1
  439     0.08507          -0      0.6658     3.360    56    3    3       0.875    0    207      9     79     13    T0987TS322-D2.pdb:A  SCOP d1krpa1
  440     0.08507          -0      0.6658     3.360    56    3    3       0.875    0    207      9     79     13    T0987TS322-D2.pdb:A  SCOP d1kfda1
  441     0.08507          -0      0.6658     3.360    56    3    3       0.875    0    207      9     79     13    T0987TS322-D2.pdb:A  SCOP d1klna1
  442     0.08505          -0      0.4808     4.989    96    4    4      0.9062    0    207      9    139     10    T0987TS322-D2.pdb:A  SCOP d1cjda2
  443     0.08493          -0       1.097     2.634    48    3    2      0.9375    0    207      9     74      7    T0987TS322-D2.pdb:A  SCOP d2cdqa2
  444     0.08475          -0      0.2328     2.601    52    2    3      0.8462    0    207      9     88      6    T0987TS322-D2.pdb:A  SCOP d1e15a3
  445     0.08475          -0      0.2328     2.601    52    2    3      0.8462    0    207      9     88      6    T0987TS322-D2.pdb:A  SCOP d1gpfa3
  446     0.08475          -0       0.194     2.601    52    2    3      0.8462    0    207      9     88      6    T0987TS322-D2.pdb:A  SCOP d1goia3
  447     0.08475          -0      0.2328     2.601    52    2    3      0.8462    0    207      9     88      6    T0987TS322-D2.pdb:A  SCOP d1o6ia3
  448     0.08475          -0      0.2328     2.601    52    2    3      0.8462    0    207      9     88      6    T0987TS322-D2.pdb:A  SCOP d1e6pa3
  449     0.08475          -0      0.2328     2.601    52    2    3      0.8462    0    207      9     88      6    T0987TS322-D2.pdb:A  SCOP d1ogba3
  450     0.08475          -0       0.194     2.601    52    2    3      0.8462    0    207      9     88      6    T0987TS322-D2.pdb:A  SCOP d1e6za3
  451     0.08475          -0      0.2328     2.601    52    2    3      0.8462    0    207      9     88      6    T0987TS322-D2.pdb:A  SCOP d1ogga3
  452     0.08395          -0       1.524     3.221    88    4    5      0.9091    0    207      9    207     19    T0987TS322-D2.pdb:A  SCOP d1j2fa_
  453     0.08395   5.933e-12       0.564     3.159    83    2    8      0.9518    0    207      9    188      9    T0987TS322-D2.pdb:A  SCOP d1ma9a2
  454     0.07888          -0       0.134     3.765    58    2    4      0.9138    0    207      9     80      7    T0987TS322-D2.pdb:A  SCOP d1skqa2
  455     0.07888          -0       0.134     3.765    58    2    4      0.9138    0    207      9     80      7    T0987TS322-D2.pdb:A  SCOP d1jnya2
  456     0.07882          -0       1.373     3.001    61    3    4       0.918    0    207      9    114     12    T0987TS322-D2.pdb:A  SCOP d1fl2a1
  457     0.07745          -0      0.0779     4.320   101    3    5      0.9406    0    207      9    207     15    T0987TS322-D2.pdb:A  SCOP d1n9pa_
  458     0.07725          -0       1.492     2.899    80    2    4      0.9625    0    207      9    207     10    T0987TS322-D2.pdb:A  SCOP d1ksxa_
  459     0.07701          -0      0.4886     3.763    65    2    4      0.9538    0    207      9    103      7    T0987TS322-D2.pdb:A  SCOP d2alza1
  460      0.0769          -0     0.03445     3.824    93    2    4      0.9355    0    207      9    207      8    T0987TS322-D2.pdb:A  SCOP d1ja3a_
  461     0.07607          -0    0.009138     3.297    68    3    5      0.8824    0    207      9    133     13    T0987TS322-D2.pdb:A  SCOP d1gv4a2
  462     0.07601          -0    0.001699     4.531    88    4    4       0.875    0    207      9    150     16    T0987TS322-D2.pdb:A  SCOP d2clta1
  463     0.07576          -0     0.01431     3.870    93    3    5      0.9032    0    207      9    207     11    T0987TS322-D2.pdb:A  SCOP d1fl0a_
  464     0.07574          -0      0.6522     2.515    31    2    2      0.9032    0    207      9     36     10    T0987TS322-D2.pdb:A  SCOP d1h6va3
  465     0.07467          -0     0.04057     3.210    57    2    3      0.9474    0    207      9     98      8    T0987TS322-D2.pdb:A  SCOP d2d11a2
  466     0.07464          -0     0.01542     5.077    94    4    7      0.8617    0    207      9    148     10    T0987TS322-D2.pdb:A  SCOP d1u0ma2
  467     0.07407          -0      0.3024     2.538    55    2    3      0.9636    0    207      9    115     10    T0987TS322-D2.pdb:A  SCOP d1eqra2
  468     0.07325          -0    0.007101     3.772    90    3    5      0.9333    0    207      9    207     15    T0987TS322-D2.pdb:A  SCOP d1u7ua_
  469     0.07278          -0   0.0003414     5.029   109    4    6      0.8991    0    207      9    207     18    T0987TS322-D2.pdb:A  SCOP d1xz6a_
  470     0.07166          -0       1.466     3.418    84    4    6      0.9048    0    207      9    207     18    T0987TS322-D2.pdb:A  SCOP d1qwta_
  471     0.07159          -0       1.386     1.242    25    3    2        0.88    0    207      9     36      7    T0987TS322-D2.pdb:A  SCOP d1j4za3
  472     0.07159          -0       1.142     1.242    25    2    2        0.88    0    207      9     36      5    T0987TS322-D2.pdb:A  SCOP d1ioka3
  473      0.0712          -0      0.1393     3.824    59    3    3      0.8305    0    207      9     90      7    T0987TS322-D2.pdb:A  SCOP d1ob5a2
  474     0.07109          -0      0.3311     3.677    77    3    3      0.9351    0    207      9    161     13    T0987TS322-D2.pdb:A  SCOP d2gj9a1
  475     0.07109          -0      0.3311     3.677    77    3    3      0.9351    0    207      9    161     13    T0987TS322-D2.pdb:A  SCOP d2gj8a1
  476     0.07106          -0       1.805     1.991    28    3    2      0.7143    0    207      9     37      6    T0987TS322-D2.pdb:A  SCOP d1zjka3
  477     0.07103          -0       1.065     3.819    63    2    4      0.9524    0    207      9    103      6    T0987TS322-D2.pdb:A  SCOP d1t3na1
  478     0.07097          -0   0.0003414     5.052   108    4    7      0.8981    0    207      9    207     18    T0987TS322-D2.pdb:A  SCOP d1r7va_
  479     0.07058   5.052e-08       1.925     3.650    50    2    6        0.08    0    207      9     69      4    T0987TS322-D2.pdb:A  SCOP d1wama2
  480     0.07045          -0       3.165     2.390    42    2    7     0.07143    0    207      9     74      9    T0987TS322-D2.pdb:A  SCOP d2ajta1
  481     0.07045          -0       3.165     2.390    42    2    7     0.07143    0    207      9     74      9    T0987TS322-D2.pdb:A  SCOP d2hxga1
  482     0.07043          -0      0.3114     4.191    93    3    7      0.9032    0    207      9    201     15    T0987TS322-D2.pdb:A  SCOP d1g99a2
  483     0.07043          -0      0.3114     4.191    93    3    7      0.9032    0    207      9    201     15    T0987TS322-D2.pdb:A  SCOP d1tuua2
  484     0.07043          -0      0.3114     4.191    93    3    7      0.9032    0    207      9    201     14    T0987TS322-D2.pdb:A  SCOP d1tuya2
  485     0.07014          -0      0.3982     2.011    66    4    5      0.9394    0    207      9    207     18    T0987TS322-D2.pdb:A  SCOP d1edoa_
  486     0.06878          -0    0.000761     5.020    69    3    4      0.8551    0    207      9     88      6    T0987TS322-D2.pdb:A  SCOP d1ur9a3
  487     0.06874          -0    0.000761     5.022    69    3    4      0.8551    0    207      9     88      6    T0987TS322-D2.pdb:A  SCOP d1ur8a3
  488     0.06867          -0       1.217     3.521    52    2    6     0.05769    0    207      9     80      5    T0987TS322-D2.pdb:A  SCOP d2ab4a1
  489      0.0683          -0     0.03252     3.749    47    3    3      0.8723    0    207      9     61     10    T0987TS322-D2.pdb:A  SCOP d1fcca2
  490      0.0683          -0     0.03252     3.749    47    3    3      0.8723    0    207      9     61      9    T0987TS322-D2.pdb:A  SCOP d1h3va2
  491      0.0683          -0     0.03252     3.749    47    3    3      0.8723    0    207      9     61      9    T0987TS322-D2.pdb:A  SCOP d1t83a2
  492      0.0683          -0     0.03252     3.749    47    3    3      0.8723    0    207      9     61      9    T0987TS322-D2.pdb:A  SCOP d1adqa2
  493      0.0683          -0     0.03252     3.749    47    3    3      0.8723    0    207      9     61      9    T0987TS322-D2.pdb:A  SCOP d1h3ua2
  494      0.0683          -0     0.02536     3.749    47    3    3      0.8723    0    207      9     61     11    T0987TS322-D2.pdb:A  SCOP d1oqoa2
