<html><head></head><body><pre style="word-wrap: break-word; white-space: pre-wrap;"> PDBe Fold v2.59. (src3) 14 Apr 2014 result file.

                   RESULT SUMMARY

   ##      Q-score      P-score     Z-score   RMSD    Nalgn Nsse Ngaps Seq-%     Nmd Nres-Q Nsse-Q Nres-T Nsse-T Query Target
    1      0.8975      0.3353        4.72     0.000    72    2    2           1    0     76      4     76      9    T0990TS322-D1.pdb:A  SCOP d1qv0a_
    2      0.8975      0.3353        4.72     0.000    72    2    2           1    0     76      4     76      9    T0990TS322-D1.pdb:A  SCOP d1qv1a_
    3      0.8727       2.487         5.3     0.000    71    2    3           1    0     76      4     76      6    T0990TS322-D1.pdb:A  SCOP d1ucpa_
    4      0.8483       2.081        5.71     0.000    70    2    2           1    0     76      4     76      4    T0990TS322-D1.pdb:A  SCOP d1q0aa_
    5      0.8483       1.677       5.275     0.000    70    2    2           1    0     76      4     76      4    T0990TS322-D1.pdb:A  SCOP d1q09a_
    6      0.8483      0.0737        3.93     0.000    70    2    3           1    0     76      4     76      5    T0990TS322-D1.pdb:A  SCOP d1f0ma_
    7      0.8483       2.909       5.875     0.000    70    2    3           1    0     76      4     76      4    T0990TS322-D1.pdb:A  SCOP d1eh2a_
    8      0.8483       2.291        5.93     0.000    70    2    2           1    0     76      4     76      4    T0990TS322-D1.pdb:A  SCOP d1q08a_
    9      0.8483      0.4234       5.585     0.000    70    2    3           1    0     76      4     76      8    T0990TS322-D1.pdb:A  SCOP d1rtxa_
   10      0.8483       1.439       5.802     0.000    70    2    3           1    0     76      4     76      8    T0990TS322-D1.pdb:A  SCOP d1edua_
   11      0.8483      0.2532        4.36     0.000    70    2    3           1    0     76      4     76      8    T0990TS322-D1.pdb:A  SCOP d1sl7a_
   12       0.845      0.1907        4.55     0.000    68    2    1           1    0     76      4     72      9    T0990TS322-D1.pdb:A  SCOP d1sl9a1
   13      0.8353      0.4236       5.585     0.000    69    2    3           1    0     76      4     75      8    T0990TS322-D1.pdb:A  SCOP d2hz1a1
   14      0.8243       2.438       4.801     0.000    69    2    3           1    0     76      4     76      7    T0990TS322-D1.pdb:A  SCOP d3grxa_
   15      0.8243      0.5489       4.288     0.000    69    2    4           1    0     76      4     76      5    T0990TS322-D1.pdb:A  SCOP d1i5na_
   16      0.8243      0.2289       5.227     0.000    69    2    3           1    0     76      4     76      8    T0990TS322-D1.pdb:A  SCOP d1rtxa_
   17      0.8243     0.04799       3.879     0.000    69    2    3           1    0     76      4     76      5    T0990TS322-D1.pdb:A  SCOP d1v38a_
   18      0.8243       3.027       5.282     0.000    69    2    2           1    0     76      4     76      4    T0990TS322-D1.pdb:A  SCOP d2p06a1
   19      0.8243      0.1803       4.559     0.000    69    2    3           1    0     76      4     76      8    T0990TS322-D1.pdb:A  SCOP d1cffa_
   20      0.8243       2.146       4.667     0.000    69    2    2           1    0     76      4     76      8    T0990TS322-D1.pdb:A  SCOP d7gssa2
   21      0.8243       2.146       4.667     0.000    69    2    2           1    0     76      4     76      8    T0990TS322-D1.pdb:A  SCOP d1kbna2
   22      0.8243       0.206       4.345     0.000    69    2    3           1    0     76      4     76      5    T0990TS322-D1.pdb:A  SCOP d1f0ma_
   23      0.8006       1.017       4.559     0.000    68    3    3           1    0     76      4     76      5    T0990TS322-D1.pdb:A  SCOP d1hula_
   24      0.8006          -0       2.991     0.000    68    1    4           1    0     76      4     76      5    T0990TS322-D1.pdb:A  SCOP d1hula_
   25      0.8006          -0       2.991     0.000    68    1    4           1    0     76      4     76      5    T0990TS322-D1.pdb:A  SCOP d1hula_
   26      0.8006          -0       2.991     0.000    68    1    4           1    0     76      4     76      5    T0990TS322-D1.pdb:A  SCOP d1hula_
   27      0.8006       1.992       4.552     0.000    68    3    3           1    0     76      4     76      5    T0990TS322-D1.pdb:A  SCOP d1c6ra_
   28      0.8006       1.852       5.416     0.000    68    3    3           1    0     76      4     76      5    T0990TS322-D1.pdb:A  SCOP d1gdva_
   29      0.8006       1.363       4.523     0.000    68    2    5           1    0     76      4     76      6    T0990TS322-D1.pdb:A  SCOP d1llia_
   30      0.8006      0.4395       4.481     0.000    68    2    3           1    0     76      4     76      4    T0990TS322-D1.pdb:A  SCOP d1r6ra_
   31      0.8006       1.112       4.616     0.000    68    1    3           1    0     76      4     76      3    T0990TS322-D1.pdb:A  SCOP d1lbua1
   32      0.8006      0.4265       4.952     0.000    68    2    4           1    0     76      4     76      8    T0990TS322-D1.pdb:A  SCOP d1vrka_
   33      0.8006      0.4148       4.438     0.000    68    2    5           1    0     76      4     76      5    T0990TS322-D1.pdb:A  SCOP d1ff1a_
   34      0.8006      0.9389       4.926     0.000    68    2    4           1    0     76      4     76      7    T0990TS322-D1.pdb:A  SCOP d1ggza_
   35      0.8006      0.7861       5.336     0.000    68    3    2           1    0     76      4     76      8    T0990TS322-D1.pdb:A  SCOP d1d9ga_
   36      0.8006      0.7178       5.766     0.000    68    2    3           1    0     76      4     76     10    T0990TS322-D1.pdb:A  SCOP d1rfza_
   37      0.7942       1.334       5.696     0.000    65    2    4           1    0     76      4     70      5    T0990TS322-D1.pdb:A  SCOP d1y6xa1
   38      0.7772       1.106        4.66     0.000    67    2    3           1    0     76      4     76      8    T0990TS322-D1.pdb:A  SCOP d1n0ra_
   39      0.7772       1.458       4.952     0.000    67    3    3           1    0     76      4     76      7    T0990TS322-D1.pdb:A  SCOP d1fg9a_
   40      0.7772     0.06124       5.496     0.000    67    2    3           1    0     76      4     76      9    T0990TS322-D1.pdb:A  SCOP d1tlqa_
   41      0.7772     0.01772       5.227     0.000    67    2    3           1    0     76      4     76     10    T0990TS322-D1.pdb:A  SCOP d1y9ia_
   42      0.7772   7.932e-08       3.879     0.000    67    2    4           1    0     76      4     76      8    T0990TS322-D1.pdb:A  SCOP d1klxa_
   43      0.7772       1.083       4.899     0.000    67    2    2           1    0     76      4     76      8    T0990TS322-D1.pdb:A  SCOP d2a2ra2
   44      0.7772       1.083       4.899     0.000    67    2    2           1    0     76      4     76      8    T0990TS322-D1.pdb:A  SCOP d2a2sa2
   45      0.7772       1.614       4.899     0.000    67    2    2           1    0     76      4     76      7    T0990TS322-D1.pdb:A  SCOP d1tu8a2
   46      0.7772       1.614       4.899     0.000    67    2    2           1    0     76      4     76      7    T0990TS322-D1.pdb:A  SCOP d1gtia2
   47      0.7772       1.614       4.899     0.000    67    2    2           1    0     76      4     76      8    T0990TS322-D1.pdb:A  SCOP d1gsya2
   48      0.7772       1.433       4.687     0.000    67    2    2           1    0     76      4     76      8    T0990TS322-D1.pdb:A  SCOP d2oaca2
   49      0.7772       1.614       4.899     0.000    67    2    2           1    0     76      4     76      8    T0990TS322-D1.pdb:A  SCOP d2glra2
   50      0.7772        2.43       4.899     0.000    67    2    2           1    0     76      4     76      6    T0990TS322-D1.pdb:A  SCOP d1baya2
   51      0.7772       1.614       4.899     0.000    67    2    2           1    0     76      4     76      8    T0990TS322-D1.pdb:A  SCOP d1glpa2
   52      0.7772       1.347       4.899     0.000    67    2    2           1    0     76      4     76      8    T0990TS322-D1.pdb:A  SCOP d1glqa2
   53      0.7772       1.792       5.102     0.000    67    2    2           1    0     76      4     76      7    T0990TS322-D1.pdb:A  SCOP d2gsra2
   54      0.7772       1.203       4.899     0.000    67    2    2           1    0     76      4     76      8    T0990TS322-D1.pdb:A  SCOP d1eoha2
   55      0.7772       1.083       4.899     0.000    67    2    2           1    0     76      4     76      8    T0990TS322-D1.pdb:A  SCOP d1px7a2
   56      0.7772       2.331         5.3     0.000    67    2    2           1    0     76      4     76      6    T0990TS322-D1.pdb:A  SCOP d1kx2a_
   57      0.7772      0.8676       4.423     0.000    67    2    3           1    0     76      4     76      6    T0990TS322-D1.pdb:A  SCOP d1hh7a_
   58      0.7772   0.0002953       2.663     0.000    67    2    5           1    0     76      4     76      4    T0990TS322-D1.pdb:A  SCOP d1iyra_
   59      0.7772      0.8676       4.423     0.000    67    2    3           1    0     76      4     76      6    T0990TS322-D1.pdb:A  SCOP d1i8oa_
   60      0.7772       2.747       5.059     0.000    67    2    2           1    0     76      4     76      3    T0990TS322-D1.pdb:A  SCOP d1kx7a_
   61      0.7642       1.203       4.899     0.000    66    2    2           1    0     76      4     75      8    T0990TS322-D1.pdb:A  SCOP d4gssa2
   62      0.7642       1.203       4.899     0.000    66    2    2           1    0     76      4     75      8    T0990TS322-D1.pdb:A  SCOP d11gsa2
   63      0.7642       1.083       4.899     0.000    66    2    2           1    0     76      4     75      8    T0990TS322-D1.pdb:A  SCOP d18gsa2
   64      0.7642       1.083       4.899     0.000    66    2    2           1    0     76      4     75      8    T0990TS322-D1.pdb:A  SCOP d9gssa2
   65      0.7642       1.203       4.899     0.000    66    2    2           1    0     76      4     75      8    T0990TS322-D1.pdb:A  SCOP d10gsa2
   66      0.7642       1.033       4.687     0.000    66    2    2           1    0     76      4     75      8    T0990TS322-D1.pdb:A  SCOP d20gsa2
   67      0.7642       1.203       4.899     0.000    66    2    2           1    0     76      4     75      8    T0990TS322-D1.pdb:A  SCOP d1eoga2
   68      0.7642       1.203       4.899     0.000    66    2    2           1    0     76      4     75      8    T0990TS322-D1.pdb:A  SCOP d1md4a2
   69      0.7642        2.43       4.899     0.000    66    2    2           1    0     76      4     75      6    T0990TS322-D1.pdb:A  SCOP d14gsa2
   70      0.7642       1.083       4.899     0.000    66    2    2           1    0     76      4     75      8    T0990TS322-D1.pdb:A  SCOP d5gssa2
   71      0.7642       1.203       4.899     0.000    66    2    2           1    0     76      4     75      8    T0990TS322-D1.pdb:A  SCOP d16gsa2
   72      0.7642       1.083       4.899     0.000    66    2    2           1    0     76      4     75      8    T0990TS322-D1.pdb:A  SCOP d1zgna2
   73      0.7642       1.083       4.899     0.000    66    2    2           1    0     76      4     75      8    T0990TS322-D1.pdb:A  SCOP d19gsa2
   74      0.7642       1.083       4.899     0.000    66    2    2           1    0     76      4     75      8    T0990TS322-D1.pdb:A  SCOP d1md3a2
   75      0.7642       1.203       4.899     0.000    66    2    2           1    0     76      4     75      8    T0990TS322-D1.pdb:A  SCOP d12gsa2
   76      0.7642       1.203       4.899     0.000    66    2    2           1    0     76      4     75      8    T0990TS322-D1.pdb:A  SCOP d3gssa2
   77      0.7642      0.6093       4.541     0.000    66    2    4           1    0     76      4     75      6    T0990TS322-D1.pdb:A  SCOP d2gf5a2
   78      0.7642       1.083       4.899     0.000    66    2    2           1    0     76      4     75      8    T0990TS322-D1.pdb:A  SCOP d2gssa2
   79      0.7642       1.083       4.899     0.000    66    2    2           1    0     76      4     75      8    T0990TS322-D1.pdb:A  SCOP d22gsa2
   80      0.7642       1.083       4.899     0.000    66    2    2           1    0     76      4     75      8    T0990TS322-D1.pdb:A  SCOP d6gssa2
   81      0.7569     0.01229       3.743     0.000    63    2    1           1    0     76      4     69      5    T0990TS322-D1.pdb:A  SCOP d1x3aa1
   82      0.7569     0.03097       3.356     0.000    63    2    3           1    0     76      4     69      5    T0990TS322-D1.pdb:A  SCOP d1x40a1
   83      0.7542          -0  1.798e+308     0.000    66    1    4           1    0     76      4     76      4    T0990TS322-D1.pdb:A  SCOP d1q08a_
   84      0.7542          -0  1.798e+308     0.000    66    1    4           1    0     76      4     76      4    T0990TS322-D1.pdb:A  SCOP d1q08a_
   85      0.7542       0.913       5.178     0.000    66    2    3           1    0     76      4     76      4    T0990TS322-D1.pdb:A  SCOP d1eh2a_
   86      0.7542       1.825       4.274     0.000    66    2    2           1    0     76      4     76      5    T0990TS322-D1.pdb:A  SCOP d1daxa_
   87      0.7542       1.346       3.772     0.000    66    2    2           1    0     76      4     76      7    T0990TS322-D1.pdb:A  SCOP d1dfda_
   88      0.7542          -0  1.798e+308     0.000    66    1    4           1    0     76      4     76      4    T0990TS322-D1.pdb:A  SCOP d1q08a_
   89      0.7542      0.2154        4.03     0.000    66    2    5           1    0     76      4     76      5    T0990TS322-D1.pdb:A  SCOP d1f8ha_
   90      0.7542       1.198       4.723     0.000    66    2    2           1    0     76      4     76      3    T0990TS322-D1.pdb:A  SCOP d1du2a_
   91      0.7542       2.875       5.838     0.000    66    2    3           1    0     76      4     76      9    T0990TS322-D1.pdb:A  SCOP d1go0a_
   92      0.7542       1.436       3.678     0.000    66    2    4           1    0     76      4     76      3    T0990TS322-D1.pdb:A  SCOP d1w09a_
   93      0.7542       1.204       3.406     0.000    66    1    4           1    0     76      4     76      3    T0990TS322-D1.pdb:A  SCOP d1xzya_
   94      0.7542       1.361       3.592     0.000    66    2    4           1    0     76      4     76      3    T0990TS322-D1.pdb:A  SCOP d1w0aa_
   95      0.7542      0.6489       3.728     0.000    66    2    3           1    0     76      4     76      5    T0990TS322-D1.pdb:A  SCOP d1i6da_
   96      0.7542      0.2066       3.198     0.000    66    2    3           1    0     76      4     76      7    T0990TS322-D1.pdb:A  SCOP d1eq3a_
   97      0.7542      0.3742       4.702     0.000    66    2    3           1    0     76      4     76      6    T0990TS322-D1.pdb:A  SCOP d1gksa_
   98      0.7542       1.257       5.596     0.000    66    3    3           1    0     76      4     76      7    T0990TS322-D1.pdb:A  SCOP d1d9ca_
   99      0.7542     0.02492       4.545     0.000    66    2    5           1    0     76      4     76     10    T0990TS322-D1.pdb:A  SCOP d1s6ia_
  100      0.7542      0.5283       5.752     0.000    66    2    4           1    0     76      4     76      6    T0990TS322-D1.pdb:A  SCOP d1p8ca_
  101      0.7542       1.637       4.152     0.000    66    2    3           1    0     76      4     76      5    T0990TS322-D1.pdb:A  SCOP d1qu6a1
  102      0.7542      0.6678       4.302     0.000    66    2    3           1    0     76      4     76      6    T0990TS322-D1.pdb:A  SCOP d1q60a_
  103      0.7542       1.213       4.716     0.000    66    2    4           1    0     76      4     76      5    T0990TS322-D1.pdb:A  SCOP d1xs8a_
  104      0.7542       2.408       4.774     0.000    66    2    4           1    0     76      4     76      3    T0990TS322-D1.pdb:A  SCOP d1xbla_
  105      0.7542     0.02161       4.531     0.000    66    2    3           1    0     76      4     76      9    T0990TS322-D1.pdb:A  SCOP d1ahra_
  106      0.7542       2.174       5.211     0.000    66    2    3           1    0     76      4     76      5    T0990TS322-D1.pdb:A  SCOP d1jtba_
  107      0.7542     0.01014       5.116     0.000    66    2    3           1    0     76      4     76      8    T0990TS322-D1.pdb:A  SCOP d1elka_
  108      0.7542       1.418       3.923     0.000    66    2    3           1    0     76      4     76      5    T0990TS322-D1.pdb:A  SCOP d1e8oa_
  109      0.7542      0.9016       5.158     0.000    66    2    3           1    0     76      4     76      5    T0990TS322-D1.pdb:A  SCOP d1ff1a_
  110      0.7542      0.8875       5.144     0.000    66    2    4           1    0     76      4     76      6    T0990TS322-D1.pdb:A  SCOP d1jbga_
  111      0.7542          -0  1.798e+308     0.000    66    1    4           1    0     76      4     76      4    T0990TS322-D1.pdb:A  SCOP d1q08a_
  112      0.7542       2.271       4.788     0.000    66    3    4           1    0     76      4     76      5    T0990TS322-D1.pdb:A  SCOP d1ccha_
  113      0.7512      0.8888       4.001     0.000    65    2    2           1    0     76      4     74      7    T0990TS322-D1.pdb:A  SCOP d1v40a2
  114      0.7512      0.8888       4.001     0.000    65    2    2           1    0     76      4     74      7    T0990TS322-D1.pdb:A  SCOP d1iyia2
  115      0.7485       2.742        5.22     0.000    64    2    3           1    0     76      4     72      4    T0990TS322-D1.pdb:A  SCOP d1au7a2
  116      0.7485      0.8624       4.567     0.000    64    2    2           1    0     76      4     72      4    T0990TS322-D1.pdb:A  SCOP d1o4xa2
  117      0.7355       1.719       4.133     0.000    63    2    3           1    0     76      4     71      6    T0990TS322-D1.pdb:A  SCOP d2a9ua1
  118      0.7315       2.124       5.166     0.000    65    2    2           1    0     76      4     76      8    T0990TS322-D1.pdb:A  SCOP d1bpqa_
  119      0.7315   0.0006822        3.37     0.000    65    2    4           1    0     76      4     76      9    T0990TS322-D1.pdb:A  SCOP d1zmaa1
  120      0.7315       2.189       5.166     0.000    65    2    2           1    0     76      4     76      7    T0990TS322-D1.pdb:A  SCOP d1mkta_
  121      0.7315          -0  1.798e+308     0.000    65    1    4           1    0     76      4     76      4    T0990TS322-D1.pdb:A  SCOP d1kx5a_
  122      0.7315          -0  1.798e+308     0.000    65    1    4           1    0     76      4     76      4    T0990TS322-D1.pdb:A  SCOP d1kx5a_
  123      0.7315          -0  1.798e+308     0.000    65    1    4           1    0     76      4     76      4    T0990TS322-D1.pdb:A  SCOP d1kx5a_
  124      0.7315        2.32       5.291     0.000    65    2    2           1    0     76      4     76      6    T0990TS322-D1.pdb:A  SCOP d1kvya_
  125      0.7315       2.189       5.166     0.000    65    2    2           1    0     76      4     76      8    T0990TS322-D1.pdb:A  SCOP d2bppa_
  126      0.7315       2.258       5.291     0.000    65    2    2           1    0     76      4     76      8    T0990TS322-D1.pdb:A  SCOP d1ceha_
  127      0.7315          -0  1.798e+308     0.000    65    1    4           1    0     76      4     76      4    T0990TS322-D1.pdb:A  SCOP d1q0aa_
  128      0.7315          -0  1.798e+308     0.000    65    1    4           1    0     76      4     76      4    T0990TS322-D1.pdb:A  SCOP d1q0aa_
  129      0.7315       1.378       3.802     0.000    65    1    4           1    0     76      4     76      3    T0990TS322-D1.pdb:A  SCOP d1c6sa_
  130      0.7315       1.224       4.783     0.000    65    3    4           1    0     76      4     76      5    T0990TS322-D1.pdb:A  SCOP d1cyia_
  131      0.7315       1.224       4.783     0.000    65    3    4           1    0     76      4     76      5    T0990TS322-D1.pdb:A  SCOP d1cyja_
  132      0.7315          -0  1.798e+308     0.000    65    1    4           1    0     76      4     76      4    T0990TS322-D1.pdb:A  SCOP d1q0aa_
  133      0.7315          -0  1.798e+308     0.000    65    1    4           1    0     76      4     76      4    T0990TS322-D1.pdb:A  SCOP d1q0aa_
  134      0.7315         1.9       5.461     0.000    65    2    3           1    0     76      4     76      6    T0990TS322-D1.pdb:A  SCOP d1bwoa_
  135      0.7315        1.85       4.837     0.000    65    2    3           1    0     76      4     76      6    T0990TS322-D1.pdb:A  SCOP d1poea_
  136      0.7315          -0  1.798e+308     0.000    65    1    4           1    0     76      4     76      4    T0990TS322-D1.pdb:A  SCOP d1id3a_
  137      0.7315          -0  1.798e+308     0.000    65    1    4           1    0     76      4     76      4    T0990TS322-D1.pdb:A  SCOP d1id3a_
  138      0.7315       2.189       5.166     0.000    65    2    2           1    0     76      4     76      9    T0990TS322-D1.pdb:A  SCOP d1irba_
  139      0.7315   3.106e-07       4.288     0.000    65    2    4           1    0     76      4     76      8    T0990TS322-D1.pdb:A  SCOP d1iwqa_
  140      0.7315       2.124       5.166     0.000    65    2    2           1    0     76      4     76      7    T0990TS322-D1.pdb:A  SCOP d1fdka_
  141      0.7315       2.035       5.113     0.000    65    2    2           1    0     76      4     76      7    T0990TS322-D1.pdb:A  SCOP d1mkva_
  142      0.7315     0.04558       3.457     0.000    65    2    3           1    0     76      4     76     10    T0990TS322-D1.pdb:A  SCOP d1u56a_
  143      0.7315      0.0102       3.786     0.000    65    1    3           1    0     76      4     76      5    T0990TS322-D1.pdb:A  SCOP d3c2ca_
  144      0.7315      0.0102       3.786     0.000    65    1    3           1    0     76      4     76      5    T0990TS322-D1.pdb:A  SCOP d2c2ca_
  145      0.7315       2.129       5.113     0.000    65    2    2           1    0     76      4     76      8    T0990TS322-D1.pdb:A  SCOP d4bp2a_
  146      0.7315      0.3131       3.765     0.000    65    1    4           1    0     76      4     76      5    T0990TS322-D1.pdb:A  SCOP d1kfta_
  147      0.7315   1.426e-12       3.844     0.000    65    2    4           1    0     76      4     76      8    T0990TS322-D1.pdb:A  SCOP d1niwa_
  148      0.7315        2.32       5.291     0.000    65    2    2           1    0     76      4     76      7    T0990TS322-D1.pdb:A  SCOP d1kvwa_
  149      0.7315       2.452       4.573     0.000    65    2    2           1    0     76      4     76      8    T0990TS322-D1.pdb:A  SCOP d2bp2a_
  150      0.7315      0.3374       4.288     0.000    65    2    4           1    0     76      4     76      4    T0990TS322-D1.pdb:A  SCOP d1n0ya_
  151      0.7315       2.035       5.113     0.000    65    2    2           1    0     76      4     76      8    T0990TS322-D1.pdb:A  SCOP d1o2ea_
  152      0.7315       2.258       5.291     0.000    65    2    2           1    0     76      4     76      8    T0990TS322-D1.pdb:A  SCOP d1ceha_
  153      0.7315       2.189       5.166     0.000    65    2    2           1    0     76      4     76      7    T0990TS322-D1.pdb:A  SCOP d1c74a_
  154      0.7315          -0  1.798e+308     0.000    65    1    4           1    0     76      4     76      4    T0990TS322-D1.pdb:A  SCOP d1kx5a_
  155      0.7315          -0  1.798e+308     0.000    65    1    4           1    0     76      4     76      4    T0990TS322-D1.pdb:A  SCOP d1kx3a_
  156      0.7315          -0  1.798e+308     0.000    65    1    4           1    0     76      4     76      4    T0990TS322-D1.pdb:A  SCOP d1kx3a_
  157      0.7315          -0  1.798e+308     0.000    65    1    4           1    0     76      4     76      4    T0990TS322-D1.pdb:A  SCOP d1kx3a_
  158      0.7315          -0  1.798e+308     0.000    65    1    4           1    0     76      4     76      4    T0990TS322-D1.pdb:A  SCOP d1kx3a_
  159      0.7315          -0  1.798e+308     0.000    65    1    4           1    0     76      4     76      4    T0990TS322-D1.pdb:A  SCOP d1kx4a_
  160      0.7315          -0  1.798e+308     0.000    65    1    4           1    0     76      4     76      4    T0990TS322-D1.pdb:A  SCOP d1kx4a_
  161      0.7315          -0  1.798e+308     0.000    65    1    4           1    0     76      4     76      4    T0990TS322-D1.pdb:A  SCOP d1kx4a_
  162      0.7315          -0  1.798e+308     0.000    65    1    4           1    0     76      4     76      4    T0990TS322-D1.pdb:A  SCOP d1kx4a_
  163      0.7315          -0  1.798e+308     0.000    65    1    4           1    0     76      4     76      4    T0990TS322-D1.pdb:A  SCOP d1aoia_
  164      0.7315          -0        3.77     0.000    65    3    5           1    0     76      4     76      8    T0990TS322-D1.pdb:A  SCOP d1rtxa_
  165      0.7315          -0  1.798e+308     0.000    65    1    4           1    0     76      4     76      4    T0990TS322-D1.pdb:A  SCOP d1aoia_
  166      0.7315          -0  1.798e+308     0.000    65    1    4           1    0     76      4     76      4    T0990TS322-D1.pdb:A  SCOP d1aoia_
  167      0.7315          -0  1.798e+308     0.000    65    1    4           1    0     76      4     76      4    T0990TS322-D1.pdb:A  SCOP d1aoia_
  168      0.7315          -0  1.798e+308     0.000    65    1    4           1    0     76      4     76      4    T0990TS322-D1.pdb:A  SCOP d1id3a_
  169      0.7315          -0  1.798e+308     0.000    65    1    4           1    0     76      4     76      4    T0990TS322-D1.pdb:A  SCOP d1id3a_
  170      0.7315       2.258       5.291     0.000    65    2    2           1    0     76      4     76      8    T0990TS322-D1.pdb:A  SCOP d1mksa_
  171      0.7226   0.0001328       3.899     0.000    62    1    3           1    0     76      4     70      5    T0990TS322-D1.pdb:A  SCOP d1y6xa1
  172      0.7186          -0        3.77     0.000    64    3    5           1    0     76      4     75      8    T0990TS322-D1.pdb:A  SCOP d2hz1a1
  173      0.7186       0.842        3.24     0.000    64    2    3           1    0     76      4     75      5    T0990TS322-D1.pdb:A  SCOP d1aqxa2
  174      0.7177      0.9247       3.949     0.000    60    2    2           1    0     76      4     66      7    T0990TS322-D1.pdb:A  SCOP d2gzua1
  175      0.7124       2.221       4.765     0.000    62    2    2           1    0     76      4     71      5    T0990TS322-D1.pdb:A  SCOP d2fefa1
  176      0.7091       1.011       3.456     0.000    64    1    3           1    0     76      4     76      4    T0990TS322-D1.pdb:A  SCOP d1f22a_
  177      0.7091       1.531       4.142     0.000    64    2    3           1    0     76      4     76      6    T0990TS322-D1.pdb:A  SCOP d1itia_
  178      0.7091      0.1427       3.844     0.000    64    2    5           1    0     76      4     76      4    T0990TS322-D1.pdb:A  SCOP d1j7oa_
  179      0.7091       4.303       6.426     0.000    64    1    2           1    0     76      4     76      3    T0990TS322-D1.pdb:A  SCOP d1p94a_
  180      0.7091     0.02312       2.642     0.000    64    1    5           1    0     76      4     76      3    T0990TS322-D1.pdb:A  SCOP d1cg7a_
  181      0.7091       1.429       4.997     0.000    64    2    4           1    0     76      4     76      7    T0990TS322-D1.pdb:A  SCOP d2fhea2
  182      0.7091       1.429       4.997     0.000    64    2    4           1    0     76      4     76      6    T0990TS322-D1.pdb:A  SCOP d1gnea2
  183      0.7091       1.092       4.267     0.000    64    2    3           1    0     76      4     76      7    T0990TS322-D1.pdb:A  SCOP d1m9ba2
  184      0.7091       1.224       4.751     0.000    64    2    4           1    0     76      4     76      7    T0990TS322-D1.pdb:A  SCOP d1duga2
  185      0.7091     0.07745       3.614     0.000    64    2    5           1    0     76      4     76      4    T0990TS322-D1.pdb:A  SCOP d1ak8a_
  186      0.7091   6.222e-09       4.116     0.000    64    2    5           1    0     76      4     76      8    T0990TS322-D1.pdb:A  SCOP d1niwa_
  187      0.7091       0.209       1.546     0.000    64    1    3           1    0     76      4     76      2    T0990TS322-D1.pdb:A  SCOP d1mofa_
  188      0.7091       0.209       1.546     0.000    64    1    3           1    0     76      4     76      2    T0990TS322-D1.pdb:A  SCOP d1mofa_
  189      0.7091      0.9029       4.588     0.000    64    2    3           1    0     76      4     76      6    T0990TS322-D1.pdb:A  SCOP d1itia_
  190      0.7091      0.1045       2.908     0.000    64    2    5           1    0     76      4     76      6    T0990TS322-D1.pdb:A  SCOP d1mg9a_
  191      0.7091      0.5436       4.744     0.000    64    2    3           1    0     76      4     76     10    T0990TS322-D1.pdb:A  SCOP d1m4ja_
  192      0.7091       1.465       5.033     0.000    64    3    4           1    0     76      4     76      5    T0990TS322-D1.pdb:A  SCOP d1cora_
  193      0.7091       1.392       3.822     0.000    64    1    3           1    0     76      4     76      4    T0990TS322-D1.pdb:A  SCOP d1vjwa_
  194      0.7091        1.82       4.881     0.000    64    3    4           1    0     76      4     76      5    T0990TS322-D1.pdb:A  SCOP d451ca_
  195      0.7091        1.82       4.881     0.000    64    3    4           1    0     76      4     76      5    T0990TS322-D1.pdb:A  SCOP d351ca_
  196      0.7091     0.03399       3.392     0.000    64    2    3           1    0     76      4     76     10    T0990TS322-D1.pdb:A  SCOP d1u55a_
  197      0.7091     0.03658       3.855     0.000    64    2    3           1    0     76      4     76      6    T0990TS322-D1.pdb:A  SCOP d1f93a_
  198      0.7091     0.03658       3.855     0.000    64    2    3           1    0     76      4     76      6    T0990TS322-D1.pdb:A  SCOP d1ru0a_
  199      0.7091       2.409       5.425     0.000    64    2    4           1    0     76      4     76      9    T0990TS322-D1.pdb:A  SCOP d1go1a_
  200      0.7091       0.913       5.178     0.000    64    2    3           1    0     76      4     76      5    T0990TS322-D1.pdb:A  SCOP d1f8ha_
  201      0.7091      0.9247       3.949     0.000    64    2    3           1    0     76      4     76      7    T0990TS322-D1.pdb:A  SCOP d1utxa_
  202      0.7091   3.458e-06       4.424     0.000    64    2    3           1    0     76      4     76     10    T0990TS322-D1.pdb:A  SCOP d1ctra_
  203      0.7091       2.539       5.542     0.000    64    2    2           1    0     76      4     76      4    T0990TS322-D1.pdb:A  SCOP d1be2a_
  204      0.7091       1.046        4.51     0.000    64    2    4           1    0     76      4     76      5    T0990TS322-D1.pdb:A  SCOP d1t07a_
  205      0.7091   3.279e-15       3.693     0.000    64    2    5           1    0     76      4     76      8    T0990TS322-D1.pdb:A  SCOP d1xa5a_
  206      0.7091      0.1275       4.381     0.000    64    1    4           1    0     76      4     76      5    T0990TS322-D1.pdb:A  SCOP d1sfua_
  207      0.7091   3.106e-07       4.288     0.000    64    2    4           1    0     76      4     76      8    T0990TS322-D1.pdb:A  SCOP d1mxea_
  208      0.7091      0.0601       4.288     0.000    64    2    4           1    0     76      4     76      7    T0990TS322-D1.pdb:A  SCOP d1exra_
  209      0.7091     0.03399       3.392     0.000    64    2    3           1    0     76      4     76     10    T0990TS322-D1.pdb:A  SCOP d1u4ha_
  210      0.7047       3.644       6.501     0.000    59    2    1           1    0     76      4     65      4    T0990TS322-D1.pdb:A  SCOP d1kgza1
  211      0.7025      0.4797       4.183     0.000    62    2    4           1    0     76      4     72      9    T0990TS322-D1.pdb:A  SCOP d1hk3a1
  212      0.6963       3.292       4.935     0.000    63    2    2           1    0     76      4     75      3    T0990TS322-D1.pdb:A  SCOP d1sc5a3
  213      0.6896   2.397e-05       3.562     0.000    61    1    3           1    0     76      4     71      4    T0990TS322-D1.pdb:A  SCOP d1zpqa1
  214      0.6896      0.6956       4.388     0.000    61    2    3           1    0     76      4     71      4    T0990TS322-D1.pdb:A  SCOP d1s7ea2
  215      0.6872   0.0001424       3.414     0.000    63    2    4           1    0     76      4     76      6    T0990TS322-D1.pdb:A  SCOP d1ik0a_
  216      0.6872   0.0001424       3.414     0.000    63    2    4           1    0     76      4     76      6    T0990TS322-D1.pdb:A  SCOP d1ijza_
  217      0.6872      0.7301       4.224     0.000    63    3    4           1    0     76      4     76      5    T0990TS322-D1.pdb:A  SCOP d1c6oa_
  218      0.6872      0.2666       4.009     0.000    63    2    3           1    0     76      4     76      7    T0990TS322-D1.pdb:A  SCOP d1clpa_
  219      0.6872   0.0001813       4.652     0.000    63    2    2           1    0     76      4     76     10    T0990TS322-D1.pdb:A  SCOP d1s36a_
  220      0.6872          -0  1.798e+308     0.000    63    1    4           1    0     76      4     76      4    T0990TS322-D1.pdb:A  SCOP d1q09a_
  221      0.6872   3.288e-05       4.517     0.000    63    2    2           1    0     76      4     76      8    T0990TS322-D1.pdb:A  SCOP d1jf2a_
  222      0.6872       1.343       4.581     0.000    63    2    3           1    0     76      4     76      7    T0990TS322-D1.pdb:A  SCOP d1fhea2
  223      0.6872    0.001277           3     0.000    63    1    4           1    0     76      4     76      5    T0990TS322-D1.pdb:A  SCOP d1ql4a_
  224      0.6872          -0  1.798e+308     0.000    63    1    4           1    0     76      4     76      4    T0990TS322-D1.pdb:A  SCOP d1q09a_
  225      0.6872          -0       3.585     0.000    63    2    6           1    0     76      4     76     10    T0990TS322-D1.pdb:A  SCOP d1mj0a_
  226      0.6872     0.01101       3.757     0.000    63    2    5           1    0     76      4     76      6    T0990TS322-D1.pdb:A  SCOP d1kp4a_
  227      0.6872       1.483       4.469     0.000    63    2    3           1    0     76      4     76      7    T0990TS322-D1.pdb:A  SCOP d1bjja_
  228      0.6872    1.51e-07        2.48     0.000    63    1    5           1    0     76      4     76      3    T0990TS322-D1.pdb:A  SCOP d1guua_
  229      0.6872     0.01101       3.757     0.000    63    2    5           1    0     76      4     76      6    T0990TS322-D1.pdb:A  SCOP d1lwba_
  230      0.6872   2.002e-05       3.267     0.000    63    1    5           1    0     76      4     76      5    T0990TS322-D1.pdb:A  SCOP d1usta_
  231      0.6872    1.38e-09       4.737     0.000    63    2    5           1    0     76      4     76     10    T0990TS322-D1.pdb:A  SCOP d1rfza_
  232      0.6872   2.002e-05       3.267     0.000    63    1    5           1    0     76      4     76      5    T0990TS322-D1.pdb:A  SCOP d1usta_
  233      0.6872    0.002125       3.549     0.000    63    2    5           1    0     76      4     76      6    T0990TS322-D1.pdb:A  SCOP d1faza_
  234      0.6872      0.2666       4.009     0.000    63    2    3           1    0     76      4     76      7    T0990TS322-D1.pdb:A  SCOP d1clpa_
  235      0.6872     0.03815       2.829     0.000    63    2    5           1    0     76      4     76      6    T0990TS322-D1.pdb:A  SCOP d1hzia_
  236      0.6872    0.001277           3     0.000    63    1    4           1    0     76      4     76      5    T0990TS322-D1.pdb:A  SCOP d1ql3a_
  237      0.6872       2.319       5.345     0.000    63    3    5           1    0     76      4     76      4    T0990TS322-D1.pdb:A  SCOP d1ynra1
  238      0.6872     0.03815       2.829     0.000    63    2    5           1    0     76      4     76      6    T0990TS322-D1.pdb:A  SCOP d2inta_
  239      0.6872   7.263e-10       3.445     0.000    63    1    3           1    0     76      4     76      5    T0990TS322-D1.pdb:A  SCOP d1b4fa_
  240      0.6872       1.291       4.269     0.000    63    3    2           1    0     76      4     76      7    T0990TS322-D1.pdb:A  SCOP d1rfba_
  241      0.6872   3.106e-07       4.288     0.000    63    2    5           1    0     76      4     76      8    T0990TS322-D1.pdb:A  SCOP d1a29a_
  242      0.6872       1.618       5.613     0.000    63    2    4           1    0     76      4     76      5    T0990TS322-D1.pdb:A  SCOP d1i5na_
  243      0.6872          -0       3.899     0.000    63    2    3           1    0     76      4     76      7    T0990TS322-D1.pdb:A  SCOP d1yswa1
  244      0.6872       1.094       5.759     0.000    63    2    3           1    0     76      4     76      6    T0990TS322-D1.pdb:A  SCOP d1gksa_
  245      0.6872   6.472e-06       4.109     0.000    63    2    4           1    0     76      4     76     10    T0990TS322-D1.pdb:A  SCOP d2axla1
  246      0.6872   1.426e-12       3.844     0.000    63    2    5           1    0     76      4     76      8    T0990TS322-D1.pdb:A  SCOP d1xa5a_
  247      0.6872      0.4266       6.407     0.000    63    2    3           1    0     76      4     76      8    T0990TS322-D1.pdb:A  SCOP d1ujja_
  248      0.6872    0.002125       3.549     0.000    63    2    5           1    0     76      4     76      6    T0990TS322-D1.pdb:A  SCOP d1it5a_
  249      0.6872     0.07408       3.765     0.000    63    2    5           1    0     76      4     76      5    T0990TS322-D1.pdb:A  SCOP d1yica_
  250      0.6872      0.9767        4.55     0.000    63    2    4           1    0     76      4     76      5    T0990TS322-D1.pdb:A  SCOP d1r69a_
  251      0.6872      0.7301       4.224     0.000    63    3    4           1    0     76      4     76      5    T0990TS322-D1.pdb:A  SCOP d1ctja_
  252      0.6872      0.7301       4.224     0.000    63    3    4           1    0     76      4     76      5    T0990TS322-D1.pdb:A  SCOP d1ceda_
  253      0.6872   1.426e-12       3.844     0.000    63    2    5           1    0     76      4     76      8    T0990TS322-D1.pdb:A  SCOP d1muxa_
  254      0.6872   2.002e-05       3.267     0.000    63    1    5           1    0     76      4     76      5    T0990TS322-D1.pdb:A  SCOP d1usta_
  255      0.6872      0.7596        4.26     0.000    63    3    4           1    0     76      4     76      5    T0990TS322-D1.pdb:A  SCOP d1f1fa_
  256      0.6872       1.007        4.55     0.000    63    3    4           1    0     76      4     76      5    T0990TS322-D1.pdb:A  SCOP d1kiba_
  257      0.6872          -0  1.798e+308     0.000    63    1    4           1    0     76      4     76      4    T0990TS322-D1.pdb:A  SCOP d1q09a_
  258      0.6872    0.001277           3     0.000    63    2    4           1    0     76      4     76      6    T0990TS322-D1.pdb:A  SCOP d1qn2a_
  259      0.6872          -0  1.798e+308     0.000    63    1    4           1    0     76      4     76      4    T0990TS322-D1.pdb:A  SCOP d1q09a_
  260        0.68   1.626e-06       3.562     0.000    61    2    3           1    0     76      4     72      8    T0990TS322-D1.pdb:A  SCOP d1dt9a3
  261      0.6707      0.1722        4.99     0.000    58    2    1           1    0     76      4     66      6    T0990TS322-D1.pdb:A  SCOP d1yoza1
  262      0.6655   3.106e-07       4.288     0.000    62    2    5           1    0     76      4     76      8    T0990TS322-D1.pdb:A  SCOP d1qs7a_
  263      0.6655      0.4219        4.92     0.000    62    2    4           1    0     76      4     76      8    T0990TS322-D1.pdb:A  SCOP d1ux8a_
  264      0.6655   4.211e-05       3.822     0.000    62    2    3           1    0     76      4     76      9    T0990TS322-D1.pdb:A  SCOP d1jlwa2
  265      0.6655     0.01101       3.757     0.000    62    2    5           1    0     76      4     76      6    T0990TS322-D1.pdb:A  SCOP d1it4a_
  266      0.6655      0.8468       4.267     0.000    62    2    4           1    0     76      4     76      7    T0990TS322-D1.pdb:A  SCOP d1m99a2
  267      0.6655      0.6952       4.059     0.000    62    2    4           1    0     76      4     76      7    T0990TS322-D1.pdb:A  SCOP d1m9aa2
  268      0.6655          -0  1.798e+308     0.000    62    1    5           1    0     76      4     76      5    T0990TS322-D1.pdb:A  SCOP d1v5ka_
  269      0.6655      0.9718       5.144     0.000    62    2    2           1    0     76      4     76      7    T0990TS322-D1.pdb:A  SCOP d1kvwa_
  270      0.6655      0.5508       4.173     0.000    62    2    3           1    0     76      4     76      9    T0990TS322-D1.pdb:A  SCOP d1wnaa1
  271      0.6655      0.3393       3.478     0.000    62    2    3           1    0     76      4     76      6    T0990TS322-D1.pdb:A  SCOP d1ibaa_
  272      0.6655      0.5508       4.173     0.000    62    2    3           1    0     76      4     76     10    T0990TS322-D1.pdb:A  SCOP d1wn9a1
  273      0.6655    0.008607        2.68     0.000    62    3    5           1    0     76      4     76      6    T0990TS322-D1.pdb:A  SCOP d1qjta_
  274      0.6655      0.5069       5.144     0.000    62    2    2           1    0     76      4     76      9    T0990TS322-D1.pdb:A  SCOP d2baxa1
  275      0.6655      0.5919       4.151     0.000    62    3    4           1    0     76      4     76      6    T0990TS322-D1.pdb:A  SCOP d2ygsa_
  276      0.6655   5.983e-12       2.298     0.000    62    2    5           1    0     76      4     76      8    T0990TS322-D1.pdb:A  SCOP d1j0qa_
  277      0.6655   7.124e-05       2.531     0.000    62    2    5           1    0     76      4     76      7    T0990TS322-D1.pdb:A  SCOP d1i5ua_
  278      0.6655    0.003011       3.024     0.000    62    3    6           1    0     76      4     76      6    T0990TS322-D1.pdb:A  SCOP d3crda_
  279      0.6655      0.6343       4.666     0.000    62    2    3           1    0     76      4     76      5    T0990TS322-D1.pdb:A  SCOP d1ozya_
  280      0.6655          -0  1.798e+308     0.000    62    1    5           1    0     76      4     76      5    T0990TS322-D1.pdb:A  SCOP d1v5ka_
  281      0.6655   3.106e-07       4.288     0.000    62    2    5           1    0     76      4     76      8    T0990TS322-D1.pdb:A  SCOP d1qiva_
  282      0.6655    0.003402       2.604     0.000    62    2    6           1    0     76      4     76      7    T0990TS322-D1.pdb:A  SCOP d2b8ua1
  283      0.6655          -0  1.798e+308     0.000    62    1    5           1    0     76      4     76      5    T0990TS322-D1.pdb:A  SCOP d1hula_
  284      0.6655      0.9718       5.144     0.000    62    2    2           1    0     76      4     76      6    T0990TS322-D1.pdb:A  SCOP d1kvya_
  285      0.6655       0.797       4.442     0.000    62    1    3           1    0     76      4     76      4    T0990TS322-D1.pdb:A  SCOP d1bqxa_
  286      0.6655       2.189       4.457     0.000    62    1    3           1    0     76      4     76      2    T0990TS322-D1.pdb:A  SCOP d1dska_
  287      0.6655     0.07835       3.034     0.000    62    1    3           1    0     76      4     76      5    T0990TS322-D1.pdb:A  SCOP d1uw1a_
  288      0.6655     0.03909       4.574     0.000    62    2    2           1    0     76      4     76      9    T0990TS322-D1.pdb:A  SCOP d1qyza_
  289      0.6655       3.135       4.819     0.000    62    2    2           1    0     76      4     76      4    T0990TS322-D1.pdb:A  SCOP d1gvna_
  290      0.6655     0.08724       2.844     0.000    62    2    3           1    0     76      4     76      4    T0990TS322-D1.pdb:A  SCOP d1qzpa_
  291      0.6655     0.03909       4.574     0.000    62    2    2           1    0     76      4     76      9    T0990TS322-D1.pdb:A  SCOP d1r0qa_
  292      0.6655       0.994       4.532     0.000    62    3    4           1    0     76      4     76      5    T0990TS322-D1.pdb:A  SCOP d1dvva_
  293      0.6655       1.184       3.496     0.000    62    1    3           1    0     76      4     76      5    T0990TS322-D1.pdb:A  SCOP d1q3la_
  294      0.6655       1.184       3.496     0.000    62    1    3           1    0     76      4     76      5    T0990TS322-D1.pdb:A  SCOP d1knaa_
  295      0.6655       0.797       4.442     0.000    62    1    3           1    0     76      4     76      5    T0990TS322-D1.pdb:A  SCOP d1bwea_
  296      0.6655      0.6488       4.176     0.000    62    1    3           1    0     76      4     76      4    T0990TS322-D1.pdb:A  SCOP d1bc6a_
  297      0.6655      0.7124        3.69     0.000    62    2    3           1    0     76      4     76      6    T0990TS322-D1.pdb:A  SCOP d1clba_
  298      0.6655     0.04298       3.899     0.000    62    2    3           1    0     76      4     76      6    T0990TS322-D1.pdb:A  SCOP d1dcoa_
  299      0.6655     0.08093       4.109     0.000    62    2    3           1    0     76      4     76      6    T0990TS322-D1.pdb:A  SCOP d1f93a_
  300      0.6655     0.08093       4.109     0.000    62    2    3           1    0     76      4     76      6    T0990TS322-D1.pdb:A  SCOP d1ru0a_
  301      0.6655      0.4486       6.407     0.000    62    2    3           1    0     76      4     76      8    T0990TS322-D1.pdb:A  SCOP d1jwfa_
  302      0.6655      0.8899       5.144     0.000    62    2    2           1    0     76      4     76      8    T0990TS322-D1.pdb:A  SCOP d1mksa_
  303      0.6655   1.341e-10       2.986     0.000    62    2    4           1    0     76      4     76     10    T0990TS322-D1.pdb:A  SCOP d1l8wa_
  304      0.6655      0.9619       3.986     0.000    62    3    5           1    0     76      4     76      5    T0990TS322-D1.pdb:A  SCOP d1a8ca_
  305      0.6655       0.144       4.016     0.000    62    2    6           1    0     76      4     76      6    T0990TS322-D1.pdb:A  SCOP d1rioa_
  306      0.6655      0.7386       5.516     0.000    62    2    4           1    0     76      4     76      5    T0990TS322-D1.pdb:A  SCOP d1afha_
  307      0.6655     0.01047       3.134     0.000    62    2    4           1    0     76      4     76      6    T0990TS322-D1.pdb:A  SCOP d1sdza_
  308      0.6655       1.479       5.067     0.000    62    2    2           1    0     76      4     76      8    T0990TS322-D1.pdb:A  SCOP d1fova_
  309      0.6638     0.02652       4.176     0.000    59    1    3           1    0     76      4     69      4    T0990TS322-D1.pdb:A  SCOP d1v9va1
  310      0.6579       1.798       5.662     0.000    60    2    2           1    0     76      4     72      4    T0990TS322-D1.pdb:A  SCOP d1o4xa2
  311      0.6543          -0  1.798e+308     0.000    59    1    5           1    0     76      4     70      5    T0990TS322-D1.pdb:A  SCOP d1y6xa1
  312      0.6528     0.04351       4.102     0.000    61    2    5           1    0     76      4     75      5    T0990TS322-D1.pdb:A  SCOP d2aq0a1
  313      0.6489   5.965e-08       2.059     0.000    60    2    3           1    0     76      4     73      9    T0990TS322-D1.pdb:A  SCOP d2ozba1
  314      0.6489      0.7204       3.697     0.000    60    2    4           1    0     76      4     73      9    T0990TS322-D1.pdb:A  SCOP d1uora1
  315      0.6451     0.09969       3.528     0.000    59    2    2           1    0     76      4     71     10    T0990TS322-D1.pdb:A  SCOP d2b3ma1
  316      0.6442     0.04966       3.327     0.000    61    2    3           1    0     76      4     76      7    T0990TS322-D1.pdb:A  SCOP d1q7aa_
  317      0.6442      0.2109       3.894     0.000    61    2    3           1    0     76      4     76      7    T0990TS322-D1.pdb:A  SCOP d1m8ta_
  318      0.6442   7.333e-10       3.255     0.000    61    2    5           1    0     76      4     76      5    T0990TS322-D1.pdb:A  SCOP d1bbna_
  319      0.6442      0.1296       3.671     0.000    61    2    3           1    0     76      4     76      8    T0990TS322-D1.pdb:A  SCOP d1m8ra_
  320      0.6442      0.1296       3.671     0.000    61    2    3           1    0     76      4     76      8    T0990TS322-D1.pdb:A  SCOP d1m8sa_
  321      0.6442      0.3554       3.506     0.000    61    2    5           1    0     76      4     76      6    T0990TS322-D1.pdb:A  SCOP d1qfna_
  322      0.6442      0.0581       3.542     0.000    61    1    5           1    0     76      4     76      5    T0990TS322-D1.pdb:A  SCOP d1m4ca_
  323      0.6442     0.08753       3.506     0.000    61    2    5           1    0     76      4     76      8    T0990TS322-D1.pdb:A  SCOP d1grxa_
  324      0.6442          -0       1.734     0.000    61    2    6           1    0     76      4     76     10    T0990TS322-D1.pdb:A  SCOP d1jhda1
  325      0.6442       0.288       5.046     0.000    61    2    4           1    0     76      4     76      7    T0990TS322-D1.pdb:A  SCOP d1vlka_
  326      0.6442   2.834e-06       3.255     0.000    61    2    5           1    0     76      4     76      5    T0990TS322-D1.pdb:A  SCOP d1bcna_
  327      0.6442   6.179e-05       2.597     0.000    61    2    5           1    0     76      4     76      5    T0990TS322-D1.pdb:A  SCOP d1bbna_
  328      0.6442     0.01917       3.113     0.000    61    2    4           1    0     76      4     76      8    T0990TS322-D1.pdb:A  SCOP d1ijla_
  329      0.6442     0.04852       2.863     0.000    61    1    4           1    0     76      4     76      5    T0990TS322-D1.pdb:A  SCOP d1fhua2
  330      0.6442     0.04852       2.863     0.000    61    1    4           1    0     76      4     76      5    T0990TS322-D1.pdb:A  SCOP d2ofja2
  331      0.6442   4.388e-11         3.8     0.000    61    2    5           1    0     76      4     76      8    T0990TS322-D1.pdb:A  SCOP d1gm0a_
  332      0.6442     0.07682       3.786     0.000    61    2    5           1    0     76      4     76      5    T0990TS322-D1.pdb:A  SCOP d2euca1
  333      0.6442      0.2324       3.476     0.000    61    3    4           1    0     76      4     76      5    T0990TS322-D1.pdb:A  SCOP d1a2sa_
  334      0.6442   0.0001575       3.822     0.000    61    2    4           1    0     76      4     76     10    T0990TS322-D1.pdb:A  SCOP d1gpja3
  335      0.6442    0.007522       3.542     0.000    61    3    3           1    0     76      4     76     10    T0990TS322-D1.pdb:A  SCOP d1c52a_
  336      0.6442       1.258       4.315     0.000    61    2    4           1    0     76      4     76      4    T0990TS322-D1.pdb:A  SCOP d1j7qa_
  337      0.6442   3.506e-09       3.198     0.000    61    3    3           1    0     76      4     76      6    T0990TS322-D1.pdb:A  SCOP d1foca_
  338      0.6442     0.00463        2.16     0.000    61    2    5           1    0     76      4     76      3    T0990TS322-D1.pdb:A  SCOP d1ug2a_
  339      0.6442        1.42       4.988     0.000    61    3    5           1    0     76      4     76      5    T0990TS322-D1.pdb:A  SCOP d1a56a_
  340      0.6442      0.1275       4.381     0.000    61    1    5           1    0     76      4     76      3    T0990TS322-D1.pdb:A  SCOP d1hdpa_
  341      0.6442   4.822e-17       2.391     0.000    61    1    4           1    0     76      4     76      5    T0990TS322-D1.pdb:A  SCOP d1s6ja_
  342      0.6442   4.822e-17       2.391     0.000    61    1    4           1    0     76      4     76      5    T0990TS322-D1.pdb:A  SCOP d1s6ja_
  343      0.6442   0.0001028       2.366     0.000    61    2    4           1    0     76      4     76      8    T0990TS322-D1.pdb:A  SCOP d1do9a_
  344      0.6442   5.696e-06       1.838     0.000    61    2    5           1    0     76      4     76      8    T0990TS322-D1.pdb:A  SCOP d1aqaa_
  345      0.6442   5.182e-05       2.531     0.000    61    2    6           1    0     76      4     76      8    T0990TS322-D1.pdb:A  SCOP d1aw3a_
  346      0.6442      0.5248       4.792     0.000    61    2    5           1    0     76      4     76      7    T0990TS322-D1.pdb:A  SCOP d1cy5a_
  347      0.6442   9.643e-17       3.614     0.000    61    2    4           1    0     76      4     76      8    T0990TS322-D1.pdb:A  SCOP d1cm4a_
  348      0.6442        1.04       4.935     0.000    61    2    4           1    0     76      4     76      7    T0990TS322-D1.pdb:A  SCOP d1n3ka_
  349      0.6442          -0       2.528     0.000    61    2    6           1    0     76      4     76      8    T0990TS322-D1.pdb:A  SCOP d1mxea_
  350      0.6442      0.9528       4.487     0.000    61    2    4           1    0     76      4     76      5    T0990TS322-D1.pdb:A  SCOP d1fi3a_
  351      0.6442      0.6236       5.351     0.000    61    2    3           1    0     76      4     76      5    T0990TS322-D1.pdb:A  SCOP d1uvca_
  352      0.6442      0.1809       3.191     0.000    61    2    4           1    0     76      4     76      5    T0990TS322-D1.pdb:A  SCOP d1oqca_
  353      0.6442      0.6222       3.951     0.000    61    2    3           1    0     76      4     76      7    T0990TS322-D1.pdb:A  SCOP d1b4pa2
  354      0.6442   0.0004599       3.177     0.000    61    1    4           1    0     76      4     76      4    T0990TS322-D1.pdb:A  SCOP d1jm7a_
  355      0.6442       1.831        4.89     0.000    61    2    3           1    0     76      4     76      6    T0990TS322-D1.pdb:A  SCOP d1kcya_
  356      0.6442   1.132e-05       2.381     0.000    61    2    5           1    0     76      4     76      6    T0990TS322-D1.pdb:A  SCOP d1ijya_
  357      0.6442      0.9303       3.177     0.000    61    1    3           1    0     76      4     76      4    T0990TS322-D1.pdb:A  SCOP d1shpa_
  358      0.6442      0.9303       3.177     0.000    61    1    3           1    0     76      4     76      3    T0990TS322-D1.pdb:A  SCOP d1uuba_
  359      0.6442      0.9303       3.177     0.000    61    1    3           1    0     76      4     76      3    T0990TS322-D1.pdb:A  SCOP d1uuaa_
  360      0.6442      0.7054       2.863     0.000    61    1    4           1    0     76      4     76      4    T0990TS322-D1.pdb:A  SCOP d1ilpa_
  361      0.6442      0.7054       2.863     0.000    61    1    4           1    0     76      4     76      4    T0990TS322-D1.pdb:A  SCOP d1ilqa_
  362      0.6442      0.7054       2.863     0.000    61    1    4           1    0     76      4     76      4    T0990TS322-D1.pdb:A  SCOP d2il8a_
  363      0.6442      0.7054       2.863     0.000    61    1    4           1    0     76      4     76      4    T0990TS322-D1.pdb:A  SCOP d1il8a_
  364      0.6442      0.1284       4.962     0.000    61    2    5           1    0     76      4     76      6    T0990TS322-D1.pdb:A  SCOP d1n8va_
  365      0.6442       1.744       4.014     0.000    61    1    3           1    0     76      4     76      4    T0990TS322-D1.pdb:A  SCOP d1kjka_
  366      0.6442      0.9303       3.177     0.000    61    1    3           1    0     76      4     76      4    T0990TS322-D1.pdb:A  SCOP d1ig4a_
  367      0.6442      0.7357       2.907     0.000    61    1    3           1    0     76      4     76      3    T0990TS322-D1.pdb:A  SCOP d1d9na_
  368      0.6442     0.03181       2.853     0.000    61    2    4           1    0     76      4     76      7    T0990TS322-D1.pdb:A  SCOP d1ucra_
  369      0.6442        1.54       3.899     0.000    61    1    3           1    0     76      4     76      5    T0990TS322-D1.pdb:A  SCOP d1a5ra_
  370      0.6442       1.776       4.146     0.000    61    1    3           1    0     76      4     76      5    T0990TS322-D1.pdb:A  SCOP d1l2na_
  371      0.6442   5.304e-07       2.872     0.000    61    1    3           1    0     76      4     76      5    T0990TS322-D1.pdb:A  SCOP d1h4ba_
  372      0.6442       1.469       4.532     0.000    61    2    2           1    0     76      4     76      5    T0990TS322-D1.pdb:A  SCOP d1hdja_
  373      0.6442      0.8052       3.802     0.000    61    1    4           1    0     76      4     76      5    T0990TS322-D1.pdb:A  SCOP d1bqza_
  374      0.6442       1.333       3.669     0.000    61    1    3           1    0     76      4     76      4    T0990TS322-D1.pdb:A  SCOP d1vpza_
  375      0.6442      0.0106       3.156     0.000    61    1    5           1    0     76      4     76      5    T0990TS322-D1.pdb:A  SCOP d1nera_
  376      0.6442      0.2666       4.009     0.000    61    2    3           1    0     76      4     76      7    T0990TS322-D1.pdb:A  SCOP d1y4la1
  377      0.6442      0.5955       4.602     0.000    61    2    3           1    0     76      4     76      9    T0990TS322-D1.pdb:A  SCOP d4p2pa_
  378      0.6442      0.4529       4.381     0.000    61    2    3           1    0     76      4     76      7    T0990TS322-D1.pdb:A  SCOP d5p2pa_
  379      0.6442      0.3131       4.109     0.000    61    2    3           1    0     76      4     76      7    T0990TS322-D1.pdb:A  SCOP d1p7oa_
  380      0.6442      0.5024       4.452     0.000    61    2    3           1    0     76      4     76      8    T0990TS322-D1.pdb:A  SCOP d1fx9a_
  381      0.6442      0.5955       4.602     0.000    61    2    3           1    0     76      4     76      8    T0990TS322-D1.pdb:A  SCOP d1fxfa_
  382      0.6442      0.5055       4.452     0.000    61    2    3           1    0     76      4     76      6    T0990TS322-D1.pdb:A  SCOP d1n28a_
  383      0.6442      0.3512       4.173     0.000    61    2    3           1    0     76      4     76      7    T0990TS322-D1.pdb:A  SCOP d1kqua_
  384      0.6442      0.3581       4.324     0.000    61    2    3           1    0     76      4     76      8    T0990TS322-D1.pdb:A  SCOP d1kvxa_
  385      0.6442      0.3131       4.109     0.000    61    2    3           1    0     76      4     76      7    T0990TS322-D1.pdb:A  SCOP d1gh4a_
  386      0.6442      0.2254       4.109     0.000    61    2    3           1    0     76      4     76      8    T0990TS322-D1.pdb:A  SCOP d1mkua_
  387      0.6442      0.2254       4.109     0.000    61    2    3           1    0     76      4     76      8    T0990TS322-D1.pdb:A  SCOP d1bp2a_
  388      0.6442      0.4936       4.438     0.000    61    2    3           1    0     76      4     76      7    T0990TS322-D1.pdb:A  SCOP d1bbca_
  389      0.6442      0.3512       4.173     0.000    61    2    3           1    0     76      4     76      7    T0990TS322-D1.pdb:A  SCOP d1vkqa_
  390      0.6442      0.3512       4.173     0.000    61    2    3           1    0     76      4     76      7    T0990TS322-D1.pdb:A  SCOP d1vl9a_
  391      0.6442      0.2311       4.173     0.000    61    2    3           1    0     76      4     76      9    T0990TS322-D1.pdb:A  SCOP d1g4ia_
  392      0.6442      0.2254       4.109     0.000    61    2    3           1    0     76      4     76      8    T0990TS322-D1.pdb:A  SCOP d1unea_
  393      0.6415   3.877e-09       3.098     0.000    58    1    3           1    0     76      4     69      4    T0990TS322-D1.pdb:A  SCOP d2cuja1
  394      0.6401   0.0004447       3.284     0.000    60    2    3           1    0     76      4     74      8    T0990TS322-D1.pdb:A  SCOP d2fi0a1
  395      0.6323      0.7345       4.934     0.000    58    2    4           1    0     76      4     70      4    T0990TS322-D1.pdb:A  SCOP d1hf0a2
  396      0.6323      0.4437       4.481     0.000    58    2    5           1    0     76      4     70      4    T0990TS322-D1.pdb:A  SCOP d1hf0a2
  397      0.6318      0.2221       3.233     0.000    55    1    5           1    0     76      4     63      3    T0990TS322-D1.pdb:A  SCOP d2isya1
  398      0.6252          -0       2.712     0.000    56    2    3           1    0     76      4     66      6    T0990TS322-D1.pdb:A  SCOP d1yoza1
  399      0.6234      0.4252       3.004     0.000    58    1    2           1    0     76      4     71      5    T0990TS322-D1.pdb:A  SCOP d1t39a2
  400      0.6234      0.4252       3.004     0.000    58    1    2           1    0     76      4     71      5    T0990TS322-D1.pdb:A  SCOP d1t39a2
  401      0.6234      0.8031       3.004     0.000    58    1    2           1    0     76      4     71      4    T0990TS322-D1.pdb:A  SCOP d1t38a2
  402      0.6234      0.4252       3.004     0.000    58    1    2           1    0     76      4     71      5    T0990TS322-D1.pdb:A  SCOP d1t39a2
  403      0.6233      0.2926       4.702     0.000    60    2    2           1    0     76      4     76      7    T0990TS322-D1.pdb:A  SCOP d1kr7a_
  404      0.6233      0.4312       4.324     0.000    60    2    3           1    0     76      4     76      7    T0990TS322-D1.pdb:A  SCOP d3bp2a_
  405      0.6233          -0       3.263     0.000    60    3    4           1    0     76      4     76     13    T0990TS322-D1.pdb:A  SCOP d1t8fa_
  406      0.6233   5.037e-07       3.435     0.000    60    2    2           1    0     76      4     76      6    T0990TS322-D1.pdb:A  SCOP d1vkea_
  407      0.6233      0.3458       4.166     0.000    60    2    3           1    0     76      4     76      7    T0990TS322-D1.pdb:A  SCOP d1oz6a_
  408      0.6233      0.2926       4.702     0.000    60    2    2           1    0     76      4     76      7    T0990TS322-D1.pdb:A  SCOP d1v07a_
  409      0.6233   1.446e-16       3.136     0.000    60    1    5           1    0     76      4     76      5    T0990TS322-D1.pdb:A  SCOP d1v38a_
  410      0.6233      0.6236       5.351     0.000    60    2    3           1    0     76      4     76      6    T0990TS322-D1.pdb:A  SCOP d1fk2a_
  411      0.6233       0.134       3.671     0.000    60    2    3           1    0     76      4     76      7    T0990TS322-D1.pdb:A  SCOP d1tdva_
  412      0.6233          -0       2.528     0.000    60    2    6           1    0     76      4     76      8    T0990TS322-D1.pdb:A  SCOP d1niwa_
  413      0.6233      0.1773       3.793     0.000    60    2    4           1    0     76      4     76      8    T0990TS322-D1.pdb:A  SCOP d1mg6a_
  414      0.6233       1.406       4.469     0.000    60    2    4           1    0     76      4     76      9    T0990TS322-D1.pdb:A  SCOP d1h7ma_
  415      0.6233   1.072e-09       3.163     0.000    60    2    4           1    0     76      4     76      8    T0990TS322-D1.pdb:A  SCOP d2myoa_
  416      0.6233   2.751e-09       2.174     0.000    60    2    4           1    0     76      4     76      9    T0990TS322-D1.pdb:A  SCOP d1buoa_
  417      0.6233       1.049       3.653     0.000    60    2    4           1    0     76      4     76      4    T0990TS322-D1.pdb:A  SCOP d1bt6a_
  418      0.6233      0.0278       4.531     0.000    60    2    3           1    0     76      4     76      8    T0990TS322-D1.pdb:A  SCOP d2myoa_
  419      0.6233   3.213e-07       3.334     0.000    60    2    5           1    0     76      4     76      7    T0990TS322-D1.pdb:A  SCOP d1y8ma1
  420      0.6233          -0        3.77     0.000    60    2    5           1    0     76      4     76      7    T0990TS322-D1.pdb:A  SCOP d1s6aa_
  421      0.6233    0.001701       1.866     0.000    60    2    4           1    0     76      4     76     10    T0990TS322-D1.pdb:A  SCOP d1c9qa_
  422      0.6233   2.751e-09       2.174     0.000    60    2    4           1    0     76      4     76      9    T0990TS322-D1.pdb:A  SCOP d1cs3a_
  423      0.6233       0.134       3.671     0.000    60    2    3           1    0     76      4     76      8    T0990TS322-D1.pdb:A  SCOP d2fnxa1
  424      0.6233          -0        3.77     0.000    60    3    5           1    0     76      4     76      7    T0990TS322-D1.pdb:A  SCOP d1s6aa_
  425      0.6233    2.69e-06        2.09     0.000    60    2    3           1    0     76      4     76      6    T0990TS322-D1.pdb:A  SCOP d2ouba1
  426      0.6233      0.7351        3.12     0.000    60    2    3           1    0     76      4     76      4    T0990TS322-D1.pdb:A  SCOP d1hywa_
  427      0.6233      0.2596       2.996     0.000    60    2    4           1    0     76      4     76      5    T0990TS322-D1.pdb:A  SCOP d1cfpa_
  428      0.6233       1.457       5.461     0.000    60    2    2           1    0     76      4     76      6    T0990TS322-D1.pdb:A  SCOP d1vkea_
  429      0.6233     0.08099       1.814     0.000    60    1    4           1    0     76      4     76      4    T0990TS322-D1.pdb:A  SCOP d1wgma_
  430      0.6233   4.796e-09       3.643     0.000    60    2    4           1    0     76      4     76      8    T0990TS322-D1.pdb:A  SCOP d1v5ha_
  431      0.6233     0.01545       2.381     0.000    60    2    5           1    0     76      4     76      7    T0990TS322-D1.pdb:A  SCOP d2aawa2
  432      0.6233          -0  1.798e+308     0.000    60    1    4           1    0     76      4     76      5    T0990TS322-D1.pdb:A  SCOP d1dcha_
  433      0.6233          -0  1.798e+308     0.000    60    1    4           1    0     76      4     76      5    T0990TS322-D1.pdb:A  SCOP d1dcha_
  434      0.6233          -0  1.798e+308     0.000    60    1    4           1    0     76      4     76      5    T0990TS322-D1.pdb:A  SCOP d1dcha_
  435      0.6233   2.995e-05       3.134     0.000    60    2    7           1    0     76      4     76      6    T0990TS322-D1.pdb:A  SCOP d1ci4a_
  436      0.6233   1.133e-11        2.32     0.000    60    2    6           1    0     76      4     76      8    T0990TS322-D1.pdb:A  SCOP d1sh4a_
  437      0.6233      0.6222       3.951     0.000    60    2    3           1    0     76      4     76      7    T0990TS322-D1.pdb:A  SCOP d2gtua2
  438      0.6233      0.2109       3.894     0.000    60    2    3           1    0     76      4     76      9    T0990TS322-D1.pdb:A  SCOP d1psja_
  439      0.6233      0.6236       5.351     0.000    60    2    3           1    0     76      4     76      6    T0990TS322-D1.pdb:A  SCOP d1fk4a_
  440      0.6233      0.6236       5.351     0.000    60    2    3           1    0     76      4     76      6    T0990TS322-D1.pdb:A  SCOP d1fk0a_
  441      0.6233      0.2158       3.894     0.000    60    2    3           1    0     76      4     76      7    T0990TS322-D1.pdb:A  SCOP d1b4wa_
  442      0.6233       0.134       3.671     0.000    60    2    3           1    0     76      4     76      7    T0990TS322-D1.pdb:A  SCOP d2arma1
  443      0.6233      0.6236       5.351     0.000    60    2    3           1    0     76      4     76      6    T0990TS322-D1.pdb:A  SCOP d1fk7a_
  444      0.6233      0.2158       3.894     0.000    60    2    3           1    0     76      4     76      5    T0990TS322-D1.pdb:A  SCOP d1c1ja_
  445      0.6233      0.2051       2.471     0.000    60    2    6           1    0     76      4     76      9    T0990TS322-D1.pdb:A  SCOP d1sf9a_
  446      0.6233       0.134       3.671     0.000    60    2    3           1    0     76      4     76      7    T0990TS322-D1.pdb:A  SCOP d1tg1a_
  447      0.6233       0.134       3.671     0.000    60    2    3           1    0     76      4     76      8    T0990TS322-D1.pdb:A  SCOP d1sqza_
  448      0.6233       0.134       3.671     0.000    60    2    3           1    0     76      4     76      8    T0990TS322-D1.pdb:A  SCOP d1tk4a_
  449      0.6233       0.134       3.671     0.000    60    2    3           1    0     76      4     76      7    T0990TS322-D1.pdb:A  SCOP d1sxka_
  450      0.6233     0.01545       2.381     0.000    60    2    5           1    0     76      4     76      7    T0990TS322-D1.pdb:A  SCOP d1okta2
  451      0.6233          -0       2.538     0.000    60    2    6           1    0     76      4     76     10    T0990TS322-D1.pdb:A  SCOP d2h1oa1
  452      0.6233          -0       2.538     0.000    60    2    6           1    0     76      4     76     10    T0990TS322-D1.pdb:A  SCOP d2bsqa1
  453      0.6233      0.1383       3.267     0.000    60    1    4           1    0     76      4     76      5    T0990TS322-D1.pdb:A  SCOP d1fyra_
  454      0.6233      0.1383       3.267     0.000    60    1    4           1    0     76      4     76      5    T0990TS322-D1.pdb:A  SCOP d1fyra_
  455      0.6233     0.09641       3.219     0.000    60    2    5           1    0     76      4     76     10    T0990TS322-D1.pdb:A  SCOP d1jx7a_
  456      0.6233   3.723e-05       2.275     0.000    60    1    4           1    0     76      4     76      4    T0990TS322-D1.pdb:A  SCOP d1lmsa_
  457      0.6233      0.1383       3.267     0.000    60    1    4           1    0     76      4     76      5    T0990TS322-D1.pdb:A  SCOP d1fyra_
  458      0.6233   3.723e-05       2.275     0.000    60    1    4           1    0     76      4     76      4    T0990TS322-D1.pdb:A  SCOP d1lmsa_
  459      0.6233   1.957e-07       1.581     0.000    60    2    4           1    0     76      4     76      9    T0990TS322-D1.pdb:A  SCOP d1orda1
  460      0.6233   0.0003977       2.692     0.000    60    2    5           1    0     76      4     76      6    T0990TS322-D1.pdb:A  SCOP d1d1oa_
  461      0.6233      0.4738       3.495     0.000    60    2    4           1    0     76      4     76      8    T0990TS322-D1.pdb:A  SCOP d1p4xa1
  462      0.6233          -0       2.799     0.000    60    1    4           1    0     76      4     76      5    T0990TS322-D1.pdb:A  SCOP d1psya_
  463      0.6233       0.134       3.671     0.000    60    2    3           1    0     76      4     76      7    T0990TS322-D1.pdb:A  SCOP d2q1pa1
  464      0.6233    0.002938       2.937     0.000    60    2    5           1    0     76      4     76      5    T0990TS322-D1.pdb:A  SCOP d1cdna_
  465      0.6233      0.5403       4.073     0.000    60    2    4           1    0     76      4     76      4    T0990TS322-D1.pdb:A  SCOP d1cyla_
  466      0.6233       0.134       3.671     0.000    60    2    3           1    0     76      4     76      7    T0990TS322-D1.pdb:A  SCOP d2pyca1
  467      0.6233    0.003405       3.445     0.000    60    2    4           1    0     76      4     76      4    T0990TS322-D1.pdb:A  SCOP d1jm7a_
  468      0.6233       0.134       3.671     0.000    60    2    3           1    0     76      4     76      7    T0990TS322-D1.pdb:A  SCOP d2otfa1
  469      0.6233      0.2158       3.894     0.000    60    2    3           1    0     76      4     76      7    T0990TS322-D1.pdb:A  SCOP d1vipa_
  470      0.6233      0.6236       5.351     0.000    60    2    3           1    0     76      4     76      6    T0990TS322-D1.pdb:A  SCOP d1fk5a_
  471      0.6233      0.2284       2.267     0.000    60    2    5           1    0     76      4     76      5    T0990TS322-D1.pdb:A  SCOP d1emwa_
  472      0.6233      0.3131       4.109     0.000    60    2    3           1    0     76      4     76      4    T0990TS322-D1.pdb:A  SCOP d1pisa_
  473      0.6233       0.253       3.152     0.000    60    1    5           1    0     76      4     76      3    T0990TS322-D1.pdb:A  SCOP d1w0ba_
  474      0.6233      0.2622       3.152     0.000    60    1    5           1    0     76      4     76      3    T0990TS322-D1.pdb:A  SCOP d1y01a_
  475      0.6233       0.134       3.671     0.000    60    2    3           1    0     76      4     76      7    T0990TS322-D1.pdb:A  SCOP d1zyxa1
  476      0.6233     0.07408       3.765     0.000    60    2    4           1    0     76      4     76      5    T0990TS322-D1.pdb:A  SCOP d1j3sa_
  477      0.6233     0.05926       4.723     0.000    60    2    2           1    0     76      4     76      8    T0990TS322-D1.pdb:A  SCOP d1myoa_
  478      0.6233      0.1796       3.255     0.000    60    2    3           1    0     76      4     76      4    T0990TS322-D1.pdb:A  SCOP d1wj5a_
  479      0.6233       1.149       3.621     0.000    60    1    4           1    0     76      4     76      4    T0990TS322-D1.pdb:A  SCOP d1r8pa_
  480      0.6233       0.134       3.671     0.000    60    2    3           1    0     76      4     76      9    T0990TS322-D1.pdb:A  SCOP d1zwpa1
  481      0.6233    7.69e-10       3.149     0.000    60    2    4           1    0     76      4     76      8    T0990TS322-D1.pdb:A  SCOP d1myoa_
  482      0.6233       0.134       3.671     0.000    60    2    3           1    0     76      4     76      7    T0990TS322-D1.pdb:A  SCOP d1zr8a1
  483      0.6233          -0       1.909     0.000    60    2    5           1    0     76      4     76      9    T0990TS322-D1.pdb:A  SCOP d1bfxa_
  484      0.6233       0.134       3.671     0.000    60    2    3           1    0     76      4     76      7    T0990TS322-D1.pdb:A  SCOP d2dpza1
  485      0.6233      0.4321       2.929     0.000    60    2    5           1    0     76      4     76      4    T0990TS322-D1.pdb:A  SCOP d1acpa_
  486      0.6233     0.06802       4.109     0.000    60    1    4           1    0     76      4     76      3    T0990TS322-D1.pdb:A  SCOP d1poga_
  487      0.6233      0.6236       5.351     0.000    60    2    3           1    0     76      4     76      6    T0990TS322-D1.pdb:A  SCOP d1fk3a_
  488      0.6233      0.6236       5.351     0.000    60    2    3           1    0     76      4     76      6    T0990TS322-D1.pdb:A  SCOP d1mzla_
  489      0.6233       0.134       3.671     0.000    60    2    3           1    0     76      4     76      7    T0990TS322-D1.pdb:A  SCOP d2pb8a1
  490      0.6233          -0       2.799     0.000    60    1    4           1    0     76      4     76      5    T0990TS322-D1.pdb:A  SCOP d1psya_
  491      0.6233      0.6236       5.351     0.000    60    2    3           1    0     76      4     76      6    T0990TS322-D1.pdb:A  SCOP d1mzma_
  492      0.6233      0.6236       5.351     0.000    60    2    3           1    0     76      4     76      5    T0990TS322-D1.pdb:A  SCOP d1fk6a_
  493      0.6233      0.6236       5.351     0.000    60    2    3           1    0     76      4     76      6    T0990TS322-D1.pdb:A  SCOP d1fk1a_
  494      0.6196      0.3669       3.528     0.000    57    2    2           1    0     76      4     69      7    T0990TS322-D1.pdb:A  SCOP d1x4ga1
