<html><head></head><body><pre style="word-wrap: break-word; white-space: pre-wrap;"> PDBe Fold v2.59. (src3) 14 Apr 2014 result file.

                   RESULT SUMMARY

   ##      Q-score      P-score     Z-score   RMSD    Nalgn Nsse Ngaps Seq-%     Nmd Nres-Q Nsse-Q Nres-T Nsse-T Query Target
    1      0.8296          -0       4.178     0.000   194    2    4           1    0    213     10    213      9    T0990TS354-D3.pdb:A  SCOP d1c3ia_
    2      0.7873          -0       4.023     0.000   189    3    5           1    0    213     10    213     10    T0990TS354-D3.pdb:A  SCOP d1usna_
    3      0.7873          -0       3.043     0.000   189    2    6           1    0    213     10    213      7    T0990TS354-D3.pdb:A  SCOP d1sxda_
    4      0.7708          -0       4.023     0.000   187    2    5           1    0    213     10    213     10    T0990TS354-D3.pdb:A  SCOP d2usna_
    5      0.7625          -0       3.152     0.000   186    2    6           1    0    213     10    213      9    T0990TS354-D3.pdb:A  SCOP d1oo9a_
    6      0.7625          -0       3.152     0.000   186    2    6           1    0    213     10    213      8    T0990TS354-D3.pdb:A  SCOP d1d7xa_
    7      0.7625          -0       3.152     0.000   186    2    6           1    0    213     10    213      9    T0990TS354-D3.pdb:A  SCOP d1g05a_
    8      0.7625          -0       3.152     0.000   186    2    6           1    0    213     10    213      9    T0990TS354-D3.pdb:A  SCOP d1ueaa_
    9      0.7625          -0       3.152     0.000   186    2    6           1    0    213     10    213      9    T0990TS354-D3.pdb:A  SCOP d1biwa_
   10      0.7625          -0       3.152     0.000   186    2    6           1    0    213     10    213      9    T0990TS354-D3.pdb:A  SCOP d1b8ya_
   11      0.7625      0.0322       5.809     0.000   186    2    5           1    0    213     10    213      5    T0990TS354-D3.pdb:A  SCOP d1ny9a_
   12      0.7625          -0       3.152     0.000   186    2    6           1    0    213     10    213      8    T0990TS354-D3.pdb:A  SCOP d1hy7a_
   13      0.7625          -0       3.152     0.000   186    2    6           1    0    213     10    213      9    T0990TS354-D3.pdb:A  SCOP d1d8ma_
   14      0.7544          -0       3.152     0.000   185    2    6           1    0    213     10    213      8    T0990TS354-D3.pdb:A  SCOP d1qiba_
   15      0.7544          -0       2.951     0.000   185    3    8           1    0    213     10    213     15    T0990TS354-D3.pdb:A  SCOP d1pzta_
   16      0.7544          -0       2.947     0.000   185    2    6           1    0    213     10    213      8    T0990TS354-D3.pdb:A  SCOP d1bm6a_
   17      0.7544          -0       2.947     0.000   185    2    6           1    0    213     10    213      7    T0990TS354-D3.pdb:A  SCOP d1umta_
   18      0.7544          -0       3.152     0.000   185    2    6           1    0    213     10    213      8    T0990TS354-D3.pdb:A  SCOP d1b3da_
   19      0.7544          -0       3.152     0.000   185    2    6           1    0    213     10    213      8    T0990TS354-D3.pdb:A  SCOP d1bqoa_
   20      0.7544          -0           2     0.000   185    2    6           1    0    213     10    213      9    T0990TS354-D3.pdb:A  SCOP d1g4ka_
   21      0.7544          -0       3.152     0.000   185    2    6           1    0    213     10    213      9    T0990TS354-D3.pdb:A  SCOP d1d8fa_
   22      0.7544          -0       3.152     0.000   185    2    6           1    0    213     10    213      8    T0990TS354-D3.pdb:A  SCOP d1d5ja_
   23      0.7381          -0       4.567     0.000   183    2    3           1    0    213     10    213      8    T0990TS354-D3.pdb:A  SCOP d1fqia_
   24      0.7221          -0       2.858     0.000   181    2    6           1    0    213     10    213      7    T0990TS354-D3.pdb:A  SCOP d1t2ta_
   25      0.7221          -0       2.858     0.000   181    2    6           1    0    213     10    213      7    T0990TS354-D3.pdb:A  SCOP d1i3ja_
   26      0.7062   3.468e-05       2.692     0.000   179    2    5           1    0    213     10    213      7    T0990TS354-D3.pdb:A  SCOP d1rzxa_
   27      0.7062     0.01515       2.692     0.000   179    2    5           1    0    213     10    213      6    T0990TS354-D3.pdb:A  SCOP d1wi5a_
   28      0.6984   0.0007537       2.937     0.000   178    2    6           1    0    213     10    213      5    T0990TS354-D3.pdb:A  SCOP d1dpua_
   29      0.6828          -0       1.633     0.000   176    2    5           1    0    213     10    213      5    T0990TS354-D3.pdb:A  SCOP d1sse.1
   30       0.675          -0       3.578     0.000   175    2    7           1    0    213     10    213      9    T0990TS354-D3.pdb:A  SCOP d1gxqa_
   31      0.6673          -0       3.427     0.000   174    2    7           1    0    213     10    213      9    T0990TS354-D3.pdb:A  SCOP d1gxpa_
   32      0.6673      0.3552       3.779     0.000   174    2    5           1    0    213     10    213      4    T0990TS354-D3.pdb:A  SCOP d1vfya_
   33      0.6673          -0       2.991     0.000   174    3    5           1    0    213     10    213     15    T0990TS354-D3.pdb:A  SCOP d1qb1a_
   34      0.6597          -0  1.798e+308     0.000   173    2    5           1    0    213     10    213      3    T0990TS354-D3.pdb:A  SCOP d1w0ua_
   35      0.6597          -0       1.925     0.000   173    2    5           1    0    213     10    213      8    T0990TS354-D3.pdb:A  SCOP d1xb1a_
   36      0.6597          -0  1.798e+308     0.000   173    2    5           1    0    213     10    213      6    T0990TS354-D3.pdb:A  SCOP d1a5oa_
   37      0.6521          -0       1.925     0.000   172    2    6           1    0    213     10    213      8    T0990TS354-D3.pdb:A  SCOP d1xb0a_
   38      0.6445          -0       1.925     0.000   171    2    6           1    0    213     10    213      8    T0990TS354-D3.pdb:A  SCOP d1nw9a_
   39      0.6445          -0       2.374     0.000   171    2    7           1    0    213     10    213      9    T0990TS354-D3.pdb:A  SCOP d1oj5a_
   40      0.6445          -0       1.901     0.000   171    2    5           1    0    213     10    213      7    T0990TS354-D3.pdb:A  SCOP d1l6oa_
   41      0.6427          -0       3.127     0.488   173    2    6      0.9827    0    213     10    213     10    T0990TS354-D3.pdb:A  SCOP d1r62a_
   42       0.637          -0       5.544     0.000   170    3    5           1    0    213     10    213     14    T0990TS354-D3.pdb:A  SCOP d1qk4a_
   43       0.637          -0       1.339     0.000   170    2    7           1    0    213     10    213     10    T0990TS354-D3.pdb:A  SCOP d1h3za_
   44       0.637          -0       5.544     0.000   170    3    5           1    0    213     10    213     14    T0990TS354-D3.pdb:A  SCOP d1qk5a_
   45       0.637          -0       5.544     0.000   170    3    5           1    0    213     10    213     14    T0990TS354-D3.pdb:A  SCOP d1fsga_
   46      0.6351      0.3579       3.163     0.490   172    2    6      0.9826    0    213     10    213      7    T0990TS354-D3.pdb:A  SCOP d1d1na_
   47      0.6351      0.1881       2.441     0.491   172    2    6      0.9884    0    213     10    213     10    T0990TS354-D3.pdb:A  SCOP d1u5za_
   48      0.6277          -0       1.581     0.592   172    2    7      0.9767    0    213     10    213     10    T0990TS354-D3.pdb:A  SCOP d1si3a_
   49      0.6221          -0       3.658     0.000   168    2    8           1    0    213     10    213     10    T0990TS354-D3.pdb:A  SCOP d1pbva_
   50      0.6212          -0        1.25     0.581   171    2    8      0.9825    0    213     10    213      9    T0990TS354-D3.pdb:A  SCOP d1jd5a_
   51      0.6212          -0       0.828     0.581   171    2    8      0.9825    0    213     10    213      8    T0990TS354-D3.pdb:A  SCOP d1jd4a_
   52      0.6135   1.864e-13       2.174     0.587   170    2    5      0.9765    0    213     10    213      7    T0990TS354-D3.pdb:A  SCOP d1obya_
   53      0.6074          -0        2.09     0.000   166    2    9           1    0    213     10    213      5    T0990TS354-D3.pdb:A  SCOP d1g7da_
   54      0.6039          -0       3.336     0.847   172    3    6      0.9767    0    213     10    213     10    T0990TS354-D3.pdb:A  SCOP d1khca_
   55      0.6001          -0       3.343     0.000   165    2    6           1    0    213     10    213      8    T0990TS354-D3.pdb:A  SCOP d1gkda_
   56      0.6001   1.929e-16       2.815     0.000   165    2    7           1    0    213     10    213      4    T0990TS354-D3.pdb:A  SCOP d1nzpa_
   57      0.6001          -0       3.073     0.000   165    3    5           1    0    213     10    213     15    T0990TS354-D3.pdb:A  SCOP d1q5ra_
   58      0.6001          -0       3.343     0.000   165    2    6           1    0    213     10    213      8    T0990TS354-D3.pdb:A  SCOP d1gkca_
   59      0.6001          -0  1.798e+308     0.000   165    2    6           1    0    213     10    213     10    T0990TS354-D3.pdb:A  SCOP d1crpa_
   60      0.5992          -0        1.25     0.586   168    2    8      0.9821    0    213     10    213      9    T0990TS354-D3.pdb:A  SCOP d1jd6a_
   61      0.5983   7.575e-05       2.301     0.498   167    2    7       0.982    0    213     10    213     10    T0990TS354-D3.pdb:A  SCOP d1joda_
   62      0.5928          -0       3.073     0.000   164    2    8           1    0    213     10    213     10    T0990TS354-D3.pdb:A  SCOP d1ldfa_
   63      0.5928          -0       3.073     0.000   164    2    8           1    0    213     10    213     10    T0990TS354-D3.pdb:A  SCOP d1fx8a_
   64      0.5785          -0      0.8373     0.000   162    2    8           1    0    213     10    213      5    T0990TS354-D3.pdb:A  SCOP d1f9xa_
   65      0.5768          -0       0.799     0.907   169    2    9      0.9822    0    213     10    213     10    T0990TS354-D3.pdb:A  SCOP d1dp9a_
   66      0.5713          -0       3.036     0.000   161    2   10           1    0    213     10    213      6    T0990TS354-D3.pdb:A  SCOP d1ddfa_
   67      0.5709          -0       3.214     0.588   164    3    7      0.9756    0    213     10    213     13    T0990TS354-D3.pdb:A  SCOP d1nq1a_
   68      0.5688     6.5e-14       4.568     0.000   133    2    4           1    0    213     10    146     10    T0990TS354-D3.pdb:A  SCOP d1u0ma2
   69      0.5686          -0       3.692     0.000   146    3    9           1    0    213     10    176     15    T0990TS354-D3.pdb:A  SCOP d2j07a1
   70      0.5644          -0       2.027     0.828   166    2   10      0.9819    0    213     10    213      9    T0990TS354-D3.pdb:A  SCOP d1vyia_
   71      0.5643          -0       4.431     0.000   160    3    7           1    0    213     10    213     15    T0990TS354-D3.pdb:A  SCOP d1kkqa_
   72      0.5643          -0       3.015     0.000   160    2    8           1    0    213     10    213      7    T0990TS354-D3.pdb:A  SCOP d1ty4a_
   73      0.5626          -0      0.2861     0.913   167    2    7       0.982    0    213     10    213      5    T0990TS354-D3.pdb:A  SCOP d1bv4a_
   74      0.5588     0.05814       5.452     0.000   130    2    3           1    0    213     10    142      9    T0990TS354-D3.pdb:A  SCOP d1o7fa1
   75      0.5568          -0       2.963     0.592   162    3    7      0.9753    0    213     10    213     14    T0990TS354-D3.pdb:A  SCOP d1nq2a_
   76      0.5564          -0       1.452     0.597   162    2    7      0.9815    0    213     10    213      7    T0990TS354-D3.pdb:A  SCOP d1q4qa_
   77      0.5531          -0       4.212     0.000   144    3    8           1    0    213     10    176     15    T0990TS354-D3.pdb:A  SCOP d2j09a1
   78      0.5531          -0       4.212     0.000   144    3    8           1    0    213     10    176     15    T0990TS354-D3.pdb:A  SCOP d2j08a1
   79      0.5433          -0       1.186     0.000   157    2    8           1    0    213     10    213      9    T0990TS354-D3.pdb:A  SCOP d1a38a_
   80       0.516          -0       1.535     0.000   153    2    5           1    0    213     10    213     10    T0990TS354-D3.pdb:A  SCOP d1is8a_
   81      0.5056          -0       1.025     1.082   161    2    8      0.9876    0    213     10    213      8    T0990TS354-D3.pdb:A  SCOP d1cxva_
   82      0.5056          -0       1.025     1.082   161    2    8      0.9876    0    213     10    213      8    T0990TS354-D3.pdb:A  SCOP d1g49a_
   83      0.5016          -0      0.6355     0.616   154    3    9      0.9805    0    213     10    213     12    T0990TS354-D3.pdb:A  SCOP d1qc9a_
   84      0.4989          -0       1.145     1.086   160    2    8      0.9875    0    213     10    213      8    T0990TS354-D3.pdb:A  SCOP d1qica_
   85      0.4924          -0       1.145     1.089   159    2    8      0.9874    0    213     10    213      8    T0990TS354-D3.pdb:A  SCOP d1hfsa_
   86      0.4859     0.03386        2.09     1.631   169    2    6      0.9822    0    213     10    213     10    T0990TS354-D3.pdb:A  SCOP d1u5xa_
   87      0.4853      0.0002       4.815     0.000   122    2    3           1    0    213     10    144      9    T0990TS354-D3.pdb:A  SCOP d1wu2a3
   88      0.4835          -0       2.438     1.518   166    2    6       0.988    0    213     10    213      8    T0990TS354-D3.pdb:A  SCOP d1jana_
   89      0.4835          -0       2.501     0.576   124    2    6      0.9758    0    213     10    144      9    T0990TS354-D3.pdb:A  SCOP d1ctua2
   90      0.4807      0.0128       4.983     0.000   121    2    3           1    0    213     10    143      8    T0990TS354-D3.pdb:A  SCOP d1xi8a3
   91      0.4771          -0       2.292     1.523   165    2    6      0.9879    0    213     10    213      8    T0990TS354-D3.pdb:A  SCOP d1a86a_
   92      0.4763          -0       2.597     0.000   147    2   11           1    0    213     10    213     10    T0990TS354-D3.pdb:A  SCOP d1f7ca_
   93      0.4756          -0       2.305     0.578   123    2    6      0.9756    0    213     10    144      9    T0990TS354-D3.pdb:A  SCOP d1ctta2
   94      0.4756          -0       2.305     0.578   123    2    6      0.9756    0    213     10    144      9    T0990TS354-D3.pdb:A  SCOP d1alna2
   95      0.4756          -0       2.305     0.578   123    2    6      0.9756    0    213     10    144      9    T0990TS354-D3.pdb:A  SCOP d1af2a2
   96      0.4754          -0       2.396     0.000   135    2    7           1    0    213     10    180     10    T0990TS354-D3.pdb:A  SCOP d1e8ya3
   97      0.4723          -0       1.597     0.912   153    2   10      0.9739    0    213     10    213      8    T0990TS354-D3.pdb:A  SCOP d1fc3a_
   98       0.471      0.1663       4.661     1.657   167    3    7      0.9641    0    213     10    213     11    T0990TS354-D3.pdb:A  SCOP d1q88a_
   99      0.4698          -0       1.685     0.000   146    3   10           1    0    213     10    213      7    T0990TS354-D3.pdb:A  SCOP d1elra_
  100      0.4698          -0       2.531     0.000   146    2   10           1    0    213     10    213      6    T0990TS354-D3.pdb:A  SCOP d1wsxa_
  101      0.4695          -0       1.222     1.668   167    4   10      0.9641    0    213     10    213     20    T0990TS354-D3.pdb:A  SCOP d1us4a_
  102      0.4686          -0       1.665     0.909   148    3   11       0.973    0    213     10    201     12    T0990TS354-D3.pdb:A  SCOP d1rfqa2
  103      0.4571          -0       3.395     0.000   144    4   12           1    0    213     10    213     19    T0990TS354-D3.pdb:A  SCOP d1xjla_
  104      0.4563          -0       2.183     0.628   147    4    7      0.9728    0    213     10    213     19    T0990TS354-D3.pdb:A  SCOP d1vkja_
  105      0.4501          -0        2.19     0.000   131    2    6           1    0    213     10    179     10    T0990TS354-D3.pdb:A  SCOP d1e7va3
  106      0.4501          -0      0.1225     1.690   164    2    8      0.9817    0    213     10    213      8    T0990TS354-D3.pdb:A  SCOP d1a07a_
  107      0.4501          -0      0.1225     1.690   164    2    8      0.9817    0    213     10    213      8    T0990TS354-D3.pdb:A  SCOP d1a09a_
  108      0.4484    0.000223       3.644     0.000   111    2    3           1    0    213     10    129      8    T0990TS354-D3.pdb:A  SCOP d1rxta2
  109      0.4483          -0       2.805     0.000   130    3    8           1    0    213     10    177     15    T0990TS354-D3.pdb:A  SCOP d1j1za2
  110      0.4483          -0       2.805     0.000   130    3    8           1    0    213     10    177     15    T0990TS354-D3.pdb:A  SCOP d1kora2
  111      0.4483          -0       2.805     0.000   130    3    8           1    0    213     10    177     15    T0990TS354-D3.pdb:A  SCOP d1j20a2
  112      0.4483          -0       2.805     0.000   130    3    8           1    0    213     10    177     15    T0990TS354-D3.pdb:A  SCOP d1kh1a2
  113      0.4483          -0       3.034     0.000   130    3    8           1    0    213     10    177     15    T0990TS354-D3.pdb:A  SCOP d1kh3a2
  114      0.4483          -0       3.034     0.000   130    3    8           1    0    213     10    177     15    T0990TS354-D3.pdb:A  SCOP d1j21a2
  115      0.4483          -0       2.805     0.000   130    3    8           1    0    213     10    177     15    T0990TS354-D3.pdb:A  SCOP d1kh2a2
  116      0.4469          -0       1.225     1.442   158    2    5       0.981    0    213     10    213      7    T0990TS354-D3.pdb:A  SCOP d1qlca_
  117      0.4461          -0       2.407     1.677   163    3   11      0.9632    0    213     10    213     12    T0990TS354-D3.pdb:A  SCOP d1q87a_
  118      0.4459   3.167e-05      0.9149     1.636   162    2    7      0.9815    0    213     10    213      8    T0990TS354-D3.pdb:A  SCOP d1c28a_
  119      0.4408   2.554e-08       1.403     1.495   158    3    6       0.981    0    213     10    213      8    T0990TS354-D3.pdb:A  SCOP d1fb8a_
  120      0.4401          -0       2.629     1.682   162    3   11       0.963    0    213     10    213     12    T0990TS354-D3.pdb:A  SCOP d1q89a_
  121      0.4395          -0       2.237     0.000   122    2    6           1    0    213     10    159      8    T0990TS354-D3.pdb:A  SCOP d1eb7a2
  122      0.4388          -0      0.9619     1.082   150    2   10        0.98    0    213     10    213      5    T0990TS354-D3.pdb:A  SCOP d1xu0a_
  123      0.4382          -0       1.161     0.000   141    3    8           1    0    213     10    213     15    T0990TS354-D3.pdb:A  SCOP d1gwxa_
  124      0.4382          -0       4.928     0.000   141    3   14           1    0    213     10    213     15    T0990TS354-D3.pdb:A  SCOP d1n9aa_
  125      0.4382          -0       4.746     0.000   141    3   14           1    0    213     10    213     15    T0990TS354-D3.pdb:A  SCOP d1n94a_
  126      0.4318          -0      0.2534     1.427   155    3    7      0.9742    0    213     10    213     15    T0990TS354-D3.pdb:A  SCOP d1qtn.1
  127      0.4278          -0     0.06463     1.983   167    2    7      0.9581    0    213     10    213      6    T0990TS354-D3.pdb:A  SCOP d1qvpa_
  128      0.4271          -0       1.825     0.000   124    2    6           1    0    213     10    169      8    T0990TS354-D3.pdb:A  SCOP d8ldha2
  129      0.4271          -0       1.825     0.000   124    2    6           1    0    213     10    169      8    T0990TS354-D3.pdb:A  SCOP d6ldha2
  130      0.4265          -0       2.757     0.000   125    2    9           1    0    213     10    172      9    T0990TS354-D3.pdb:A  SCOP d2ldxa2
  131      0.4235    0.001849       5.434     0.000   122    2    4           1    0    213     10    165      9    T0990TS354-D3.pdb:A  SCOP d1t2da2
  132      0.4226          -0       1.654     1.509   155    3    8      0.9806    0    213     10    213     11    T0990TS354-D3.pdb:A  SCOP d1fuka_
  133      0.4205          -0      0.1557     1.622   157    3    8      0.9809    0    213     10    213     15    T0990TS354-D3.pdb:A  SCOP d4pgma_
  134      0.4203          -0       1.715     1.216   149    3   10       0.953    0    213     10    213     13    T0990TS354-D3.pdb:A  SCOP d1s0za_
  135      0.4198          -0       2.714     0.000   138    3    9           1    0    213     10    213     15    T0990TS354-D3.pdb:A  SCOP d1u4ga_
  136      0.4198          -0       1.194     0.000   138    3   16           1    0    213     10    213     15    T0990TS354-D3.pdb:A  SCOP d1o1sa_
  137      0.4198          -0       3.021     0.000   138    2    7           1    0    213     10    213      9    T0990TS354-D3.pdb:A  SCOP d1o9ca_
  138      0.4198          -0       2.744     0.000   138    2    6           1    0    213     10    213      9    T0990TS354-D3.pdb:A  SCOP d1o9fa_
  139      0.4197          -0       2.685     0.000   124    2    9           1    0    213     10    172      9    T0990TS354-D3.pdb:A  SCOP d1i10a2
  140      0.4165          -0       3.855     0.000   101    2    3           1    0    213     10    115     10    T0990TS354-D3.pdb:A  SCOP d3ezba2
  141      0.4143          -0       1.604     1.220   148    3   11      0.9527    0    213     10    213     13    T0990TS354-D3.pdb:A  SCOP d1ie8a_
  142      0.4143          -0       1.604     1.220   148    3   11      0.9527    0    213     10    213     13    T0990TS354-D3.pdb:A  SCOP d1db1a_
  143      0.4143          -0       1.604     1.220   148    3   11      0.9527    0    213     10    213     13    T0990TS354-D3.pdb:A  SCOP d1s19a_
  144      0.4137          -0       2.714     0.000   137    3    9           1    0    213     10    213     15    T0990TS354-D3.pdb:A  SCOP d1ezma_
  145      0.4137          -0       2.744     0.000   137    2    6           1    0    213     10    213      9    T0990TS354-D3.pdb:A  SCOP d1o9ea_
  146      0.4135          -0       1.645     0.000   122    2    6           1    0    213     10    169      9    T0990TS354-D3.pdb:A  SCOP d1ldma2
  147      0.4108          -0        2.26     2.114   167    2    6       0.982    0    213     10    213      4    T0990TS354-D3.pdb:A  SCOP d1t1ha_
  148      0.4077          -0       3.071     0.000   136    3   14           1    0    213     10    213     15    T0990TS354-D3.pdb:A  SCOP d1qbqa_
  149      0.4067          -0       2.656     0.000   121    2    7           1    0    213     10    169     10    T0990TS354-D3.pdb:A  SCOP d2ldba2
  150      0.4048          -0       1.444     1.524   152    2    6      0.9803    0    213     10    213      8    T0990TS354-D3.pdb:A  SCOP d1faoa_
  151      0.4031          -0        1.46     1.220   146    2    5      0.9795    0    213     10    213      9    T0990TS354-D3.pdb:A  SCOP d1joba_
  152      0.4031          -0      0.1911     1.220   146    2    5      0.9795    0    213     10    213      9    T0990TS354-D3.pdb:A  SCOP d1alya_
  153      0.4027      0.9813       6.119     0.000   106    2    3           1    0    213     10    131     10    T0990TS354-D3.pdb:A  SCOP d1wuua2
  154      0.3979   7.477e-12       1.662     1.856   158    2    5       0.981    0    213     10    213     10    T0990TS354-D3.pdb:A  SCOP d1ahsa_
  155      0.3943   0.0003553       3.585     0.000   117    2    7           1    0    213     10    163      8    T0990TS354-D3.pdb:A  SCOP d1hyha2
  156       0.394          -0       1.517     0.701   119    2    8      0.9748    0    213     10    160     10    T0990TS354-D3.pdb:A  SCOP d1nmla2
  157      0.3908          -0      0.8682     1.112   142    2    9      0.9789    0    213     10    213      5    T0990TS354-D3.pdb:A  SCOP d1e1ua_
  158      0.3907   1.175e-06       2.085     2.272   167    2    8      0.9581    0    213     10    213      4    T0990TS354-D3.pdb:A  SCOP d1tp4a_
  159      0.3906          -0       1.115     2.120   163    3    7      0.9693    0    213     10    213     15    T0990TS354-D3.pdb:A  SCOP d1op8a_
  160      0.3894          -0     0.08183     1.800   155    2    7      0.9613    0    213     10    213      9    T0990TS354-D3.pdb:A  SCOP d1bfta_
  161      0.3894          -0     0.08183     1.800   155    2    7      0.9613    0    213     10    213      8    T0990TS354-D3.pdb:A  SCOP d1my7a_
  162      0.3894          -0     0.08183     1.800   155    2    7      0.9613    0    213     10    213      8    T0990TS354-D3.pdb:A  SCOP d1my5a_
  163      0.3891          -0      0.8993     0.000   110    2    6           1    0    213     10    146     10    T0990TS354-D3.pdb:A  SCOP d1n9ea3
  164      0.3876          -0     0.05805     1.943   158    2    7      0.9873    0    213     10    213      7    T0990TS354-D3.pdb:A  SCOP d1pbka_
  165      0.3873          -0       2.252     1.438   147    3    7      0.9796    0    213     10    213     15    T0990TS354-D3.pdb:A  SCOP d1k7la_
  166      0.3851          -0     0.01908     1.609   150    2    8        0.98    0    213     10    213      8    T0990TS354-D3.pdb:A  SCOP d1hfca_
  167       0.385          -0      0.9599     2.127   162    3    7      0.9691    0    213     10    213     15    T0990TS354-D3.pdb:A  SCOP d1orfa_
  168       0.385          -0      0.6571     1.116   141    2    9      0.9787    0    213     10    213      5    T0990TS354-D3.pdb:A  SCOP d1e1wa_
  169      0.3846     0.04818       3.148     0.000   102    2    7           1    0    213     10    127      7    T0990TS354-D3.pdb:A  SCOP d1xxha1
  170      0.3832          -0      0.9599     0.895   124    3   10      0.9516    0    213     10    173     13    T0990TS354-D3.pdb:A  SCOP d1vyta2
  171      0.3832          -0      0.9599     0.895   124    3   10      0.9516    0    213     10    173     13    T0990TS354-D3.pdb:A  SCOP d1vyua2
  172      0.3808          -0       1.622     1.100   140    2    6      0.9786    0    213     10    213      8    T0990TS354-D3.pdb:A  SCOP d1kc2a_
  173      0.3806      0.1813       4.345     0.000    94    2    4           1    0    213     10    109      8    T0990TS354-D3.pdb:A  SCOP d1ofua2
  174      0.3792          -0      0.8219     1.119   140    2    8      0.9786    0    213     10    213      6    T0990TS354-D3.pdb:A  SCOP d1b10a_
  175      0.3783          -0       2.632     0.000   131    4   14           1    0    213     10    213     19    T0990TS354-D3.pdb:A  SCOP d1w7ba_
  176      0.3781          -0      0.9313     1.811   153    2    8      0.9608    0    213     10    213     10    T0990TS354-D3.pdb:A  SCOP d1k3za_
  177      0.3771     0.03901        2.99     0.000   101    2    7           1    0    213     10    127      7    T0990TS354-D3.pdb:A  SCOP d1xxia1
  178      0.3768          -0       1.517     0.713   115    2    8      0.9739    0    213     10    156      8    T0990TS354-D3.pdb:A  SCOP d1rz6a2
  179      0.3714     0.01484       3.664     0.000    92    2    4           1    0    213     10    107      8    T0990TS354-D3.pdb:A  SCOP d1rq7a2
  180      0.3714     0.01484       3.664     0.000    92    2    4           1    0    213     10    107      8    T0990TS354-D3.pdb:A  SCOP d1rlua2
  181       0.371          -0      0.2062     0.943   136    3   11      0.9706    0    213     10    213     14    T0990TS354-D3.pdb:A  SCOP d1kwfa_
  182      0.3694      0.9214       4.853     0.000   109    3    6           1    0    213     10    151      8    T0990TS354-D3.pdb:A  SCOP d1ihga1
  183      0.3682          -0       1.508     1.813   151    3   10       0.947    0    213     10    213     15    T0990TS354-D3.pdb:A  SCOP d1xdga_
  184      0.3678          -0       2.545     0.000   113    2    8           1    0    213     10    163     10    T0990TS354-D3.pdb:A  SCOP d1gv0a2
  185      0.3643          -0       2.648     1.663   147    2    7      0.9728    0    213     10    213     10    T0990TS354-D3.pdb:A  SCOP d1bc9a_
  186      0.3622          -0       4.073     0.000    90    2    3           1    0    213     10    105      9    T0990TS354-D3.pdb:A  SCOP d2ezca2
  187      0.3598          -0      0.2112     0.949   134    3   11      0.9701    0    213     10    213     14    T0990TS354-D3.pdb:A  SCOP d1cema_
  188      0.3562          -0       2.729     0.000    93    2    2           1    0    213     10    114     10    T0990TS354-D3.pdb:A  SCOP d1rcqa1
  189      0.3553          -0       1.174     1.980   141    3    8      0.9787    0    213     10    183     15    T0990TS354-D3.pdb:A  SCOP d1xlta1
  190       0.354          -0        3.32     0.000   106    2    7           1    0    213     10    149      9    T0990TS354-D3.pdb:A  SCOP d1ma9a2
  191       0.354          -0       4.687     0.000   106    2    5           1    0    213     10    149     10    T0990TS354-D3.pdb:A  SCOP d1j78a2
  192      0.3533          -0       1.185     1.675   145    2    6      0.9724    0    213     10    213      7    T0990TS354-D3.pdb:A  SCOP d1x8sa_
  193      0.3532          -0       2.743     0.000   103    2    6           1    0    213     10    141     10    T0990TS354-D3.pdb:A  SCOP d2bxia1
  194      0.3527          -0       3.364     0.000   111    2    8           1    0    213     10    164     10    T0990TS354-D3.pdb:A  SCOP d1uxka2
  195      0.3526          -0       1.798     0.000   113    2    8           1    0    213     10    170      8    T0990TS354-D3.pdb:A  SCOP d1a5za2
  196      0.3498          -0     0.01908     1.850   148    2    9       0.973    0    213     10    213      5    T0990TS354-D3.pdb:A  SCOP d1cita_
  197      0.3479          -0      0.8837     1.868   148    3    9       0.973    0    213     10    213     15    T0990TS354-D3.pdb:A  SCOP d1ice.1
  198      0.3479          -0      0.8837     1.868   148    3    9       0.973    0    213     10    213     15    T0990TS354-D3.pdb:A  SCOP d1sc4.1
  199      0.3479          -0      0.8837     1.868   148    3    9       0.973    0    213     10    213     15    T0990TS354-D3.pdb:A  SCOP d1sc1.1
  200      0.3478   1.315e-08       3.922     1.362   115    3    7      0.9652    0    213     10    148     10    T0990TS354-D3.pdb:A  SCOP d1uz5a3
  201      0.3473          -0       1.018     1.828   147    4    8      0.9592    0    213     10    213     18    T0990TS354-D3.pdb:A  SCOP d1jbka_
  202      0.3466          -0       1.802     1.835   147    3   11      0.9456    0    213     10    213     15    T0990TS354-D3.pdb:A  SCOP d1cqpa_
  203      0.3464          -0        2.67     0.000   102    2    7           1    0    213     10    141     10    T0990TS354-D3.pdb:A  SCOP d2bxma1
  204      0.3464          -0       3.326     0.000   110    2    8           1    0    213     10    164     10    T0990TS354-D3.pdb:A  SCOP d1uxja2
  205      0.3446          -0       2.766     1.071   120    3    6       0.975    0    213     10    174     15    T0990TS354-D3.pdb:A  SCOP d1vl2a2
  206      0.3438   1.918e-09       1.581     2.402   160    2    7      0.9812    0    213     10    213      9    T0990TS354-D3.pdb:A  SCOP d1qsva_
  207      0.3428          -0       2.516     0.000   105    2    8           1    0    213     10    151     10    T0990TS354-D3.pdb:A  SCOP d1e7ba2
  208      0.3425          -0      0.8837     1.875   147    3    9      0.9728    0    213     10    213     14    T0990TS354-D3.pdb:A  SCOP d1rwp.1
  209      0.3425          -0      0.8837     1.875   147    3    9      0.9728    0    213     10    213     14    T0990TS354-D3.pdb:A  SCOP d1rwv.1
  210      0.3425          -0      0.8837     1.875   147    3    9      0.9728    0    213     10    213     14    T0990TS354-D3.pdb:A  SCOP d1rwo.1
  211      0.3425          -0      0.8837     1.875   147    3    9      0.9728    0    213     10    213     14    T0990TS354-D3.pdb:A  SCOP d1rwn.1
  212      0.3425          -0      0.8837     1.875   147    3    9      0.9728    0    213     10    213     14    T0990TS354-D3.pdb:A  SCOP d1rwk.1
  213      0.3425          -0      0.8837     1.875   147    3    9      0.9728    0    213     10    213     13    T0990TS354-D3.pdb:A  SCOP d1rwx.1
  214      0.3425          -0      0.8837     1.875   147    3    9      0.9728    0    213     10    213     13    T0990TS354-D3.pdb:A  SCOP d1rwm.1
  215      0.3425          -0      0.8837     1.875   147    3    9      0.9728    0    213     10    213     14    T0990TS354-D3.pdb:A  SCOP d1sc3.1
  216      0.3425          -0      0.8837     1.875   147    3    9      0.9728    0    213     10    213     14    T0990TS354-D3.pdb:A  SCOP d1rww.1
  217      0.3414          -0      0.9955     1.840   146    3   11      0.9452    0    213     10    213     15    T0990TS354-D3.pdb:A  SCOP d1lfaa_
  218      0.3413          -0       1.508     1.841   146    3   12      0.9452    0    213     10    213     15    T0990TS354-D3.pdb:A  SCOP d1xdda_
  219      0.3397          -0       2.516     0.000   101    2    7           1    0    213     10    141     10    T0990TS354-D3.pdb:A  SCOP d2bxpa1
  220      0.3388          -0     0.02987     2.000   149    3    8      0.9664    0    213     10    213     14    T0990TS354-D3.pdb:A  SCOP d1cywa_
  221      0.3384          -0       3.855     0.000    87    2    3           1    0    213     10    105      8    T0990TS354-D3.pdb:A  SCOP d3ezaa2
  222      0.3384          -0       3.855     0.000    87    2    3           1    0    213     10    105     10    T0990TS354-D3.pdb:A  SCOP d3ezea2
  223      0.3353          -0      0.1713     1.945   147    2    9      0.9592    0    213     10    213      7    T0990TS354-D3.pdb:A  SCOP d1euba_
  224      0.3347          -0      0.8969     0.731   105    2    9      0.9619    0    213     10    146     10    T0990TS354-D3.pdb:A  SCOP d1qd1a2
  225      0.3334          -0       3.226     0.000    99    2    7           1    0    213     10    138     10    T0990TS354-D3.pdb:A  SCOP d1foka2
  226       0.331          -0       1.161     2.324   155    3    9      0.9806    0    213     10    213     14    T0990TS354-D3.pdb:A  SCOP d1rhr.1
  227      0.3301      0.2423       2.336     2.332   155    2    8      0.9806    0    213     10    213      6    T0990TS354-D3.pdb:A  SCOP d1lpla_
  228      0.3292    0.001798       3.532     0.667    92    2    5      0.9674    0    213     10    115      8    T0990TS354-D3.pdb:A  SCOP d1sz1a1
  229      0.3279          -0       1.274     1.883   144    2    5      0.9792    0    213     10    213      8    T0990TS354-D3.pdb:A  SCOP d1ly7a_
  230      0.3278          -0     0.05432     1.691   140    2    7        0.95    0    213     10    213     10    T0990TS354-D3.pdb:A  SCOP d1c04a_
  231      0.3268          -0       2.434     1.702   140    2    6      0.9714    0    213     10    213      4    T0990TS354-D3.pdb:A  SCOP d2ezia_
  232      0.3266          -0       2.167     0.000    80    2    2           1    0    213     10     92      8    T0990TS354-D3.pdb:A  SCOP d2f0aa1
  233      0.3263          -0        2.67     0.000    99    2    7           1    0    213     10    141     10    T0990TS354-D3.pdb:A  SCOP d2bxna1
  234      0.3263          -0        2.67     0.000    99    2    7           1    0    213     10    141     10    T0990TS354-D3.pdb:A  SCOP d2bxoa1
  235      0.3259          -0       0.884     1.857   143    3   11      0.9441    0    213     10    213     15    T0990TS354-D3.pdb:A  SCOP d1zooa_
  236      0.3259          -0       0.884     1.857   143    3   11      0.9441    0    213     10    213     15    T0990TS354-D3.pdb:A  SCOP d1zopa_
  237      0.3251      0.2393       2.336     2.339   154    2    8      0.9805    0    213     10    213      6    T0990TS354-D3.pdb:A  SCOP d1tova_
  238      0.3241          -0       3.579     1.468   135    3   10      0.9778    0    213     10    213     15    T0990TS354-D3.pdb:A  SCOP d1ij6a_
  239      0.3236          -0       2.766     0.000   101    2    8           1    0    213     10    148     10    T0990TS354-D3.pdb:A  SCOP d1sgka3
  240       0.323     0.02137       2.152     0.000    85    2    2           1    0    213     10    105      8    T0990TS354-D3.pdb:A  SCOP d1pvha2
  241      0.3216          -0       3.815     0.000    94    2    4           1    0    213     10    129      9    T0990TS354-D3.pdb:A  SCOP d1u9za2
  242      0.3205          -0       2.486     0.000    92    2    7           1    0    213     10    124      6    T0990TS354-D3.pdb:A  SCOP d1fyha2
  243      0.3198    0.003767       4.944     0.000    98    2    5           1    0    213     10    141      8    T0990TS354-D3.pdb:A  SCOP d1abya2
  244      0.3176          -0       2.986     1.550   113    3    6      0.9646    0    213     10    149     10    T0990TS354-D3.pdb:A  SCOP d2nqra3
  245      0.3176          -0       2.986     1.550   113    3    6      0.9646    0    213     10    149     10    T0990TS354-D3.pdb:A  SCOP d1g8la3
  246      0.3176          -0       2.986     1.550   113    3    6      0.9646    0    213     10    149     10    T0990TS354-D3.pdb:A  SCOP d2nqva3
  247      0.3176          -0       2.986     1.550   113    3    6      0.9646    0    213     10    149     10    T0990TS354-D3.pdb:A  SCOP d2nrpa3
  248      0.3176          -0       2.986     1.550   113    3    6      0.9646    0    213     10    149     10    T0990TS354-D3.pdb:A  SCOP d2nroa3
  249      0.3175          -0       3.556     0.000   105    2    7           1    0    213     10    163     10    T0990TS354-D3.pdb:A  SCOP d1guya2
  250      0.3172          -0       1.331     0.000   101    2    8           1    0    213     10    151     10    T0990TS354-D3.pdb:A  SCOP d1vj7a2
  251      0.3165          -0       2.389     1.611   136    2    4      0.9706    0    213     10    213      5    T0990TS354-D3.pdb:A  SCOP d1l3pa_
  252      0.3157   3.509e-05       3.317     0.799    91    2    5       0.967    0    213     10    115      9    T0990TS354-D3.pdb:A  SCOP d2dr8a1
  253      0.3156          -0       3.406     0.000   105    2    7           1    0    213     10    164     10    T0990TS354-D3.pdb:A  SCOP d1uxia2
  254      0.3153          -0       3.966     0.000    98    2    8           1    0    213     10    143     10    T0990TS354-D3.pdb:A  SCOP d2foka2
  255      0.3148          -0      0.6658     1.465   133    4   11      0.9398    0    213     10    213     19    T0990TS354-D3.pdb:A  SCOP d1l4ba_
  256      0.3148          -0      0.6658     1.465   133    4   11      0.9398    0    213     10    213     19    T0990TS354-D3.pdb:A  SCOP d1l5ma_
  257      0.3134          -0     0.01493     2.032   144    2    9      0.9583    0    213     10    213      8    T0990TS354-D3.pdb:A  SCOP d1rm8a_
  258       0.312          -0        2.26     0.000    72    2    2           1    0    213     10     78      7    T0990TS354-D3.pdb:A  SCOP d2giba1
  259      0.3119          -0       2.252     0.000    94    2    7           1    0    213     10    133      6    T0990TS354-D3.pdb:A  SCOP d1q78a1
  260      0.3114          -0       2.957     1.556   112    3    6      0.9643    0    213     10    149     10    T0990TS354-D3.pdb:A  SCOP d2nrsa3
  261      0.3114          -0       2.957     1.556   112    3    6      0.9643    0    213     10    149     10    T0990TS354-D3.pdb:A  SCOP d1fc5a3
  262      0.3114          -0       2.957     1.556   112    3    6      0.9643    0    213     10    149     10    T0990TS354-D3.pdb:A  SCOP d1g8ra3
  263       0.311          -0      0.8759     2.144   146    3    9      0.9726    0    213     10    213     15    T0990TS354-D3.pdb:A  SCOP d1bmq.1
  264      0.3107          -0     0.01244     2.014   143    2    8       0.965    0    213     10    213      9    T0990TS354-D3.pdb:A  SCOP d1eaza_
  265      0.3106          -0       3.109     1.631   113    3    6      0.9646    0    213     10    149     10    T0990TS354-D3.pdb:A  SCOP d2nqka3
  266      0.3097          -0      0.6658     1.470   132    4   11      0.9394    0    213     10    213     19    T0990TS354-D3.pdb:A  SCOP d1jhra_
  267      0.3096          -0       3.255     0.000   104    2    7           1    0    213     10    164     10    T0990TS354-D3.pdb:A  SCOP d1uxha2
  268      0.3096          -0       3.255     0.000   104    2    7           1    0    213     10    164     10    T0990TS354-D3.pdb:A  SCOP d1uxga2
  269      0.3078          -0       3.556     0.000   104    2    7           1    0    213     10    165     10    T0990TS354-D3.pdb:A  SCOP d1ur5a2
  270      0.3076          -0      0.5254     2.135   145    3   10      0.9517    0    213     10    213     15    T0990TS354-D3.pdb:A  SCOP d1chda_
  271      0.3053          -0       2.814     1.563   111    3    6       0.964    0    213     10    149     10    T0990TS354-D3.pdb:A  SCOP d2nqsa3
  272      0.3053          -0       2.699     1.563   111    3    6       0.964    0    213     10    149     10    T0990TS354-D3.pdb:A  SCOP d2nqua3
  273      0.3047          -0       1.037     0.000    98    2    7           1    0    213     10    148     10    T0990TS354-D3.pdb:A  SCOP d2azea1
  274      0.3042   0.0002839       1.484     0.684    85    2    3      0.9647    0    213     10    106      8    T0990TS354-D3.pdb:A  SCOP d1i1ra3
  275      0.3038          -0      0.2379     2.175   145    2    9      0.9724    0    213     10    213      9    T0990TS354-D3.pdb:A  SCOP d1emua_
  276      0.2989          -0       3.879     0.000    74    3    4           1    0    213     10     86     15    T0990TS354-D3.pdb:A  SCOP d1x9na1
  277      0.2988          -0       2.206     0.000    92    2    7           1    0    213     10    133      6    T0990TS354-D3.pdb:A  SCOP d1f5aa3
  278      0.2988          -0       2.206     0.000    92    3    7           1    0    213     10    133      6    T0990TS354-D3.pdb:A  SCOP d1q79a1
  279      0.2986          -0       2.516     0.000    98    2    6           1    0    213     10    151     10    T0990TS354-D3.pdb:A  SCOP d1gnja2
  280      0.2986          -0       2.743     0.000    98    2    6           1    0    213     10    151     10    T0990TS354-D3.pdb:A  SCOP d1hk4a2
  281      0.2985          -0       2.814     1.645   111    3    6       0.964    0    213     10    149     10    T0990TS354-D3.pdb:A  SCOP d2nqma3
  282      0.2978          -0       1.544     0.823    83    2    4      0.9518    0    213     10    101      7    T0990TS354-D3.pdb:A  SCOP d1dcqa2
  283      0.2973          -0     0.01493     2.533   152    2    6      0.9671    0    213     10    213      7    T0990TS354-D3.pdb:A  SCOP d1rl1a_
  284       0.295          -0      0.4489     1.359   127    2    7      0.9685    0    213     10    213     10    T0990TS354-D3.pdb:A  SCOP d1hj1a_
  285      0.2949      0.2093       4.059     0.000    70    2    2           1    0    213     10     78      5    T0990TS354-D3.pdb:A  SCOP d2bcua1
  286      0.2937   5.448e-15       3.478     0.686    87    2    6      0.9655    0    213     10    115      8    T0990TS354-D3.pdb:A  SCOP d1r8aa1
  287      0.2937   5.448e-15       3.478     0.686    87    2    6      0.9655    0    213     10    115      8    T0990TS354-D3.pdb:A  SCOP d1ueua1
  288      0.2937   5.448e-15       3.478     0.686    87    2    6      0.9655    0    213     10    115      8    T0990TS354-D3.pdb:A  SCOP d1ueta1
  289      0.2934          -0        3.47     0.000    81    2    5           1    0    213     10    105      6    T0990TS354-D3.pdb:A  SCOP d1rxwa1
  290      0.2925          -0       2.516     0.000    97    2    6           1    0    213     10    151     10    T0990TS354-D3.pdb:A  SCOP d1e7ha2
  291      0.2917          -0       2.951     1.522   129    3    7       0.969    0    213     10    213     14    T0990TS354-D3.pdb:A  SCOP d1i7ga_
  292      0.2912          -0       2.582     1.528   129    4   13       0.969    0    213     10    213     20    T0990TS354-D3.pdb:A  SCOP d1anxa_
  293      0.2912          -0       2.121     1.528   129    4   13       0.969    0    213     10    213     20    T0990TS354-D3.pdb:A  SCOP d1hvga_
  294       0.291          -0      0.1043     1.642   131    3    5      0.9695    0    213     10    213     13    T0990TS354-D3.pdb:A  SCOP d1ufra_
  295      0.2905   4.922e-09       1.666     2.094   140    3    6        0.95    0    213     10    213      7    T0990TS354-D3.pdb:A  SCOP d1obxa_
  296      0.2895          -0      0.0175     1.661   131    2    8      0.9618    0    213     10    213     10    T0990TS354-D3.pdb:A  SCOP d1upwa_
  297      0.2884          -0    0.005991     2.162   141    2    8      0.9716    0    213     10    213      8    T0990TS354-D3.pdb:A  SCOP d1izla_
  298      0.2877          -0       2.098     1.621   103    2    6       0.932    0    213     10    134      9    T0990TS354-D3.pdb:A  SCOP d1dt9a1
  299      0.2863          -0        2.59     1.533   128    4   13      0.9688    0    213     10    213     20    T0990TS354-D3.pdb:A  SCOP d1sava_
  300      0.2863          -0       2.085     1.534   128    4   13      0.9688    0    213     10    213     20    T0990TS354-D3.pdb:A  SCOP d1hvea_
  301      0.2837          -0       3.736     0.000    83    2    4           1    0    213     10    114      7    T0990TS354-D3.pdb:A  SCOP d1mixa1
  302      0.2819          -0       1.303     2.748   153    3    8      0.9542    0    213     10    212     15    T0990TS354-D3.pdb:A  SCOP d1v47a2
  303      0.2814          -0       2.477     1.539   127    4   13      0.9685    0    213     10    213     20    T0990TS354-D3.pdb:A  SCOP d1avra_
  304      0.2814          -0       2.477     1.539   127    4   13      0.9685    0    213     10    213     20    T0990TS354-D3.pdb:A  SCOP d1alaa_
  305      0.2814          -0       2.282     1.539   127    4   13      0.9685    0    213     10    213     20    T0990TS354-D3.pdb:A  SCOP d1hvda_
  306      0.2814          -0       2.282     1.539   127    4   13      0.9685    0    213     10    213     20    T0990TS354-D3.pdb:A  SCOP d1hvfa_
  307      0.2811          -0       2.211     0.000    73    2    5           1    0    213     10     89      9    T0990TS354-D3.pdb:A  SCOP d1k35a3
  308      0.2809          -0       2.922     0.821    86    2    6      0.9651    0    213     10    115      9    T0990TS354-D3.pdb:A  SCOP d1ueva1
  309      0.2809          -0       2.922     0.821    86    2    6      0.9651    0    213     10    115      8    T0990TS354-D3.pdb:A  SCOP d2dvia1
  310      0.2809          -0       2.922     0.821    86    2    6      0.9651    0    213     10    115      9    T0990TS354-D3.pdb:A  SCOP d2dr7a1
  311      0.2809          -0       2.922     0.821    86    2    6      0.9651    0    213     10    115      9    T0990TS354-D3.pdb:A  SCOP d1r8ba1
  312      0.2809          -0       2.922     0.821    86    2    6      0.9651    0    213     10    115      9    T0990TS354-D3.pdb:A  SCOP d1r8ca1
  313      0.2809          -0       2.922     0.821    86    2    6      0.9651    0    213     10    115      9    T0990TS354-D3.pdb:A  SCOP d1r89a1
  314      0.2804          -0       2.564     0.762    97    2    8      0.9588    0    213     10    148     10    T0990TS354-D3.pdb:A  SCOP d1toxa3
  315        0.28   5.448e-15       3.478     0.694    85    2    5      0.9647    0    213     10    115      8    T0990TS354-D3.pdb:A  SCOP d1tfya1
  316        0.28          -0      0.6658     1.500   126    4   11      0.9365    0    213     10    213     19    T0990TS354-D3.pdb:A  SCOP d1l5fa_
  317        0.28          -0      0.6658     1.500   126    4   11      0.9365    0    213     10    213     19    T0990TS354-D3.pdb:A  SCOP d1jhya_
  318        0.28          -0      0.6658     1.500   126    4   11      0.9365    0    213     10    213     19    T0990TS354-D3.pdb:A  SCOP d1l4la_
  319        0.28          -0      0.6658     1.500   126    4   11      0.9365    0    213     10    213     20    T0990TS354-D3.pdb:A  SCOP d1d0va_
  320        0.28          -0      0.6658     1.500   126    4   11      0.9365    0    213     10    213     19    T0990TS354-D3.pdb:A  SCOP d1jhma_
  321        0.28          -0      0.6658     1.500   126    4   11      0.9365    0    213     10    213     19    T0990TS354-D3.pdb:A  SCOP d1jhxa_
  322        0.28          -0      0.6658     1.500   126    4   11      0.9365    0    213     10    213     19    T0990TS354-D3.pdb:A  SCOP d1jhva_
  323        0.28          -0      0.6658     1.500   126    4   11      0.9365    0    213     10    213     19    T0990TS354-D3.pdb:A  SCOP d1l4ma_
  324        0.28          -0      0.6658     1.500   126    4   11      0.9365    0    213     10    213     20    T0990TS354-D3.pdb:A  SCOP d1l4ka_
  325      0.2797          -0       1.001     1.104   105    2    8       0.981    0    213     10    163     10    T0990TS354-D3.pdb:A  SCOP d1gv1a2
  326      0.2785          -0       1.233     1.126    97    2    8      0.9691    0    213     10    139      8    T0990TS354-D3.pdb:A  SCOP d1okga2
  327      0.2783          -0      0.9624     1.627   101    2    6      0.9802    0    213     10    133     10    T0990TS354-D3.pdb:A  SCOP d1h73a2
  328      0.2775       1.313       4.396     0.000    81    3    2           1    0    213     10    111      9    T0990TS354-D3.pdb:A  SCOP d1ylna1
  329      0.2766          -0        2.59     1.545   126    4   13      0.9683    0    213     10    213     20    T0990TS354-D3.pdb:A  SCOP d1haka_
  330      0.2758    0.002183       4.315     0.000    85    3    4           1    0    213     10    123      6    T0990TS354-D3.pdb:A  SCOP d1a5ta1
  331      0.2757          -0       4.588     0.000    91    2    6           1    0    213     10    141      8    T0990TS354-D3.pdb:A  SCOP d1o1pa2
  332      0.2757          -0       4.588     0.000    91    2    6           1    0    213     10    141      8    T0990TS354-D3.pdb:A  SCOP d1o1ja2
  333      0.2752          -0      0.7811     0.000    71    2    4           1    0    213     10     86      9    T0990TS354-D3.pdb:A  SCOP d1cqxa3
  334      0.2751          -0      0.6658     1.506   125    4   11       0.936    0    213     10    213     18    T0990TS354-D3.pdb:A  SCOP d1l4fa_
  335      0.2751          -0      0.6658     1.506   125    4   11       0.936    0    213     10    213     19    T0990TS354-D3.pdb:A  SCOP d1l5na_
  336      0.2751          -0      0.6658     1.506   125    4   11       0.936    0    213     10    213     20    T0990TS354-D3.pdb:A  SCOP d1jhpa_
  337      0.2751          -0      0.6658     1.506   125    4   11       0.936    0    213     10    213     20    T0990TS354-D3.pdb:A  SCOP d1jhoa_
  338      0.2749          -0       1.662     0.000    73    2    5           1    0    213     10     91     10    T0990TS354-D3.pdb:A  SCOP d1jnza3
  339      0.2749          -0       1.662     0.000    73    2    5           1    0    213     10     91     10    T0990TS354-D3.pdb:A  SCOP d1jnra3
  340      0.2739          -0       1.856     0.778    96    2    9      0.9688    0    213     10    148     10    T0990TS354-D3.pdb:A  SCOP d1ddta3
  341      0.2724   4.937e-14       2.929     0.853    78    3    6      0.9615    0    213     10     97      6    T0990TS354-D3.pdb:A  SCOP d1eg4a2
  342      0.2702          -0      0.3202     2.133   130    3   11      0.9231    0    213     10    195     13    T0990TS354-D3.pdb:A  SCOP d1yj5a1
  343      0.2697          -0       4.588     0.000    90    2    6           1    0    213     10    141      8    T0990TS354-D3.pdb:A  SCOP d1o1la2
  344      0.2697          -0       4.588     0.000    90    2    6           1    0    213     10    141      8    T0990TS354-D3.pdb:A  SCOP d1abwa2
  345      0.2697          -0       4.588     0.000    90    2    6           1    0    213     10    141      8    T0990TS354-D3.pdb:A  SCOP d1c7ca2
  346      0.2691    0.003405       4.069     0.000    66    2    2           1    0    213     10     76      5    T0990TS354-D3.pdb:A  SCOP d2pfqa1
  347      0.2691       0.102       3.811     0.000    66    2    2           1    0    213     10     76      5    T0990TS354-D3.pdb:A  SCOP d1xsna1
  348      0.2687          -0     0.03445     2.295   139    2    7      0.9568    0    213     10    213      7    T0990TS354-D3.pdb:A  SCOP d1svra_
  349      0.2678          -0     0.06463     2.305   139    2    7       0.964    0    213     10    213      8    T0990TS354-D3.pdb:A  SCOP d1qqra_
  350      0.2678          -0     0.06463     2.305   139    2    7       0.964    0    213     10    213      7    T0990TS354-D3.pdb:A  SCOP d1c4pa_
  351      0.2676          -0       2.922     0.830    84    2    5      0.9643    0    213     10    115      9    T0990TS354-D3.pdb:A  SCOP d1tfwa1
  352      0.2671          -0     0.02488     2.599   121    2    5      0.9752    0    213     10    147      8    T0990TS354-D3.pdb:A  SCOP d1ffya2
  353      0.2671          -0     0.02488     2.599   121    2    5      0.9752    0    213     10    147      8    T0990TS354-D3.pdb:A  SCOP d1qu2a2
  354      0.2663          -0      0.6484     1.681   126    4   11      0.9365    0    213     10    213     19    T0990TS354-D3.pdb:A  SCOP d1jhaa_
  355      0.2663          -0      0.6484     1.681   126    4   11      0.9365    0    213     10    213     19    T0990TS354-D3.pdb:A  SCOP d1jhqa_
  356      0.2663          -0      0.6484     1.681   126    4   11      0.9365    0    213     10    213     19    T0990TS354-D3.pdb:A  SCOP d1l4ga_
  357      0.2663          -0      0.6484     1.681   126    4   11      0.9365    0    213     10    213     20    T0990TS354-D3.pdb:A  SCOP d1l5oa_
  358      0.2663          -0      0.6484     1.681   126    4   11      0.9365    0    213     10    213     19    T0990TS354-D3.pdb:A  SCOP d1d0sa_
  359      0.2663          -0      0.6484     1.681   126    4   11      0.9365    0    213     10    213     19    T0990TS354-D3.pdb:A  SCOP d1l5la_
  360      0.2656          -0     0.04719     3.219   161    2    7      0.9565    0    213     10    213     10    T0990TS354-D3.pdb:A  SCOP d1a25a_
  361      0.2642          -0    0.003321     1.920   130    2    6      0.9692    0    213     10    213      9    T0990TS354-D3.pdb:A  SCOP d1d6na_
  362      0.2619          -0       3.757     0.000    89    2    6           1    0    213     10    142      8    T0990TS354-D3.pdb:A  SCOP d1c7da2
  363      0.2616          -0      0.6484     1.687   125    4   11       0.936    0    213     10    213     19    T0990TS354-D3.pdb:A  SCOP d1jh8a_
  364      0.2616          -0      0.6484     1.687   125    4   11       0.936    0    213     10    213     19    T0990TS354-D3.pdb:A  SCOP d1jhua_
  365      0.2615          -0       1.423     1.951   124    3    9      0.9758    0    213     10    194     14    T0990TS354-D3.pdb:A  SCOP d1cjxa2
  366      0.2602          -0       2.175     0.000    67    2    4           1    0    213     10     81      6    T0990TS354-D3.pdb:A  SCOP d1ewra1
  367      0.2599          -0     0.02064     2.779   148    2    5       0.973    0    213     10    213      8    T0990TS354-D3.pdb:A  SCOP d1awca_
  368      0.2584          -0       1.355     1.305    94    3    6      0.9574    0    213     10    135     15    T0990TS354-D3.pdb:A  SCOP d1nr1a1
  369      0.2583      0.0957       4.452     0.000    56    2    1           1    0    213     10     57      4    T0990TS354-D3.pdb:A  SCOP d1r0la1
  370      0.2581          -0       1.508     1.896   128    2    6      0.9766    0    213     10    213      8    T0990TS354-D3.pdb:A  SCOP d1xara_
  371      0.2576          -0      0.3202     2.290   136    4    8      0.9485    0    213     10    213     19    T0990TS354-D3.pdb:A  SCOP d1al3a_
  372      0.2563          -0     0.07587     1.866   127    3    7      0.9764    0    213     10    213     12    T0990TS354-D3.pdb:A  SCOP d1emja_
  373      0.2563          -0     0.07587     1.866   127    3    7      0.9764    0    213     10    213     12    T0990TS354-D3.pdb:A  SCOP d1emha_
  374      0.2563          -0     0.01908     2.901   150    2    7        0.96    0    213     10    213      7    T0990TS354-D3.pdb:A  SCOP d1mzka_
  375      0.2552          -0       2.113     1.316   113    2    7      0.9735    0    213     10    197      9    T0990TS354-D3.pdb:A  SCOP d1aopa3
  376      0.2552          -0       2.113     1.316   113    2    7      0.9735    0    213     10    197      9    T0990TS354-D3.pdb:A  SCOP d8gepa3
  377       0.254          -0       1.474     2.214   116    3    6      0.9741    0    213     10    161     13    T0990TS354-D3.pdb:A  SCOP d1lfwa2
  378      0.2532          -0     0.02056     1.907   127    2    6      0.9449    0    213     10    213      7    T0990TS354-D3.pdb:A  SCOP d1ry4a_
  379      0.2528          -0       1.143     2.343   131    4   11      0.9542    0    213     10    198     20    T0990TS354-D3.pdb:A  SCOP d1uzha1
  380      0.2527          -0       1.573     0.000    73    2    3           1    0    213     10     99      8    T0990TS354-D3.pdb:A  SCOP d2opza1
  381      0.2524          -0      0.9071     0.000   107    2    9           1    0    213     10    213     10    T0990TS354-D3.pdb:A  SCOP d1w5ca_
  382      0.2491     0.05542       4.455     1.808    90    2    2      0.9889    0    213     10    112      9    T0990TS354-D3.pdb:A  SCOP d1bi5a2
  383      0.2491     0.01341       4.455     1.808    90    2    2      0.9889    0    213     10    112     10    T0990TS354-D3.pdb:A  SCOP d1cgza2
  384      0.2491     0.05542       4.455     1.808    90    2    2      0.9889    0    213     10    112      9    T0990TS354-D3.pdb:A  SCOP d1cgka2
  385      0.2486          -0       1.855     1.579   120    4   13      0.9667    0    213     10    213     17    T0990TS354-D3.pdb:A  SCOP d1n4sa_
  386      0.2486          -0       1.855     1.579   120    4   13      0.9667    0    213     10    213     17    T0990TS354-D3.pdb:A  SCOP d1s64a_
  387      0.2478          -0       2.085     2.746   111    3    5      0.9459    0    213     10    127     14    T0990TS354-D3.pdb:A  SCOP d1t3ta4
  388      0.2478          -0        2.19     0.798    88    2    8      0.9545    0    213     10    137     10    T0990TS354-D3.pdb:A  SCOP d1kkha2
  389      0.2456     0.01223       4.123     0.000    69    2    3           1    0    213     10     91      8    T0990TS354-D3.pdb:A  SCOP d1rlva2
  390      0.2449   0.0007537       2.937     0.000    60    2    3           1    0    213     10     69      5    T0990TS354-D3.pdb:A  SCOP d1z1da1
  391       0.244          -0       1.867     1.586   119    4   13      0.9664    0    213     10    213     17    T0990TS354-D3.pdb:A  SCOP d1tnoa_
  392      0.2439          -0       2.692     1.372    85    2    6      0.9529    0    213     10    115      9    T0990TS354-D3.pdb:A  SCOP d2dr5a1
  393      0.2428          -0      0.2618     1.778   122    3    8      0.9426    0    213     10    213     15    T0990TS354-D3.pdb:A  SCOP d1g8ta_
  394      0.2428          -0      0.2618     1.778   122    3    8      0.9426    0    213     10    213     15    T0990TS354-D3.pdb:A  SCOP d1smna_
  395      0.2428          -0      0.2618     1.778   122    3    8      0.9426    0    213     10    213     15    T0990TS354-D3.pdb:A  SCOP d1ql0a_
  396      0.2409          -0     0.04492     2.168   129    2    7      0.9535    0    213     10    213      6    T0990TS354-D3.pdb:A  SCOP d1dv8a_
  397      0.2406          -0       2.568     0.000    81    2    8           1    0    213     10    128      6    T0990TS354-D3.pdb:A  SCOP d1vina1
  398      0.2395          -0        1.56     1.591   118    4   14      0.9661    0    213     10    213     17    T0990TS354-D3.pdb:A  SCOP d1n4ra_
  399      0.2383    0.001959       4.445     0.000    57    2    3           1    0    213     10     64      6    T0990TS354-D3.pdb:A  SCOP d2fnaa1
  400      0.2376          -0       1.204     1.644    97    3    6      0.9278    0    213     10    143     12    T0990TS354-D3.pdb:A  SCOP d1zcaa2
  401       0.236          -0      0.9071     2.280   105    2    7      0.9524    0    213     10    139     10    T0990TS354-D3.pdb:A  SCOP d1cu1a2
  402       0.236          -0       1.442     2.459   129    4   10      0.9535    0    213     10    198     20    T0990TS354-D3.pdb:A  SCOP d1bwva1
  403      0.2355          -0      0.3669     1.493   101    2    7      0.9604    0    213     10    163     10    T0990TS354-D3.pdb:A  SCOP d1mwma2
  404      0.2352          -0      0.2583     1.992   124    4    6      0.9435    0    213     10    213     20    T0990TS354-D3.pdb:A  SCOP d1w2da_
  405      0.2352          -0      0.2988     1.993   124    4    6      0.9435    0    213     10    213     20    T0990TS354-D3.pdb:A  SCOP d1w2fa_
  406       0.235          -0       1.855     1.598   117    4   13      0.9658    0    213     10    213     17    T0990TS354-D3.pdb:A  SCOP d1o1ra_
  407      0.2349          -0       3.015     0.000    84    2    7           1    0    213     10    141      8    T0990TS354-D3.pdb:A  SCOP d1o1na2
  408      0.2337          -0      0.5711     2.136   101    2    6      0.9703    0    213     10    136     10    T0990TS354-D3.pdb:A  SCOP d8ohma1
  409      0.2331          -0       1.605     0.836    89    2   10      0.9551    0    213     10    148     10    T0990TS354-D3.pdb:A  SCOP d1mdta3
  410      0.2324          -0       3.052     3.661   162    3    7      0.9753    0    213     10    213      7    T0990TS354-D3.pdb:A  SCOP d1wija_
  411      0.2308          -0       1.524     0.887    72    2    8      0.9583    0    213     10     97      6    T0990TS354-D3.pdb:A  SCOP d1eg3a2
  412      0.2304          -0      0.6571     0.000    82    3    7           1    0    213     10    137     13    T0990TS354-D3.pdb:A  SCOP d2awha1
  413      0.2294          -0       3.015     0.000    83    2    7           1    0    213     10    141      8    T0990TS354-D3.pdb:A  SCOP d1o1ma2
  414      0.2293          -0       3.138     2.976   143    3    9       0.972    0    213     10    211     14    T0990TS354-D3.pdb:A  SCOP d1vfga1
  415      0.2285          -0       1.086     1.750   105    2    9      0.9714    0    213     10    169     10    T0990TS354-D3.pdb:A  SCOP d9ldba2
  416      0.2269          -0       2.815     0.000    61    2    3           1    0    213     10     77      5    T0990TS354-D3.pdb:A  SCOP d2bcra1
  417      0.2259          -0       2.597     1.271    79    2    3      0.9494    0    213     10    110     10    T0990TS354-D3.pdb:A  SCOP d1knra3
  418      0.2259          -0       2.597     1.271    79    2    3      0.9494    0    213     10    110     10    T0990TS354-D3.pdb:A  SCOP d1knpa3
  419      0.2254          -0    0.008131     2.697   136    2    6      0.9485    0    213     10    213      8    T0990TS354-D3.pdb:A  SCOP d1kcqa_
  420      0.2254          -0       1.056     3.165   147    3    6       0.966    0    213     10    213     14    T0990TS354-D3.pdb:A  SCOP d1xhua_
  421      0.2254          -0       2.815     0.000    60    2    4           1    0    213     10     75      5    T0990TS354-D3.pdb:A  SCOP d2pfoa1
  422       0.224          -0       2.221     0.000    61    2    3           1    0    213     10     78      5    T0990TS354-D3.pdb:A  SCOP d1mu5a1
  423      0.2239          -0        1.83     1.271    75    2    6      0.9467    0    213     10    100     10    T0990TS354-D3.pdb:A  SCOP d2bgca1
  424      0.2233          -0       1.774     0.765    69    2    6      0.9565    0    213     10     94      7    T0990TS354-D3.pdb:A  SCOP d1nvpa1
  425      0.2232          -0      0.4359     1.312    80    2    7      0.9625    0    213     10    113      7    T0990TS354-D3.pdb:A  SCOP d1lxta2
  426      0.2224          -0       2.203     3.407   152    3    4      0.9803    0    213     10    213     12    T0990TS354-D3.pdb:A  SCOP d1rl4a_
  427      0.2224   3.375e-16       2.937     0.000    60    2    4           1    0    213     10     76      5    T0990TS354-D3.pdb:A  SCOP d2pfpa1
  428      0.2215   3.028e-12       2.098     0.000    68    2    4           1    0    213     10     98      8    T0990TS354-D3.pdb:A  SCOP d1cdwa1
  429      0.2202          -0      0.3291     3.276   148    3   10      0.9257    0    213     10    213     11    T0990TS354-D3.pdb:A  SCOP d1m3ga_
  430      0.2167          -0     0.02371     2.543   130    2    6      0.9538    0    213     10    213      9    T0990TS354-D3.pdb:A  SCOP d1i9ra_
  431       0.216          -0     0.06118     2.002   106    2    8      0.9717    0    213     10    169      8    T0990TS354-D3.pdb:A  SCOP d1ldba2
  432      0.2158          -0       3.191     1.835   116    2    6      0.9655    0    213     10    213      8    T0990TS354-D3.pdb:A  SCOP d2bjxa_
  433      0.2158          -0       3.191     1.835   116    2    6      0.9655    0    213     10    213      8    T0990TS354-D3.pdb:A  SCOP d1bjxa_
  434      0.2153          -0     0.02056     2.967   139    2    8      0.9568    0    213     10    213      8    T0990TS354-D3.pdb:A  SCOP d2msba_
  435      0.2153          -0     0.02056     2.967   139    2    8      0.9568    0    213     10    213      6    T0990TS354-D3.pdb:A  SCOP d1ytta_
  436      0.2153          -0     0.02056     2.967   139    2    8      0.9568    0    213     10    213      7    T0990TS354-D3.pdb:A  SCOP d1msba_
  437      0.2151          -0    0.003393     2.705   133    2    9      0.9549    0    213     10    213      8    T0990TS354-D3.pdb:A  SCOP d1jk3a_
  438       0.215          -0      0.1191     1.552    81    2    7      0.9136    0    213     10    113      7    T0990TS354-D3.pdb:A  SCOP d1c47a2
  439       0.215          -0       2.707     0.000    59    2    3           1    0    213     10     76      5    T0990TS354-D3.pdb:A  SCOP d2pfna1
  440      0.2149          -0       1.533     0.815    85    2    7      0.9529    0    213     10    147      6    T0990TS354-D3.pdb:A  SCOP d1g6wa1
  441      0.2149          -0       1.533     0.815    85    2    7      0.9529    0    213     10    147      6    T0990TS354-D3.pdb:A  SCOP d1jzra1
  442      0.2149          -0       1.533     0.815    85    2    7      0.9529    0    213     10    147      6    T0990TS354-D3.pdb:A  SCOP d1k0aa1
  443      0.2148          -0       2.167     0.000    62    2    4           1    0    213     10     84      5    T0990TS354-D3.pdb:A  SCOP d1ftsa1
  444      0.2148          -0       2.496     2.084    84    2    6      0.7857    0    213     10    104      6    T0990TS354-D3.pdb:A  SCOP d1rxva1
  445      0.2142          -0    0.009127     2.635   113    2    5      0.9558    0    213     10    158      9    T0990TS354-D3.pdb:A  SCOP d1p7ba1
  446      0.2139   5.262e-10        3.37     0.000    60    2    2           1    0    213     10     79      5    T0990TS354-D3.pdb:A  SCOP d2gwsa1
  447      0.2139          -0        3.37     0.000    60    2    2           1    0    213     10     79      5    T0990TS354-D3.pdb:A  SCOP d1xsla1
  448      0.2131          -0     0.01128     1.877    97    2    6      0.9278    0    213     10    149      9    T0990TS354-D3.pdb:A  SCOP d1rrca1
  449      0.2116      0.3105        4.05     0.000    52    2    1           1    0    213     10     60      5    T0990TS354-D3.pdb:A  SCOP d1ubea2
  450      0.2113          -0     0.09123     3.400   148    2    7      0.9527    0    213     10    213      4    T0990TS354-D3.pdb:A  SCOP d1qbha_
  451      0.2113   5.262e-10        3.37     0.000    60    2    2           1    0    213     10     80      5    T0990TS354-D3.pdb:A  SCOP d1rzta1
  452      0.2111          -0      0.2534     1.539   110    3    7      0.9727    0    213     10    213     14    T0990TS354-D3.pdb:A  SCOP d1tupa_
  453      0.2102   5.376e-14       1.646     2.952   137    2    4      0.9781    0    213     10    213      7    T0990TS354-D3.pdb:A  SCOP d1p13a_
  454      0.2078          -0       2.707     0.000    58    2    4           1    0    213     10     76      5    T0990TS354-D3.pdb:A  SCOP d2bcqa1
  455      0.2078          -0       2.707     0.000    58    2    4           1    0    213     10     76      5    T0990TS354-D3.pdb:A  SCOP d2bcsa1
  456      0.2077          -0       2.267     2.579   128    4    7      0.9688    0    213     10    213     17    T0990TS354-D3.pdb:A  SCOP d1gzua_
  457      0.2066          -0     0.02211     3.003   137    2    6      0.9562    0    213     10    213      5    T0990TS354-D3.pdb:A  SCOP d1iqta_
  458      0.2065          -0       0.782     2.134   100    3    7        0.94    0    213     10    151     10    T0990TS354-D3.pdb:A  SCOP d1xjva2
  459      0.2065          -0      0.8969     2.353   123    3   11      0.9431    0    213     10    213     14    T0990TS354-D3.pdb:A  SCOP d1k1ba_
  460      0.2055          -0       0.564     1.561    86    2    9      0.9535    0    213     10    133      6    T0990TS354-D3.pdb:A  SCOP d1vpda1
  461      0.2037          -0     0.01128     2.637   128    2    7      0.9531    0    213     10    213      8    T0990TS354-D3.pdb:A  SCOP d1svya_
  462      0.2037          -0       0.108     2.311    88    2    4      0.9318    0    213     10    112      8    T0990TS354-D3.pdb:A  SCOP d1ikna1
  463      0.2037          -0    0.003393     2.731   130    2    9      0.9538    0    213     10    213      8    T0990TS354-D3.pdb:A  SCOP d966ca_
  464      0.2036          -0    0.003393     2.732   130    2    9      0.9538    0    213     10    213      8    T0990TS354-D3.pdb:A  SCOP d1mmpa_
  465      0.2036          -0    0.003393     2.732   130    2    9      0.9538    0    213     10    213      8    T0990TS354-D3.pdb:A  SCOP d1utta_
  466      0.2014          -0       3.223     1.739    99    3    6      0.9596    0    213     10    171      9    T0990TS354-D3.pdb:A  SCOP d1z1ga2
  467      0.1993          -0       2.457     1.530    76    3    5      0.9737    0    213     10    108     15    T0990TS354-D3.pdb:A  SCOP d1kyoa2
  468      0.1979          -0      0.6136     0.000    76    3    7           1    0    213     10    137     14    T0990TS354-D3.pdb:A  SCOP d2b50a1
  469      0.1962          -0       2.619     2.121    95    2    6      0.9684    0    213     10    144      9    T0990TS354-D3.pdb:A  SCOP d1boia2
  470      0.1958   1.485e-05       2.144     2.087    84    2    3      0.9643    0    213     10    114      8    T0990TS354-D3.pdb:A  SCOP d1kixa2
  471       0.195      0.8052       6.202     0.000    58    2    3           1    0    213     10     81      6    T0990TS354-D3.pdb:A  SCOP d2gaua1
  472      0.1948          -0       1.886     0.000    66    2    7           1    0    213     10    105      7    T0990TS354-D3.pdb:A  SCOP d1xo1a1
  473      0.1929          -0       1.135     2.142    87    3    4       0.977    0    213     10    122     14    T0990TS354-D3.pdb:A  SCOP d1obca2
  474      0.1929          -0       1.135     2.142    87    3    4       0.977    0    213     10    122     13    T0990TS354-D3.pdb:A  SCOP d1obha2
  475      0.1921          -0       1.095     2.292    90    2    5      0.9333    0    213     10    125     10    T0990TS354-D3.pdb:A  SCOP d1nfia1
  476      0.1917          -0    0.005499     2.725   126    2    7      0.9524    0    213     10    213      6    T0990TS354-D3.pdb:A  SCOP d1nz9a_
  477      0.1914          -0       1.925     1.723    94    2    8      0.9574    0    213     10    163     10    T0990TS354-D3.pdb:A  SCOP d1mwka2
  478      0.1913          -0      0.3978     2.727   122    2    8      0.9426    0    213     10    200     10    T0990TS354-D3.pdb:A  SCOP d2gepa3
  479      0.1912   2.163e-09        3.42     0.000    56    2    2           1    0    213     10     77      7    T0990TS354-D3.pdb:A  SCOP d1yboa2
  480      0.1912   2.163e-09        3.42     0.000    56    2    2           1    0    213     10     77      7    T0990TS354-D3.pdb:A  SCOP d1w9oa2
  481      0.1905          -0      0.1584     2.499   121    2    7      0.9504    0    213     10    213      8    T0990TS354-D3.pdb:A  SCOP d830ca_
  482      0.1905          -0      0.1542     2.499   121    2    7      0.9504    0    213     10    213      8    T0990TS354-D3.pdb:A  SCOP d456ca_
  483      0.1894          -0       1.613     1.976   111    2    7      0.9459    0    213     10    213     10    T0990TS354-D3.pdb:A  SCOP d1p90a_
  484      0.1894          -0       1.725     2.950   130    3   10      0.9692    0    213     10    213     14    T0990TS354-D3.pdb:A  SCOP d1ghqa_
  485       0.189          -0      0.4048     2.950   123    3    8      0.9106    0    213     10    191     15    T0990TS354-D3.pdb:A  SCOP d1sqia2
  486      0.1879          -0    0.005991     1.408   102    3    5      0.9902    0    213     10    213      9    T0990TS354-D3.pdb:A  SCOP d1ey0a_
  487      0.1879          -0    0.005991     1.408   102    3    5      0.9902    0    213     10    213      9    T0990TS354-D3.pdb:A  SCOP d1ey4a_
  488      0.1879          -0    0.005991     1.408   102    3    5      0.9902    0    213     10    213      9    T0990TS354-D3.pdb:A  SCOP d1snoa_
  489      0.1879          -0    0.005991     1.408   102    2    5      0.9902    0    213     10    213      6    T0990TS354-D3.pdb:A  SCOP d1c7wa_
  490      0.1879          -0    0.005991     1.408   102    3    5      0.9902    0    213     10    213      9    T0990TS354-D3.pdb:A  SCOP d1s2da_
  491      0.1879          -0    0.005991     1.408   102    3    5      0.9902    0    213     10    213      9    T0990TS354-D3.pdb:A  SCOP d1s2ga_
  492      0.1879          -0    0.005991     1.408   102    3    5      0.9902    0    213     10    213      9    T0990TS354-D3.pdb:A  SCOP d1s2ia_
  493      0.1879          -0    0.005991     1.408   102    3    5      0.9902    0    213     10    213      9    T0990TS354-D3.pdb:A  SCOP d1s3fa_
  494      0.1879          -0    0.005991     1.408   102    2    5      0.9902    0    213     10    213      8    T0990TS354-D3.pdb:A  SCOP d1tzua_
