<html><head></head><body><pre style="word-wrap: break-word; white-space: pre-wrap;"> PDBe Fold v2.59. (src3) 14 Apr 2014 result file.

                   RESULT SUMMARY

   ##      Q-score      P-score     Z-score   RMSD    Nalgn Nsse Ngaps Seq-%     Nmd Nres-Q Nsse-Q Nres-T Nsse-T Query Target
    1      0.9226       2.995       6.607     0.000    73    2    2           1    0     76      5     76      8    T0990TS224-D1.pdb:A  SCOP d1rtxa_
    2      0.8975      0.8899       5.144     0.000    72    2    3           1    0     76      5     76      6    T0990TS224-D1.pdb:A  SCOP d1jbga_
    3      0.8975      0.1298       4.424     0.000    72    2    2           1    0     76      5     76      6    T0990TS224-D1.pdb:A  SCOP d1q05a_
    4      0.8975      0.1298       4.424     0.000    72    2    2           1    0     76      5     76      6    T0990TS224-D1.pdb:A  SCOP d1q07a_
    5      0.8975      0.1298       4.424     0.000    72    2    2           1    0     76      5     76      6    T0990TS224-D1.pdb:A  SCOP d1q06a_
    6      0.8727       1.004       4.481     0.000    71    2    3           1    0     76      5     76      3    T0990TS224-D1.pdb:A  SCOP d1lbua1
    7      0.8727       2.081        5.71     0.000    71    2    1           1    0     76      5     76      4    T0990TS224-D1.pdb:A  SCOP d1q0aa_
    8      0.8727       1.677       5.275     0.000    71    2    1           1    0     76      5     76      4    T0990TS224-D1.pdb:A  SCOP d1q09a_
    9      0.8727       2.572       4.577     0.000    71    2    2           1    0     76      5     76      3    T0990TS224-D1.pdb:A  SCOP d1xbla_
   10      0.8243      0.6574       4.001     0.000    69    2    2           1    0     76      5     76      7    T0990TS224-D1.pdb:A  SCOP d1eq3a_
   11      0.8243      0.6249       4.487     0.000    69    2    3           1    0     76      5     76     10    T0990TS224-D1.pdb:A  SCOP d1r28a_
   12      0.8243       3.975       6.731     0.000    69    2    3           1    0     76      5     76      5    T0990TS224-D1.pdb:A  SCOP d1sb0a_
   13      0.8243      0.2178       3.678     0.000    69    2    4           1    0     76      5     76      5    T0990TS224-D1.pdb:A  SCOP d1i5na_
   14      0.8243       1.349       4.906     0.000    69    2    2           1    0     76      5     76      3    T0990TS224-D1.pdb:A  SCOP d1mbea_
   15      0.8243       2.023       5.123     0.000    69    2    2           1    0     76      5     76      3    T0990TS224-D1.pdb:A  SCOP d1mbfa_
   16      0.8006       1.514       4.478     0.000    68    2    1           1    0     76      5     76      4    T0990TS224-D1.pdb:A  SCOP d1fpoa1
   17      0.8006       1.636       5.406     0.000    68    2    1           1    0     76      5     76      8    T0990TS224-D1.pdb:A  SCOP d1eoha2
   18      0.8006       1.068       5.406     0.000    68    2    1           1    0     76      5     76      8    T0990TS224-D1.pdb:A  SCOP d1glpa2
   19      0.8006       2.036       4.568     0.000    68    2    1           1    0     76      5     76      8    T0990TS224-D1.pdb:A  SCOP d1kbna2
   20      0.8006       3.035       5.406     0.000    68    2    1           1    0     76      5     76      6    T0990TS224-D1.pdb:A  SCOP d1baya2
   21      0.8006       1.034       5.406     0.000    68    2    1           1    0     76      5     76      8    T0990TS224-D1.pdb:A  SCOP d1glqa2
   22      0.8006     0.07477       4.146     0.000    68    1    2           1    0     76      5     76      4    T0990TS224-D1.pdb:A  SCOP d1kx4a_
   23      0.8006       1.068       5.406     0.000    68    2    1           1    0     76      5     76      8    T0990TS224-D1.pdb:A  SCOP d2glra2
   24      0.8006     0.08834       4.146     0.000    68    1    2           1    0     76      5     76      4    T0990TS224-D1.pdb:A  SCOP d1aoia_
   25      0.8006      0.9271       5.206     0.000    68    2    1           1    0     76      5     76      8    T0990TS224-D1.pdb:A  SCOP d2oaca2
   26      0.8006       1.068       5.406     0.000    68    2    1           1    0     76      5     76      8    T0990TS224-D1.pdb:A  SCOP d1gsya2
   27      0.8006        2.07       5.406     0.000    68    2    1           1    0     76      5     76      7    T0990TS224-D1.pdb:A  SCOP d1gtia2
   28      0.8006     0.07477       4.146     0.000    68    1    2           1    0     76      5     76      4    T0990TS224-D1.pdb:A  SCOP d1kx3a_
   29      0.8006       1.534       5.406     0.000    68    2    1           1    0     76      5     76      8    T0990TS224-D1.pdb:A  SCOP d1tu7a2
   30      0.8006       1.513       5.406     0.000    68    2    1           1    0     76      5     76      8    T0990TS224-D1.pdb:A  SCOP d1aqwa2
   31      0.8006     0.07477       4.146     0.000    68    1    2           1    0     76      5     76      4    T0990TS224-D1.pdb:A  SCOP d1kx5a_
   32      0.8006   3.008e-05       4.402     0.000    68    2    2           1    0     76      5     76      8    T0990TS224-D1.pdb:A  SCOP d1mhqa_
   33      0.8006       0.328       4.367     0.000    68    2    1           1    0     76      5     76      9    T0990TS224-D1.pdb:A  SCOP d1jlva2
   34      0.8006      0.3714       4.367     0.000    68    2    1           1    0     76      5     76      8    T0990TS224-D1.pdb:A  SCOP d1pn9a2
   35      0.8006       1.636       5.406     0.000    68    2    1           1    0     76      5     76      8    T0990TS224-D1.pdb:A  SCOP d1aqva2
   36      0.7961       1.914        5.53     0.000    66    2    3           1    0     76      5     72      8    T0990TS224-D1.pdb:A  SCOP d1dt9a3
   37      0.7875       1.646        6.62     0.000    67    2    2           1    0     76      5     75      8    T0990TS224-D1.pdb:A  SCOP d2hz1a1
   38      0.7875       1.268       3.757     0.000    67    2    1           1    0     76      5     75      5    T0990TS224-D1.pdb:A  SCOP d1aqxa2
   39      0.7772       2.015       5.894     0.000    67    1    1           1    0     76      5     76      4    T0990TS224-D1.pdb:A  SCOP d1dnya_
   40      0.7772      0.8555       4.567     0.000    67    2    2           1    0     76      5     76      8    T0990TS224-D1.pdb:A  SCOP d1bx9a2
   41      0.7772       1.701       4.216     0.000    67    2    2           1    0     76      5     76      6    T0990TS224-D1.pdb:A  SCOP d1a0fa2
   42      0.7772      0.9264       3.743     0.000    67    1    3           1    0     76      5     76      3    T0990TS224-D1.pdb:A  SCOP d1nhna_
   43      0.7772      0.7099       4.202     0.000    67    2    2           1    0     76      5     76      4    T0990TS224-D1.pdb:A  SCOP d1j0ta_
   44      0.7772      0.4475       2.104     0.000    67    1    2           1    0     76      5     76      2    T0990TS224-D1.pdb:A  SCOP d1mofa_
   45      0.7772       1.461       4.559     0.000    67    2    1           1    0     76      5     76      5    T0990TS224-D1.pdb:A  SCOP d1ozya_
   46      0.7772       1.258       4.481     0.000    67    2    2           1    0     76      5     76      7    T0990TS224-D1.pdb:A  SCOP d1f2ea2
   47      0.7772      0.2985       3.669     0.000    67    1    1           1    0     76      5     76      5    T0990TS224-D1.pdb:A  SCOP d1fwpa_
   48      0.7772       2.673       4.676     0.000    67    2    2           1    0     76      5     76      7    T0990TS224-D1.pdb:A  SCOP d1egra_
   49      0.7745       1.699       4.997     0.000    66    2    1           1    0     76      5     74      7    T0990TS224-D1.pdb:A  SCOP d1v40a2
   50      0.7745       1.699       4.997     0.000    66    2    1           1    0     76      5     74      7    T0990TS224-D1.pdb:A  SCOP d1iyia2
   51      0.7745      0.1252       2.853     0.000    66    1    3           1    0     76      5     74      5    T0990TS224-D1.pdb:A  SCOP d2fj6a1
   52      0.7663      0.1722        4.99     0.000    62    2    3           1    0     76      5     66      6    T0990TS224-D1.pdb:A  SCOP d1yoza1
   53      0.7542       1.248       5.268     0.000    66    2    2           1    0     76      5     76      7    T0990TS224-D1.pdb:A  SCOP d1byea2
   54      0.7542       1.671       5.211     0.000    66    2    4           1    0     76      5     76      6    T0990TS224-D1.pdb:A  SCOP d1trra_
   55      0.7542       1.312       5.974     0.000    66    2    3           1    0     76      5     76      7    T0990TS224-D1.pdb:A  SCOP d1s6aa_
   56      0.7542       2.543       4.997     0.000    66    2    2           1    0     76      5     76      4    T0990TS224-D1.pdb:A  SCOP d1b8xa2
   57      0.7542      0.5193       3.793     0.000    66    2    2           1    0     76      5     76      3    T0990TS224-D1.pdb:A  SCOP d1du2a_
   58      0.7542      0.5423       3.291     0.000    66    1    4           1    0     76      5     76      3    T0990TS224-D1.pdb:A  SCOP d1nhma_
   59      0.7542      0.3794       3.599     0.000    66    2    3           1    0     76      5     76      5    T0990TS224-D1.pdb:A  SCOP d1oqca_
   60      0.7542      0.1924       3.966     0.000    66    1    5           1    0     76      5     76      5    T0990TS224-D1.pdb:A  SCOP d1r8da_
   61      0.7542          -0        1.54     0.000    66    2    5           1    0     76      5     76      7    T0990TS224-D1.pdb:A  SCOP d1q59a_
   62      0.7542       1.868       4.288     0.000    66    2    2           1    0     76      5     76      7    T0990TS224-D1.pdb:A  SCOP d1mtca2
   63      0.7542       1.868       4.288     0.000    66    2    2           1    0     76      5     76      7    T0990TS224-D1.pdb:A  SCOP d2gsta2
   64      0.7542       1.868       4.288     0.000    66    2    2           1    0     76      5     76      7    T0990TS224-D1.pdb:A  SCOP d6gswa2
   65      0.7542       1.868       4.288     0.000    66    2    2           1    0     76      5     76      7    T0990TS224-D1.pdb:A  SCOP d1hnaa2
   66      0.7542     0.01726       4.087     0.000    66    2    4           1    0     76      5     76      9    T0990TS224-D1.pdb:A  SCOP d1qv0a_
   67      0.7542     0.01726       4.087     0.000    66    2    4           1    0     76      5     76      9    T0990TS224-D1.pdb:A  SCOP d1qv1a_
   68      0.7542     0.08365        4.26     0.000    66    2    4           1    0     76      5     76      8    T0990TS224-D1.pdb:A  SCOP d1d9ga_
   69      0.7542      0.2319       3.532     0.000    66    2    3           1    0     76      5     76      8    T0990TS224-D1.pdb:A  SCOP d1bjaa_
   70      0.7542      0.6263       3.844     0.000    66    2    2           1    0     76      5     76      5    T0990TS224-D1.pdb:A  SCOP d1daxa_
   71      0.7542          -0  1.798e+308     0.000    66    1    3           1    0     76      5     76      4    T0990TS224-D1.pdb:A  SCOP d1id3a_
   72      0.7412      0.8782       4.808     0.000    65    2    2           1    0     76      5     75      9    T0990TS224-D1.pdb:A  SCOP d1gnwa2
   73      0.7412       1.533       4.808     0.000    65    2    2           1    0     76      5     75      7    T0990TS224-D1.pdb:A  SCOP d1r5aa2
   74      0.7412     0.03796       4.066     0.000    65    2    3           1    0     76      5     75      5    T0990TS224-D1.pdb:A  SCOP d2aq0a1
   75       0.733         1.1       4.913     0.000    62    1    2           1    0     76      5     69      4    T0990TS224-D1.pdb:A  SCOP d1v9va1
   76      0.7315      0.1409       4.581     0.000    65    2    3           1    0     76      5     76      9    T0990TS224-D1.pdb:A  SCOP d1r29a_
   77      0.7315     0.00731       2.757     0.000    65    2    2           1    0     76      5     76      9    T0990TS224-D1.pdb:A  SCOP d1cs3a_
   78      0.7315          -0  1.798e+308     0.000    65    1    4           1    0     76      5     76      4    T0990TS224-D1.pdb:A  SCOP d1q08a_
   79      0.7315    0.001339       2.872     0.000    65    2    2           1    0     76      5     76      8    T0990TS224-D1.pdb:A  SCOP d1do9a_
   80      0.7315       1.623       4.138     0.000    65    1    2           1    0     76      5     76      4    T0990TS224-D1.pdb:A  SCOP d1pava_
   81      0.7315   0.0006797        2.56     0.000    65    2    2           1    0     76      5     76      7    T0990TS224-D1.pdb:A  SCOP d1awpa_
   82      0.7315    9.89e-07       2.441     0.000    65    2    2           1    0     76      5     76      8    T0990TS224-D1.pdb:A  SCOP d1icca_
   83      0.7315    9.89e-07       2.441     0.000    65    2    2           1    0     76      5     76      8    T0990TS224-D1.pdb:A  SCOP d1lj0a_
   84      0.7315   0.0002578       2.872     0.000    65    2    2           1    0     76      5     76      7    T0990TS224-D1.pdb:A  SCOP d1f04a_
   85      0.7315   2.007e-07       2.441     0.000    65    2    2           1    0     76      5     76      9    T0990TS224-D1.pdb:A  SCOP d1nx7a_
   86      0.7315   3.191e-05       2.441     0.000    65    2    2           1    0     76      5     76      7    T0990TS224-D1.pdb:A  SCOP d1m2ma_
   87      0.7315   1.144e-05        2.56     0.000    65    2    2           1    0     76      5     76      8    T0990TS224-D1.pdb:A  SCOP d1cyoa_
   88      0.7315      0.4142       3.092     0.000    65    1    3           1    0     76      5     76      3    T0990TS224-D1.pdb:A  SCOP d1hsma_
   89      0.7315       1.098       3.504     0.000    65    2    2           1    0     76      5     76      6    T0990TS224-D1.pdb:A  SCOP d1ibaa_
   90      0.7315          -0       3.169     0.000    65    2    2           1    0     76      5     76      6    T0990TS224-D1.pdb:A  SCOP d1i4sa_
   91      0.7315      0.2085       4.417     0.000    65    2    2           1    0     76      5     76      6    T0990TS224-D1.pdb:A  SCOP d1yyka1
   92      0.7315     0.03805       4.138     0.000    65    2    2           1    0     76      5     76      6    T0990TS224-D1.pdb:A  SCOP d1yyoa1
   93      0.7315          -0       3.163     0.000    65    2    4           1    0     76      5     76      8    T0990TS224-D1.pdb:A  SCOP d1klxa_
   94      0.7315   0.0003758       2.824     0.000    65    2    5           1    0     76      5     76      7    T0990TS224-D1.pdb:A  SCOP d1y8ma1
   95      0.7315    0.001277           3     0.000    65    1    4           1    0     76      5     76      5    T0990TS224-D1.pdb:A  SCOP d1ql3a_
   96      0.7315    0.001277           3     0.000    65    1    4           1    0     76      5     76      5    T0990TS224-D1.pdb:A  SCOP d1ql4a_
   97      0.7315      0.9086       3.542     0.000    65    2    2           1    0     76      5     76      4    T0990TS224-D1.pdb:A  SCOP d1cfaa_
   98      0.7315      0.6968       4.878     0.000    65    2    4           1    0     76      5     76      4    T0990TS224-D1.pdb:A  SCOP d1eh2a_
   99      0.7315      0.9709       4.684     0.000    65    2    2           1    0     76      5     76      6    T0990TS224-D1.pdb:A  SCOP d1kx2a_
  100      0.7315   0.0002198       3.291     0.000    65    2    4           1    0     76      5     76      5    T0990TS224-D1.pdb:A  SCOP d1wh6a_
  101      0.7315     0.02357       4.016     0.000    65    2    4           1    0     76      5     76      6    T0990TS224-D1.pdb:A  SCOP d1rioa_
  102      0.7315       1.668       5.268     0.000    65    2    3           1    0     76      5     76      7    T0990TS224-D1.pdb:A  SCOP d1duga2
  103      0.7315     0.00731       2.757     0.000    65    2    2           1    0     76      5     76      9    T0990TS224-D1.pdb:A  SCOP d1buoa_
  104      0.7315       2.465       4.487     0.000    65    1    3           1    0     76      5     76      4    T0990TS224-D1.pdb:A  SCOP d1ug7a_
  105      0.7315     2.1e-10       2.925     0.000    65    2    2           1    0     76      5     76      6    T0990TS224-D1.pdb:A  SCOP d1exza_
  106      0.7315       1.429       4.997     0.000    65    2    3           1    0     76      5     76      7    T0990TS224-D1.pdb:A  SCOP d2fhea2
  107      0.7315       1.523       4.793     0.000    65    2    2           1    0     76      5     76      7    T0990TS224-D1.pdb:A  SCOP d1m9ba2
  108      0.7315       1.429       4.997     0.000    65    2    3           1    0     76      5     76      6    T0990TS224-D1.pdb:A  SCOP d1gnea2
  109      0.7315       1.259       4.793     0.000    65    2    2           1    0     76      5     76      3    T0990TS224-D1.pdb:A  SCOP d1bg5a2
  110      0.7239       1.482       5.053     0.000    56    1    0           1    0     76      5     57      3    T0990TS224-D1.pdb:A  SCOP d2crga1
  111      0.7186       1.538       5.081     0.000    64    2    2           1    0     76      5     75      7    T0990TS224-D1.pdb:A  SCOP d1aw9a2
  112      0.7091       1.343       4.581     0.000    64    2    2           1    0     76      5     76      7    T0990TS224-D1.pdb:A  SCOP d1fhea2
  113      0.7091       1.286       4.829     0.000    64    2    2           1    0     76      5     76      7    T0990TS224-D1.pdb:A  SCOP d1v2aa2
  114      0.7091      0.2782       4.899     0.000    64    2    4           1    0     76      5     76      9    T0990TS224-D1.pdb:A  SCOP d1em9a_
  115      0.7091       1.058       5.015     0.000    64    2    3           1    0     76      5     76      6    T0990TS224-D1.pdb:A  SCOP d1kx8a_
  116      0.7091     0.03265       5.331     0.000    64    2    3           1    0     76      5     76      8    T0990TS224-D1.pdb:A  SCOP d1jwga_
  117      0.7091      0.1334       4.934     0.000    64    2    2           1    0     76      5     76      6    T0990TS224-D1.pdb:A  SCOP d1p8ca_
  118      0.7091       1.432       4.496     0.000    64    2    2           1    0     76      5     76      4    T0990TS224-D1.pdb:A  SCOP d1j7qa_
  119      0.7091       2.088       4.238     0.000    64    2    3           1    0     76      5     76      3    T0990TS224-D1.pdb:A  SCOP d1r05a_
  120      0.7091      0.8584       3.262     0.000    64    2    3           1    0     76      5     76      5    T0990TS224-D1.pdb:A  SCOP d1e8oa_
  121      0.7091       1.284        4.36     0.000    64    2    3           1    0     76      5     76      7    T0990TS224-D1.pdb:A  SCOP d1poda_
  122      0.7091       1.259       4.793     0.000    64    2    3           1    0     76      5     76      6    T0990TS224-D1.pdb:A  SCOP d1gtaa2
  123      0.7091      0.2559       3.808     0.000    64    2    3           1    0     76      5     76     10    T0990TS224-D1.pdb:A  SCOP d1jx7a_
  124      0.7091       1.479       5.067     0.000    64    2    2           1    0     76      5     76      8    T0990TS224-D1.pdb:A  SCOP d1fova_
  125      0.7091       1.056       4.808     0.000    64    2    2           1    0     76      5     76      7    T0990TS224-D1.pdb:A  SCOP d3grxa_
  126      0.7091      0.3477       3.341     0.000    64    2    3           1    0     76      5     76      7    T0990TS224-D1.pdb:A  SCOP d1dfda_
  127      0.7091    0.005331       3.463     0.000    64    2    3           1    0     76      5     76      8    T0990TS224-D1.pdb:A  SCOP d1xjsa_
  128      0.7091    0.006288       3.987     0.000    64    2    3           1    0     76      5     76      6    T0990TS224-D1.pdb:A  SCOP d1gksa_
  129      0.7091    0.001277           3     0.000    64    1    4           1    0     76      5     76      5    T0990TS224-D1.pdb:A  SCOP d1i6ea_
  130      0.7091      0.3394       3.348     0.000    64    2    3           1    0     76      5     76      3    T0990TS224-D1.pdb:A  SCOP d1dava_
  131      0.7091      0.8055       4.181     0.000    64    2    4           1    0     76      5     76      5    T0990TS224-D1.pdb:A  SCOP d1xs8a_
  132      0.7091   1.132e-12       2.237     0.000    64    2    2           1    0     76      5     76      8    T0990TS224-D1.pdb:A  SCOP d1blva_
  133      0.7091   2.058e-08       2.221     0.000    64    2    3           1    0     76      5     76      8    T0990TS224-D1.pdb:A  SCOP d1euea_
  134      0.7091    0.008901       3.793     0.000    64    2    2           1    0     76      5     76      5    T0990TS224-D1.pdb:A  SCOP d1bqza_
  135      0.7025     0.00477       3.887     0.000    62    2    4           1    0     76      5     72      9    T0990TS224-D1.pdb:A  SCOP d1sl9a1
  136      0.6994       1.841       5.696     0.000    61    2    4           1    0     76      5     70      5    T0990TS224-D1.pdb:A  SCOP d1y6xa1
  137      0.6896      0.2086       3.542     0.000    61    2    3           1    0     76      5     71      4    T0990TS224-D1.pdb:A  SCOP d1s7ea2
  138      0.6872      0.2729       4.779     0.000    63    2    3           1    0     76      5     76      9    T0990TS224-D1.pdb:A  SCOP d1zmaa1
  139      0.6872          -0       2.623     0.000    63    2    5           1    0     76      5     76      6    T0990TS224-D1.pdb:A  SCOP d1ucpa_
  140      0.6872      0.9779       4.023     0.000    63    2    3           1    0     76      5     76      7    T0990TS224-D1.pdb:A  SCOP d1kqua_
  141      0.6872      0.2789       3.657     0.000    63    2    5           1    0     76      5     76      4    T0990TS224-D1.pdb:A  SCOP d1poua_
  142      0.6872     0.07375       5.537     0.000    63    2    3           1    0     76      5     76      8    T0990TS224-D1.pdb:A  SCOP d1jwfa_
  143      0.6872      0.6273       3.597     0.000    63    2    4           1    0     76      5     76      7    T0990TS224-D1.pdb:A  SCOP d1sv3a_
  144      0.6872      0.6488       4.176     0.000    63    1    2           1    0     76      5     76      4    T0990TS224-D1.pdb:A  SCOP d1bc6a_
  145      0.6872          -0       1.057     0.000    63    2    4           1    0     76      5     76      7    T0990TS224-D1.pdb:A  SCOP d1r3ba_
  146      0.6872      0.9653       3.597     0.000    63    2    4           1    0     76      5     76      8    T0990TS224-D1.pdb:A  SCOP d2g58a1
  147      0.6872       1.483        5.06     0.000    63    2    3           1    0     76      5     76      7    T0990TS224-D1.pdb:A  SCOP d1m9aa2
  148      0.6872       1.002       3.177     0.000    63    2    3           1    0     76      5     76      3    T0990TS224-D1.pdb:A  SCOP d1w09a_
  149      0.6872       1.259       4.793     0.000    63    2    3           1    0     76      5     76      7    T0990TS224-D1.pdb:A  SCOP d1m99a2
  150      0.6872   3.256e-05       3.865     0.000    63    2    4           1    0     76      5     76      6    T0990TS224-D1.pdb:A  SCOP d1lwba_
  151      0.6872      0.2417       3.643     0.000    63    2    2           1    0     76      5     76      5    T0990TS224-D1.pdb:A  SCOP d1kjsa_
  152      0.6872   0.0003328       2.967     0.000    63    2    4           1    0     76      5     76      6    T0990TS224-D1.pdb:A  SCOP d1kp4a_
  153      0.6872      0.6273       3.597     0.000    63    2    4           1    0     76      5     76      7    T0990TS224-D1.pdb:A  SCOP d1tj9a_
  154      0.6872     0.04109       3.354     0.000    63    2    4           1    0     76      5     76      6    T0990TS224-D1.pdb:A  SCOP d1c3ya_
  155      0.6872       1.069       3.941     0.000    63    1    2           1    0     76      5     76      2    T0990TS224-D1.pdb:A  SCOP d1pd3a_
  156      0.6872      0.6273       3.597     0.000    63    2    4           1    0     76      5     76      7    T0990TS224-D1.pdb:A  SCOP d1tjka_
  157      0.6872      0.5416       3.496     0.000    63    1    2           1    0     76      5     76      5    T0990TS224-D1.pdb:A  SCOP d1q3la_
  158      0.6872     0.06132       5.123     0.000    63    2    4           1    0     76      5     76      8    T0990TS224-D1.pdb:A  SCOP d1edua_
  159      0.6872      0.5416       3.496     0.000    63    1    2           1    0     76      5     76      5    T0990TS224-D1.pdb:A  SCOP d1knaa_
  160      0.6872      0.6273       3.597     0.000    63    2    4           1    0     76      5     76      7    T0990TS224-D1.pdb:A  SCOP d1th6a_
  161      0.6872     0.03673       2.894     0.000    63    2    3           1    0     76      5     76      9    T0990TS224-D1.pdb:A  SCOP d1t1ja_
  162      0.6872       1.567        4.97     0.000    63    2    4           1    0     76      5     76      5    T0990TS224-D1.pdb:A  SCOP d1n65a_
  163      0.6872      0.6273       3.597     0.000    63    2    4           1    0     76      5     76      7    T0990TS224-D1.pdb:A  SCOP d1sv9a_
  164      0.6872      0.6273       3.597     0.000    63    2    4           1    0     76      5     76      7    T0990TS224-D1.pdb:A  SCOP d2b17a1
  165      0.6872    0.006379       5.088     0.000    63    2    4           1    0     76      5     76     10    T0990TS224-D1.pdb:A  SCOP d1cfca_
  166      0.6872       1.424       4.457     0.000    63    1    2           1    0     76      5     76      2    T0990TS224-D1.pdb:A  SCOP d1dska_
  167      0.6872     0.01327       3.312     0.000    63    2    2           1    0     76      5     76     10    T0990TS224-D1.pdb:A  SCOP d1wn9a1
  168      0.6872     0.09059       3.312     0.000    63    2    2           1    0     76      5     76      9    T0990TS224-D1.pdb:A  SCOP d1wnaa1
  169      0.6872      0.6273       3.597     0.000    63    2    4           1    0     76      5     76      7    T0990TS224-D1.pdb:A  SCOP d1tg4a_
  170      0.6872    0.001916       2.872     0.000    63    2    2           1    0     76      5     76      7    T0990TS224-D1.pdb:A  SCOP d1f03a_
  171      0.6872   0.0007889       3.156     0.000    63    2    3           1    0     76      5     76      6    T0990TS224-D1.pdb:A  SCOP d1ru0a_
  172      0.6872   0.0007889       3.156     0.000    63    2    3           1    0     76      5     76      5    T0990TS224-D1.pdb:A  SCOP d1dcha_
  173      0.6872   0.0007889       3.156     0.000    63    2    3           1    0     76      5     76      6    T0990TS224-D1.pdb:A  SCOP d1dcpa_
  174      0.6872   0.0007889       3.156     0.000    63    2    3           1    0     76      5     76      6    T0990TS224-D1.pdb:A  SCOP d1f93a_
  175      0.6872     0.06621       3.445     0.000    63    2    3           1    0     76      5     76      6    T0990TS224-D1.pdb:A  SCOP d1dcoa_
  176      0.6872      0.6273       3.597     0.000    63    2    4           1    0     76      5     76      7    T0990TS224-D1.pdb:A  SCOP d1q6va_
  177      0.6872       1.803       4.252     0.000    63    2    2           1    0     76      5     76      6    T0990TS224-D1.pdb:A  SCOP d1n3ga_
  178      0.6872    0.001603       2.872     0.000    63    2    2           1    0     76      5     76      8    T0990TS224-D1.pdb:A  SCOP d1aw3a_
  179      0.6872       1.298       4.505     0.000    63    3    3           1    0     76      5     76      7    T0990TS224-D1.pdb:A  SCOP d1rfba_
  180      0.6872      0.6273       3.597     0.000    63    2    4           1    0     76      5     76      7    T0990TS224-D1.pdb:A  SCOP d1tgma_
  181      0.6865       1.935       5.859     0.000    60    1    1           1    0     76      5     69      4    T0990TS224-D1.pdb:A  SCOP d2gdwa1
  182      0.6865       1.429        4.04     0.000    60    2    3           1    0     76      5     69      5    T0990TS224-D1.pdb:A  SCOP d2aw6a1
  183      0.6865        2.35       4.829     0.000    60    2    2           1    0     76      5     69      5    T0990TS224-D1.pdb:A  SCOP d1x49a1
  184      0.6835   2.774e-12        3.05     0.000    62    2    4           1    0     76      5     74      8    T0990TS224-D1.pdb:A  SCOP d2fi0a1
  185        0.68       1.798       5.662     0.000    61    2    3           1    0     76      5     72      4    T0990TS224-D1.pdb:A  SCOP d1o4xa2
  186      0.6744      0.6952       4.059     0.000    62    2    3           1    0     76      5     75      6    T0990TS224-D1.pdb:A  SCOP d1b48a2
  187      0.6707      0.5096       3.772     0.000    61    2    2           1    0     76      5     73      7    T0990TS224-D1.pdb:A  SCOP d1gwca2
  188      0.6707       1.163       4.288     0.000    61    2    4           1    0     76      5     73      8    T0990TS224-D1.pdb:A  SCOP d2boaa2
  189      0.6655      0.3731       3.177     0.000    62    1    2           1    0     76      5     76      4    T0990TS224-D1.pdb:A  SCOP d4ptia_
  190      0.6655      0.3731       3.177     0.000    62    1    2           1    0     76      5     76      4    T0990TS224-D1.pdb:A  SCOP d1qlqa_
  191      0.6655      0.3731       3.177     0.000    62    1    2           1    0     76      5     76      4    T0990TS224-D1.pdb:A  SCOP d9ptia_
  192      0.6655      0.3731       3.177     0.000    62    1    2           1    0     76      5     76      4    T0990TS224-D1.pdb:A  SCOP d1bpia_
  193      0.6655      0.3731       3.177     0.000    62    1    2           1    0     76      5     76      4    T0990TS224-D1.pdb:A  SCOP d5ptia_
  194      0.6655      0.3731       3.177     0.000    62    1    2           1    0     76      5     76      4    T0990TS224-D1.pdb:A  SCOP d1k6ua_
  195      0.6655      0.3731       3.177     0.000    62    1    2           1    0     76      5     76      4    T0990TS224-D1.pdb:A  SCOP d1g6xa_
  196      0.6655      0.3731       3.177     0.000    62    1    2           1    0     76      5     76      4    T0990TS224-D1.pdb:A  SCOP d1aapa_
  197      0.6655      0.9303       3.177     0.000    62    1    2           1    0     76      5     76      3    T0990TS224-D1.pdb:A  SCOP d1jv8a_
  198      0.6655      0.9303       3.177     0.000    62    1    2           1    0     76      5     76      3    T0990TS224-D1.pdb:A  SCOP d1jv9a_
  199      0.6655      0.3731       3.177     0.000    62    1    2           1    0     76      5     76      4    T0990TS224-D1.pdb:A  SCOP d1bhca_
  200      0.6655      0.3731       3.177     0.000    62    1    2           1    0     76      5     76      4    T0990TS224-D1.pdb:A  SCOP d1bz5a_
  201      0.6655      0.3731       3.177     0.000    62    1    2           1    0     76      5     76      4    T0990TS224-D1.pdb:A  SCOP d1pita_
  202      0.6655      0.3731       3.177     0.000    62    1    2           1    0     76      5     76      4    T0990TS224-D1.pdb:A  SCOP d1ktha_
  203      0.6655      0.3731       3.177     0.000    62    1    2           1    0     76      5     76      4    T0990TS224-D1.pdb:A  SCOP d2knta_
  204      0.6655      0.3731       3.177     0.000    62    1    2           1    0     76      5     76      4    T0990TS224-D1.pdb:A  SCOP d2hexa_
  205      0.6655      0.3731       3.177     0.000    62    1    2           1    0     76      5     76      4    T0990TS224-D1.pdb:A  SCOP d1btia_
  206      0.6655      0.3731       3.177     0.000    62    1    2           1    0     76      5     76      4    T0990TS224-D1.pdb:A  SCOP d1bpta_
  207      0.6655      0.3731       3.177     0.000    62    1    2           1    0     76      5     76      4    T0990TS224-D1.pdb:A  SCOP d1fana_
  208      0.6655      0.3731       3.177     0.000    62    1    2           1    0     76      5     76      4    T0990TS224-D1.pdb:A  SCOP d8ptia_
  209      0.6655      0.3731       3.177     0.000    62    1    2           1    0     76      5     76      4    T0990TS224-D1.pdb:A  SCOP d1knta_
  210      0.6655      0.3731       3.177     0.000    62    1    2           1    0     76      5     76      4    T0990TS224-D1.pdb:A  SCOP d1naga_
  211      0.6655      0.3731       3.177     0.000    62    1    2           1    0     76      5     76      4    T0990TS224-D1.pdb:A  SCOP d7ptia_
  212      0.6655      0.3731       3.177     0.000    62    1    2           1    0     76      5     76      4    T0990TS224-D1.pdb:A  SCOP d1aala_
  213      0.6655      0.3731       3.177     0.000    62    1    2           1    0     76      5     76      4    T0990TS224-D1.pdb:A  SCOP d6ptia_
  214      0.6655      0.3731       3.177     0.000    62    1    2           1    0     76      5     76      4    T0990TS224-D1.pdb:A  SCOP d1ld5a_
  215      0.6655   4.413e-08       2.019     0.000    62    1    5           1    0     76      5     76      4    T0990TS224-D1.pdb:A  SCOP d1hsna_
  216      0.6655          -0       2.358     0.000    62    2    2           1    0     76      5     76      9    T0990TS224-D1.pdb:A  SCOP d1tvia_
  217      0.6655      0.7084           3     0.000    62    2    2           1    0     76      5     76      8    T0990TS224-D1.pdb:A  SCOP d1wiha_
  218      0.6655      0.6517       4.123     0.000    62    2    4           1    0     76      5     76      5    T0990TS224-D1.pdb:A  SCOP d1ceda_
  219      0.6655       0.659       3.973     0.000    62    2    4           1    0     76      5     76      5    T0990TS224-D1.pdb:A  SCOP d1t07a_
  220      0.6655      0.1873       2.995     0.000    62    1    3           1    0     76      5     76      5    T0990TS224-D1.pdb:A  SCOP d1mxaa1
  221      0.6655     0.06969       1.879     0.000    62    1    4           1    0     76      5     76      4    T0990TS224-D1.pdb:A  SCOP d1av1a_
  222      0.6655      0.3918       2.885     0.000    62    1    3           1    0     76      5     76      4    T0990TS224-D1.pdb:A  SCOP d1wata_
  223      0.6655      0.2111       4.023     0.000    62    2    3           1    0     76      5     76      4    T0990TS224-D1.pdb:A  SCOP d1c07a_
  224      0.6655     0.03131       4.159     0.000    62    2    2           1    0     76      5     76      8    T0990TS224-D1.pdb:A  SCOP d1gd5a_
  225      0.6655   2.866e-11       2.436     0.000    62    1    3           1    0     76      5     76      4    T0990TS224-D1.pdb:A  SCOP d1qqva_
  226      0.6655       0.698       2.779     0.000    62    2    4           1    0     76      5     76      3    T0990TS224-D1.pdb:A  SCOP d1w0aa_
  227      0.6655     0.06953       3.413     0.000    62    2    4           1    0     76      5     76      4    T0990TS224-D1.pdb:A  SCOP d1pisa_
  228      0.6655   3.256e-05       3.865     0.000    62    2    4           1    0     76      5     76      6    T0990TS224-D1.pdb:A  SCOP d1faza_
  229      0.6655   0.0003328       2.967     0.000    62    2    4           1    0     76      5     76      6    T0990TS224-D1.pdb:A  SCOP d1it4a_
  230      0.6655     0.02757       5.081     0.000    62    2    3           1    0     76      5     76      7    T0990TS224-D1.pdb:A  SCOP d1s69a_
  231      0.6655   3.256e-05       3.865     0.000    62    2    4           1    0     76      5     76      6    T0990TS224-D1.pdb:A  SCOP d1it5a_
  232      0.6655          -0        2.48     0.000    62    1    3           1    0     76      5     76      4    T0990TS224-D1.pdb:A  SCOP d1mdva_
  233      0.6655    0.009798       3.707     0.000    62    2    4           1    0     76      5     76      5    T0990TS224-D1.pdb:A  SCOP d1gdva_
  234      0.6655      0.1928       3.426     0.000    62    1    2           1    0     76      5     76      4    T0990TS224-D1.pdb:A  SCOP d1hkta_
  235      0.6655   1.152e-06       3.762     0.000    62    2    3           1    0     76      5     76      9    T0990TS224-D1.pdb:A  SCOP d2fcja1
  236      0.6655   0.0005939       3.279     0.000    62    2    3           1    0     76      5     76      5    T0990TS224-D1.pdb:A  SCOP d1buya_
  237      0.6655      0.4384       3.829     0.000    62    2    4           1    0     76      5     76      5    T0990TS224-D1.pdb:A  SCOP d1ccha_
  238      0.6655          -0  1.798e+308     0.000    62    1    4           1    0     76      5     76      4    T0990TS224-D1.pdb:A  SCOP d1uhma_
  239      0.6655       0.302       4.123     0.000    62    2    3           1    0     76      5     76      9    T0990TS224-D1.pdb:A  SCOP d1syra_
  240      0.6655   8.817e-12       3.445     0.000    62    2    3           1    0     76      5     76      6    T0990TS224-D1.pdb:A  SCOP d1rc7a1
  241      0.6655      0.3012       4.116     0.000    62    2    3           1    0     76      5     76      9    T0990TS224-D1.pdb:A  SCOP d1ti3a_
  242      0.6655     0.03408       3.899     0.000    62    1    2           1    0     76      5     76      3    T0990TS224-D1.pdb:A  SCOP d1du6a_
  243      0.6655      0.1275       4.381     0.000    62    1    3           1    0     76      5     76      5    T0990TS224-D1.pdb:A  SCOP d1xpva_
  244      0.6655   6.762e-12       3.136     0.000    62    2    3           1    0     76      5     76      8    T0990TS224-D1.pdb:A  SCOP d1rmda2
  245      0.6655       1.142       3.445     0.000    62    1    2           1    0     76      5     76      5    T0990TS224-D1.pdb:A  SCOP d1gh9a_
  246      0.6655      0.3731       3.177     0.000    62    1    2           1    0     76      5     76      4    T0990TS224-D1.pdb:A  SCOP d1dtka_
  247      0.6616    0.007102       3.064     0.000    61    2    4           1    0     76      5     74      7    T0990TS224-D1.pdb:A  SCOP d1r8ea1
  248      0.6616     0.03256        3.37     0.000    61    2    3           1    0     76      5     74      7    T0990TS224-D1.pdb:A  SCOP d1exja1
  249      0.6616   1.013e-15       3.169     0.000    61    2    3           1    0     76      5     74      6    T0990TS224-D1.pdb:A  SCOP d2ez6a1
  250      0.6579       1.901       4.051     0.000    60    2    3           1    0     76      5     72      6    T0990TS224-D1.pdb:A  SCOP d2cj6a1
  251      0.6528          -0       3.169     0.000    61    2    5           1    0     76      5     75      9    T0990TS224-D1.pdb:A  SCOP d1yywa1
  252      0.6528          -0       3.356     0.000    61    2    4           1    0     76      5     75      9    T0990TS224-D1.pdb:A  SCOP d2ijca1
  253      0.6528       1.024        3.42     0.000    61    2    3           1    0     76      5     75      7    T0990TS224-D1.pdb:A  SCOP d1ev9a2
  254      0.6528   1.181e-05       3.621     0.000    61    2    5           1    0     76      5     75      6    T0990TS224-D1.pdb:A  SCOP d2gf5a2
  255      0.6528       1.237       3.653     0.000    61    2    3           1    0     76      5     75      7    T0990TS224-D1.pdb:A  SCOP d1ev4a2
  256      0.6503      0.2022       3.156     0.000    54    2    3           1    0     76      5     59      6    T0990TS224-D1.pdb:A  SCOP d1pbja1
  257      0.6489      0.2879       2.815     0.000    60    2    3           1    0     76      5     73      9    T0990TS224-D1.pdb:A  SCOP d1zkia1
  258      0.6451      0.7887        3.24     0.000    59    2    3           1    0     76      5     71      5    T0990TS224-D1.pdb:A  SCOP d2fefa1
  259      0.6451   0.0001087       3.119     0.000    59    1    3           1    0     76      5     71      4    T0990TS224-D1.pdb:A  SCOP d1zpqa1
  260      0.6451      0.1993       3.463     0.000    59    2    3           1    0     76      5     71     10    T0990TS224-D1.pdb:A  SCOP d2b3ma1
  261      0.6442   4.483e-11       3.034     0.000    61    2    3           1    0     76      5     76      6    T0990TS224-D1.pdb:A  SCOP d1xmaa_
  262      0.6442      0.5014       3.887     0.000    61    2    3           1    0     76      5     76      4    T0990TS224-D1.pdb:A  SCOP d1wj5a_
  263      0.6442       1.803       4.252     0.000    61    1    3           1    0     76      5     76      4    T0990TS224-D1.pdb:A  SCOP d1st6a1
  264      0.6442          -0  1.798e+308     0.000    61    1    3           1    0     76      5     76      3    T0990TS224-D1.pdb:A  SCOP d1jjra_
  265      0.6442     0.00202       1.646     0.000    61    2    4           1    0     76      5     76      9    T0990TS224-D1.pdb:A  SCOP d1vh5a_
  266      0.6442      0.2368       2.612     0.000    61    2    5           1    0     76      5     76      9    T0990TS224-D1.pdb:A  SCOP d1sf9a_
  267      0.6442   0.0009069       2.604     0.000    61    2    3           1    0     76      5     76      4    T0990TS224-D1.pdb:A  SCOP d1qzwa1
  268      0.6442      0.1151        3.71     0.000    61    1    3           1    0     76      5     76      5    T0990TS224-D1.pdb:A  SCOP d1uk0a1
  269      0.6442     0.03809       3.406     0.000    61    2    3           1    0     76      5     76      7    T0990TS224-D1.pdb:A  SCOP d1a19a_
  270      0.6442    0.004567       3.492     0.000    61    1    4           1    0     76      5     76      5    T0990TS224-D1.pdb:A  SCOP d1sfua_
  271      0.6442   1.444e-05       3.855     0.000    61    2    3           1    0     76      5     76      6    T0990TS224-D1.pdb:A  SCOP d1itia_
  272      0.6442      0.5076       3.931     0.000    61    3    5           1    0     76      5     76      5    T0990TS224-D1.pdb:A  SCOP d1cora_
  273      0.6442   9.643e-17       2.105     0.000    61    2    4           1    0     76      5     76      5    T0990TS224-D1.pdb:A  SCOP d1nz6a_
  274      0.6442   3.467e-10       3.488     0.000    61    2    3           1    0     76      5     76     10    T0990TS224-D1.pdb:A  SCOP d1ojga_
  275      0.6442      0.1383       3.267     0.000    61    1    3           1    0     76      5     76      5    T0990TS224-D1.pdb:A  SCOP d1jyqa_
  276      0.6442       2.593       4.829     0.000    61    1    2           1    0     76      5     76      3    T0990TS224-D1.pdb:A  SCOP d1j5na_
  277      0.6442      0.1931       4.145     0.000    61    2    3           1    0     76      5     76      5    T0990TS224-D1.pdb:A  SCOP d2euca1
  278      0.6442          -0        2.47     0.000    61    1    4           1    0     76      5     76      5    T0990TS224-D1.pdb:A  SCOP d2hioa_
  279      0.6442      0.6328        3.47     0.000    61    1    3           1    0     76      5     76      5    T0990TS224-D1.pdb:A  SCOP d1gyja_
  280      0.6442    0.006379       5.088     0.000    61    2    4           1    0     76      5     76     10    T0990TS224-D1.pdb:A  SCOP d1cfda_
  281      0.6442      0.6252       3.728     0.000    61    2    4           1    0     76      5     76      8    T0990TS224-D1.pdb:A  SCOP d1mg6a_
  282      0.6442      0.5749       3.551     0.000    61    2    4           1    0     76      5     76      7    T0990TS224-D1.pdb:A  SCOP d1u73a_
  283      0.6442   0.0007554       3.793     0.000    61    2    4           1    0     76      5     76      8    T0990TS224-D1.pdb:A  SCOP d1u7ka_
  284      0.6442     0.04408       3.571     0.000    61    2    3           1    0     76      5     76      5    T0990TS224-D1.pdb:A  SCOP d1hdja_
  285      0.6442      0.1344       3.829     0.000    61    2    3           1    0     76      5     76      7    T0990TS224-D1.pdb:A  SCOP d1vl9a_
  286      0.6442     0.03723       3.413     0.000    61    2    3           1    0     76      5     76      7    T0990TS224-D1.pdb:A  SCOP d1o3wa_
  287      0.6442          -0       2.328     0.000    61    2    3           1    0     76      5     76      8    T0990TS224-D1.pdb:A  SCOP d1k94a_
  288      0.6442     0.02997       3.894     0.000    61    2    3           1    0     76      5     76      8    T0990TS224-D1.pdb:A  SCOP d1fxfa_
  289      0.6442     0.06237       4.102     0.000    61    2    3           1    0     76      5     76      8    T0990TS224-D1.pdb:A  SCOP d1fx9a_
  290      0.6442      0.6222       3.951     0.000    61    2    2           1    0     76      5     76      7    T0990TS224-D1.pdb:A  SCOP d2gtua2
  291      0.6442      0.6761         3.7     0.000    61    2    2           1    0     76      5     76      7    T0990TS224-D1.pdb:A  SCOP d1xwka2
  292      0.6442      0.6761         3.7     0.000    61    2    2           1    0     76      5     76      7    T0990TS224-D1.pdb:A  SCOP d1yj6a2
  293      0.6442      0.6222       3.951     0.000    61    2    2           1    0     76      5     76      7    T0990TS224-D1.pdb:A  SCOP d2ab6a2
  294      0.6442       1.707        5.92     0.000    61    2    4           1    0     76      5     76      7    T0990TS224-D1.pdb:A  SCOP d1fg9a_
  295      0.6442      0.4533       3.194     0.000    61    1    4           1    0     76      5     76      5    T0990TS224-D1.pdb:A  SCOP d1c7ma_
  296      0.6442      0.1508       3.899     0.000    61    1    4           1    0     76      5     76      3    T0990TS224-D1.pdb:A  SCOP d1irza_
  297      0.6442      0.6222       3.951     0.000    61    2    2           1    0     76      5     76      7    T0990TS224-D1.pdb:A  SCOP d3fyga2
  298      0.6442   1.405e-06       3.021     0.000    61    1    3           1    0     76      5     76      4    T0990TS224-D1.pdb:A  SCOP d1yfca_
  299      0.6442     0.06802       4.109     0.000    61    1    4           1    0     76      5     76      3    T0990TS224-D1.pdb:A  SCOP d1wgxa_
  300      0.6442       1.192       3.383     0.000    61    2    2           1    0     76      5     76      7    T0990TS224-D1.pdb:A  SCOP d6gsya2
  301      0.6442       1.192       3.383     0.000    61    2    2           1    0     76      5     76      7    T0990TS224-D1.pdb:A  SCOP d6gsua2
  302      0.6442       1.192       3.383     0.000    61    2    2           1    0     76      5     76      7    T0990TS224-D1.pdb:A  SCOP d6gsva2
  303      0.6442       1.192       3.383     0.000    61    2    2           1    0     76      5     76      7    T0990TS224-D1.pdb:A  SCOP d6gsta2
  304      0.6442       1.192       3.383     0.000    61    2    2           1    0     76      5     76      7    T0990TS224-D1.pdb:A  SCOP d5gsta2
  305      0.6442      0.2398       3.578     0.000    61    2    4           1    0     76      5     76      4    T0990TS224-D1.pdb:A  SCOP d1ga3a_
  306      0.6442       1.192       3.383     0.000    61    2    2           1    0     76      5     76      7    T0990TS224-D1.pdb:A  SCOP d3gsta2
  307      0.6442   0.0004911       2.714     0.000    61    2    3           1    0     76      5     76      6    T0990TS224-D1.pdb:A  SCOP d1sdza_
  308      0.6442     0.03218       3.205     0.000    61    2    3           1    0     76      5     76      7    T0990TS224-D1.pdb:A  SCOP d1m8ta_
  309      0.6442       1.192       3.383     0.000    61    2    2           1    0     76      5     76      7    T0990TS224-D1.pdb:A  SCOP d6gsxa2
  310      0.6442       1.192       3.383     0.000    61    2    2           1    0     76      5     76      7    T0990TS224-D1.pdb:A  SCOP d4gsta2
  311      0.6415      0.9766       3.413     0.000    58    2    3           1    0     76      5     69      5    T0990TS224-D1.pdb:A  SCOP d2dmya1
  312      0.6361      0.9265       3.779     0.000    59    2    3           1    0     76      5     72      7    T0990TS224-D1.pdb:A  SCOP d1mowa2
  313      0.6361       1.627       4.955     0.000    59    1    3           1    0     76      5     72      4    T0990TS224-D1.pdb:A  SCOP d1h9ta1
  314      0.6316      0.4724       2.434     0.000    60    1    4           1    0     76      5     75      3    T0990TS224-D1.pdb:A  SCOP d2fbqa1
  315      0.6287      0.2991       4.224     0.000    57    2    3           1    0     76      5     68      5    T0990TS224-D1.pdb:A  SCOP d1b0na2
  316      0.6274      0.1835       2.993     0.000    59    2    2           1    0     76      5     73      7    T0990TS224-D1.pdb:A  SCOP d2caia2
  317      0.6274      0.8468       4.267     0.000    59    2    3           1    0     76      5     73      7    T0990TS224-D1.pdb:A  SCOP d1guma2
  318      0.6274      0.8468       4.267     0.000    59    2    3           1    0     76      5     73      7    T0990TS224-D1.pdb:A  SCOP d1gula2
  319      0.6274     0.06412       3.057     0.000    59    2    4           1    0     76      5     73      4    T0990TS224-D1.pdb:A  SCOP d2dt5a1
  320      0.6261      0.6477       3.176     0.937    63    2    3      0.9365    0     76      5     76      4    T0990TS224-D1.pdb:A  SCOP d1qzpa_
  321      0.6234      0.4252       3.004     0.000    58    1    2           1    0     76      5     71      5    T0990TS224-D1.pdb:A  SCOP d1t39a2
  322      0.6234      0.8927       3.004     0.000    58    1    2           1    0     76      5     71      4    T0990TS224-D1.pdb:A  SCOP d1t38a2
  323      0.6233      0.8477       5.088     0.000    60    2    3           1    0     76      5     76      6    T0990TS224-D1.pdb:A  SCOP d1f70a_
  324      0.6233    0.002888       3.008     0.000    60    2    4           1    0     76      5     76      8    T0990TS224-D1.pdb:A  SCOP d1m8sa_
  325      0.6233   9.432e-05       3.205     0.000    60    2    3           1    0     76      5     76      7    T0990TS224-D1.pdb:A  SCOP d1b4wa_
  326      0.6233     0.09568       4.274     0.000    60    2    4           1    0     76      5     76      5    T0990TS224-D1.pdb:A  SCOP d1cyja_
  327      0.6233          -0       3.757     0.000    60    2    6           1    0     76      5     76     10    T0990TS224-D1.pdb:A  SCOP d1rfza_
  328      0.6233      0.5577       4.673     0.000    60    2    3           1    0     76      5     76      6    T0990TS224-D1.pdb:A  SCOP d1fi6a_
  329      0.6233     0.01493       3.205     0.000    60    2    3           1    0     76      5     76      5    T0990TS224-D1.pdb:A  SCOP d1c1ja_
  330      0.6233    0.009383       1.985     0.000    60    2    4           1    0     76      5     76      4    T0990TS224-D1.pdb:A  SCOP d1bipa_
  331      0.6233          -0        2.19     0.000    60    2    5           1    0     76      5     76     10    T0990TS224-D1.pdb:A  SCOP d1b4ua_
  332      0.6233     0.09568       4.274     0.000    60    2    4           1    0     76      5     76      5    T0990TS224-D1.pdb:A  SCOP d1cyia_
  333      0.6233          -0       2.381     0.000    60    2    5           1    0     76      5     76      6    T0990TS224-D1.pdb:A  SCOP d2ezya_
  334      0.6233   5.723e-11       3.678     0.000    60    2    3           1    0     76      5     76      9    T0990TS224-D1.pdb:A  SCOP d1qyza_
  335      0.6233    0.003409       3.205     0.000    60    2    3           1    0     76      5     76      9    T0990TS224-D1.pdb:A  SCOP d1psja_
  336      0.6233    0.002888       3.008     0.000    60    2    4           1    0     76      5     76      8    T0990TS224-D1.pdb:A  SCOP d1m8ra_
  337      0.6233   3.336e-12       2.381     0.000    60    2    5           1    0     76      5     76      5    T0990TS224-D1.pdb:A  SCOP d2ezza_
  338      0.6233   3.336e-12       2.381     0.000    60    2    5           1    0     76      5     76      5    T0990TS224-D1.pdb:A  SCOP d1qcka_
  339      0.6233   5.723e-11       3.678     0.000    60    2    3           1    0     76      5     76      9    T0990TS224-D1.pdb:A  SCOP d1r0qa_
  340      0.6233   3.336e-12       2.381     0.000    60    2    5           1    0     76      5     76      5    T0990TS224-D1.pdb:A  SCOP d2odga1
  341      0.6233   3.336e-12       2.381     0.000    60    2    5           1    0     76      5     76      5    T0990TS224-D1.pdb:A  SCOP d2ezxa_
  342      0.6233          -0  1.798e+308     0.000    60    1    4           1    0     76      5     76      5    T0990TS224-D1.pdb:A  SCOP d1usta_
  343      0.6233      0.6515       2.781     0.000    60    1    3           1    0     76      5     76      4    T0990TS224-D1.pdb:A  SCOP d1cm9a_
  344      0.6233      0.6515       2.781     0.000    60    1    3           1    0     76      5     76      3    T0990TS224-D1.pdb:A  SCOP d1vmpa_
  345      0.6233      0.6515       2.781     0.000    60    1    3           1    0     76      5     76      4    T0990TS224-D1.pdb:A  SCOP d1hhva_
  346      0.6233      0.6515       2.781     0.000    60    1    3           1    0     76      5     76      3    T0990TS224-D1.pdb:A  SCOP d1dona_
  347      0.6233      0.6515       2.781     0.000    60    1    3           1    0     76      5     76      3    T0990TS224-D1.pdb:A  SCOP d1doma_
  348      0.6233      0.6515       2.781     0.000    60    1    3           1    0     76      5     76      4    T0990TS224-D1.pdb:A  SCOP d1tn9a_
  349      0.6233      0.6515       2.781     0.000    60    1    3           1    0     76      5     76      4    T0990TS224-D1.pdb:A  SCOP d1b69a_
  350      0.6233      0.2814       2.523     0.000    60    1    2           1    0     76      5     76      5    T0990TS224-D1.pdb:A  SCOP d1veia_
  351      0.6233     0.00202       1.646     0.000    60    2    5           1    0     76      5     76      9    T0990TS224-D1.pdb:A  SCOP d1sc0a_
  352      0.6233    0.003241       1.662     0.000    60    2    4           1    0     76      5     76      9    T0990TS224-D1.pdb:A  SCOP d1vi8a_
  353      0.6233    0.002291       1.662     0.000    60    2    4           1    0     76      5     76      9    T0990TS224-D1.pdb:A  SCOP d1vh9a_
  354      0.6233   0.0002464       2.441     0.000    60    2    4           1    0     76      5     76     10    T0990TS224-D1.pdb:A  SCOP d1sh8a_
  355      0.6233     0.08866       3.343     0.000    60    1    3           1    0     76      5     76      4    T0990TS224-D1.pdb:A  SCOP d1syqa1
  356      0.6233     0.07223       3.343     0.000    60    1    3           1    0     76      5     76      4    T0990TS224-D1.pdb:A  SCOP d1t01a1
  357      0.6233      0.4968       2.528     0.000    60    1    3           1    0     76      5     76      3    T0990TS224-D1.pdb:A  SCOP d1qgwa_
  358      0.6233      0.4968       2.528     0.000    60    1    3           1    0     76      5     76      3    T0990TS224-D1.pdb:A  SCOP d1xf6a_
  359      0.6233      0.4968       2.528     0.000    60    1    3           1    0     76      5     76      3    T0990TS224-D1.pdb:A  SCOP d1xg0a_
  360      0.6233      0.4318       3.156     0.000    60    1    4           1    0     76      5     76      3    T0990TS224-D1.pdb:A  SCOP d1j47a_
  361      0.6233      0.4318       3.156     0.000    60    1    4           1    0     76      5     76      3    T0990TS224-D1.pdb:A  SCOP d1j46a_
  362      0.6233     0.01252       3.627     0.000    60    1    4           1    0     76      5     76      3    T0990TS224-D1.pdb:A  SCOP d1j3da_
  363      0.6233   9.595e-15       2.206     0.000    60    2    4           1    0     76      5     76      9    T0990TS224-D1.pdb:A  SCOP d1bp7a_
  364      0.6233          -0       2.206     0.000    60    2    4           1    0     76      5     76     10    T0990TS224-D1.pdb:A  SCOP d1u0da_
  365      0.6233   2.821e-08       2.381     0.000    60    2    4           1    0     76      5     76      6    T0990TS224-D1.pdb:A  SCOP d1ijya_
  366      0.6233   8.976e-06       2.623     0.000    60    1    3           1    0     76      5     76      4    T0990TS224-D1.pdb:A  SCOP d1ujsa_
  367      0.6233    0.004115       2.206     0.000    60    2    4           1    0     76      5     76      9    T0990TS224-D1.pdb:A  SCOP d1n3ea_
  368      0.6233      0.4038       3.774     0.000    60    2    5           1    0     76      5     76      5    T0990TS224-D1.pdb:A  SCOP d1fi3a_
  369      0.6233      0.5377       4.267     0.000    60    2    4           1    0     76      5     76      8    T0990TS224-D1.pdb:A  SCOP d1bvma_
  370      0.6233   7.459e-07       1.879     0.000    60    1    4           1    0     76      5     76      4    T0990TS224-D1.pdb:A  SCOP d1jnia_
  371      0.6233      0.1366       2.528     0.000    60    1    3           1    0     76      5     76      5    T0990TS224-D1.pdb:A  SCOP d1g6za_
  372      0.6233      0.6367       2.758     0.000    60    1    3           1    0     76      5     76      5    T0990TS224-D1.pdb:A  SCOP d1rkna_
  373      0.6233     0.02487       3.356     0.000    60    2    4           1    0     76      5     76      7    T0990TS224-D1.pdb:A  SCOP d1clpa_
  374      0.6233      0.0598       3.478     0.000    60    2    3           1    0     76      5     76      7    T0990TS224-D1.pdb:A  SCOP d1oz6a_
  375      0.6233      0.3487       4.317     0.000    60    2    4           1    0     76      5     76      7    T0990TS224-D1.pdb:A  SCOP d1ae7a_
  376      0.6233      0.1945       3.298     0.000    60    2    2           1    0     76      5     76      8    T0990TS224-D1.pdb:A  SCOP d1egoa_
  377      0.6233   4.545e-06       1.879     0.000    60    1    4           1    0     76      5     76      3    T0990TS224-D1.pdb:A  SCOP d1pyca_
  378      0.6233     0.07675       2.801     0.000    60    2    4           1    0     76      5     76      3    T0990TS224-D1.pdb:A  SCOP d1g2ha_
  379      0.6233          -0  1.798e+308     0.000    60    1    3           1    0     76      5     76      4    T0990TS224-D1.pdb:A  SCOP d1vcra_
  380      0.6233     2.7e-14       2.528     0.000    60    1    4           1    0     76      5     76      5    T0990TS224-D1.pdb:A  SCOP d1hroa_
  381      0.6219      0.7893       4.087     0.000    55    2    3           1    0     76      5     64      4    T0990TS224-D1.pdb:A  SCOP d1qpia1
  382      0.6219      0.1232       4.906     0.000    55    3    1           1    0     76      5     64     15    T0990TS224-D1.pdb:A  SCOP d2fvga2
  383      0.6148   7.258e-05       2.528     0.000    58    1    4           1    0     76      5     72      4    T0990TS224-D1.pdb:A  SCOP d1h9ga1
  384      0.6107   1.196e-05       3.152     0.000    59    1    5           1    0     76      5     75      4    T0990TS224-D1.pdb:A  SCOP d1xwra1
  385      0.6107      0.3933        2.29     0.000    59    1    4           1    0     76      5     75      3    T0990TS224-D1.pdb:A  SCOP d1sc5a3
  386      0.6107      0.7053       3.743     0.000    59    2    2           1    0     76      5     75      7    T0990TS224-D1.pdb:A  SCOP d2c4ja2
  387      0.6031     1.4e-05       2.426     0.000    55    2    4           1    0     76      5     66      7    T0990TS224-D1.pdb:A  SCOP d2gzua1
  388       0.603     0.06802       4.109     0.000    52    1    2           1    0     76      5     59      3    T0990TS224-D1.pdb:A  SCOP d2cqqa1
  389      0.6027          -0           2     0.000    59    1    3           1    0     76      5     76      4    T0990TS224-D1.pdb:A  SCOP d1lmsa_
  390      0.6027     0.02163       5.289     0.000    59    2    2           1    0     76      5     76      8    T0990TS224-D1.pdb:A  SCOP d1dmoa_
  391      0.6027          -0  1.798e+308     0.000    59    1    3           1    0     76      5     76      4    T0990TS224-D1.pdb:A  SCOP d1vlta_
  392      0.6027       0.635       3.242     0.000    59    2    4           1    0     76      5     76      5    T0990TS224-D1.pdb:A  SCOP d1i4za_
  393      0.6027     1.4e-05       2.426     0.000    59    2    5           1    0     76      5     76      7    T0990TS224-D1.pdb:A  SCOP d1utxa_
  394      0.6027    0.007998       2.619     0.000    59    1    3           1    0     76      5     76      4    T0990TS224-D1.pdb:A  SCOP d1jvra_
  395      0.6027       1.744        3.82     0.000    59    2    4           1    0     76      5     76      3    T0990TS224-D1.pdb:A  SCOP d1c6sa_
  396      0.6027          -0  1.798e+308     0.000    59    1    4           1    0     76      5     76      5    T0990TS224-D1.pdb:A  SCOP d1v5ka_
  397      0.6027   1.868e-07       4.445     0.000    59    2    4           1    0     76      5     76     10    T0990TS224-D1.pdb:A  SCOP d1c52a_
  398      0.6027      0.7463       3.653     0.000    59    3    6           1    0     76      5     76      4    T0990TS224-D1.pdb:A  SCOP d1qzxa1
  399      0.6027       0.131       3.822     0.000    59    2    5           1    0     76      5     76      5    T0990TS224-D1.pdb:A  SCOP d1sq8a_
  400      0.6027     0.09224       3.686     0.000    59    2    5           1    0     76      5     76      5    T0990TS224-D1.pdb:A  SCOP d2r63a_
  401      0.6027     0.02548       3.319     0.000    59    1    4           1    0     76      5     76      5    T0990TS224-D1.pdb:A  SCOP d1d8ja_
  402      0.6027          -0       2.381     0.000    59    2    6           1    0     76      5     76      6    T0990TS224-D1.pdb:A  SCOP d1ci4a_
  403      0.6027       1.649       5.988     0.000    59    2    3           1    0     76      5     76      6    T0990TS224-D1.pdb:A  SCOP d1x8za_
  404      0.6027      0.4781       5.448     0.000    59    2    3           1    0     76      5     76      7    T0990TS224-D1.pdb:A  SCOP d1rj1a_
  405      0.6027       1.663       4.029     0.000    59    1    2           1    0     76      5     76      1    T0990TS224-D1.pdb:A  SCOP d4znfa_
  406      0.6027       1.395        3.74     0.000    59    1    2           1    0     76      5     76      1    T0990TS224-D1.pdb:A  SCOP d1sp1a_
  407      0.6027      0.9392       4.109     0.000    59    1    2           1    0     76      5     76      5    T0990TS224-D1.pdb:A  SCOP d1qkfa_
  408      0.6027      0.9392       4.109     0.000    59    1    2           1    0     76      5     76      4    T0990TS224-D1.pdb:A  SCOP d1qkha_
  409      0.6027      0.5242       2.436     0.000    59    1    2           1    0     76      5     76      2    T0990TS224-D1.pdb:A  SCOP d1j5la_
  410      0.6027       1.663       4.029     0.000    59    1    2           1    0     76      5     76      5    T0990TS224-D1.pdb:A  SCOP d1c54a_
  411      0.6027       0.101       2.486     0.000    59    2    4           1    0     76      5     76      8    T0990TS224-D1.pdb:A  SCOP d1t1va_
  412      0.6027      0.6222       3.951     0.000    59    2    2           1    0     76      5     76      7    T0990TS224-D1.pdb:A  SCOP d1gsua2
  413      0.6027      0.6222       3.951     0.000    59    2    2           1    0     76      5     76      7    T0990TS224-D1.pdb:A  SCOP d1b4pa2
  414      0.6027      0.4648         3.7     0.000    59    2    2           1    0     76      5     76      7    T0990TS224-D1.pdb:A  SCOP d4gtua2
  415      0.6027      0.4648         3.7     0.000    59    2    2           1    0     76      5     76      7    T0990TS224-D1.pdb:A  SCOP d1hnca2
  416      0.6027      0.6222       3.951     0.000    59    2    2           1    0     76      5     76      7    T0990TS224-D1.pdb:A  SCOP d2f3ma2
  417      0.6027      0.6222       3.951     0.000    59    2    2           1    0     76      5     76      7    T0990TS224-D1.pdb:A  SCOP d1xw5a2
  418      0.6027      0.6222       3.951     0.000    59    2    2           1    0     76      5     76      7    T0990TS224-D1.pdb:A  SCOP d1xw6a2
  419      0.6027     0.07746       6.123     0.000    59    2    4           1    0     76      5     76      9    T0990TS224-D1.pdb:A  SCOP d1nwia_
  420      0.6027     0.07746       6.123     0.000    59    2    4           1    0     76      5     76      9    T0990TS224-D1.pdb:A  SCOP d1jwna_
  421      0.6027     0.07746       6.123     0.000    59    2    4           1    0     76      5     76      9    T0990TS224-D1.pdb:A  SCOP d1jzka_
  422      0.6027    0.007426        3.74     0.000    59    1    2           1    0     76      5     76      4    T0990TS224-D1.pdb:A  SCOP d1dc8a_
  423      0.6027       1.334       3.562     0.000    59    1    2           1    0     76      5     76      1    T0990TS224-D1.pdb:A  SCOP d1u9ga_
  424      0.6027       0.494       2.523     0.000    59    1    2           1    0     76      5     76      5    T0990TS224-D1.pdb:A  SCOP d1lkna_
  425      0.6027      0.6308       2.436     0.000    59    1    2           1    0     76      5     76      1    T0990TS224-D1.pdb:A  SCOP d1lm2a_
  426      0.6027     0.09972       3.779     0.000    59    2    3           1    0     76      5     76      8    T0990TS224-D1.pdb:A  SCOP d1j1aa_
  427      0.6027     0.04849       3.298     0.000    59    2    3           1    0     76      5     76      6    T0990TS224-D1.pdb:A  SCOP d1poea_
  428      0.6027      0.6964       2.849     0.000    59    1    2           1    0     76      5     76      1    T0990TS224-D1.pdb:A  SCOP d1fvna_
  429      0.6027        1.61       5.192     0.000    59    2    2           1    0     76      5     76      3    T0990TS224-D1.pdb:A  SCOP d1mhi.1
  430      0.6027     0.01434       2.523     0.000    59    1    2           1    0     76      5     76      5    T0990TS224-D1.pdb:A  SCOP d1luna_
  431      0.6027     0.01434       2.523     0.000    59    1    2           1    0     76      5     76      5    T0990TS224-D1.pdb:A  SCOP d1luka_
  432      0.6027     0.01434       2.523     0.000    59    1    2           1    0     76      5     76      5    T0990TS224-D1.pdb:A  SCOP d1luma_
  433      0.6027     0.01434       2.523     0.000    59    1    2           1    0     76      5     76      5    T0990TS224-D1.pdb:A  SCOP d1luia_
  434      0.6027   2.333e-05       3.169     0.000    59    2    2           1    0     76      5     76      7    T0990TS224-D1.pdb:A  SCOP d1bfia_
  435      0.6027       0.494       2.523     0.000    59    1    2           1    0     76      5     76      4    T0990TS224-D1.pdb:A  SCOP d1biga_
  436      0.6027       0.494       2.523     0.000    59    1    2           1    0     76      5     76      3    T0990TS224-D1.pdb:A  SCOP d1hp2a_
  437      0.6027       2.013       4.381     0.000    59    1    2           1    0     76      5     76      3    T0990TS224-D1.pdb:A  SCOP d1wt7a_
  438      0.6027      0.6073       2.712     0.000    59    1    2           1    0     76      5     76      3    T0990TS224-D1.pdb:A  SCOP d2crda_
  439      0.6027        1.44       3.542     0.000    59    2    4           1    0     76      5     76      4    T0990TS224-D1.pdb:A  SCOP d1ev0a_
  440      0.6027    0.002737       2.758     0.000    59    1    3           1    0     76      5     76      5    T0990TS224-D1.pdb:A  SCOP d2if1a_
  441      0.6027       0.494       2.523     0.000    59    1    2           1    0     76      5     76      3    T0990TS224-D1.pdb:A  SCOP d2ptaa_
  442      0.6027       0.494       2.523     0.000    59    1    2           1    0     76      5     76      3    T0990TS224-D1.pdb:A  SCOP d1n8ma_
  443      0.6027          -0       2.431     0.000    59    2    3           1    0     76      5     76      9    T0990TS224-D1.pdb:A  SCOP d2gt3a1
  444      0.6027       3.572       5.713     0.000    59    1    2           1    0     76      5     76      3    T0990TS224-D1.pdb:A  SCOP d1l4va_
  445      0.6027       0.494       2.523     0.000    59    1    2           1    0     76      5     76      4    T0990TS224-D1.pdb:A  SCOP d1ayja_
  446      0.6027      0.1345       2.523     0.000    59    1    2           1    0     76      5     76      4    T0990TS224-D1.pdb:A  SCOP d1dwma_
  447      0.6027       0.494       2.523     0.000    59    1    2           1    0     76      5     76      3    T0990TS224-D1.pdb:A  SCOP d1egla_
  448      0.6027      0.1345       2.523     0.000    59    1    2           1    0     76      5     76      4    T0990TS224-D1.pdb:A  SCOP d1egp.1
  449      0.6027     0.00202       1.646     0.000    59    2    5           1    0     76      5     76      9    T0990TS224-D1.pdb:A  SCOP d1sbka_
  450      0.6027      0.7357       2.907     0.000    59    1    3           1    0     76      5     76      3    T0990TS224-D1.pdb:A  SCOP d1irha_
  451      0.6027     0.04219       2.907     0.000    59    1    3           1    0     76      5     76      5    T0990TS224-D1.pdb:A  SCOP d1tcpa_
  452      0.6027       1.663       4.029     0.000    59    1    2           1    0     76      5     76      1    T0990TS224-D1.pdb:A  SCOP d3znfa_
  453      0.6027    0.001609       3.008     0.000    59    2    4           1    0     76      5     76      8    T0990TS224-D1.pdb:A  SCOP d1kpma_
  454      0.6027       1.989       4.358     0.000    59    1    2           1    0     76      5     76      1    T0990TS224-D1.pdb:A  SCOP d1fmea_
  455      0.6027    0.001609       3.008     0.000    59    2    4           1    0     76      5     76      8    T0990TS224-D1.pdb:A  SCOP d1oxla_
  456      0.6027    0.001609       3.008     0.000    59    2    4           1    0     76      5     76      8    T0990TS224-D1.pdb:A  SCOP d1fv0a_
  457      0.6027    0.004697       3.008     0.000    59    2    4           1    0     76      5     76      7    T0990TS224-D1.pdb:A  SCOP d1tdva_
  458      0.6027    0.004697       3.008     0.000    59    2    4           1    0     76      5     76      7    T0990TS224-D1.pdb:A  SCOP d2q1pa1
  459      0.6027    0.004697       3.008     0.000    59    2    4           1    0     76      5     76      7    T0990TS224-D1.pdb:A  SCOP d2pyca1
  460      0.6027    0.004697       3.008     0.000    59    2    4           1    0     76      5     76      7    T0990TS224-D1.pdb:A  SCOP d2arma1
  461      0.6027     0.02048       3.008     0.000    59    2    4           1    0     76      5     76      9    T0990TS224-D1.pdb:A  SCOP d1zwpa1
  462      0.6027       1.142       3.445     0.000    59    1    2           1    0     76      5     76      1    T0990TS224-D1.pdb:A  SCOP d1rika_
  463      0.6027    0.004697       3.008     0.000    59    2    4           1    0     76      5     76      7    T0990TS224-D1.pdb:A  SCOP d1tg1a_
  464      0.6027    0.001609       3.008     0.000    59    2    4           1    0     76      5     76      8    T0990TS224-D1.pdb:A  SCOP d1sqza_
  465      0.6027    0.004697       3.008     0.000    59    2    4           1    0     76      5     76      7    T0990TS224-D1.pdb:A  SCOP d1sxka_
  466      0.6027       1.663       4.029     0.000    59    1    2           1    0     76      5     76      1    T0990TS224-D1.pdb:A  SCOP d1fsda_
  467      0.6027    0.001609       3.008     0.000    59    2    4           1    0     76      5     76      8    T0990TS224-D1.pdb:A  SCOP d1tk4a_
  468      0.6027     0.01033       3.276     0.000    59    2    4           1    0     76      5     76      8    T0990TS224-D1.pdb:A  SCOP d1s8ga_
  469      0.6027     0.04482       3.276     0.000    59    2    4           1    0     76      5     76      6    T0990TS224-D1.pdb:A  SCOP d1s8ha_
  470      0.6027     0.01033       3.276     0.000    59    2    4           1    0     76      5     76      8    T0990TS224-D1.pdb:A  SCOP d1s8ia_
  471      0.6027       1.663       4.029     0.000    59    1    2           1    0     76      5     76      1    T0990TS224-D1.pdb:A  SCOP d1fsva_
  472      0.6027   0.0006555       3.008     0.000    59    2    4           1    0     76      5     76      9    T0990TS224-D1.pdb:A  SCOP d1bk9a_
  473      0.6027      0.4123       4.622     0.000    59    3    4           1    0     76      5     76      8    T0990TS224-D1.pdb:A  SCOP d1me5a_
  474      0.6027      0.2156       5.144     0.000    59    2    3           1    0     76      5     76      6    T0990TS224-D1.pdb:A  SCOP d1vkea_
  475      0.6027       1.663       4.029     0.000    59    1    2           1    0     76      5     76      1    T0990TS224-D1.pdb:A  SCOP d1psva_
  476      0.6027     0.03105       2.728     0.000    59    3    5           1    0     76      5     76      6    T0990TS224-D1.pdb:A  SCOP d1q2za_
  477      0.6027      0.4247       4.242     0.000    59    2    3           1    0     76      5     76      6    T0990TS224-D1.pdb:A  SCOP d1k19a_
  478      0.6027       1.474       5.025     0.000    59    2    3           1    0     76      5     76      4    T0990TS224-D1.pdb:A  SCOP d2p06a1
  479      0.6027      0.2059       4.758     0.000    59    2    3           1    0     76      5     76      7    T0990TS224-D1.pdb:A  SCOP d1na0a_
  480      0.6027        1.74       4.109     0.000    59    1    2           1    0     76      5     76      1    T0990TS224-D1.pdb:A  SCOP d1nyba_
  481      0.6027        1.41       3.507     0.000    59    1    2           1    0     76      5     76      1    T0990TS224-D1.pdb:A  SCOP d1vpca_
  482      0.6027   0.0003973       1.853     0.000    59    1    5           1    0     76      5     76      2    T0990TS224-D1.pdb:A  SCOP d1ioja_
  483      0.6027    0.001609       3.008     0.000    59    2    4           1    0     76      5     76      8    T0990TS224-D1.pdb:A  SCOP d2fnxa1
  484      0.6027    0.004697       3.008     0.000    59    2    4           1    0     76      5     76      7    T0990TS224-D1.pdb:A  SCOP d1zr8a1
  485      0.6027    0.004697       3.008     0.000    59    2    4           1    0     76      5     76      7    T0990TS224-D1.pdb:A  SCOP d2otfa1
  486      0.6027    0.004697       3.008     0.000    59    2    4           1    0     76      5     76      7    T0990TS224-D1.pdb:A  SCOP d2dpza1
  487      0.6027    0.004697       3.008     0.000    59    2    4           1    0     76      5     76      7    T0990TS224-D1.pdb:A  SCOP d2pb8a1
  488      0.6027       0.494       2.523     0.000    59    1    2           1    0     76      5     76      1    T0990TS224-D1.pdb:A  SCOP d1s5qa_
  489      0.6027       2.146       5.192     0.000    59    2    2           1    0     76      5     76      3    T0990TS224-D1.pdb:A  SCOP d1zwfa_
  490      0.6027    0.004697       3.008     0.000    59    2    4           1    0     76      5     76      7    T0990TS224-D1.pdb:A  SCOP d1zyxa1
  491      0.6027       2.975       5.358     0.000    59    2    2           1    0     76      5     76      2    T0990TS224-D1.pdb:A  SCOP d1l4ta_
  492      0.6027       1.652       5.713     0.000    59    1    2           1    0     76      5     76      2    T0990TS224-D1.pdb:A  SCOP d1amla_
  493      0.6027      0.2357       2.849     0.000    59    1    2           1    0     76      5     76      2    T0990TS224-D1.pdb:A  SCOP d1hpha_
  494      0.5995      0.3175       2.181     0.000    54    1    2           1    0     76      5     64      4    T0990TS224-D1.pdb:A  SCOP d2a7ta1
