<html><head></head><body><pre style="word-wrap: break-word; white-space: pre-wrap;"> PDBe Fold v2.59. (src3) 14 Apr 2014 result file.

                   RESULT SUMMARY

   ##      Q-score      P-score     Z-score   RMSD    Nalgn Nsse Ngaps Seq-%     Nmd Nres-Q Nsse-Q Nres-T Nsse-T Query Target
    1      0.9739       2.565       6.492     0.000    75    2    1           1    0     76      4     76      8    T0990TS145-D1.pdb:A  SCOP d1rtxa_
    2      0.9607       2.565       6.492     0.000    74    2    1           1    0     76      4     75      8    T0990TS145-D1.pdb:A  SCOP d2hz1a1
    3      0.9226       3.631       5.757     0.000    73    1    2           1    0     76      4     76      5    T0990TS145-D1.pdb:A  SCOP d1uk0a1
    4      0.8818       1.402       4.969     0.000    68    2    1           1    0     76      4     69      6    T0990TS145-D1.pdb:A  SCOP d1wwxa1
    5      0.8727       3.332       6.123     0.000    71    2    1           1    0     76      4     76      8    T0990TS145-D1.pdb:A  SCOP d1ngka_
    6      0.8727      0.2885        4.92     0.000    71    2    3           1    0     76      4     76      7    T0990TS145-D1.pdb:A  SCOP d1mwba_
    7      0.8727       3.628        6.01     0.000    71    3    3           1    0     76      4     76      5    T0990TS145-D1.pdb:A  SCOP d1i5na_
    8      0.8727      0.7555       4.145     0.000    71    2    4           1    0     76      4     76      3    T0990TS145-D1.pdb:A  SCOP d1lbua1
    9      0.8483       1.024       5.095     0.000    70    2    5           1    0     76      4     76      9    T0990TS145-D1.pdb:A  SCOP d1gwpa_
   10      0.8243      0.8875       5.144     0.000    69    2    4           1    0     76      4     76      6    T0990TS145-D1.pdb:A  SCOP d1jbga_
   11      0.8243      0.2579       4.779     0.000    69    2    3           1    0     76      4     76      6    T0990TS145-D1.pdb:A  SCOP d1q06a_
   12      0.8243      0.2579       4.779     0.000    69    2    3           1    0     76      4     76      6    T0990TS145-D1.pdb:A  SCOP d1q05a_
   13      0.8243      0.2579       4.779     0.000    69    2    3           1    0     76      4     76      6    T0990TS145-D1.pdb:A  SCOP d1q07a_
   14      0.8243   0.0003672       4.716     0.000    69    2    3           1    0     76      4     76      9    T0990TS145-D1.pdb:A  SCOP d1tlqa_
   15      0.8243      0.9503       3.977     0.000    69    2    5           1    0     76      4     76      9    T0990TS145-D1.pdb:A  SCOP d1tofa_
   16      0.8243        2.54        4.89     0.000    69    2    4           1    0     76      4     76      7    T0990TS145-D1.pdb:A  SCOP d1gd8a_
   17      0.8243       3.673       5.246     0.000    69    1    2           1    0     76      4     76      5    T0990TS145-D1.pdb:A  SCOP d1l8ca_
   18      0.8243      0.6905       4.378     0.000    69    2    4           1    0     76      4     76      7    T0990TS145-D1.pdb:A  SCOP d1dlwa_
   19      0.8204      0.8894       5.137     0.000    67    2    3           1    0     76      4     72      8    T0990TS145-D1.pdb:A  SCOP d1dt9a3
   20      0.8057       4.224       6.963     0.000    65    2    1           1    0     76      4     69      4    T0990TS145-D1.pdb:A  SCOP d1v9va1
   21      0.8006       1.677       5.275     0.000    68    2    2           1    0     76      4     76      4    T0990TS145-D1.pdb:A  SCOP d1q09a_
   22      0.8006       2.081        5.71     0.000    68    2    2           1    0     76      4     76      4    T0990TS145-D1.pdb:A  SCOP d1q0aa_
   23      0.7772       1.179       5.018     0.000    67    2    2           1    0     76      4     76      8    T0990TS145-D1.pdb:A  SCOP d1aqwa2
   24      0.7772       1.162       4.673     0.000    67    2    2           1    0     76      4     76     10    T0990TS145-D1.pdb:A  SCOP d1nvja_
   25      0.7772       1.179       5.018     0.000    67    2    2           1    0     76      4     76      8    T0990TS145-D1.pdb:A  SCOP d1lbka2
   26      0.7772       1.299       5.018     0.000    67    2    2           1    0     76      4     76      8    T0990TS145-D1.pdb:A  SCOP d1kbna2
   27      0.7772       1.299       5.018     0.000    67    2    2           1    0     76      4     76      8    T0990TS145-D1.pdb:A  SCOP d1eoha2
   28      0.7772       1.447       5.018     0.000    67    2    2           1    0     76      4     76      8    T0990TS145-D1.pdb:A  SCOP d1glqa2
   29      0.7772       1.303        4.85     0.000    67    2    2           1    0     76      4     76      8    T0990TS145-D1.pdb:A  SCOP d1pn9a2
   30      0.7772       1.303        4.85     0.000    67    2    2           1    0     76      4     76      9    T0990TS145-D1.pdb:A  SCOP d1jlva2
   31      0.7772       1.717       5.018     0.000    67    2    2           1    0     76      4     76      8    T0990TS145-D1.pdb:A  SCOP d1glpa2
   32      0.7772   2.736e-12       3.506     0.000    67    2    4           1    0     76      4     76      8    T0990TS145-D1.pdb:A  SCOP d1klxa_
   33      0.7772    0.001347        4.85     0.000    67    2    3           1    0     76      4     76     10    T0990TS145-D1.pdb:A  SCOP d1y9ia_
   34      0.7772       2.567       5.018     0.000    67    2    2           1    0     76      4     76      6    T0990TS145-D1.pdb:A  SCOP d1baya2
   35      0.7772       1.717       5.018     0.000    67    2    2           1    0     76      4     76      8    T0990TS145-D1.pdb:A  SCOP d2glra2
   36      0.7772       1.533       4.808     0.000    67    2    2           1    0     76      4     76      8    T0990TS145-D1.pdb:A  SCOP d2oaca2
   37      0.7772       2.567       5.018     0.000    67    2    2           1    0     76      4     76      8    T0990TS145-D1.pdb:A  SCOP d1tu7a2
   38      0.7772      0.2047       5.004     0.000    67    2    4           1    0     76      4     76      7    T0990TS145-D1.pdb:A  SCOP d1s6aa_
   39      0.7772      0.9086       3.542     0.000    67    2    3           1    0     76      4     76      5    T0990TS145-D1.pdb:A  SCOP d1kjsa_
   40      0.7772       2.413       5.018     0.000    67    2    2           1    0     76      4     76      7    T0990TS145-D1.pdb:A  SCOP d1tu8a2
   41      0.7721       1.159       4.941     0.000    65    2    1           1    0     76      4     72      4    T0990TS145-D1.pdb:A  SCOP d1o4xa2
   42      0.7699       1.333       5.696     0.000    64    2    4           1    0     76      4     70      5    T0990TS145-D1.pdb:A  SCOP d1y6xa1
   43      0.7642       1.179       5.018     0.000    66    2    2           1    0     76      4     75      8    T0990TS145-D1.pdb:A  SCOP d22gsa2
   44      0.7542        1.85       4.269     0.000    66    2    3           1    0     76      4     76      7    T0990TS145-D1.pdb:A  SCOP d1hnaa2
   45      0.7542      0.5359       4.638     0.000    66    2    3           1    0     76      4     76      9    T0990TS145-D1.pdb:A  SCOP d1jlwa2
   46      0.7542       2.616        5.06     0.000    66    2    3           1    0     76      4     76      8    T0990TS145-D1.pdb:A  SCOP d1bx9a2
   47      0.7542       2.326       4.808     0.000    66    2    3           1    0     76      4     76      6    T0990TS145-D1.pdb:A  SCOP d1a0fa2
   48      0.7542      0.9295       4.659     0.000    66    2    3           1    0     76      4     76      6    T0990TS145-D1.pdb:A  SCOP d1q60a_
   49      0.7542       1.572       4.016     0.000    66    2    2           1    0     76      4     76      5    T0990TS145-D1.pdb:A  SCOP d1daxa_
   50      0.7542       1.737       4.252     0.000    66    2    2           1    0     76      4     76      6    T0990TS145-D1.pdb:A  SCOP d1sj1a_
   51      0.7542       2.592       5.039     0.000    66    2    2           1    0     76      4     76      6    T0990TS145-D1.pdb:A  SCOP d1fe0a_
   52      0.7542       2.592       5.039     0.000    66    2    2           1    0     76      4     76      6    T0990TS145-D1.pdb:A  SCOP d1fe4a_
   53      0.7542       2.085       4.588     0.000    66    2    2           1    0     76      4     76      6    T0990TS145-D1.pdb:A  SCOP d1tl4a_
   54      0.7542       2.326       4.808     0.000    66    2    2           1    0     76      4     76      6    T0990TS145-D1.pdb:A  SCOP d1tl5a_
   55      0.7542        3.06       5.427     0.000    66    2    2           1    0     76      4     76      5    T0990TS145-D1.pdb:A  SCOP d1fwpa_
   56      0.7542       2.287       4.772     0.000    66    2    2           1    0     76      4     76     10    T0990TS145-D1.pdb:A  SCOP d1rkia1
   57      0.7542      0.5858       3.894     0.000    66    2    2           1    0     76      4     76      7    T0990TS145-D1.pdb:A  SCOP d1pcha_
   58      0.7542       1.349       4.906     0.000    66    2    3           1    0     76      4     76      3    T0990TS145-D1.pdb:A  SCOP d1mbea_
   59      0.7542       1.181       4.702     0.000    66    2    3           1    0     76      4     76      3    T0990TS145-D1.pdb:A  SCOP d1mbfa_
   60      0.7542      0.3871       4.345     0.000    66    2    3           1    0     76      4     76      5    T0990TS145-D1.pdb:A  SCOP d1b4fa_
   61      0.7542      0.3819       4.345     0.000    66    2    3           1    0     76      4     76      5    T0990TS145-D1.pdb:A  SCOP d1f0ma_
   62      0.7542       0.713       4.906     0.000    66    2    3           1    0     76      4     76      4    T0990TS145-D1.pdb:A  SCOP d1r6ra_
   63      0.7542    0.002919        4.51     0.000    66    2    2           1    0     76      4     76      7    T0990TS145-D1.pdb:A  SCOP d1ls8a_
   64      0.7542   7.758e-07       3.184     0.000    66    2    6           1    0     76      4     76      7    T0990TS145-D1.pdb:A  SCOP d1ygoa1
   65      0.7542      0.9277       5.199     0.000    66    2    3           1    0     76      4     76      4    T0990TS145-D1.pdb:A  SCOP d1eh2a_
   66      0.7542      0.6178       4.758     0.000    66    2    3           1    0     76      4     76      5    T0990TS145-D1.pdb:A  SCOP d1ff1a_
   67      0.7542       1.447       5.018     0.000    66    2    2           1    0     76      4     76      7    T0990TS145-D1.pdb:A  SCOP d1abaa_
   68      0.7542       1.017       4.559     0.000    66    3    3           1    0     76      4     76      5    T0990TS145-D1.pdb:A  SCOP d1hula_
   69      0.7542       2.106       4.684     0.000    66    2    3           1    0     76      4     76      9    T0990TS145-D1.pdb:A  SCOP d1t1ja_
   70      0.7512       1.361       4.602     0.000    65    2    2           1    0     76      4     74      7    T0990TS145-D1.pdb:A  SCOP d2cvda2
   71      0.7418      0.2833        4.99     0.000    61    2    2           1    0     76      4     66      6    T0990TS145-D1.pdb:A  SCOP d1yoza1
   72      0.7377       1.497       5.248     0.000    58    1    0           1    0     76      4     60      4    T0990TS145-D1.pdb:A  SCOP d2i1qa1
   73      0.7315      0.4467       3.671     0.000    65    2    3           1    0     76      4     76      6    T0990TS145-D1.pdb:A  SCOP d1mu4a_
   74      0.7315       0.461       5.199     0.000    65    2    3           1    0     76      4     76      7    T0990TS145-D1.pdb:A  SCOP d1twoa1
   75      0.7315   0.0009126       4.801     0.000    65    2    3           1    0     76      4     76      8    T0990TS145-D1.pdb:A  SCOP d1mhqa_
   76      0.7315      0.3728       4.631     0.000    65    2    3           1    0     76      4     76      8    T0990TS145-D1.pdb:A  SCOP d1gm0a_
   77      0.7315       1.865       4.854     0.000    65    2    3           1    0     76      4     76      7    T0990TS145-D1.pdb:A  SCOP d1poda_
   78      0.7315       2.018       5.006     0.000    65    2    2           1    0     76      4     76      8    T0990TS145-D1.pdb:A  SCOP d1fxfa_
   79      0.7315         2.2       5.175     0.000    65    2    2           1    0     76      4     76      8    T0990TS145-D1.pdb:A  SCOP d1fx9a_
   80      0.7315      0.0701       4.202     0.000    65    2    4           1    0     76      4     76      6    T0990TS145-D1.pdb:A  SCOP d1lwba_
   81      0.7315     0.02187       3.901     0.000    65    2    3           1    0     76      4     76      8    T0990TS145-D1.pdb:A  SCOP d1xjsa_
   82      0.7315    0.004294       4.195     0.000    65    2    3           1    0     76      4     76      9    T0990TS145-D1.pdb:A  SCOP d1r29a_
   83      0.7315     0.02797       3.994     0.000    65    2    4           1    0     76      4     76      6    T0990TS145-D1.pdb:A  SCOP d1faza_
   84      0.7315       1.305       3.528     0.000    65    2    4           1    0     76      4     76      3    T0990TS145-D1.pdb:A  SCOP d1w0ba_
   85      0.7315      0.3924       3.578     0.000    65    2    3           1    0     76      4     76      7    T0990TS145-D1.pdb:A  SCOP d1eq3a_
   86      0.7315       1.493       3.743     0.000    65    2    4           1    0     76      4     76      3    T0990TS145-D1.pdb:A  SCOP d1w09a_
   87      0.7315   2.503e-05       4.388     0.000    65    2    4           1    0     76      4     76      9    T0990TS145-D1.pdb:A  SCOP d1qv1a_
   88      0.7315   2.503e-05       4.388     0.000    65    2    4           1    0     76      4     76      9    T0990TS145-D1.pdb:A  SCOP d1qv0a_
   89      0.7315      0.0701       4.202     0.000    65    2    4           1    0     76      4     76      6    T0990TS145-D1.pdb:A  SCOP d1kp4a_
   90      0.7315       2.101       4.602     0.000    65    2    3           1    0     76      4     76      4    T0990TS145-D1.pdb:A  SCOP d1b8xa2
   91      0.7315     0.02797       3.994     0.000    65    2    4           1    0     76      4     76      6    T0990TS145-D1.pdb:A  SCOP d1it5a_
   92      0.7315        2.47       5.067     0.000    65    2    3           1    0     76      4     76      7    T0990TS145-D1.pdb:A  SCOP d1axda2
   93      0.7315          -0       3.492     0.000    65    2    3           1    0     76      4     76      7    T0990TS145-D1.pdb:A  SCOP d1yswa1
   94      0.7315          -0       3.492     0.000    65    2    3           1    0     76      4     76      7    T0990TS145-D1.pdb:A  SCOP d2o21a1
   95      0.7315          -0       3.492     0.000    65    2    3           1    0     76      4     76      7    T0990TS145-D1.pdb:A  SCOP d2o22a1
   96      0.7315      0.6962        4.51     0.000    65    2    3           1    0     76      4     76      9    T0990TS145-D1.pdb:A  SCOP d1ucqa_
   97      0.7315     0.07477       4.146     0.000    65    1    3           1    0     76      4     76      4    T0990TS145-D1.pdb:A  SCOP d1kx5a_
   98      0.7315     0.07477       4.146     0.000    65    1    3           1    0     76      4     76      4    T0990TS145-D1.pdb:A  SCOP d1kx3a_
   99      0.7315     0.07477       4.146     0.000    65    1    3           1    0     76      4     76      4    T0990TS145-D1.pdb:A  SCOP d1kx4a_
  100      0.7315     0.07477       4.146     0.000    65    1    3           1    0     76      4     76      4    T0990TS145-D1.pdb:A  SCOP d1aoia_
  101      0.7315     0.07477       4.146     0.000    65    1    3           1    0     76      4     76      4    T0990TS145-D1.pdb:A  SCOP d1id3a_
  102      0.7253      0.4647       4.828     0.000    63    2    4           1    0     76      4     72     10    T0990TS145-D1.pdb:A  SCOP d1e7aa1
  103      0.7253      0.2947       4.649     0.000    63    2    4           1    0     76      4     72     10    T0990TS145-D1.pdb:A  SCOP d1e78a1
  104      0.7186       2.907       5.303     0.000    64    2    3           1    0     76      4     75      9    T0990TS145-D1.pdb:A  SCOP d1gnwa2
  105      0.7186       2.752       5.303     0.000    64    2    3           1    0     76      4     75      7    T0990TS145-D1.pdb:A  SCOP d1r5aa2
  106      0.7186       1.017       3.463     0.000    64    2    3           1    0     76      4     75      5    T0990TS145-D1.pdb:A  SCOP d1aqxa2
  107      0.7096       3.342       4.979     0.000    61    2    2           1    0     76      4     69      3    T0990TS145-D1.pdb:A  SCOP d1vcsa1
  108      0.7091      0.0701       4.202     0.000    64    2    4           1    0     76      4     76      6    T0990TS145-D1.pdb:A  SCOP d1it4a_
  109      0.7091      0.9362       4.388     0.000    64    2    3           1    0     76      4     76      3    T0990TS145-D1.pdb:A  SCOP d1bg5a2
  110      0.7091       1.458       4.952     0.000    64    3    4           1    0     76      4     76      7    T0990TS145-D1.pdb:A  SCOP d1fg9a_
  111      0.7091       1.103       4.602     0.000    64    2    4           1    0     76      4     76      6    T0990TS145-D1.pdb:A  SCOP d1gnea2
  112      0.7091       1.559       3.986     0.000    64    2    4           1    0     76      4     76      3    T0990TS145-D1.pdb:A  SCOP d2af8a_
  113      0.7091          -0  1.798e+308     0.000    64    1    4           1    0     76      4     76      4    T0990TS145-D1.pdb:A  SCOP d1q08a_
  114      0.7091      0.2807       5.331     0.000    64    2    4           1    0     76      4     76      6    T0990TS145-D1.pdb:A  SCOP d1p8ca_
  115      0.7091       2.449        4.81     0.000    64    2    2           1    0     76      4     76      3    T0990TS145-D1.pdb:A  SCOP d1kx7a_
  116      0.7091     0.06659        5.51     0.000    64    2    3           1    0     76      4     76      8    T0990TS145-D1.pdb:A  SCOP d1elka_
  117      0.7091    0.002375       2.938     0.000    64    2    6           1    0     76      4     76      7    T0990TS145-D1.pdb:A  SCOP d1y8ma1
  118      0.7091       1.651       4.166     0.000    64    2    3           1    0     76      4     76      5    T0990TS145-D1.pdb:A  SCOP d1vjqa_
  119      0.7091      0.5519       2.833     0.000    64    2    6           1    0     76      4     76      3    T0990TS145-D1.pdb:A  SCOP d1qa6a_
  120      0.7091        2.46       4.988     0.000    64    2    2           1    0     76      4     76      6    T0990TS145-D1.pdb:A  SCOP d1kx2a_
  121      0.7091       1.103       4.602     0.000    64    2    4           1    0     76      4     76      7    T0990TS145-D1.pdb:A  SCOP d2fhea2
  122      0.7025      0.4204       4.765     0.000    62    2    4           1    0     76      4     72     10    T0990TS145-D1.pdb:A  SCOP d1e7ba1
  123      0.6966       2.505       5.515     0.000    60    2    2           1    0     76      4     68      5    T0990TS145-D1.pdb:A  SCOP d1b0na2
  124      0.6896       1.306       3.709     0.000    61    2    4           1    0     76      4     71      6    T0990TS145-D1.pdb:A  SCOP d2a9ua1
  125      0.6896      0.4699       4.044     0.000    61    2    3           1    0     76      4     71      4    T0990TS145-D1.pdb:A  SCOP d1s7ea2
  126      0.6872       1.678       5.282     0.000    63    2    3           1    0     76      4     76      7    T0990TS145-D1.pdb:A  SCOP d1v2aa2
  127      0.6872        2.58       4.681     0.000    63    2    3           1    0     76      4     76      4    T0990TS145-D1.pdb:A  SCOP d1eo0a_
  128      0.6872      0.4008       4.281     0.000    63    2    3           1    0     76      4     76      9    T0990TS145-D1.pdb:A  SCOP d1tn5a_
  129      0.6872       1.513       4.181     0.000    63    2    3           1    0     76      4     76      7    T0990TS145-D1.pdb:A  SCOP d1fhea2
  130      0.6872      0.9954       4.438     0.000    63    2    4           1    0     76      4     76      5    T0990TS145-D1.pdb:A  SCOP d1xs8a_
  131      0.6872       2.635       4.874     0.000    63    3    4           1    0     76      4     76      5    T0990TS145-D1.pdb:A  SCOP d1cora_
  132      0.6872   1.252e-09       4.059     0.000    63    2    4           1    0     76      4     76     10    T0990TS145-D1.pdb:A  SCOP d1ctra_
  133      0.6872     0.05403       4.123     0.000    63    2    4           1    0     76      4     76      6    T0990TS145-D1.pdb:A  SCOP d1yyka1
  134      0.6872   0.0007006       3.879     0.000    63    2    4           1    0     76      4     76      6    T0990TS145-D1.pdb:A  SCOP d1yyoa1
  135      0.6872       1.487       4.783     0.000    63    3    4           1    0     76      4     76      5    T0990TS145-D1.pdb:A  SCOP d1cyia_
  136      0.6872      0.4824       4.378     0.000    63    3    4           1    0     76      4     76      6    T0990TS145-D1.pdb:A  SCOP d1ucpa_
  137      0.6872   4.591e-09       4.779     0.000    63    2    5           1    0     76      4     76     10    T0990TS145-D1.pdb:A  SCOP d1rfza_
  138      0.6872       1.575       4.872     0.000    63    2    4           1    0     76      4     76      5    T0990TS145-D1.pdb:A  SCOP d1kiba_
  139      0.6872      0.3121       3.478     0.000    63    2    4           1    0     76      4     76      5    T0990TS145-D1.pdb:A  SCOP d1oqca_
  140      0.6872          -0       2.237     0.000    63    1    5           1    0     76      4     76      5    T0990TS145-D1.pdb:A  SCOP d1wjoa_
  141      0.6872   1.446e-16       3.814     0.000    63    2    4           1    0     76      4     76      7    T0990TS145-D1.pdb:A  SCOP d1s69a_
  142      0.6872      0.3899       3.305     0.000    63    1    3           1    0     76      4     76      4    T0990TS145-D1.pdb:A  SCOP d1dc8a_
  143      0.6872      0.2219       3.043     0.000    63    2    4           1    0     76      4     76     10    T0990TS145-D1.pdb:A  SCOP d2bsqa1
  144      0.6872      0.2219       3.043     0.000    63    2    4           1    0     76      4     76     10    T0990TS145-D1.pdb:A  SCOP d2h1oa1
  145      0.6872     0.08232       3.157     0.000    63    2    4           1    0     76      4     76      7    T0990TS145-D1.pdb:A  SCOP d1dlya_
  146      0.6872      0.1122        3.75     0.000    63    2    4           1    0     76      4     76      9    T0990TS145-D1.pdb:A  SCOP d1syra_
  147      0.6872      0.5502       4.659     0.000    63    2    4           1    0     76      4     76      9    T0990TS145-D1.pdb:A  SCOP d1ti3a_
  148      0.6872     0.02966       3.966     0.000    63    2    4           1    0     76      4     76      9    T0990TS145-D1.pdb:A  SCOP d1zmaa1
  149      0.6872      0.2026       4.001     0.000    63    2    5           1    0     76      4     76      4    T0990TS145-D1.pdb:A  SCOP d1ga3a_
  150      0.6872          -0         3.1     0.000    63    2    5           1    0     76      4     76     10    T0990TS145-D1.pdb:A  SCOP d1jbaa_
  151      0.6872      0.5992       2.844     0.000    63    2    3           1    0     76      4     76      6    T0990TS145-D1.pdb:A  SCOP d1wtfa1
  152      0.6872      0.5992       2.844     0.000    63    2    3           1    0     76      4     76      6    T0990TS145-D1.pdb:A  SCOP d1ir0a_
  153      0.6872          -0       2.419     0.000    63    2    4           1    0     76      4     76     10    T0990TS145-D1.pdb:A  SCOP d1u55a_
  154      0.6872        2.16       4.595     0.000    63    1    3           1    0     76      4     76      4    T0990TS145-D1.pdb:A  SCOP d1bqxa_
  155      0.6872    0.002495       3.398     0.000    63    1    4           1    0     76      4     76      3    T0990TS145-D1.pdb:A  SCOP d1irza_
  156      0.6872       2.102       4.374     0.000    63    1    3           1    0     76      4     76      5    T0990TS145-D1.pdb:A  SCOP d1bwea_
  157      0.6872       2.218       5.255     0.000    63    2    4           1    0     76      4     76      5    T0990TS145-D1.pdb:A  SCOP d1sq8a_
  158      0.6872          -0       2.419     0.000    63    2    4           1    0     76      4     76     10    T0990TS145-D1.pdb:A  SCOP d1u4ha_
  159      0.6872     0.04185       4.238     0.000    63    2    4           1    0     76      4     76      7    T0990TS145-D1.pdb:A  SCOP d1uvya_
  160      0.6872      0.7927       3.147     0.000    63    2    3           1    0     76      4     76      6    T0990TS145-D1.pdb:A  SCOP d1ibaa_
  161      0.6872      0.1854       3.958     0.000    63    2    3           1    0     76      4     76      7    T0990TS145-D1.pdb:A  SCOP d1ny8a_
  162      0.6872       1.658       4.173     0.000    63    2    3           1    0     76      4     76      6    T0990TS145-D1.pdb:A  SCOP d1cpza_
  163      0.6865       1.568       5.461     0.000    60    2    1           1    0     76      4     69      4    T0990TS145-D1.pdb:A  SCOP d2gdwa1
  164        0.68       1.759       3.963     0.000    61    2    3           1    0     76      4     72      6    T0990TS145-D1.pdb:A  SCOP d2cj6a1
  165        0.68   9.857e-08       4.188     0.000    61    2    3           1    0     76      4     72      9    T0990TS145-D1.pdb:A  SCOP d1sl9a1
  166      0.6767      0.1206       5.199     0.000    60    2    2           1    0     76      4     70      8    T0990TS145-D1.pdb:A  SCOP d2fjya1
  167      0.6707       1.856       4.051     0.000    61    2    4           1    0     76      4     73      7    T0990TS145-D1.pdb:A  SCOP d2cj7a1
  168      0.6672      0.1555       3.528     0.000    60    2    2           1    0     76      4     71     10    T0990TS145-D1.pdb:A  SCOP d2b3ma1
  169      0.6655      0.6362       2.986     0.000    62    2    5           1    0     76      4     76      7    T0990TS145-D1.pdb:A  SCOP d1ulra_
  170      0.6655       1.815       4.087     0.000    62    2    3           1    0     76      4     76      8    T0990TS145-D1.pdb:A  SCOP d2i52a1
  171      0.6655       1.917       3.949     0.000    62    3    5           1    0     76      4     76      3    T0990TS145-D1.pdb:A  SCOP d1ugoa_
  172      0.6655      0.3305         3.8     0.000    62    2    3           1    0     76      4     76      9    T0990TS145-D1.pdb:A  SCOP d1wnaa1
  173      0.6655       2.675       5.893     0.000    62    2    2           1    0     76      4     76      6    T0990TS145-D1.pdb:A  SCOP d1bwoa_
  174      0.6655       0.375       4.645     0.000    62    2    3           1    0     76      4     76      5    T0990TS145-D1.pdb:A  SCOP d1gdva_
  175      0.6655      0.5577       4.673     0.000    62    2    5           1    0     76      4     76      6    T0990TS145-D1.pdb:A  SCOP d1fi6a_
  176      0.6655       0.105       3.599     0.000    62    2    2           1    0     76      4     76      5    T0990TS145-D1.pdb:A  SCOP d1hdja_
  177      0.6655       1.249       3.736     0.000    62    2    3           1    0     76      4     76      6    T0990TS145-D1.pdb:A  SCOP d1fvsa_
  178      0.6655    0.004289           3     0.000    62    2    3           1    0     76      4     76      6    T0990TS145-D1.pdb:A  SCOP d1qn2a_
  179      0.6655      0.1147       3.765     0.000    62    2    5           1    0     76      4     76      5    T0990TS145-D1.pdb:A  SCOP d1yica_
  180      0.6655     0.01715       3.673     0.000    62    2    4           1    0     76      4     76      6    T0990TS145-D1.pdb:A  SCOP d1ru0a_
  181      0.6655     0.01236       3.669     0.000    62    1    5           1    0     76      4     76      3    T0990TS145-D1.pdb:A  SCOP d1wgxa_
  182      0.6655     0.09076       2.858     0.000    62    2    6           1    0     76      4     76      3    T0990TS145-D1.pdb:A  SCOP d1ckta_
  183      0.6655      0.3218       3.442     0.000    62    2    4           1    0     76      4     76      3    T0990TS145-D1.pdb:A  SCOP d1aaba_
  184      0.6655       1.298       4.252     0.000    62    1    4           1    0     76      4     76      4    T0990TS145-D1.pdb:A  SCOP d1st6a1
  185      0.6655      0.4248       3.908     0.000    62    2    4           1    0     76      4     76      8    T0990TS145-D1.pdb:A  SCOP d1grxa_
  186      0.6655     0.01715       3.673     0.000    62    2    4           1    0     76      4     76      5    T0990TS145-D1.pdb:A  SCOP d1dcha_
  187      0.6655     0.01715       3.673     0.000    62    2    4           1    0     76      4     76      6    T0990TS145-D1.pdb:A  SCOP d1dcpa_
  188      0.6655       0.688       4.269     0.000    62    3    5           1    0     76      4     76      6    T0990TS145-D1.pdb:A  SCOP d2ygsa_
  189      0.6655     0.01715       3.673     0.000    62    2    4           1    0     76      4     76      6    T0990TS145-D1.pdb:A  SCOP d1f93a_
  190      0.6655   1.929e-16       3.291     0.000    62    2    5           1    0     76      4     76      8    T0990TS145-D1.pdb:A  SCOP d1ux8a_
  191      0.6655     0.01943       3.669     0.000    62    2    3           1    0     76      4     76      5    T0990TS145-D1.pdb:A  SCOP d1buya_
  192      0.6655       2.478       5.721     0.000    62    2    2           1    0     76      4     76      6    T0990TS145-D1.pdb:A  SCOP d1fk4a_
  193      0.6655      0.2412       4.737     0.000    62    2    4           1    0     76      4     76      8    T0990TS145-D1.pdb:A  SCOP d1nr3a_
  194      0.6655       2.478       5.721     0.000    62    2    2           1    0     76      4     76      6    T0990TS145-D1.pdb:A  SCOP d1fk3a_
  195      0.6655      0.1674       3.099     0.000    62    2    3           1    0     76      4     76      4    T0990TS145-D1.pdb:A  SCOP d1qzpa_
  196      0.6655       2.478       5.721     0.000    62    2    2           1    0     76      4     76      6    T0990TS145-D1.pdb:A  SCOP d1fk2a_
  197      0.6655       2.478       5.721     0.000    62    2    2           1    0     76      4     76      6    T0990TS145-D1.pdb:A  SCOP d1fk0a_
  198      0.6655      0.3645        4.55     0.000    62    2    4           1    0     76      4     76      8    T0990TS145-D1.pdb:A  SCOP d1lspa_
  199      0.6655       2.478       5.721     0.000    62    2    2           1    0     76      4     76      6    T0990TS145-D1.pdb:A  SCOP d1mzla_
  200      0.6655       1.299       4.792     0.000    62    2    3           1    0     76      4     76      7    T0990TS145-D1.pdb:A  SCOP d1kr7a_
  201      0.6655       2.478       5.721     0.000    62    2    2           1    0     76      4     76      6    T0990TS145-D1.pdb:A  SCOP d1fk1a_
  202      0.6655       2.478       5.721     0.000    62    2    2           1    0     76      4     76      6    T0990TS145-D1.pdb:A  SCOP d1fk7a_
  203      0.6655       1.299       4.792     0.000    62    2    3           1    0     76      4     76      7    T0990TS145-D1.pdb:A  SCOP d1v07a_
  204      0.6655      0.7004       3.034     0.000    62    2    5           1    0     76      4     76      3    T0990TS145-D1.pdb:A  SCOP d1af8a_
  205      0.6655       2.478       5.721     0.000    62    2    2           1    0     76      4     76      5    T0990TS145-D1.pdb:A  SCOP d1fk6a_
  206      0.6655      0.8145       3.141     0.000    62    2    4           1    0     76      4     76      4    T0990TS145-D1.pdb:A  SCOP d1vjwa_
  207      0.6655       2.478       5.721     0.000    62    2    2           1    0     76      4     76      6    T0990TS145-D1.pdb:A  SCOP d1mzma_
  208      0.6655    0.001883       3.426     0.000    62    1    3           1    0     76      4     76      5    T0990TS145-D1.pdb:A  SCOP d1usta_
  209      0.6655       2.478       5.721     0.000    62    2    2           1    0     76      4     76      6    T0990TS145-D1.pdb:A  SCOP d1fk5a_
  210      0.6655      0.7592       3.128     0.000    62    2    5           1    0     76      4     76      4    T0990TS145-D1.pdb:A  SCOP d1vkua_
  211      0.6638       2.032       4.538     0.000    59    2    2           1    0     76      4     69      3    T0990TS145-D1.pdb:A  SCOP d2gdya1
  212      0.6638    0.007102       3.064     0.000    59    2    3           1    0     76      4     69      9    T0990TS145-D1.pdb:A  SCOP d2csoa1
  213      0.6622       2.121       5.389     0.970    65    2    4           1    0     76      4     76      5    T0990TS145-D1.pdb:A  SCOP d1afha_
  214      0.6528     0.03796       4.066     0.000    61    2    5           1    0     76      4     75      5    T0990TS145-D1.pdb:A  SCOP d2aq0a1
  215      0.6489       1.162       4.315     0.000    60    2    5           1    0     76      4     73      5    T0990TS145-D1.pdb:A  SCOP d1zs4a1
  216      0.6442      0.1528       3.714     0.000    61    2    3           1    0     76      4     76      8    T0990TS145-D1.pdb:A  SCOP d1l8sa_
  217      0.6442    0.004289           3     0.000    61    2    3           1    0     76      4     76      5    T0990TS145-D1.pdb:A  SCOP d1i6da_
  218      0.6442    0.004289           3     0.000    61    2    3           1    0     76      4     76      5    T0990TS145-D1.pdb:A  SCOP d1i6ea_
  219      0.6442      0.2527        3.98     0.000    61    2    3           1    0     76      4     76      8    T0990TS145-D1.pdb:A  SCOP d2phia_
  220      0.6442       0.166       3.765     0.000    61    2    3           1    0     76      4     76      7    T0990TS145-D1.pdb:A  SCOP d5p2pa_
  221      0.6442      0.2578        3.98     0.000    61    2    3           1    0     76      4     76      9    T0990TS145-D1.pdb:A  SCOP d4p2pa_
  222      0.6442      0.8381       4.231     0.000    61    2    4           1    0     76      4     76      5    T0990TS145-D1.pdb:A  SCOP d1t07a_
  223      0.6442          -0       2.027     0.000    61    2    4           1    0     76      4     76     10    T0990TS145-D1.pdb:A  SCOP d1hkqa_
  224      0.6442   0.0002589       2.648     0.000    61    2    5           1    0     76      4     76      4    T0990TS145-D1.pdb:A  SCOP d1j7qa_
  225      0.6442      0.3966       2.603     0.000    61    2    6           1    0     76      4     76      5    T0990TS145-D1.pdb:A  SCOP d1hc8a_
  226      0.6442     0.01555       3.743     0.000    61    2    3           1    0     76      4     76      9    T0990TS145-D1.pdb:A  SCOP d2baxa1
  227      0.6442       0.146       3.958     0.000    61    2    3           1    0     76      4     76      9    T0990TS145-D1.pdb:A  SCOP d1g4ia_
  228      0.6442      0.1278       5.441     0.000    61    2    3           1    0     76      4     76      8    T0990TS145-D1.pdb:A  SCOP d1edua_
  229      0.6442      0.4877       4.281     0.000    61    2    4           1    0     76      4     76      8    T0990TS145-D1.pdb:A  SCOP d1p3va_
  230      0.6442       1.395       6.194     0.000    61    1    3           1    0     76      4     76      5    T0990TS145-D1.pdb:A  SCOP d1dula_
  231      0.6442      0.9569       4.224     0.000    61    3    4           1    0     76      4     76      5    T0990TS145-D1.pdb:A  SCOP d1c6oa_
  232      0.6442      0.6604       4.281     0.000    61    2    4           1    0     76      4     76      8    T0990TS145-D1.pdb:A  SCOP d1p3ta_
  233      0.6442      0.4119       4.281     0.000    61    2    4           1    0     76      4     76      8    T0990TS145-D1.pdb:A  SCOP d1p3ua_
  234      0.6442      0.4119       4.281     0.000    61    2    4           1    0     76      4     76      8    T0990TS145-D1.pdb:A  SCOP d1j77a_
  235      0.6442   2.411e-05       2.152     0.000    61    2    3           1    0     76      4     76      8    T0990TS145-D1.pdb:A  SCOP d1lj0a_
  236      0.6442       1.885       4.465     0.000    61    4    2           1    0     76      4     76      6    T0990TS145-D1.pdb:A  SCOP d1q2za_
  237      0.6442    0.000915       2.597     0.000    61    2    3           1    0     76      4     76      7    T0990TS145-D1.pdb:A  SCOP d1f04a_
  238      0.6442          -0       1.758     0.000    61    2    4           1    0     76      4     76      6    T0990TS145-D1.pdb:A  SCOP d1s6da_
  239      0.6442      0.3786       3.549     0.000    61    2    4           1    0     76      4     76      7    T0990TS145-D1.pdb:A  SCOP d1gsua2
  240      0.6442      0.9424       4.206     0.000    61    3    4           1    0     76      4     76      5    T0990TS145-D1.pdb:A  SCOP d1ccha_
  241      0.6442       1.742       5.344     0.000    61    1    3           1    0     76      4     76      3    T0990TS145-D1.pdb:A  SCOP d1ftta_
  242      0.6442       3.146       8.237     0.000    61    1    3           1    0     76      4     76      3    T0990TS145-D1.pdb:A  SCOP d1bw5a_
  243      0.6442      0.3786       3.549     0.000    61    2    4           1    0     76      4     76      7    T0990TS145-D1.pdb:A  SCOP d1xw5a2
  244      0.6442      0.3786       3.549     0.000    61    2    4           1    0     76      4     76      7    T0990TS145-D1.pdb:A  SCOP d1ykca2
  245      0.6442       1.168       3.643     0.000    61    2    4           1    0     76      4     76      6    T0990TS145-D1.pdb:A  SCOP d1fvqa_
  246      0.6442       0.257       4.016     0.000    61    2    4           1    0     76      4     76      5    T0990TS145-D1.pdb:A  SCOP d1bqza_
  247      0.6442    2.22e-11       3.073     0.000    61    1    4           1    0     76      4     76      5    T0990TS145-D1.pdb:A  SCOP d1hroa_
  248      0.6442      0.4239       2.801     0.000    61    2    4           1    0     76      4     76      3    T0990TS145-D1.pdb:A  SCOP d1bq0a_
  249      0.6442      0.4617       2.721     0.000    61    2    3           1    0     76      4     76      6    T0990TS145-D1.pdb:A  SCOP d1cc8a_
  250      0.6442       1.602       4.595     0.000    61    3    2           1    0     76      4     76      7    T0990TS145-D1.pdb:A  SCOP d1rfba_
  251      0.6442      0.3436       4.302     0.000    61    2    6           1    0     76      4     76      7    T0990TS145-D1.pdb:A  SCOP d1utxa_
  252      0.6442      0.9569       4.224     0.000    61    3    4           1    0     76      4     76      5    T0990TS145-D1.pdb:A  SCOP d1ceda_
  253      0.6442      0.4639       3.995     0.000    61    2    5           1    0     76      4     76      7    T0990TS145-D1.pdb:A  SCOP d1nxha_
  254      0.6442   1.806e-09       3.341     0.000    61    2    4           1    0     76      4     76     10    T0990TS145-D1.pdb:A  SCOP d1l8wa_
  255      0.6442      0.2166       2.612     0.000    61    2    6           1    0     76      4     76      9    T0990TS145-D1.pdb:A  SCOP d1sf9a_
  256      0.6442          -0       1.949     0.000    61    2    5           1    0     76      4     76     10    T0990TS145-D1.pdb:A  SCOP d1jhda1
  257      0.6442    0.001708       2.152     0.000    61    2    3           1    0     76      4     76      8    T0990TS145-D1.pdb:A  SCOP d1icca_
  258      0.6442   5.095e-06       2.152     0.000    61    2    3           1    0     76      4     76      7    T0990TS145-D1.pdb:A  SCOP d1m2ma_
  259      0.6442   1.536e-05       2.237     0.000    61    2    3           1    0     76      4     76      8    T0990TS145-D1.pdb:A  SCOP d1cyoa_
  260      0.6442   6.232e-05       2.237     0.000    61    2    3           1    0     76      4     76      7    T0990TS145-D1.pdb:A  SCOP d1awpa_
  261      0.6442     0.01532       2.678     0.000    61    2    3           1    0     76      4     76      8    T0990TS145-D1.pdb:A  SCOP d1axxa_
  262      0.6442      0.1332       4.404     0.000    61    1    4           1    0     76      4     76      5    T0990TS145-D1.pdb:A  SCOP d1xpva_
  263      0.6442     0.02909       2.523     0.000    61    1    4           1    0     76      4     76      5    T0990TS145-D1.pdb:A  SCOP d1ghta_
  264      0.6442    0.001623       2.597     0.000    61    2    3           1    0     76      4     76      8    T0990TS145-D1.pdb:A  SCOP d1do9a_
  265      0.6401   5.244e-06       2.328     0.000    60    2    6           1    0     76      4     74      7    T0990TS145-D1.pdb:A  SCOP d1exia1
  266      0.6361      0.5869       3.858     0.000    59    2    3           1    0     76      4     72      7    T0990TS145-D1.pdb:A  SCOP d1mowa2
  267      0.6323       2.081       5.724     0.000    58    2    3           1    0     76      4     70      7    T0990TS145-D1.pdb:A  SCOP d1yoya1
  268      0.6323      0.6976       3.071     0.000    58    2    2           1    0     76      4     70      6    T0990TS145-D1.pdb:A  SCOP d2f06a2
  269      0.6316          -0       3.036     0.000    60    2    6           1    0     76      4     75      9    T0990TS145-D1.pdb:A  SCOP d2ijca1
  270      0.6287      0.6071       4.105     0.000    57    2    5           1    0     76      4     68      6    T0990TS145-D1.pdb:A  SCOP d1x2la1
  271      0.6274      0.3393       3.478     0.000    59    2    2           1    0     76      4     73      7    T0990TS145-D1.pdb:A  SCOP d1gwca2
  272      0.6248        0.29       4.087     0.948    63    2    2      0.9365    0     76      4     76      7    T0990TS145-D1.pdb:A  SCOP d1q59a_
  273      0.6233       1.184       3.496     0.000    60    1    3           1    0     76      4     76      5    T0990TS145-D1.pdb:A  SCOP d1knaa_
  274      0.6233   0.0001497       2.597     0.000    60    2    3           1    0     76      4     76      7    T0990TS145-D1.pdb:A  SCOP d1f03a_
  275      0.6233          -0       3.239     0.000    60    2    4           1    0     76      4     76     10    T0990TS145-D1.pdb:A  SCOP d1xmpa_
  276      0.6233     0.03955       2.894     0.000    60    2    4           1    0     76      4     76      7    T0990TS145-D1.pdb:A  SCOP d2gmfa_
  277      0.6233       1.184       3.496     0.000    60    1    3           1    0     76      4     76      5    T0990TS145-D1.pdb:A  SCOP d1q3la_
  278      0.6233   1.352e-07       1.964     0.000    60    2    3           1    0     76      4     76      8    T0990TS145-D1.pdb:A  SCOP d1blva_
  279      0.6233     0.04563       3.109     0.000    60    3    5           1    0     76      4     76      7    T0990TS145-D1.pdb:A  SCOP d1n3ka_
  280      0.6233      0.3827       5.454     0.000    60    2    4           1    0     76      4     76      7    T0990TS145-D1.pdb:A  SCOP d1vlka_
  281      0.6233      0.6784       3.941     0.000    60    1    3           1    0     76      4     76      2    T0990TS145-D1.pdb:A  SCOP d1pd3a_
  282      0.6233   5.223e-05       3.298     0.000    60    2    4           1    0     76      4     76      6    T0990TS145-D1.pdb:A  SCOP d2gtea1
  283      0.6233     0.01139       3.808     0.000    60    2    3           1    0     76      4     76      6    T0990TS145-D1.pdb:A  SCOP d1i8oa_
  284      0.6233     0.01139       3.808     0.000    60    2    3           1    0     76      4     76      6    T0990TS145-D1.pdb:A  SCOP d1hh7a_
  285      0.6233          -0  1.798e+308     0.000    60    1    5           1    0     76      4     76      5    T0990TS145-D1.pdb:A  SCOP d1v5ka_
  286      0.6233    9.91e-05       3.134     0.000    60    2    5           1    0     76      4     76      6    T0990TS145-D1.pdb:A  SCOP d1qjta_
  287      0.6233      0.5186       2.426     0.000    60    1    4           1    0     76      4     76      4    T0990TS145-D1.pdb:A  SCOP d1vlta_
  288      0.6233       1.144       3.786     0.000    60    2    3           1    0     76      4     76      7    T0990TS145-D1.pdb:A  SCOP d1xwka2
  289      0.6233      0.3786       3.549     0.000    60    2    3           1    0     76      4     76      7    T0990TS145-D1.pdb:A  SCOP d2gtua2
  290      0.6233      0.3786       3.549     0.000    60    2    3           1    0     76      4     76      7    T0990TS145-D1.pdb:A  SCOP d2ab6a2
  291      0.6233      0.2998       4.216     0.000    60    2    5           1    0     76      4     76     10    T0990TS145-D1.pdb:A  SCOP d1p0za_
  292      0.6233      0.6932       4.052     0.000    60    2    3           1    0     76      4     76      9    T0990TS145-D1.pdb:A  SCOP d1tida_
  293      0.6233      0.2013       3.184     0.000    60    2    3           1    0     76      4     76      9    T0990TS145-D1.pdb:A  SCOP d1thna_
  294      0.6233       1.311       4.604     0.000    60    2    4           1    0     76      4     76      5    T0990TS145-D1.pdb:A  SCOP d1fi3a_
  295      0.6233      0.8379       4.176     0.000    60    1    3           1    0     76      4     76      4    T0990TS145-D1.pdb:A  SCOP d1bc6a_
  296      0.6233   1.779e-06         3.7     0.000    60    2    4           1    0     76      4     76      8    T0990TS145-D1.pdb:A  SCOP d1ih5a_
  297      0.6233    0.005041       2.175     0.000    60    2    4           1    0     76      4     76      8    T0990TS145-D1.pdb:A  SCOP d1t1va_
  298      0.6233     0.09317        3.71     0.000    60    1    4           1    0     76      4     76      3    T0990TS145-D1.pdb:A  SCOP d1rrza_
  299      0.6233     0.01182       2.328     0.000    60    2    4           1    0     76      4     76      7    T0990TS145-D1.pdb:A  SCOP d1irfa_
  300      0.6233      0.0822       3.106     0.000    60    2    3           1    0     76      4     76      7    T0990TS145-D1.pdb:A  SCOP d1sxka_
  301      0.6233      0.0822       3.106     0.000    60    2    3           1    0     76      4     76      8    T0990TS145-D1.pdb:A  SCOP d1sqza_
  302      0.6233       1.022       3.986     0.000    60    3    5           1    0     76      4     76      4    T0990TS145-D1.pdb:A  SCOP d1qzxa1
  303      0.6233      0.0822       3.106     0.000    60    2    3           1    0     76      4     76      7    T0990TS145-D1.pdb:A  SCOP d1tg1a_
  304      0.6233      0.0822       3.106     0.000    60    2    3           1    0     76      4     76      9    T0990TS145-D1.pdb:A  SCOP d1zwpa1
  305      0.6233       1.429       4.997     0.000    60    2    2           1    0     76      4     76      8    T0990TS145-D1.pdb:A  SCOP d1gp7a_
  306      0.6233      0.0822       3.106     0.000    60    2    3           1    0     76      4     76      7    T0990TS145-D1.pdb:A  SCOP d2arma1
  307      0.6233      0.0529       3.341     0.000    60    2    3           1    0     76      4     76      8    T0990TS145-D1.pdb:A  SCOP d1jiaa_
  308      0.6233      0.0822       3.106     0.000    60    2    3           1    0     76      4     76      7    T0990TS145-D1.pdb:A  SCOP d1tdva_
  309      0.6233      0.0822       3.106     0.000    60    2    3           1    0     76      4     76      7    T0990TS145-D1.pdb:A  SCOP d2otfa1
  310      0.6233      0.0822       3.106     0.000    60    2    3           1    0     76      4     76      7    T0990TS145-D1.pdb:A  SCOP d1zyxa1
  311      0.6233      0.0822       3.106     0.000    60    2    3           1    0     76      4     76      7    T0990TS145-D1.pdb:A  SCOP d2pb8a1
  312      0.6233      0.0822       3.106     0.000    60    2    3           1    0     76      4     76      7    T0990TS145-D1.pdb:A  SCOP d1zr8a1
  313      0.6233      0.0822       3.106     0.000    60    2    3           1    0     76      4     76      7    T0990TS145-D1.pdb:A  SCOP d2dpza1
  314      0.6233      0.0822       3.106     0.000    60    2    3           1    0     76      4     76      8    T0990TS145-D1.pdb:A  SCOP d2fnxa1
  315      0.6233      0.0822       3.106     0.000    60    2    3           1    0     76      4     76      8    T0990TS145-D1.pdb:A  SCOP d1tk4a_
  316      0.6233       1.944       3.681     0.000    60    2    3           1    0     76      4     76      4    T0990TS145-D1.pdb:A  SCOP d1tqga_
  317      0.6233      0.0529       3.341     0.000    60    2    3           1    0     76      4     76      8    T0990TS145-D1.pdb:A  SCOP d1s8ga_
  318      0.6233       2.189       4.457     0.000    60    1    3           1    0     76      4     76      2    T0990TS145-D1.pdb:A  SCOP d1dska_
  319      0.6233     0.02944       3.341     0.000    60    2    4           1    0     76      4     76      4    T0990TS145-D1.pdb:A  SCOP d1c07a_
  320      0.6233      0.2001       3.844     0.000    60    2    4           1    0     76      4     76      8    T0990TS145-D1.pdb:A  SCOP d1db5a_
  321      0.6233      0.0529       3.341     0.000    60    2    3           1    0     76      4     76      6    T0990TS145-D1.pdb:A  SCOP d1s8ha_
  322      0.6233      0.2001       3.844     0.000    60    2    4           1    0     76      4     76      7    T0990TS145-D1.pdb:A  SCOP d1dcya_
  323      0.6233      0.2154        5.93     0.000    60    2    3           1    0     76      4     76      8    T0990TS145-D1.pdb:A  SCOP d1jwfa_
  324      0.6233      0.2001       3.844     0.000    60    2    4           1    0     76      4     76      8    T0990TS145-D1.pdb:A  SCOP d1db4a_
  325      0.6233      0.0529       3.341     0.000    60    2    3           1    0     76      4     76      8    T0990TS145-D1.pdb:A  SCOP d1s8ia_
  326       0.619    1.79e-08       1.996     0.000    59    2    6           1    0     76      4     74      7    T0990TS145-D1.pdb:A  SCOP d1exja1
  327      0.6107      0.2594       4.138     0.000    57    2    5           1    0     76      4     70      4    T0990TS145-D1.pdb:A  SCOP d1hf0a2
  328      0.6107          -0       2.809     0.000    59    2    5           1    0     76      4     75      9    T0990TS145-D1.pdb:A  SCOP d1yywa1
  329      0.6107       3.167       5.317     0.000    59    2    3           1    0     76      4     75      3    T0990TS145-D1.pdb:A  SCOP d1sc5a3
  330      0.6063      0.9526       3.977     0.000    58    2    3           1    0     76      4     73      7    T0990TS145-D1.pdb:A  SCOP d2cj8a1
  331      0.6031    0.005232       3.022     0.000    55    2    3           1    0     76      4     66      7    T0990TS145-D1.pdb:A  SCOP d2gzua1
  332      0.6027          -0       2.901     0.000    59    2    5           1    0     76      4     76     10    T0990TS145-D1.pdb:A  SCOP d1cfca_
  333      0.6027          -0       2.642     0.000    59    2    5           1    0     76      4     76      8    T0990TS145-D1.pdb:A  SCOP d1dgva_
  334      0.6027       1.664       3.248     0.000    59    1    4           1    0     76      4     76      5    T0990TS145-D1.pdb:A  SCOP d3lyna_
  335      0.6027      0.2839       4.195     0.000    59    2    5           1    0     76      4     76      5    T0990TS145-D1.pdb:A  SCOP d2r63a_
  336      0.6027   1.918e-07       2.916     0.000    59    1    5           1    0     76      4     76      5    T0990TS145-D1.pdb:A  SCOP d1irla_
  337      0.6027   2.022e-11       3.287     0.000    59    2    5           1    0     76      4     76      5    T0990TS145-D1.pdb:A  SCOP d1m4aa_
  338      0.6027       1.351       4.351     0.000    59    2    4           1    0     76      4     76      7    T0990TS145-D1.pdb:A  SCOP d1c03a_
  339      0.6027      0.5404       3.786     0.000    59    1    4           1    0     76      4     76      5    T0990TS145-D1.pdb:A  SCOP d2etsa1
  340      0.6027      0.1147       3.765     0.000    59    2    4           1    0     76      4     76      5    T0990TS145-D1.pdb:A  SCOP d1chja_
  341      0.6027      0.1147       3.765     0.000    59    2    4           1    0     76      4     76      5    T0990TS145-D1.pdb:A  SCOP d1irwa_
  342      0.6027      0.1147       3.765     0.000    59    2    4           1    0     76      4     76      5    T0990TS145-D1.pdb:A  SCOP d1j3sa_
  343      0.6027       1.007       4.278     0.000    59    3    4           1    0     76      4     76      5    T0990TS145-D1.pdb:A  SCOP d1dvva_
  344      0.6027      0.9229       4.195     0.000    59    2    2           1    0     76      4     76      3    T0990TS145-D1.pdb:A  SCOP d1mhi.1
  345      0.6027      0.9303       3.177     0.000    59    1    3           1    0     76      4     76      5    T0990TS145-D1.pdb:A  SCOP d1jbia_
  346      0.6027      0.9262       3.439     0.000    59    1    4           1    0     76      4     76      5    T0990TS145-D1.pdb:A  SCOP d1etpa1
  347      0.6027   5.281e-08       2.374     0.000    59    2    3           1    0     76      4     76      8    T0990TS145-D1.pdb:A  SCOP d1sh4a_
  348      0.6027   0.0001012        2.56     0.000    59    2    5           1    0     76      4     76      9    T0990TS145-D1.pdb:A  SCOP d1af5a_
  349      0.6027   9.043e-13       2.343     0.000    59    2    6           1    0     76      4     76      9    T0990TS145-D1.pdb:A  SCOP d1bp7a_
  350      0.6027   9.043e-13       2.343     0.000    59    2    6           1    0     76      4     76     10    T0990TS145-D1.pdb:A  SCOP d1u0da_
  351      0.6027       1.333       3.669     0.000    59    1    3           1    0     76      4     76      3    T0990TS145-D1.pdb:A  SCOP d1gyfa_
  352      0.6027      0.2218       2.252     0.000    59    2    4           1    0     76      4     76      6    T0990TS145-D1.pdb:A  SCOP d1cc7a_
  353      0.6027      0.4399       2.685     0.000    59    2    4           1    0     76      4     76      6    T0990TS145-D1.pdb:A  SCOP d1kqka_
  354      0.6027      0.2474       5.713     0.000    59    2    3           1    0     76      4     76      9    T0990TS145-D1.pdb:A  SCOP d1kq6a_
  355      0.6027     0.04852       2.863     0.000    59    1    4           1    0     76      4     76      5    T0990TS145-D1.pdb:A  SCOP d2ofja2
  356      0.6027     0.04852       2.863     0.000    59    1    4           1    0     76      4     76      5    T0990TS145-D1.pdb:A  SCOP d1fhua2
  357      0.6027          -0       1.972     0.000    59    2    5           1    0     76      4     76     10    T0990TS145-D1.pdb:A  SCOP d1r28a_
  358      0.6027   5.098e-10       2.516     0.000    59    2    5           1    0     76      4     76      9    T0990TS145-D1.pdb:A  SCOP d1ew6a_
  359      0.6027   5.098e-10       2.516     0.000    59    2    5           1    0     76      4     76      9    T0990TS145-D1.pdb:A  SCOP d1ewaa_
  360      0.6027       3.052        5.42     0.000    59    2    2           1    0     76      4     76      2    T0990TS145-D1.pdb:A  SCOP d1l4ta_
  361      0.6027      0.3816       3.476     0.000    59    3    4           1    0     76      4     76      5    T0990TS145-D1.pdb:A  SCOP d1a2sa_
  362      0.6027       1.921       4.195     0.000    59    2    2           1    0     76      4     76      3    T0990TS145-D1.pdb:A  SCOP d1zwfa_
  363      0.6027     0.01047       3.134     0.000    59    2    4           1    0     76      4     76      6    T0990TS145-D1.pdb:A  SCOP d1sdza_
  364      0.6027       2.085       5.131     0.000    59    3    5           1    0     76      4     76      4    T0990TS145-D1.pdb:A  SCOP d1ynra1
  365      0.6027     0.08099       1.814     0.000    59    1    3           1    0     76      4     76      4    T0990TS145-D1.pdb:A  SCOP d1wgma_
  366      0.6027       1.126       3.426     0.000    59    1    3           1    0     76      4     76      1    T0990TS145-D1.pdb:A  SCOP d1weoa_
  367      0.6027      0.6628       3.899     0.000    59    1    3           1    0     76      4     76      2    T0990TS145-D1.pdb:A  SCOP d1yuia_
  368      0.6027        1.54       3.899     0.000    59    1    3           1    0     76      4     76      1    T0990TS145-D1.pdb:A  SCOP d1yuja_
  369      0.6027      0.8681       3.094     0.000    59    1    4           1    0     76      4     76      5    T0990TS145-D1.pdb:A  SCOP d1reua_
  370      0.6027      0.7357       2.907     0.000    59    1    3           1    0     76      4     76      2    T0990TS145-D1.pdb:A  SCOP d1ld6a_
  371      0.6027      0.7357       2.907     0.000    59    1    3           1    0     76      4     76      4    T0990TS145-D1.pdb:A  SCOP d1kuna_
  372      0.6027      0.7357       2.907     0.000    59    1    3           1    0     76      4     76      4    T0990TS145-D1.pdb:A  SCOP d1b0ca_
  373      0.6027      0.1147       3.765     0.000    59    2    4           1    0     76      4     76      5    T0990TS145-D1.pdb:A  SCOP d1ciha_
  374      0.6027      0.1147       3.765     0.000    59    2    4           1    0     76      4     76      5    T0990TS145-D1.pdb:A  SCOP d1raqa_
  375      0.6027          -0       2.809     0.000    59    2    5           1    0     76      4     76      6    T0990TS145-D1.pdb:A  SCOP d1yz9a1
  376      0.6027          -0      0.7811     0.000    59    1    4           1    0     76      4     76      5    T0990TS145-D1.pdb:A  SCOP d1s0pa_
  377      0.6027     0.03377       3.802     0.000    59    3    4           1    0     76      4     76      8    T0990TS145-D1.pdb:A  SCOP d1me5a_
  378      0.6027      0.2304       3.528     0.000    59    2    3           1    0     76      4     76      7    T0990TS145-D1.pdb:A  SCOP d1s6ba_
  379      0.6027      0.3346       4.152     0.000    59    2    3           1    0     76      4     76      7    T0990TS145-D1.pdb:A  SCOP d1clpa_
  380      0.6027      0.2578        3.98     0.000    59    2    3           1    0     76      4     76      9    T0990TS145-D1.pdb:A  SCOP d1hn4a_
  381      0.6027   1.688e-15        2.48     0.000    59    1    4           1    0     76      4     76      4    T0990TS145-D1.pdb:A  SCOP d1mdva_
  382      0.6027      0.1459       3.312     0.000    59    2    3           1    0     76      4     76      8    T0990TS145-D1.pdb:A  SCOP d1egoa_
  383      0.6027      0.3786       3.549     0.000    59    2    3           1    0     76      4     76      7    T0990TS145-D1.pdb:A  SCOP d1xw6a2
  384      0.6027      0.3786       3.549     0.000    59    2    3           1    0     76      4     76      7    T0990TS145-D1.pdb:A  SCOP d3gtua2
  385      0.6027          -0       3.073     0.000    59    2    5           1    0     76      4     76      6    T0990TS145-D1.pdb:A  SCOP d1rc7a1
  386      0.6027      0.3786       3.549     0.000    59    2    3           1    0     76      4     76      7    T0990TS145-D1.pdb:A  SCOP d2f3ma2
  387      0.6027      0.5173       3.786     0.000    59    2    3           1    0     76      4     76      7    T0990TS145-D1.pdb:A  SCOP d1hnca2
  388      0.6027    0.001419       3.499     0.000    59    2    5           1    0     76      4     76      5    T0990TS145-D1.pdb:A  SCOP d1uhua_
  389      0.6027      0.5173       3.786     0.000    59    2    3           1    0     76      4     76      7    T0990TS145-D1.pdb:A  SCOP d1hnba2
  390      0.6027      0.1559       3.364     0.000    59    2    5           1    0     76      4     76      5    T0990TS145-D1.pdb:A  SCOP d2odga1
  391      0.6027      0.3786       3.549     0.000    59    2    3           1    0     76      4     76      7    T0990TS145-D1.pdb:A  SCOP d1b4pa2
  392      0.6027      0.7054       2.863     0.000    59    1    4           1    0     76      4     76      4    T0990TS145-D1.pdb:A  SCOP d1ilpa_
  393      0.6027      0.1559       3.364     0.000    59    2    5           1    0     76      4     76      5    T0990TS145-D1.pdb:A  SCOP d2ezxa_
  394      0.6027      0.7054       2.863     0.000    59    1    4           1    0     76      4     76      4    T0990TS145-D1.pdb:A  SCOP d1ilqa_
  395      0.6027      0.7054       2.863     0.000    59    1    4           1    0     76      4     76      4    T0990TS145-D1.pdb:A  SCOP d2il8a_
  396      0.6027      0.7054       2.863     0.000    59    1    4           1    0     76      4     76      4    T0990TS145-D1.pdb:A  SCOP d1il8a_
  397      0.6027      0.8681       3.094     0.000    59    1    4           1    0     76      4     76      4    T0990TS145-D1.pdb:A  SCOP d1o80a_
  398      0.6027      0.1559       3.364     0.000    59    2    5           1    0     76      4     76      5    T0990TS145-D1.pdb:A  SCOP d1qcka_
  399      0.6027      0.1559       3.364     0.000    59    2    5           1    0     76      4     76      5    T0990TS145-D1.pdb:A  SCOP d2ezza_
  400      0.6027      0.1559       3.364     0.000    59    2    5           1    0     76      4     76      6    T0990TS145-D1.pdb:A  SCOP d2ezya_
  401      0.6027   6.347e-10       1.846     0.000    59    2    7           1    0     76      4     76      4    T0990TS145-D1.pdb:A  SCOP d1ifwa_
  402      0.6027      0.7122       4.423     0.000    59    2    3           1    0     76      4     76      7    T0990TS145-D1.pdb:A  SCOP d1wkia_
  403      0.6027       0.574       4.976     0.000    59    2    3           1    0     76      4     76      5    T0990TS145-D1.pdb:A  SCOP d1uvca_
  404      0.5995       1.088       4.138     0.000    54    2    3           1    0     76      4     64      4    T0990TS145-D1.pdb:A  SCOP d1qpia1
  405      0.5982     0.02666       3.614     0.000    58    2    3           1    0     76      4     74      8    T0990TS145-D1.pdb:A  SCOP d2fi0a1
  406      0.5982   0.0002622        3.32     0.000    58    2    6           1    0     76      4     74      8    T0990TS145-D1.pdb:A  SCOP d2fswa1
  407       0.598    0.006256       2.206     0.000    56    2    3           1    0     76      4     69      3    T0990TS145-D1.pdb:A  SCOP d2cufa1
  408       0.598      0.9309       3.356     0.000    56    2    4           1    0     76      4     69      5    T0990TS145-D1.pdb:A  SCOP d1x47a1
  409      0.5948   1.275e-11       2.612     1.316    64    2    4      0.9375    0     76      4     76      8    T0990TS145-D1.pdb:A  SCOP d1zy3a1
  410      0.5903      0.8771       4.396     0.000    54    3    4           1    0     76      4     65      5    T0990TS145-D1.pdb:A  SCOP d2awia1
  411      0.5833      0.4832       3.729     0.000    52    2    3           1    0     76      4     61      3    T0990TS145-D1.pdb:A  SCOP d1slma1
  412      0.5824       0.836       3.765     0.000    58    3    5           1    0     76      4     76      5    T0990TS145-D1.pdb:A  SCOP d1a8ca_
  413      0.5824       1.101       4.431     0.000    58    2    3           1    0     76      4     76      3    T0990TS145-D1.pdb:A  SCOP d1dv0a_
  414      0.5824      0.3113       4.524     0.000    58    2    4           1    0     76      4     76      5    T0990TS145-D1.pdb:A  SCOP d1f1fa_
  415      0.5824     0.05943       4.159     0.000    58    2    6           1    0     76      4     76      6    T0990TS145-D1.pdb:A  SCOP d1trra_
  416      0.5824   1.866e-06       1.331     0.000    58    1    6           1    0     76      4     76      3    T0990TS145-D1.pdb:A  SCOP d1ghca_
  417      0.5824       1.225       5.759     0.000    58    2    2           1    0     76      4     76      6    T0990TS145-D1.pdb:A  SCOP d1gksa_
  418      0.5824   1.834e-13       2.808     0.000    58    3    4           1    0     76      4     76      6    T0990TS145-D1.pdb:A  SCOP d1foca_
  419      0.5824      0.9147       3.156     0.000    58    1    3           1    0     76      4     76      3    T0990TS145-D1.pdb:A  SCOP d1myna_
  420      0.5824      0.9147       3.156     0.000    58    1    3           1    0     76      4     76      3    T0990TS145-D1.pdb:A  SCOP d1n8ma_
  421      0.5824      0.9147       3.156     0.000    58    1    3           1    0     76      4     76      3    T0990TS145-D1.pdb:A  SCOP d2ptaa_
  422      0.5824        1.12       3.418     0.000    58    1    3           1    0     76      4     76      3    T0990TS145-D1.pdb:A  SCOP d1lira_
  423      0.5824        1.74       4.109     0.000    58    1    3           1    0     76      4     76      3    T0990TS145-D1.pdb:A  SCOP d1c56a_
  424      0.5824        1.74       4.109     0.000    58    1    3           1    0     76      4     76      4    T0990TS145-D1.pdb:A  SCOP d1c55a_
  425      0.5824      0.8526       3.073     0.000    58    1    3           1    0     76      4     76      3    T0990TS145-D1.pdb:A  SCOP d1agta_
  426      0.5824      0.6455        2.46     0.000    58    1    3           1    0     76      4     76      1    T0990TS145-D1.pdb:A  SCOP d1baha_
  427      0.5824       2.036       4.404     0.000    58    1    3           1    0     76      4     76      3    T0990TS145-D1.pdb:A  SCOP d1wt7a_
  428      0.5824      0.9147       3.156     0.000    58    1    3           1    0     76      4     76      3    T0990TS145-D1.pdb:A  SCOP d1hp2a_
  429      0.5824      0.9147       3.156     0.000    58    1    3           1    0     76      4     76      4    T0990TS145-D1.pdb:A  SCOP d1biga_
  430      0.5824       0.437       3.073     0.000    58    1    3           1    0     76      4     76      3    T0990TS145-D1.pdb:A  SCOP d2gf1a_
  431      0.5824       1.105       4.588     0.000    58    1    3           1    0     76      4     76      3    T0990TS145-D1.pdb:A  SCOP d1jco.1
  432      0.5824       1.762       5.372     0.000    58    2    3           1    0     76      4     76      3    T0990TS145-D1.pdb:A  SCOP d1mhj.1
  433      0.5824       1.129       4.638     0.000    58    2    3           1    0     76      4     76      3    T0990TS145-D1.pdb:A  SCOP d3aiy.1
  434      0.5824      0.1372       3.343     0.000    58    2    3           1    0     76      4     76     10    T0990TS145-D1.pdb:A  SCOP d1btva_
  435      0.5824          -0       2.152     0.000    58    2    4           1    0     76      4     76      9    T0990TS145-D1.pdb:A  SCOP d1bfxa_
  436      0.5824     0.02479       3.818     0.000    58    2    3           1    0     76      4     76     10    T0990TS145-D1.pdb:A  SCOP d3nula_
  437      0.5824    2.18e-06       3.604     0.000    58    2    3           1    0     76      4     76     10    T0990TS145-D1.pdb:A  SCOP d2atra1
  438      0.5824      0.6455        2.46     0.000    58    1    3           1    0     76      4     76      2    T0990TS145-D1.pdb:A  SCOP d1liqa_
  439      0.5824      0.7785       2.969     0.000    58    1    3           1    0     76      4     76      1    T0990TS145-D1.pdb:A  SCOP d1znma_
  440      0.5824      0.9147       3.156     0.000    58    1    3           1    0     76      4     76      1    T0990TS145-D1.pdb:A  SCOP d1s5qa_
  441      0.5824      0.2453        2.46     0.000    58    1    3           1    0     76      4     76      2    T0990TS145-D1.pdb:A  SCOP d1qa5a_
  442      0.5824       1.047       3.327     0.000    58    1    3           1    0     76      4     76      1    T0990TS145-D1.pdb:A  SCOP d1bm4a_
  443      0.5824      0.8526       3.073     0.000    58    1    3           1    0     76      4     76      1    T0990TS145-D1.pdb:A  SCOP d2mlpa_
  444      0.5824      0.7785       2.969     0.000    58    1    3           1    0     76      4     76      1    T0990TS145-D1.pdb:A  SCOP d1xnla_
  445      0.5824         1.2       3.402     0.000    58    1    3           1    0     76      4     76      1    T0990TS145-D1.pdb:A  SCOP d1r7fa_
  446      0.5824      0.8526       3.073     0.000    58    1    3           1    0     76      4     76      1    T0990TS145-D1.pdb:A  SCOP d1dfwa_
  447      0.5824      0.1956       2.969     0.000    58    1    3           1    0     76      4     76      2    T0990TS145-D1.pdb:A  SCOP d1bzga_
  448      0.5824       1.805       4.176     0.000    58    1    3           1    0     76      4     76      1    T0990TS145-D1.pdb:A  SCOP d1bh0a_
  449      0.5824      0.6604       2.795     0.000    58    1    3           1    0     76      4     76      1    T0990TS145-D1.pdb:A  SCOP d1icya_
  450      0.5824    0.004064       3.198     0.000    58    1    4           1    0     76      4     76      5    T0990TS145-D1.pdb:A  SCOP d1wema_
  451      0.5824      0.7819       3.604     0.000    58    1    3           1    0     76      4     76      4    T0990TS145-D1.pdb:A  SCOP d1v5na_
  452      0.5824      0.8526       3.073     0.000    58    1    3           1    0     76      4     76      1    T0990TS145-D1.pdb:A  SCOP d1dmda_
  453      0.5824      0.8526       3.073     0.000    58    1    3           1    0     76      4     76      1    T0990TS145-D1.pdb:A  SCOP d1dmca_
  454      0.5824        1.06       3.343     0.000    58    1    3           1    0     76      4     76      1    T0990TS145-D1.pdb:A  SCOP d1xf7a_
  455      0.5824       1.499       3.855     0.000    58    1    3           1    0     76      4     76      1    T0990TS145-D1.pdb:A  SCOP d1icaa_
  456      0.5824      0.5471       2.614     0.000    58    1    5           1    0     76      4     76      4    T0990TS145-D1.pdb:A  SCOP d3il8a_
  457      0.5824      0.1056       2.915     0.000    58    2    5           1    0     76      4     76      7    T0990TS145-D1.pdb:A  SCOP d1okta2
  458      0.5824      0.9147       3.156     0.000    58    1    3           1    0     76      4     76      5    T0990TS145-D1.pdb:A  SCOP d1lkna_
  459      0.5824     0.02298       3.134     0.000    58    2    4           1    0     76      4     76      7    T0990TS145-D1.pdb:A  SCOP d1u73a_
  460      0.5824     0.08318       3.737     0.000    58    3    4           1    0     76      4     76      8    T0990TS145-D1.pdb:A  SCOP d1lw1a_
  461      0.5824        3.51        5.82     0.000    58    2    3           1    0     76      4     76      4    T0990TS145-D1.pdb:A  SCOP d1w53a_
  462      0.5824     0.02163       5.289     0.000    58    2    3           1    0     76      4     76      8    T0990TS145-D1.pdb:A  SCOP d1dmoa_
  463      0.5824   6.426e-05       2.523     0.000    58    2    5           1    0     76      4     76      4    T0990TS145-D1.pdb:A  SCOP d1j7ra_
  464      0.5824   0.0003988       2.321     0.000    58    2    7           1    0     76      4     76      5    T0990TS145-D1.pdb:A  SCOP d1smga_
  465      0.5824   0.0001306       2.582     0.000    58    2    5           1    0     76      4     76      6    T0990TS145-D1.pdb:A  SCOP d1d1oa_
  466      0.5824   2.866e-11       2.351     0.000    58    2    5           1    0     76      4     76      5    T0990TS145-D1.pdb:A  SCOP d2iu7a1
  467      0.5824          -0      0.8205     0.000    58    2    5           1    0     76      4     76      7    T0990TS145-D1.pdb:A  SCOP d1r3ba_
  468      0.5824      0.4675       2.738     0.000    58    2    4           1    0     76      4     76      5    T0990TS145-D1.pdb:A  SCOP d1l0ia_
  469      0.5824       1.632       4.711     0.000    58    2    4           1    0     76      4     76      6    T0990TS145-D1.pdb:A  SCOP d1ilka_
  470      0.5824       1.632       4.711     0.000    58    2    4           1    0     76      4     76      6    T0990TS145-D1.pdb:A  SCOP d2ilka_
  471      0.5824      0.2645       2.553     0.000    58    1    3           1    0     76      4     76      5    T0990TS145-D1.pdb:A  SCOP d1veia_
  472      0.5824       1.295       4.843     0.000    58    2    4           1    0     76      4     76      4    T0990TS145-D1.pdb:A  SCOP d1ug7a_
  473      0.5824        1.13       3.746     0.000    58    1    4           1    0     76      4     76      5    T0990TS145-D1.pdb:A  SCOP d1t6ua_
  474      0.5824       1.652       5.713     0.000    58    1    3           1    0     76      4     76      3    T0990TS145-D1.pdb:A  SCOP d1scea_
  475      0.5824      0.1383       3.267     0.000    58    1    4           1    0     76      4     76      5    T0990TS145-D1.pdb:A  SCOP d1jyqa_
  476      0.5824       0.395       3.855     0.000    58    1    3           1    0     76      4     76      5    T0990TS145-D1.pdb:A  SCOP d1ayba_
  477      0.5824       0.395       3.855     0.000    58    1    3           1    0     76      4     76      5    T0990TS145-D1.pdb:A  SCOP d1ayca_
  478      0.5824      0.5393       4.109     0.000    58    1    3           1    0     76      4     76      5    T0990TS145-D1.pdb:A  SCOP d1ayda_
  479      0.5824       0.395       3.855     0.000    58    1    3           1    0     76      4     76      5    T0990TS145-D1.pdb:A  SCOP d1ayaa_
  480      0.5824      0.1625       3.327     0.000    58    1    3           1    0     76      4     76      5    T0990TS145-D1.pdb:A  SCOP d1imua_
  481      0.5824   8.826e-07        1.27     0.000    58    1    6           1    0     76      4     76      4    T0990TS145-D1.pdb:A  SCOP d1r8pa_
  482      0.5824      0.7785       2.969     0.000    58    1    3           1    0     76      4     76      4    T0990TS145-D1.pdb:A  SCOP d1mita_
  483      0.5824        1.74       4.109     0.000    58    1    3           1    0     76      4     76      4    T0990TS145-D1.pdb:A  SCOP d1ciq.1
  484      0.5824      0.1079       3.156     0.000    58    2    3           1    0     76      4     76     10    T0990TS145-D1.pdb:A  SCOP d1u7ia_
  485      0.5824       0.395       3.855     0.000    58    2    3           1    0     76      4     76     10    T0990TS145-D1.pdb:A  SCOP d1fa7a_
  486      0.5824       0.395       3.855     0.000    58    2    3           1    0     76      4     76     10    T0990TS145-D1.pdb:A  SCOP d1fa6a_
  487      0.5824       0.395       3.855     0.000    58    2    3           1    0     76      4     76     10    T0990TS145-D1.pdb:A  SCOP d1fa8a_
  488      0.5824       0.395       3.855     0.000    58    2    3           1    0     76      4     76     10    T0990TS145-D1.pdb:A  SCOP d1f9za_
  489      0.5824       1.047       3.327     0.000    58    1    3           1    0     76      4     76      4    T0990TS145-D1.pdb:A  SCOP d1gd4a_
  490      0.5824       1.558       3.814     0.000    58    1    3           1    0     76      4     76      5    T0990TS145-D1.pdb:A  SCOP d1fa3a_
  491      0.5824      0.6904        2.84     0.000    58    1    4           1    0     76      4     76      5    T0990TS145-D1.pdb:A  SCOP d1qk9a_
  492      0.5824          -0       4.202     0.000    58    2    5           1    0     76      4     76      9    T0990TS145-D1.pdb:A  SCOP d3sdha_
  493      0.5824          -0       4.202     0.000    58    2    5           1    0     76      4     76      9    T0990TS145-D1.pdb:A  SCOP d1hbia_
  494      0.5824          -0       4.202     0.000    58    2    5           1    0     76      4     76      9    T0990TS145-D1.pdb:A  SCOP d1nwna_
