<html><head></head><body><pre style="word-wrap: break-word; white-space: pre-wrap;"> PDBe Fold v2.59. (src3) 14 Apr 2014 result file.

                   RESULT SUMMARY

   ##      Q-score      P-score     Z-score   RMSD    Nalgn Nsse Ngaps Seq-%     Nmd Nres-Q Nsse-Q Nres-T Nsse-T Query Target
    1       0.848       1.815       5.381     0.000   128    2    3           1    0    139      5    139      8    T1001TS224-D1.pdb:A  SCOP d1s1qa_
    2      0.8265       1.162       5.434     0.000   125    2    3           1    0    139      5    136      9    T1001TS224-D1.pdb:A  SCOP d1clia1
    3      0.8217       1.262       5.213     0.000   126    2    4           1    0    139      5    139     10    T1001TS224-D1.pdb:A  SCOP d1z94a1
    4      0.8217       1.413       5.137     0.000   126    2    4           1    0    139      5    139      8    T1001TS224-D1.pdb:A  SCOP d1xn6a_
    5      0.7958    0.003979       2.648     0.000   124    2    5           1    0    139      5    139      9    T1001TS224-D1.pdb:A  SCOP d1hh1a_
    6      0.7958      0.7424       5.721     0.000   124    2    6           1    0    139      5    139      7    T1001TS224-D1.pdb:A  SCOP d1ddba_
    7       0.783       1.802       4.317     0.000   123    1    5           1    0    139      5    139      5    T1001TS224-D1.pdb:A  SCOP d1r1pa_
    8      0.7704   8.985e-11       3.355     0.000   122    1    4           1    0    139      5    139      5    T1001TS224-D1.pdb:A  SCOP d1iv5a_
    9      0.7704          -0  1.798e+308     0.000   122    1    4           1    0    139      5    139      2    T1001TS224-D1.pdb:A  SCOP d1fzba_
   10      0.7704      0.5782       4.338     0.000   122    2    5           1    0    139      5    139      6    T1001TS224-D1.pdb:A  SCOP d1m4pa_
   11      0.7704      0.2218       4.631     0.000   122    2    5           1    0    139      5    139      8    T1001TS224-D1.pdb:A  SCOP d1kpqa_
   12      0.7704          -0  1.798e+308     0.000   122    1    4           1    0    139      5    139      2    T1001TS224-D1.pdb:A  SCOP d1fzba_
   13      0.7704          -0  1.798e+308     0.000   122    1    4           1    0    139      5    139      2    T1001TS224-D1.pdb:A  SCOP d1fzba_
   14      0.7704          -0  1.798e+308     0.000   122    1    4           1    0    139      5    139      2    T1001TS224-D1.pdb:A  SCOP d1fzba_
   15      0.7704          -0  1.798e+308     0.000   122    1    4           1    0    139      5    139      2    T1001TS224-D1.pdb:A  SCOP d1fzba_
   16      0.7633      0.1044        4.31     0.000   121    2    5           1    0    139      5    138      8    T1001TS224-D1.pdb:A  SCOP d2f0ra1
   17      0.7578       1.314       4.709     0.000   121    2    4           1    0    139      5    139      8    T1001TS224-D1.pdb:A  SCOP d1j3wa_
   18      0.7578      0.5146       4.238     0.000   121    2    5           1    0    139      5    139      8    T1001TS224-D1.pdb:A  SCOP d1m4qa_
   19      0.7578      0.1044        4.31     0.000   121    2    5           1    0    139      5    139      9    T1001TS224-D1.pdb:A  SCOP d1kppa_
   20      0.7578       1.053       4.687     0.000   121    2    5           1    0    139      5    139     10    T1001TS224-D1.pdb:A  SCOP d1icxa_
   21      0.7453   0.0005744       3.384     0.000   120    2    5           1    0    139      5    139     10    T1001TS224-D1.pdb:A  SCOP d1kuha_
   22      0.7453   2.401e-06        3.03     0.000   120    1    5           1    0    139      5    139      3    T1001TS224-D1.pdb:A  SCOP d1iiea_
   23      0.7453   2.401e-06        3.03     0.000   120    1    5           1    0    139      5    139      3    T1001TS224-D1.pdb:A  SCOP d1iiea_
   24      0.7453    0.001609       3.792     0.000   120    2    3           1    0    139      5    139      7    T1001TS224-D1.pdb:A  SCOP d1lxla_
   25      0.7453    0.004597       4.145     0.000   120    2    5           1    0    139      5    139     10    T1001TS224-D1.pdb:A  SCOP d1jl3a_
   26      0.7453   2.401e-06        3.03     0.000   120    1    5           1    0    139      5    139      3    T1001TS224-D1.pdb:A  SCOP d1iiea_
   27      0.7453       1.761       4.908     0.000   120    2    6           1    0    139      5    139     10    T1001TS224-D1.pdb:A  SCOP d1l5za_
   28      0.7453   2.401e-06        3.03     0.000   120    1    5           1    0    139      5    139      3    T1001TS224-D1.pdb:A  SCOP d1iiea_
   29      0.7387      0.1503       4.023     0.000   111    2    3           1    0    139      5    120      9    T1001TS224-D1.pdb:A  SCOP d1xa6a2
   30      0.7349      0.8304        4.68     0.000   117    2    4           1    0    139      5    134      9    T1001TS224-D1.pdb:A  SCOP d1crza2
   31      0.7329          -0  1.798e+308     0.000   119    1    5           1    0    139      5    139      2    T1001TS224-D1.pdb:A  SCOP d1fzca_
   32      0.7329          -0  1.798e+308     0.000   119    1    5           1    0    139      5    139      2    T1001TS224-D1.pdb:A  SCOP d1fzca_
   33      0.7329          -0  1.798e+308     0.000   119    1    5           1    0    139      5    139      2    T1001TS224-D1.pdb:A  SCOP d1fzca_
   34      0.7329          -0  1.798e+308     0.000   119    1    5           1    0    139      5    139      2    T1001TS224-D1.pdb:A  SCOP d1fzca_
   35      0.7329      0.8157       4.367     0.000   119    2    5           1    0    139      5    139     10    T1001TS224-D1.pdb:A  SCOP d1b6fa_
   36      0.7329          -0  1.798e+308     0.000   119    1    5           1    0    139      5    139      2    T1001TS224-D1.pdb:A  SCOP d1fzca_
   37      0.7329     0.09809       5.137     0.000   119    2    5           1    0    139      5    139     10    T1001TS224-D1.pdb:A  SCOP d2faxa_
   38      0.7329          -0  1.798e+308     0.000   119    1    5           1    0    139      5    139      2    T1001TS224-D1.pdb:A  SCOP d1fzaa_
   39      0.7329     0.09809       5.137     0.000   119    2    5           1    0    139      5    139     10    T1001TS224-D1.pdb:A  SCOP d6nula_
   40      0.7329          -0  1.798e+308     0.000   119    1    5           1    0    139      5    139      2    T1001TS224-D1.pdb:A  SCOP d1fzaa_
   41      0.7329          -0  1.798e+308     0.000   119    1    5           1    0    139      5    139      2    T1001TS224-D1.pdb:A  SCOP d1fzaa_
   42      0.7329          -0  1.798e+308     0.000   119    1    5           1    0    139      5    139      2    T1001TS224-D1.pdb:A  SCOP d1fzaa_
   43      0.7329          -0  1.798e+308     0.000   119    1    5           1    0    139      5    139      2    T1001TS224-D1.pdb:A  SCOP d1fzaa_
   44      0.7312      0.1275       4.145     0.000   118    2    5           1    0    139      5    137      9    T1001TS224-D1.pdb:A  SCOP d1z2ea1
   45      0.7207      0.5171       5.241     0.000   118    2    4           1    0    139      5    139     10    T1001TS224-D1.pdb:A  SCOP d1o6da_
   46      0.7207     0.09809       5.137     0.000   118    2    5           1    0    139      5    139     10    T1001TS224-D1.pdb:A  SCOP d1flaa_
   47      0.7207     0.09809       5.137     0.000   118    2    5           1    0    139      5    139     10    T1001TS224-D1.pdb:A  SCOP d4nula_
   48      0.7207     0.09809       5.137     0.000   118    2    5           1    0    139      5    139     10    T1001TS224-D1.pdb:A  SCOP d4nlla_
   49      0.7207      0.4274        4.46     0.000   118    2    5           1    0    139      5    139      9    T1001TS224-D1.pdb:A  SCOP d1jf8a_
   50      0.7207     0.09809       5.137     0.000   118    2    5           1    0    139      5    139     10    T1001TS224-D1.pdb:A  SCOP d1fvxa_
   51      0.7207      0.1444       4.495     0.000   118    2    5           1    0    139      5    139     10    T1001TS224-D1.pdb:A  SCOP d1kuha_
   52      0.7207     0.09809       5.137     0.000   118    2    5           1    0    139      5    139     10    T1001TS224-D1.pdb:A  SCOP d2flva_
   53      0.7207          -0  1.798e+308     0.000   118    1    5           1    0    139      5    139      2    T1001TS224-D1.pdb:A  SCOP d1fzea_
   54      0.7207     0.09809       5.137     0.000   118    2    5           1    0    139      5    139     10    T1001TS224-D1.pdb:A  SCOP d5nlla_
   55      0.7207          -0  1.798e+308     0.000   118    1    5           1    0    139      5    139      2    T1001TS224-D1.pdb:A  SCOP d1fzea_
   56      0.7207          -0  1.798e+308     0.000   118    1    5           1    0    139      5    139      2    T1001TS224-D1.pdb:A  SCOP d1fzea_
   57      0.7207          -0  1.798e+308     0.000   118    1    5           1    0    139      5    139      2    T1001TS224-D1.pdb:A  SCOP d1fzea_
   58      0.7207          -0  1.798e+308     0.000   118    1    5           1    0    139      5    139      2    T1001TS224-D1.pdb:A  SCOP d1fzea_
   59      0.7207      0.8283       3.222     0.000   118    1    5           1    0    139      5    139      2    T1001TS224-D1.pdb:A  SCOP d1re4a_
   60      0.7207     0.09809       5.137     0.000   118    2    5           1    0    139      5    139     10    T1001TS224-D1.pdb:A  SCOP d2fdxa_
   61      0.7207     0.09809       5.137     0.000   118    2    5           1    0    139      5    139     10    T1001TS224-D1.pdb:A  SCOP d1flda_
   62      0.7207     0.09809       5.137     0.000   118    2    5           1    0    139      5    139     10    T1001TS224-D1.pdb:A  SCOP d1flna_
   63      0.7207     0.09809       5.137     0.000   118    2    5           1    0    139      5    139     10    T1001TS224-D1.pdb:A  SCOP d5nula_
   64      0.7207     0.09809       5.137     0.000   118    2    5           1    0    139      5    139     10    T1001TS224-D1.pdb:A  SCOP d5ulla_
   65      0.7207     0.09809       5.137     0.000   118    2    5           1    0    139      5    139     10    T1001TS224-D1.pdb:A  SCOP d2fvxa_
   66      0.7207       0.225       5.202     0.000   118    3    4           1    0    139      5    139     12    T1001TS224-D1.pdb:A  SCOP d1vk3a1
   67      0.7206     0.02473       2.944     0.681   121    2    5      0.9669    0    139      5    139     10    T1001TS224-D1.pdb:A  SCOP d1z94a1
   68      0.7085      0.7195       4.496     0.000   117    2    5           1    0    139      5    139      7    T1001TS224-D1.pdb:A  SCOP d1vk5a_
   69      0.7085      0.4618        5.05     0.000   117    2    6           1    0    139      5    139      9    T1001TS224-D1.pdb:A  SCOP d1r2ba_
   70      0.7085      0.2347        4.08     0.000   117    1    5           1    0    139      5    139      4    T1001TS224-D1.pdb:A  SCOP d1cmfa_
   71      0.7085       2.242       4.906     0.000   117    2    3           1    0    139      5    139      6    T1001TS224-D1.pdb:A  SCOP d1ri0a_
   72      0.7085      0.6892        3.03     0.000   117    1    5           1    0    139      5    139      2    T1001TS224-D1.pdb:A  SCOP d1rf0a_
   73      0.7085     0.09809       5.137     0.000   117    2    5           1    0    139      5    139     10    T1001TS224-D1.pdb:A  SCOP d2foxa_
   74      0.7085      0.4936       4.029     0.000   117    1    5           1    0    139      5    139      5    T1001TS224-D1.pdb:A  SCOP d1bm2a_
   75      0.7085      0.9375       4.424     0.000   117    2    3           1    0    139      5    139      6    T1001TS224-D1.pdb:A  SCOP d1iqoa_
   76      0.7085     0.09809       5.137     0.000   117    2    5           1    0    139      5    139     10    T1001TS224-D1.pdb:A  SCOP d3nlla_
   77      0.7085      0.9375       4.424     0.000   117    2    3           1    0    139      5    139      6    T1001TS224-D1.pdb:A  SCOP d1iqsa_
   78      0.7085      0.3676       4.495     0.000   117    2    5           1    0    139      5    139     10    T1001TS224-D1.pdb:A  SCOP d1c7ka_
   79       0.698       2.219       5.802     0.000   107    2    3           1    0    139      5    118      9    T1001TS224-D1.pdb:A  SCOP d1r7ma1
   80       0.698       2.219       5.802     0.000   107    2    3           1    0    139      5    118      9    T1001TS224-D1.pdb:A  SCOP d1r7ma1
   81      0.6964   1.823e-14        3.03     0.000   116    1    7           1    0    139      5    139      5    T1001TS224-D1.pdb:A  SCOP d1c7va_
   82      0.6964   1.798e-14       2.531     0.000   116    2    6           1    0    139      5    139     10    T1001TS224-D1.pdb:A  SCOP d1sgla_
   83      0.6964   1.823e-14        3.03     0.000   116    1    7           1    0    139      5    139      5    T1001TS224-D1.pdb:A  SCOP d1c7va_
   84      0.6964       1.113       3.578     0.000   116    2    3           1    0    139      5    139      2    T1001TS224-D1.pdb:A  SCOP d1hp9a_
   85      0.6964       1.085       5.282     0.000   116    2    4           1    0    139      5    139     10    T1001TS224-D1.pdb:A  SCOP d1crpa_
   86      0.6964       1.293       3.994     0.000   116    2    3           1    0    139      5    139      2    T1001TS224-D1.pdb:A  SCOP d1bzka_
   87      0.6964       2.796       5.372     0.000   116    2    3           1    0    139      5    139      2    T1001TS224-D1.pdb:A  SCOP d1rqta_
   88      0.6964        2.17       4.843     0.000   116    2    3           1    0    139      5    139      2    T1001TS224-D1.pdb:A  SCOP d1l4ta_
   89      0.6964      0.0107       2.831     0.000   116    1    3           1    0    139      5    139      2    T1001TS224-D1.pdb:A  SCOP d1xc0a_
   90      0.6964     0.02603       2.958     0.000   116    2    6           1    0    139      5    139      9    T1001TS224-D1.pdb:A  SCOP d1pxua_
   91      0.6964       1.919       4.431     0.000   116    1    4           1    0    139      5    139      5    T1001TS224-D1.pdb:A  SCOP d3hcka_
   92      0.6964      0.7216       3.106     0.000   116    1    4           1    0    139      5    139      5    T1001TS224-D1.pdb:A  SCOP d1luna_
   93      0.6964      0.7216       3.106     0.000   116    1    4           1    0    139      5    139      5    T1001TS224-D1.pdb:A  SCOP d1luka_
   94      0.6964      0.7216       3.106     0.000   116    1    4           1    0    139      5    139      5    T1001TS224-D1.pdb:A  SCOP d1luma_
   95      0.6964      0.7216       3.106     0.000   116    1    4           1    0    139      5    139      5    T1001TS224-D1.pdb:A  SCOP d1luia_
   96      0.6964       2.139       4.638     0.000   116    1    3           1    0    139      5    139      2    T1001TS224-D1.pdb:A  SCOP d1bh1a_
   97      0.6964       1.593       4.302     0.000   116    2    3           1    0    139      5    139      2    T1001TS224-D1.pdb:A  SCOP d1fvya_
   98      0.6964      0.6676       5.959     0.000   116    2    4           1    0    139      5    139      8    T1001TS224-D1.pdb:A  SCOP d1myoa_
   99      0.6964       1.814       4.517     0.000   116    2    3           1    0    139      5    139      3    T1001TS224-D1.pdb:A  SCOP d1zwfa_
  100      0.6894      0.1017       3.213     0.000   115    2    5           1    0    139      5    138      9    T1001TS224-D1.pdb:A  SCOP d2fmla2
  101      0.6845      0.4722       3.714     0.000   115    2    4           1    0    139      5    139      6    T1001TS224-D1.pdb:A  SCOP d1orca_
  102      0.6845      0.4333       2.623     0.000   115    1    5           1    0    139      5    139      2    T1001TS224-D1.pdb:A  SCOP d1fzfa_
  103      0.6845      0.6763       4.358     0.000   115    1    5           1    0    139      5    139      5    T1001TS224-D1.pdb:A  SCOP d1ghua_
  104      0.6845      0.8242       4.238     0.000   115    2    4           1    0    139      5    139      9    T1001TS224-D1.pdb:A  SCOP d1pu3a_
  105      0.6845      0.4333       2.623     0.000   115    1    5           1    0    139      5    139      2    T1001TS224-D1.pdb:A  SCOP d1fzfa_
  106      0.6845      0.2133       4.181     0.000   115    1    5           1    0    139      5    139      4    T1001TS224-D1.pdb:A  SCOP d1j7pa_
  107      0.6845      0.1052       3.722     0.000   115    1    5           1    0    139      5    139      4    T1001TS224-D1.pdb:A  SCOP d1j0ta_
  108      0.6845        1.12       4.623     0.000   115    2    3           1    0    139      5    139      9    T1001TS224-D1.pdb:A  SCOP d1wjxa_
  109      0.6845          -0  1.798e+308     0.000   115    1    6           1    0    139      5    139      5    T1001TS224-D1.pdb:A  SCOP d1g8qa_
  110      0.6845          -0  1.798e+308     0.000   115    1    5           1    0    139      5    139      5    T1001TS224-D1.pdb:A  SCOP d1qgpa_
  111      0.6845          -0  1.798e+308     0.000   115    1    5           1    0    139      5    139      5    T1001TS224-D1.pdb:A  SCOP d1qgpa_
  112      0.6845          -0  1.798e+308     0.000   115    1    5           1    0    139      5    139      5    T1001TS224-D1.pdb:A  SCOP d1qgpa_
  113      0.6845          -0  1.798e+308     0.000   115    1    6           1    0    139      5    139      5    T1001TS224-D1.pdb:A  SCOP d1g8qa_
  114      0.6845          -0  1.798e+308     0.000   115    1    5           1    0    139      5    139      5    T1001TS224-D1.pdb:A  SCOP d1qgpa_
  115      0.6845          -0  1.798e+308     0.000   115    1    5           1    0    139      5    139      5    T1001TS224-D1.pdb:A  SCOP d1qgpa_
  116      0.6845          -0  1.798e+308     0.000   115    1    6           1    0    139      5    139      5    T1001TS224-D1.pdb:A  SCOP d1g8qa_
  117      0.6845          -0  1.798e+308     0.000   115    1    5           1    0    139      5    139      5    T1001TS224-D1.pdb:A  SCOP d1qgpa_
  118      0.6845       1.076       3.535     0.000   115    1    4           1    0    139      5    139      2    T1001TS224-D1.pdb:A  SCOP d1fdfa_
  119      0.6845          -0  1.798e+308     0.000   115    1    5           1    0    139      5    139      5    T1001TS224-D1.pdb:A  SCOP d1qgpa_
  120      0.6845          -0  1.798e+308     0.000   115    1    5           1    0    139      5    139      5    T1001TS224-D1.pdb:A  SCOP d1qgpa_
  121      0.6845     0.04875       2.663     0.000   115    2    5           1    0    139      5    139      4    T1001TS224-D1.pdb:A  SCOP d1rhxa_
  122      0.6845          -0  1.798e+308     0.000   115    1    5           1    0    139      5    139      5    T1001TS224-D1.pdb:A  SCOP d1qgpa_
  123      0.6845          -0  1.798e+308     0.000   115    1    6           1    0    139      5    139      5    T1001TS224-D1.pdb:A  SCOP d1g8qa_
  124      0.6845          -0  1.798e+308     0.000   115    1    6           1    0    139      5    139      5    T1001TS224-D1.pdb:A  SCOP d1g8qa_
  125      0.6845   4.841e-08       3.811     0.000   115    3    7           1    0    139      5    139     15    T1001TS224-D1.pdb:A  SCOP d1sura_
  126      0.6845          -0  1.798e+308     0.000   115    1    6           1    0    139      5    139      5    T1001TS224-D1.pdb:A  SCOP d1g8qa_
  127      0.6845     0.08551       4.983     0.000   115    2    6           1    0    139      5    139     10    T1001TS224-D1.pdb:A  SCOP d1o4va_
  128      0.6845   6.721e-14       3.298     0.000   115    2    6           1    0    139      5    139     10    T1001TS224-D1.pdb:A  SCOP d1bu9a_
  129      0.6845      0.4333       2.623     0.000   115    1    5           1    0    139      5    139      2    T1001TS224-D1.pdb:A  SCOP d1fzfa_
  130      0.6845     0.01328       2.815     0.000   115    2    6           1    0    139      5    139      9    T1001TS224-D1.pdb:A  SCOP d1jb3a_
  131      0.6845      0.4333       2.623     0.000   115    1    5           1    0    139      5    139      2    T1001TS224-D1.pdb:A  SCOP d1fzfa_
  132      0.6735      0.1895       4.568     0.000   112    2    3           1    0    139      5    134     10    T1001TS224-D1.pdb:A  SCOP d1f7ua3
  133      0.6726    0.001189        2.69     0.000   114    3    5           1    0    139      5    139      9    T1001TS224-D1.pdb:A  SCOP d1q8ga_
  134      0.6726          -0  1.798e+308     0.000   114    1    6           1    0    139      5    139      5    T1001TS224-D1.pdb:A  SCOP d1iv5a_
  135      0.6726      0.7668       4.306     0.000   114    2    5           1    0    139      5    139      9    T1001TS224-D1.pdb:A  SCOP d1akua_
  136      0.6726      0.2621       3.765     0.000   114    2    4           1    0    139      5    139      3    T1001TS224-D1.pdb:A  SCOP d1mhj.1
  137      0.6726          -0  1.798e+308     0.000   114    1    5           1    0    139      5    139      2    T1001TS224-D1.pdb:A  SCOP d1lt9a_
  138      0.6726          -0  1.798e+308     0.000   114    1    5           1    0    139      5    139      2    T1001TS224-D1.pdb:A  SCOP d1lt9a_
  139      0.6726          -0  1.798e+308     0.000   114    1    5           1    0    139      5    139      2    T1001TS224-D1.pdb:A  SCOP d1lt9a_
  140      0.6726          -0  1.798e+308     0.000   114    1    5           1    0    139      5    139      2    T1001TS224-D1.pdb:A  SCOP d1lt9a_
  141      0.6726       1.786       5.413     0.000   114    1    4           1    0    139      5    139      3    T1001TS224-D1.pdb:A  SCOP d1jjra_
  142      0.6726          -0  1.798e+308     0.000   114    1    5           1    0    139      5    139      2    T1001TS224-D1.pdb:A  SCOP d1lt9a_
  143      0.6726          -0  1.798e+308     0.000   114    1    5           1    0    139      5    139      2    T1001TS224-D1.pdb:A  SCOP d1re4a_
  144      0.6726          -0  1.798e+308     0.000   114    1    5           1    0    139      5    139      2    T1001TS224-D1.pdb:A  SCOP d1re4a_
  145      0.6726          -0  1.798e+308     0.000   114    1    5           1    0    139      5    139      2    T1001TS224-D1.pdb:A  SCOP d1re4a_
  146      0.6726          -0  1.798e+308     0.000   114    1    5           1    0    139      5    139      2    T1001TS224-D1.pdb:A  SCOP d1re4a_
  147      0.6726          -0  1.798e+308     0.000   114    1    5           1    0    139      5    139      2    T1001TS224-D1.pdb:A  SCOP d1re4a_
  148      0.6726    0.002747        4.13     0.000   114    2    6           1    0    139      5    139      6    T1001TS224-D1.pdb:A  SCOP d1n0qa_
  149      0.6726    0.005933        2.67     0.000   114    2    6           1    0    139      5    139      9    T1001TS224-D1.pdb:A  SCOP d1jc7a_
  150      0.6726      0.2389       5.662     0.000   114    2    4           1    0    139      5    139      8    T1001TS224-D1.pdb:A  SCOP d2myoa_
  151      0.6726          -0  1.798e+308     0.000   114    1    6           1    0    139      5    139      5    T1001TS224-D1.pdb:A  SCOP d1iv5a_
  152      0.6726          -0  1.798e+308     0.000   114    1    6           1    0    139      5    139      5    T1001TS224-D1.pdb:A  SCOP d1iv5a_
  153      0.6726          -0  1.798e+308     0.000   114    1    6           1    0    139      5    139      5    T1001TS224-D1.pdb:A  SCOP d1iv5a_
  154      0.6726          -0  1.798e+308     0.000   114    1    6           1    0    139      5    139      5    T1001TS224-D1.pdb:A  SCOP d1iv5a_
  155      0.6726        0.92       4.367     0.000   114    2    5           1    0    139      5    139      3    T1001TS224-D1.pdb:A  SCOP d1dv0a_
  156      0.6726          -0  1.798e+308     0.000   114    1    6           1    0    139      5    139      5    T1001TS224-D1.pdb:A  SCOP d1iv5a_
  157      0.6726     0.08233       2.718     0.000   114    3    5           1    0    139      5    139      9    T1001TS224-D1.pdb:A  SCOP d1q8xa_
  158      0.6726      0.1791       3.571     0.000   114    2    5           1    0    139      5    139      3    T1001TS224-D1.pdb:A  SCOP d1mhi.1
  159      0.6726      0.4334       4.087     0.000   114    2    4           1    0    139      5    139      3    T1001TS224-D1.pdb:A  SCOP d3aiy.1
  160      0.6726          -0  1.798e+308     0.000   114    1    6           1    0    139      5    139      4    T1001TS224-D1.pdb:A  SCOP d1lo1a_
  161      0.6726          -0  1.798e+308     0.000   114    1    6           1    0    139      5    139      4    T1001TS224-D1.pdb:A  SCOP d1lo1a_
  162      0.6726          -0  1.798e+308     0.000   114    1    6           1    0    139      5    139      4    T1001TS224-D1.pdb:A  SCOP d1lo1a_
  163      0.6726     0.08724       2.844     0.000   114    2    6           1    0    139      5    139      8    T1001TS224-D1.pdb:A  SCOP d1x9aa_
  164      0.6726          -0       3.449     0.000   114    2    6           1    0    139      5    139     10    T1001TS224-D1.pdb:A  SCOP d1bc9a_
  165      0.6726      0.2359       3.262     0.000   114    2    4           1    0    139      5    139      3    T1001TS224-D1.pdb:A  SCOP d1hui.1
  166      0.6715          -0       2.012     0.705   117    2    6      0.9658    0    139      5    139     10    T1001TS224-D1.pdb:A  SCOP d4nlla_
  167      0.6715          -0       1.838     0.705   117    2    6      0.9658    0    139      5    139     10    T1001TS224-D1.pdb:A  SCOP d3nlla_
  168      0.6715          -0       2.012     0.705   117    2    6      0.9658    0    139      5    139     10    T1001TS224-D1.pdb:A  SCOP d2flva_
  169      0.6715          -0       2.012     0.705   117    2    6      0.9658    0    139      5    139     10    T1001TS224-D1.pdb:A  SCOP d1flna_
  170      0.6715          -0       2.012     0.705   117    2    6      0.9658    0    139      5    139     10    T1001TS224-D1.pdb:A  SCOP d1flda_
  171      0.6715          -0       2.012     0.705   117    2    6      0.9658    0    139      5    139     10    T1001TS224-D1.pdb:A  SCOP d2fdxa_
  172      0.6715          -0       2.012     0.705   117    2    6      0.9658    0    139      5    139     10    T1001TS224-D1.pdb:A  SCOP d5ulla_
  173      0.6715          -0       2.012     0.705   117    2    6      0.9658    0    139      5    139     10    T1001TS224-D1.pdb:A  SCOP d2fvxa_
  174      0.6715          -0       2.012     0.705   117    2    6      0.9658    0    139      5    139     10    T1001TS224-D1.pdb:A  SCOP d1fvxa_
  175      0.6715          -0       2.012     0.705   117    2    6      0.9658    0    139      5    139     10    T1001TS224-D1.pdb:A  SCOP d1flaa_
  176      0.6715          -0       1.838     0.705   117    2    6      0.9658    0    139      5    139     10    T1001TS224-D1.pdb:A  SCOP d2foxa_
  177      0.6715          -0       2.012     0.705   117    2    6      0.9658    0    139      5    139     10    T1001TS224-D1.pdb:A  SCOP d4nula_
  178      0.6715          -0       2.012     0.705   117    2    6      0.9658    0    139      5    139     10    T1001TS224-D1.pdb:A  SCOP d5nula_
  179      0.6715          -0       2.012     0.705   117    2    6      0.9658    0    139      5    139     10    T1001TS224-D1.pdb:A  SCOP d5nlla_
  180      0.6612     0.05864       1.718     0.000   101    2    4           1    0    139      5    111      9    T1001TS224-D1.pdb:A  SCOP d1i4ha1
  181      0.6612     0.05864       1.718     0.000   101    2    4           1    0    139      5    111      9    T1001TS224-D1.pdb:A  SCOP d1i4ga1
  182      0.6609      0.1352       3.912     0.000   113    2    6           1    0    139      5    139      5    T1001TS224-D1.pdb:A  SCOP d1lc2a_
  183      0.6609      0.6634       2.799     0.000   113    1    4           1    0    139      5    139      1    T1001TS224-D1.pdb:A  SCOP d1fmya_
  184      0.6609      0.1721       3.113     0.000   113    2    5           1    0    139      5    139      3    T1001TS224-D1.pdb:A  SCOP d1jco.1
  185      0.6609          -0  1.798e+308     0.000   113    1    6           1    0    139      5    139      3    T1001TS224-D1.pdb:A  SCOP d1iiea_
  186      0.6609          -0       2.538     0.000   113    2    4           1    0    139      5    139     10    T1001TS224-D1.pdb:A  SCOP d1eesa_
  187      0.6609       3.493       5.713     0.000   113    1    4           1    0    139      5    139      1    T1001TS224-D1.pdb:A  SCOP d1rima_
  188      0.6609       1.989       4.358     0.000   113    1    4           1    0    139      5    139      1    T1001TS224-D1.pdb:A  SCOP d1klra_
  189      0.6609      0.7523       3.034     0.000   113    1    4           1    0    139      5    139      4    T1001TS224-D1.pdb:A  SCOP d1dwma_
  190      0.6609      0.4304       2.523     0.000   113    1    4           1    0    139      5    139      3    T1001TS224-D1.pdb:A  SCOP d1m2sa_
  191      0.6609       1.395        3.74     0.000   113    1    4           1    0    139      5    139      1    T1001TS224-D1.pdb:A  SCOP d1bjca_
  192      0.6609       1.663       4.029     0.000   113    1    4           1    0    139      5    139      1    T1001TS224-D1.pdb:A  SCOP d1bjba_
  193      0.6609      0.4936       4.029     0.000   113    1    4           1    0    139      5    139      5    T1001TS224-D1.pdb:A  SCOP d1jyra_
  194      0.6609      0.4936       4.029     0.000   113    1    4           1    0    139      5    139      5    T1001TS224-D1.pdb:A  SCOP d1bmba_
  195      0.6609      0.7523       3.034     0.000   113    1    4           1    0    139      5    139      4    T1001TS224-D1.pdb:A  SCOP d1egp.1
  196      0.6609      0.7523       3.034     0.000   113    1    4           1    0    139      5    139      3    T1001TS224-D1.pdb:A  SCOP d1egla_
  197      0.6609      0.7003       5.713     0.000   113    1    4           1    0    139      5    139      2    T1001TS224-D1.pdb:A  SCOP d1xc0a_
  198      0.6609      0.4304       2.523     0.000   113    1    4           1    0    139      5    139      4    T1001TS224-D1.pdb:A  SCOP d1scoa_
  199      0.6609      0.4304       2.523     0.000   113    1    4           1    0    139      5    139      3    T1001TS224-D1.pdb:A  SCOP d2ktxa_
  200      0.6609          -0  1.798e+308     0.000   113    1    5           1    0    139      5    139      2    T1001TS224-D1.pdb:A  SCOP d1rf0a_
  201      0.6609          -0  1.798e+308     0.000   113    1    5           1    0    139      5    139      2    T1001TS224-D1.pdb:A  SCOP d1rf0a_
  202      0.6609          -0  1.798e+308     0.000   113    1    5           1    0    139      5    139      2    T1001TS224-D1.pdb:A  SCOP d1rf0a_
  203      0.6609          -0  1.798e+308     0.000   113    1    5           1    0    139      5    139      2    T1001TS224-D1.pdb:A  SCOP d1rf0a_
  204      0.6609          -0  1.798e+308     0.000   113    1    5           1    0    139      5    139      2    T1001TS224-D1.pdb:A  SCOP d1rf0a_
  205      0.6609      0.4304       2.523     0.000   113    1    4           1    0    139      5    139      1    T1001TS224-D1.pdb:A  SCOP d3leua_
  206      0.6609    0.002012       2.523     0.000   113    1    4           1    0    139      5    139      2    T1001TS224-D1.pdb:A  SCOP d1vtpa_
  207      0.6609      0.6265       2.849     0.000   113    1    4           1    0    139      5    139      4    T1001TS224-D1.pdb:A  SCOP d1wiia_
  208      0.6609      0.4304       2.523     0.000   113    1    4           1    0    139      5    139      3    T1001TS224-D1.pdb:A  SCOP d1cw6a_
  209      0.6609       0.219       2.176     0.000   113    1    5           1    0    139      5    139      2    T1001TS224-D1.pdb:A  SCOP d1fzga_
  210      0.6609       0.219       2.176     0.000   113    1    5           1    0    139      5    139      2    T1001TS224-D1.pdb:A  SCOP d1fzga_
  211      0.6609       1.066       3.445     0.000   113    1    4           1    0    139      5    139      1    T1001TS224-D1.pdb:A  SCOP d1zwda_
  212      0.6609       0.219       2.176     0.000   113    1    5           1    0    139      5    139      2    T1001TS224-D1.pdb:A  SCOP d1fzga_
  213      0.6609       0.219       2.176     0.000   113    1    5           1    0    139      5    139      2    T1001TS224-D1.pdb:A  SCOP d1fzga_
  214      0.6609       1.395        3.74     0.000   113    1    4           1    0    139      5    139      1    T1001TS224-D1.pdb:A  SCOP d1sp2a_
  215      0.6609   3.731e-06       2.712     0.000   113    1    4           1    0    139      5    139      3    T1001TS224-D1.pdb:A  SCOP d1viia_
  216      0.6609      0.9115       3.152     0.000   113    1    4           1    0    139      5    139      1    T1001TS224-D1.pdb:A  SCOP d1b9pa_
  217      0.6609       1.301       3.721     0.000   113    1    4           1    0    139      5    139      5    T1001TS224-D1.pdb:A  SCOP d1m9ga_
  218      0.6609      0.4722       3.714     0.000   113    2    5           1    0    139      5    139      6    T1001TS224-D1.pdb:A  SCOP d1d1la_
  219      0.6609      0.9115       3.152     0.000   113    1    4           1    0    139      5    139      1    T1001TS224-D1.pdb:A  SCOP d1b9qa_
  220      0.6609       3.493       5.713     0.000   113    1    4           1    0    139      5    139      1    T1001TS224-D1.pdb:A  SCOP d1xrza_
  221      0.6609      0.4936       4.029     0.000   113    1    4           1    0    139      5    139      5    T1001TS224-D1.pdb:A  SCOP d1r1qa_
  222      0.6609      0.7523       3.034     0.000   113    1    4           1    0    139      5    139      4    T1001TS224-D1.pdb:A  SCOP d1ayja_
  223      0.6609      0.3321        3.74     0.000   113    1    4           1    0    139      5    139      2    T1001TS224-D1.pdb:A  SCOP d1ujla_
  224      0.6609   4.532e-15       2.865     0.000   113    2    7           1    0    139      5    139      9    T1001TS224-D1.pdb:A  SCOP d1rxea_
  225      0.6609       2.582       6.259     0.000   113    2    4           1    0    139      5    139      3    T1001TS224-D1.pdb:A  SCOP d1f4ia_
  226      0.6609       1.661       4.109     0.000   113    1    4           1    0    139      5    139      1    T1001TS224-D1.pdb:A  SCOP d1zwea_
  227      0.6609       3.493       5.713     0.000   113    1    4           1    0    139      5    139      1    T1001TS224-D1.pdb:A  SCOP d1klsa_
  228      0.6609     0.08945       2.851     0.000   113    2    5           1    0    139      5    139      7    T1001TS224-D1.pdb:A  SCOP d1pdxa_
  229      0.6609   0.0003255       1.806     0.000   113    2    4           1    0    139      5    139      8    T1001TS224-D1.pdb:A  SCOP d1gpxa_
  230      0.6609   7.319e-08       2.436     0.000   113    1    4           1    0    139      5    139      3    T1001TS224-D1.pdb:A  SCOP d1q2fa_
  231      0.6609       3.493       5.713     0.000   113    1    4           1    0    139      5    139      1    T1001TS224-D1.pdb:A  SCOP d5znfa_
  232      0.6609      0.2754       2.374     0.000   113    2    5           1    0    139      5    139      9    T1001TS224-D1.pdb:A  SCOP d1r7sa_
  233      0.6609      0.9781       3.335     0.000   113    1    4           1    0    139      5    139      1    T1001TS224-D1.pdb:A  SCOP d1fvna_
  234      0.6609       0.832       3.949     0.000   113    2    6           1    0    139      5    139      5    T1001TS224-D1.pdb:A  SCOP d1irla_
  235      0.6609      0.3229       2.471     0.000   113    2    5           1    0    139      5    139      8    T1001TS224-D1.pdb:A  SCOP d1oqra_
  236      0.6609      0.8991       3.136     0.000   113    1    4           1    0    139      5    139      3    T1001TS224-D1.pdb:A  SCOP d1b4ma_
  237      0.6609      0.2754       2.374     0.000   113    2    5           1    0    139      5    139      8    T1001TS224-D1.pdb:A  SCOP d1oqqa_
  238      0.6609    0.009866       2.436     0.000   113    1    4           1    0    139      5    139      3    T1001TS224-D1.pdb:A  SCOP d1bala_
  239      0.6609      0.9781       3.335     0.000   113    1    4           1    0    139      5    139      2    T1001TS224-D1.pdb:A  SCOP d1hpha_
  240      0.6609     0.01011       5.234     0.000   113    2    6           1    0    139      5    139      6    T1001TS224-D1.pdb:A  SCOP d1ucpa_
  241      0.6609          -0  1.798e+308     0.000   113    1    6           1    0    139      5    139      3    T1001TS224-D1.pdb:A  SCOP d1iiea_
  242      0.6609       1.041       3.414     0.000   113    1    4           1    0    139      5    139      1    T1001TS224-D1.pdb:A  SCOP d1bmxa_
  243      0.6609      0.7479       2.925     0.000   113    1    4           1    0    139      5    139      1    T1001TS224-D1.pdb:A  SCOP d1kmra_
  244      0.6609      0.3046       2.441     0.000   113    2    4           1    0    139      5    139      8    T1001TS224-D1.pdb:A  SCOP d1s98a_
  245      0.6609      0.4936       4.029     0.000   113    1    4           1    0    139      5    139      5    T1001TS224-D1.pdb:A  SCOP d1cj1a_
  246      0.6609      0.8242       4.238     0.000   113    2    5           1    0    139      5    139      9    T1001TS224-D1.pdb:A  SCOP d1kvza_
  247      0.6609      0.4936       4.029     0.000   113    1    4           1    0    139      5    139      5    T1001TS224-D1.pdb:A  SCOP d1fyra_
  248      0.6609      0.4304       2.523     0.000   113    1    4           1    0    139      5    139      4    T1001TS224-D1.pdb:A  SCOP d1nrba_
  249      0.6609       1.663       4.029     0.000   113    1    4           1    0    139      5    139      1    T1001TS224-D1.pdb:A  SCOP d1nmja_
  250      0.6609      0.4936       4.029     0.000   113    1    4           1    0    139      5    139      5    T1001TS224-D1.pdb:A  SCOP d1jyqa_
  251      0.6609       1.989       4.358     0.000   113    1    4           1    0    139      5    139      1    T1001TS224-D1.pdb:A  SCOP d1ba6a_
  252      0.6587   1.397e-07       3.499     0.000   112    2    5           1    0    139      5    137     10    T1001TS224-D1.pdb:A  SCOP d1zwka1
  253      0.6555      0.4127       4.451     0.000   105    2    3           1    0    139      5    121     10    T1001TS224-D1.pdb:A  SCOP d1xhfa1
  254      0.6545     0.06792       3.205     0.000   110    2    3           1    0    139      5    133      6    T1001TS224-D1.pdb:A  SCOP d1x51a1
  255      0.6518   0.0005097       4.059     0.000   111    2    4           1    0    139      5    136     10    T1001TS224-D1.pdb:A  SCOP d1gqja2
  256      0.6518   0.0005097       4.059     0.000   111    2    4           1    0    139      5    136     10    T1001TS224-D1.pdb:A  SCOP d1gqka2
  257      0.6492   4.822e-17       3.463     0.000   112    2    9           1    0    139      5    139      9    T1001TS224-D1.pdb:A  SCOP d1r29a_
  258      0.6492      0.5302       2.585     0.000   112    1    5           1    0    139      5    139      3    T1001TS224-D1.pdb:A  SCOP d1chla_
  259      0.6492      0.1434       4.495     0.000   112    2    4           1    0    139      5    139      5    T1001TS224-D1.pdb:A  SCOP d1wjba_
  260      0.6492      0.5739       3.879     0.000   112    2    5           1    0    139      5    139      5    T1001TS224-D1.pdb:A  SCOP d2orca_
  261      0.6492    0.007191       2.367     0.000   112    1    6           1    0    139      5    139      5    T1001TS224-D1.pdb:A  SCOP d1ijra_
  262      0.6492     0.01818       3.901     0.000   112    2    5           1    0    139      5    139      6    T1001TS224-D1.pdb:A  SCOP d1vyda_
  263      0.6492     0.01627       2.851     0.000   112    2    5           1    0    139      5    139      3    T1001TS224-D1.pdb:A  SCOP d1dei.1
  264      0.6492     0.05106       3.222     0.000   112    1    5           1    0    139      5    139      2    T1001TS224-D1.pdb:A  SCOP d1zwba_
  265      0.6492      0.5302       2.585     0.000   112    1    5           1    0    139      5    139      4    T1001TS224-D1.pdb:A  SCOP d1cir.1
  266      0.6492      0.8085       4.216     0.000   112    2    4           1    0    139      5    139      3    T1001TS224-D1.pdb:A  SCOP d1wjfa_
  267      0.6492       2.151       5.264     0.000   112    2    4           1    0    139      5    139      9    T1001TS224-D1.pdb:A  SCOP d1h7ma_
  268      0.6492     0.02241       2.922     0.000   112    2    4           1    0    139      5    139      3    T1001TS224-D1.pdb:A  SCOP d1qj0.1
  269      0.6492   4.013e-05       4.006     0.000   112    1    6           1    0    139      5    139      4    T1001TS224-D1.pdb:A  SCOP d1cmga_
  270      0.6492      0.1791       3.571     0.000   112    2    4           1    0    139      5    139      3    T1001TS224-D1.pdb:A  SCOP d4aiy.1
  271      0.6492      0.4086       2.367     0.000   112    1    5           1    0    139      5    139      4    T1001TS224-D1.pdb:A  SCOP d1omya_
  272      0.6492     0.01818       3.901     0.000   112    2    5           1    0    139      5    139      6    T1001TS224-D1.pdb:A  SCOP d1c2ra_
  273      0.6492        1.06       3.343     0.000   112    1    4           1    0    139      5    139      4    T1001TS224-D1.pdb:A  SCOP d1qn0a_
  274      0.6492    0.003663       2.597     0.000   112    2    4           1    0    139      5    139      3    T1001TS224-D1.pdb:A  SCOP d1t1k.1
  275      0.6492      0.7357       2.907     0.000   112    1    4           1    0    139      5    139      4    T1001TS224-D1.pdb:A  SCOP d1n7ta_
  276      0.6492   2.557e-07       2.523     0.000   112    1    5           1    0    139      5    139      3    T1001TS224-D1.pdb:A  SCOP d1du2a_
  277      0.6492      0.2739       4.166     0.000   112    2    4           1    0    139      5    139      4    T1001TS224-D1.pdb:A  SCOP d1e0ea_
  278      0.6492          -0  1.798e+308     0.000   112    1    6           1    0    139      5    139      2    T1001TS224-D1.pdb:A  SCOP d1r0na_
  279      0.6492          -0  1.798e+308     0.000   112    1    6           1    0    139      5    139      2    T1001TS224-D1.pdb:A  SCOP d1r0na_
  280      0.6492          -0  1.798e+308     0.000   112    1    6           1    0    139      5    139      2    T1001TS224-D1.pdb:A  SCOP d1r0na_
  281      0.6492      0.4086       2.367     0.000   112    1    5           1    0    139      5    139      2    T1001TS224-D1.pdb:A  SCOP d1p4qa_
  282      0.6492      0.2998       4.216     0.000   112    2    4           1    0    139      5    139      4    T1001TS224-D1.pdb:A  SCOP d1wjea_
  283      0.6492      0.1434       4.495     0.000   112    2    4           1    0    139      5    139      5    T1001TS224-D1.pdb:A  SCOP d1wjaa_
  284      0.6492    0.001143       2.436     0.000   112    2    5           1    0    139      5    139     10    T1001TS224-D1.pdb:A  SCOP d1erba_
  285      0.6492     0.03943       2.678     0.000   112    2    5           1    0    139      5    139      6    T1001TS224-D1.pdb:A  SCOP d1iqsa_
  286      0.6492      0.4639       4.517     0.000   112    2    4           1    0    139      5    139      4    T1001TS224-D1.pdb:A  SCOP d1wjca_
  287      0.6492      0.4086       2.367     0.000   112    1    5           1    0    139      5    139      4    T1001TS224-D1.pdb:A  SCOP d1nraa_
  288      0.6492      0.9371       3.283     0.000   112    1    5           1    0    139      5    139      4    T1001TS224-D1.pdb:A  SCOP d1moga_
  289      0.6492    0.001143       2.436     0.000   112    2    5           1    0    139      5    139     10    T1001TS224-D1.pdb:A  SCOP d1jyja_
  290      0.6492     0.05548       2.907     0.000   112    1    4           1    0    139      5    139      5    T1001TS224-D1.pdb:A  SCOP d1ab2a_
  291      0.6492      0.2985       3.669     0.000   112    1    4           1    0    139      5    139      4    T1001TS224-D1.pdb:A  SCOP d1fu6a_
  292      0.6492      0.1223       3.406     0.000   112    1    4           1    0    139      5    139      3    T1001TS224-D1.pdb:A  SCOP d6rlx.1
  293      0.6492    0.002815       2.181     0.000   112    1    5           1    0    139      5    139      2    T1001TS224-D1.pdb:A  SCOP d1htha_
  294      0.6492   9.638e-05       3.729     0.000   112    1    5           1    0    139      5    139      5    T1001TS224-D1.pdb:A  SCOP d1f0ma_
  295      0.6492      0.5302       2.585     0.000   112    1    5           1    0    139      5    139      1    T1001TS224-D1.pdb:A  SCOP d1t8ja_
  296      0.6492      0.4086       2.367     0.000   112    1    5           1    0    139      5    139      1    T1001TS224-D1.pdb:A  SCOP d1hcwa_
  297      0.6492      0.5201       2.679     0.000   112    1    5           1    0    139      5    139      5    T1001TS224-D1.pdb:A  SCOP d1fuwa_
  298      0.6492          -0       1.533     0.000   112    2    7           1    0    139      5    139      9    T1001TS224-D1.pdb:A  SCOP d1p8aa_
  299      0.6492      0.0249       2.679     0.000   112    1    5           1    0    139      5    139      2    T1001TS224-D1.pdb:A  SCOP d1ehsa_
  300      0.6492   0.0009981       3.363     0.000   112    2    4           1    0    139      5    139      7    T1001TS224-D1.pdb:A  SCOP d1j03a_
  301      0.6492     0.01627       2.851     0.000   112    2    5           1    0    139      5    139      3    T1001TS224-D1.pdb:A  SCOP d1t1p.1
  302      0.6492    0.006293       3.839     0.000   112    2    6           1    0    139      5    139      9    T1001TS224-D1.pdb:A  SCOP d1mzga_
  303      0.6492      0.6763       4.358     0.000   112    1    5           1    0    139      5    139      4    T1001TS224-D1.pdb:A  SCOP d1v87a_
  304      0.6492      0.2156       5.379     0.000   112    2    4           1    0    139      5    139     10    T1001TS224-D1.pdb:A  SCOP d1ns5a_
  305      0.6492          -0  1.798e+308     0.000   112    1    6           1    0    139      5    139      4    T1001TS224-D1.pdb:A  SCOP d1dk1a_
  306      0.6492          -0  1.798e+308     0.000   112    1    6           1    0    139      5    139      4    T1001TS224-D1.pdb:A  SCOP d1dk1a_
  307      0.6492          -0  1.798e+308     0.000   112    1    6           1    0    139      5    139      4    T1001TS224-D1.pdb:A  SCOP d1dk1a_
  308      0.6492          -0  1.798e+308     0.000   112    1    6           1    0    139      5    139      4    T1001TS224-D1.pdb:A  SCOP d1dk1a_
  309      0.6492          -0  1.798e+308     0.000   112    1    6           1    0    139      5    139      5    T1001TS224-D1.pdb:A  SCOP d1bv4a_
  310      0.6492          -0  1.798e+308     0.000   112    1    6           1    0    139      5    139      5    T1001TS224-D1.pdb:A  SCOP d1bv4a_
  311      0.6492      0.3441       2.357     0.000   112    1    5           1    0    139      5    139      3    T1001TS224-D1.pdb:A  SCOP d1lira_
  312      0.6492          -0  1.798e+308     0.000   112    1    6           1    0    139      5    139      5    T1001TS224-D1.pdb:A  SCOP d1bv4a_
  313      0.6492    0.009866       2.436     0.000   112    1    5           1    0    139      5    139      2    T1001TS224-D1.pdb:A  SCOP d1ibna_
  314      0.6492      0.4639       4.517     0.000   112    2    4           1    0    139      5    139      4    T1001TS224-D1.pdb:A  SCOP d1wjda_
  315      0.6492     0.01719       2.404     0.000   112    2    5           1    0    139      5    139      6    T1001TS224-D1.pdb:A  SCOP d1bcga_
  316      0.6492          -0  1.798e+308     0.000   112    1    5           1    0    139      5    139      2    T1001TS224-D1.pdb:A  SCOP d1ltja_
  317      0.6492          -0  1.798e+308     0.000   112    1    5           1    0    139      5    139      2    T1001TS224-D1.pdb:A  SCOP d1ltja_
  318      0.6492          -0  1.798e+308     0.000   112    1    5           1    0    139      5    139      2    T1001TS224-D1.pdb:A  SCOP d1ltja_
  319      0.6492          -0  1.798e+308     0.000   112    1    5           1    0    139      5    139      2    T1001TS224-D1.pdb:A  SCOP d1ltja_
  320      0.6492          -0  1.798e+308     0.000   112    1    5           1    0    139      5    139      2    T1001TS224-D1.pdb:A  SCOP d1ltja_
  321      0.6492          -0  1.798e+308     0.000   112    1    6           1    0    139      5    139      5    T1001TS224-D1.pdb:A  SCOP d1bv4a_
  322      0.6492      0.3175       2.181     0.000   112    1    5           1    0    139      5    139      1    T1001TS224-D1.pdb:A  SCOP d1m36a_
  323      0.6492          -0  1.798e+308     0.000   112    1    5           1    0    139      5    139      2    T1001TS224-D1.pdb:A  SCOP d1rf1a_
  324      0.6492    0.001143       2.436     0.000   112    2    5           1    0    139      5    139     10    T1001TS224-D1.pdb:A  SCOP d1hbpa_
  325      0.6492   1.446e-16       3.427     0.000   112    2    5           1    0    139      5    139      9    T1001TS224-D1.pdb:A  SCOP d2bzwa1
  326      0.6492    0.001143       2.436     0.000   112    2    5           1    0    139      5    139     10    T1001TS224-D1.pdb:A  SCOP d1kt5a_
  327      0.6492    0.001143       2.436     0.000   112    2    5           1    0    139      5    139     10    T1001TS224-D1.pdb:A  SCOP d1kt7a_
  328      0.6492          -0  1.798e+308     0.000   112    1    5           1    0    139      5    139      2    T1001TS224-D1.pdb:A  SCOP d1rf1a_
  329      0.6492      0.2564       3.581     0.000   112    1    5           1    0    139      5    139      4    T1001TS224-D1.pdb:A  SCOP d1rh6a_
  330      0.6492          -0  1.798e+308     0.000   112    1    5           1    0    139      5    139      2    T1001TS224-D1.pdb:A  SCOP d1rf1a_
  331      0.6492      0.2564       3.581     0.000   112    1    5           1    0    139      5    139      4    T1001TS224-D1.pdb:A  SCOP d1lx8a_
  332      0.6492          -0  1.798e+308     0.000   112    1    5           1    0    139      5    139      2    T1001TS224-D1.pdb:A  SCOP d1rf1a_
  333      0.6492          -0  1.798e+308     0.000   112    1    5           1    0    139      5    139      2    T1001TS224-D1.pdb:A  SCOP d1rf1a_
  334       0.647   3.586e-10        3.24     0.000   111    2    5           1    0    139      5    137     10    T1001TS224-D1.pdb:A  SCOP d1zwla1
  335      0.6447       1.352       3.851     0.000    97    2    3           1    0    139      5    105     10    T1001TS224-D1.pdb:A  SCOP d1b1za1
  336      0.6423   9.918e-10        3.24     0.000   111    2    5           1    0    139      5    138     10    T1001TS224-D1.pdb:A  SCOP d2a5la1
  337      0.6415      0.1465       3.931     0.000   106    2    4           1    0    139      5    126     10    T1001TS224-D1.pdb:A  SCOP d1t6ca1
  338      0.6401   0.0005097       4.059     0.000   110    2    4           1    0    139      5    136     10    T1001TS224-D1.pdb:A  SCOP d1gqla2
  339      0.6401   0.0005097       4.059     0.000   110    2    4           1    0    139      5    136     10    T1001TS224-D1.pdb:A  SCOP d1h41a2
  340      0.6401   0.0005097       4.059     0.000   110    2    4           1    0    139      5    136     10    T1001TS224-D1.pdb:A  SCOP d1gqia2
  341      0.6379     0.08311       4.295     0.000   109    2    3           1    0    139      5    134      9    T1001TS224-D1.pdb:A  SCOP d1okga1
  342      0.6377     1.5e-05       2.831     0.000   111    1    6           1    0    139      5    139      3    T1001TS224-D1.pdb:A  SCOP d1wsoa_
  343      0.6377       0.934       3.279     0.000   111    1    5           1    0    139      5    139      1    T1001TS224-D1.pdb:A  SCOP d1ljva_
  344      0.6377      0.8256       3.136     0.000   111    1    5           1    0    139      5    139      1    T1001TS224-D1.pdb:A  SCOP d1bbaa_
  345      0.6377       0.934       3.279     0.000   111    1    5           1    0    139      5    139      1    T1001TS224-D1.pdb:A  SCOP d2bf9a_
  346      0.6377    0.003663       2.597     0.000   111    2    5           1    0    139      5    139      3    T1001TS224-D1.pdb:A  SCOP d1sjt.1
  347      0.6377       0.934       3.279     0.000   111    1    5           1    0    139      5    139      1    T1001TS224-D1.pdb:A  SCOP d1ppta_
  348      0.6377      0.3365       2.221     0.000   111    1    5           1    0    139      5    139      1    T1001TS224-D1.pdb:A  SCOP d1znfa_
  349      0.6377       0.934       3.279     0.000   111    1    5           1    0    139      5    139      1    T1001TS224-D1.pdb:A  SCOP d1ru5a_
  350      0.6377    0.003663       2.597     0.000   111    2    5           1    0    139      5    139      3    T1001TS224-D1.pdb:A  SCOP d5aiy.1
  351      0.6377     1.5e-05       2.831     0.000   111    1    4           1    0    139      5    139      3    T1001TS224-D1.pdb:A  SCOP d1hui.1
  352      0.6377          -0       2.426     0.000   111    2    6           1    0    139      5    139      5    T1001TS224-D1.pdb:A  SCOP d1io3a_
  353      0.6377          -0  1.798e+308     0.000   111    1    5           1    0    139      5    139      2    T1001TS224-D1.pdb:A  SCOP d1fzfa_
  354      0.6377    0.003663       2.597     0.000   111    2    5           1    0    139      5    139      3    T1001TS224-D1.pdb:A  SCOP d1g7a.1
  355      0.6377     0.03123           3     0.000   111    2    4           1    0    139      5    139      3    T1001TS224-D1.pdb:A  SCOP d2ins.1
  356      0.6377    0.003663       2.597     0.000   111    2    5           1    0    139      5    139      3    T1001TS224-D1.pdb:A  SCOP d1bph.1
  357      0.6377       2.044       5.838     0.000   111    3    4           1    0    139      5    139     11    T1001TS224-D1.pdb:A  SCOP d1tf1a_
  358      0.6377    0.003663       2.597     0.000   111    2    5           1    0    139      5    139      3    T1001TS224-D1.pdb:A  SCOP d1dph.1
  359      0.6377    0.003663       2.597     0.000   111    2    5           1    0    139      5    139      3    T1001TS224-D1.pdb:A  SCOP d1cph.1
  360      0.6377    0.003663       2.597     0.000   111    2    5           1    0    139      5    139      3    T1001TS224-D1.pdb:A  SCOP d1pid.1
  361      0.6377      0.2474       4.694     0.000   111    2    5           1    0    139      5    139      8    T1001TS224-D1.pdb:A  SCOP d1jfva_
  362      0.6377     0.02999       4.694     0.000   111    2    5           1    0    139      5    139      9    T1001TS224-D1.pdb:A  SCOP d1ljla_
  363      0.6377     0.08563       4.231     0.000   111    2    5           1    0    139      5    139      9    T1001TS224-D1.pdb:A  SCOP d1lk0a_
  364      0.6377       0.034       3.958     0.000   111    2    5           1    0    139      5    139      8    T1001TS224-D1.pdb:A  SCOP d1ljua_
  365      0.6377    0.002846       4.295     0.000   111    2    5           1    0    139      5    139     10    T1001TS224-D1.pdb:A  SCOP d1to0a_
  366      0.6377      0.1848       4.602     0.000   111    2    5           1    0    139      5    139      9    T1001TS224-D1.pdb:A  SCOP d1xyva_
  367      0.6377      0.1848       4.602     0.000   111    2    5           1    0    139      5    139      9    T1001TS224-D1.pdb:A  SCOP d1xt6a_
  368      0.6377          -0  1.798e+308     0.000   111    1    6           1    0    139      5    139      4    T1001TS224-D1.pdb:A  SCOP d1a6ya_
  369      0.6377          -0  1.798e+308     0.000   111    1    6           1    0    139      5    139      4    T1001TS224-D1.pdb:A  SCOP d1a6ya_
  370      0.6377          -0  1.798e+308     0.000   111    1    6           1    0    139      5    139      4    T1001TS224-D1.pdb:A  SCOP d1a6ya_
  371      0.6377          -0  1.798e+308     0.000   111    1    6           1    0    139      5    139      4    T1001TS224-D1.pdb:A  SCOP d1a6ya_
  372      0.6377      0.1444       4.495     0.000   111    2    5           1    0    139      5    139      9    T1001TS224-D1.pdb:A  SCOP d5fx2a_
  373      0.6377      0.1528       4.524     0.000   111    2    5           1    0    139      5    139     10    T1001TS224-D1.pdb:A  SCOP d1qhea_
  374      0.6377     0.09196       4.324     0.000   111    2    5           1    0    139      5    139      9    T1001TS224-D1.pdb:A  SCOP d1c7ea_
  375      0.6377     0.06671       4.224     0.000   111    2    5           1    0    139      5    139      9    T1001TS224-D1.pdb:A  SCOP d1fx1a_
  376      0.6377       1.926       4.296     0.000   111    1    4           1    0    139      5    139      1    T1001TS224-D1.pdb:A  SCOP d1myua_
  377      0.6377   1.954e-06       3.588     0.000   111    2    7           1    0    139      5    139      7    T1001TS224-D1.pdb:A  SCOP d1d9sa_
  378      0.6377   4.616e-09       4.327     0.000   111    1    4           1    0    139      5    139      5    T1001TS224-D1.pdb:A  SCOP d1pnb.1
  379      0.6377   4.616e-09       4.327     0.000   111    1    4           1    0    139      5    139      5    T1001TS224-D1.pdb:A  SCOP d1pnb.1
  380      0.6377   4.616e-09       4.327     0.000   111    1    4           1    0    139      5    139      5    T1001TS224-D1.pdb:A  SCOP d1pnb.1
  381      0.6377     0.03123           3     0.000   111    2    4           1    0    139      5    139      3    T1001TS224-D1.pdb:A  SCOP d1os4.1
  382      0.6377    0.003663       2.597     0.000   111    1    5           1    0    139      5    139      3    T1001TS224-D1.pdb:A  SCOP d1b9e.1
  383      0.6377    0.003663       2.597     0.000   111    2    5           1    0    139      5    139      3    T1001TS224-D1.pdb:A  SCOP d1b9e.1
  384      0.6377    0.003663       2.597     0.000   111    2    5           1    0    139      5    139      3    T1001TS224-D1.pdb:A  SCOP d1qiy.1
  385      0.6377      0.4848        4.55     0.000   111    2    6           1    0    139      5    139      8    T1001TS224-D1.pdb:A  SCOP d1puxa_
  386      0.6377    0.002748       4.259     0.000   111    2    5           1    0    139      5    139      5    T1001TS224-D1.pdb:A  SCOP d1c2na_
  387      0.6377     0.03123           3     0.000   111    2    4           1    0    139      5    139      3    T1001TS224-D1.pdb:A  SCOP d1os3.1
  388      0.6377    0.005963        2.67     0.000   111    2    4           1    0    139      5    139      3    T1001TS224-D1.pdb:A  SCOP d1ev6.1
  389      0.6377    2.83e-06       3.222     0.000   111    1    4           1    0    139      5    139      3    T1001TS224-D1.pdb:A  SCOP d1xda.1
  390      0.6377    0.005936        2.67     0.000   111    2    4           1    0    139      5    139      3    T1001TS224-D1.pdb:A  SCOP d1xda.1
  391      0.6377    0.003663       2.597     0.000   111    2    5           1    0    139      5    139      3    T1001TS224-D1.pdb:A  SCOP d1guj.1
  392      0.6377          -0  1.798e+308     0.000   111    1    5           1    0    139      5    139      2    T1001TS224-D1.pdb:A  SCOP d1n86a_
  393      0.6377          -0  1.798e+308     0.000   111    1    5           1    0    139      5    139      2    T1001TS224-D1.pdb:A  SCOP d1n86a_
  394      0.6377          -0  1.798e+308     0.000   111    1    5           1    0    139      5    139      2    T1001TS224-D1.pdb:A  SCOP d1n86a_
  395      0.6377          -0  1.798e+308     0.000   111    1    5           1    0    139      5    139      2    T1001TS224-D1.pdb:A  SCOP d1n86a_
  396      0.6377       0.463       3.979     0.000   111    1    4           1    0    139      5    139      5    T1001TS224-D1.pdb:A  SCOP d1o4na_
  397      0.6377       0.903       5.713     0.000   111    1    4           1    0    139      5    139      5    T1001TS224-D1.pdb:A  SCOP d1o4ba_
  398      0.6377    0.005936        2.67     0.000   111    2    4           1    0    139      5    139      3    T1001TS224-D1.pdb:A  SCOP d1zeg.1
  399      0.6377      0.5813        2.67     0.000   111    1    5           1    0    139      5    139      5    T1001TS224-D1.pdb:A  SCOP d1aida_
  400      0.6377      0.3047       3.406     0.000   111    2    5           1    0    139      5    139      3    T1001TS224-D1.pdb:A  SCOP d1ha8a_
  401      0.6377       3.572       5.713     0.000   111    1    4           1    0    139      5    139      1    T1001TS224-D1.pdb:A  SCOP d1kz2a_
  402      0.6377      0.4242       2.396     0.000   111    1    5           1    0    139      5    139      5    T1001TS224-D1.pdb:A  SCOP d1rpia_
  403      0.6377      0.5078       2.547     0.000   111    1    4           1    0    139      5    139      1    T1001TS224-D1.pdb:A  SCOP d1rg4a_
  404      0.6377       1.926       4.296     0.000   111    1    4           1    0    139      5    139      2    T1001TS224-D1.pdb:A  SCOP d1hu6a_
  405      0.6377    0.003663       2.597     0.000   111    2    5           1    0    139      5    139      3    T1001TS224-D1.pdb:A  SCOP d1sdb.1
  406      0.6377       0.934       3.279     0.000   111    1    5           1    0    139      5    139      5    T1001TS224-D1.pdb:A  SCOP d1n9ja_
  407      0.6377    0.003663       2.597     0.000   111    2    5           1    0    139      5    139      3    T1001TS224-D1.pdb:A  SCOP d9ins.1
  408      0.6377      0.6844       2.831     0.000   111    1    4           1    0    139      5    139      1    T1001TS224-D1.pdb:A  SCOP d1g2ga_
  409      0.6377      0.4331       2.528     0.000   111    1    5           1    0    139      5    139      1    T1001TS224-D1.pdb:A  SCOP d1wn4a_
  410      0.6377      0.4242       2.396     0.000   111    1    5           1    0    139      5    139      5    T1001TS224-D1.pdb:A  SCOP d4hvpa_
  411      0.6377      0.6844       2.831     0.000   111    1    4           1    0    139      5    139      4    T1001TS224-D1.pdb:A  SCOP d1e4ta_
  412      0.6377       1.256       3.581     0.000   111    1    4           1    0    139      5    139      4    T1001TS224-D1.pdb:A  SCOP d1fd4a_
  413      0.6377      0.1983       2.016     0.000   111    1    6           1    0    139      5    139      1    T1001TS224-D1.pdb:A  SCOP d1s5qa_
  414      0.6377       1.256       3.581     0.000   111    1    4           1    0    139      5    139      4    T1001TS224-D1.pdb:A  SCOP d1fd3a_
  415      0.6377      0.4242       2.396     0.000   111    1    5           1    0    139      5    139      5    T1001TS224-D1.pdb:A  SCOP d1fb7a_
  416      0.6377          -0       2.113     0.000   111    2    7           1    0    139      5    139      5    T1001TS224-D1.pdb:A  SCOP d1m60a_
  417      0.6377   0.0005052       3.722     0.000   111    2    7           1    0    139      5    139      7    T1001TS224-D1.pdb:A  SCOP d1vk5a_
  418      0.6377     0.03123           3     0.000   111    2    4           1    0    139      5    139      3    T1001TS224-D1.pdb:A  SCOP d3ins.1
  419      0.6377     0.03123           3     0.000   111    2    4           1    0    139      5    139      3    T1001TS224-D1.pdb:A  SCOP d4ins.1
  420      0.6377      0.4242       2.396     0.000   111    1    5           1    0    139      5    139      5    T1001TS224-D1.pdb:A  SCOP d1idaa_
  421      0.6377      0.1983       2.016     0.000   111    1    6           1    0    139      5    139      5    T1001TS224-D1.pdb:A  SCOP d1lkna_
  422      0.6377      0.4242       2.396     0.000   111    1    5           1    0    139      5    139      5    T1001TS224-D1.pdb:A  SCOP d2hpea_
  423      0.6377      0.4242       2.396     0.000   111    1    5           1    0    139      5    139      5    T1001TS224-D1.pdb:A  SCOP d4upja_
  424      0.6377      0.4242       2.396     0.000   111    1    5           1    0    139      5    139      5    T1001TS224-D1.pdb:A  SCOP d1hiia_
  425      0.6377      0.4242       2.396     0.000   111    1    5           1    0    139      5    139      5    T1001TS224-D1.pdb:A  SCOP d1idba_
  426      0.6377      0.4242       2.396     0.000   111    1    5           1    0    139      5    139      5    T1001TS224-D1.pdb:A  SCOP d5upja_
  427      0.6377      0.4242       2.396     0.000   111    1    5           1    0    139      5    139      5    T1001TS224-D1.pdb:A  SCOP d2mipa_
  428      0.6377      0.5813        2.67     0.000   111    1    5           1    0    139      5    139      5    T1001TS224-D1.pdb:A  SCOP d2aida_
  429      0.6377       3.572       5.713     0.000   111    1    4           1    0    139      5    139      1    T1001TS224-D1.pdb:A  SCOP d1mf6a_
  430      0.6377   0.0002015       3.581     0.000   111    2    4           1    0    139      5    139      3    T1001TS224-D1.pdb:A  SCOP d6rlx.1
  431      0.6377      0.6871       3.057     0.000   111    2    5           1    0    139      5    139      2    T1001TS224-D1.pdb:A  SCOP d1ctaa_
  432      0.6377          -0  1.798e+308     0.000   111    1    6           1    0    139      5    139      5    T1001TS224-D1.pdb:A  SCOP d2msta_
  433      0.6377   0.0002038       3.581     0.000   111    1    4           1    0    139      5    139      3    T1001TS224-D1.pdb:A  SCOP d1wav.1
  434      0.6377          -0  1.798e+308     0.000   111    1    6           1    0    139      5    139      5    T1001TS224-D1.pdb:A  SCOP d2msta_
  435      0.6377          -0  1.798e+308     0.000   111    1    6           1    0    139      5    139      5    T1001TS224-D1.pdb:A  SCOP d2msta_
  436      0.6377      0.2144       3.212     0.000   111    1    5           1    0    139      5    139      3    T1001TS224-D1.pdb:A  SCOP d1tnsa_
  437      0.6377          -0  1.798e+308     0.000   111    1    6           1    0    139      5    139      5    T1001TS224-D1.pdb:A  SCOP d2mssa_
  438      0.6377       1.561       3.922     0.000   111    1    4           1    0    139      5    139      1    T1001TS224-D1.pdb:A  SCOP d1qcma_
  439      0.6377     0.03123           3     0.000   111    2    4           1    0    139      5    139      3    T1001TS224-D1.pdb:A  SCOP d1wav.1
  440      0.6377          -0  1.798e+308     0.000   111    1    6           1    0    139      5    139      5    T1001TS224-D1.pdb:A  SCOP d2mssa_
  441      0.6377      0.2481       2.313     0.000   111    2    5           1    0    139      5    139      7    T1001TS224-D1.pdb:A  SCOP d1ewia_
  442      0.6377   5.357e-11      0.7811     0.000   111    1    6           1    0    139      5    139      5    T1001TS224-D1.pdb:A  SCOP d1kn6a_
  443      0.6377          -0  1.798e+308     0.000   111    1    6           1    0    139      5    139      5    T1001TS224-D1.pdb:A  SCOP d2mssa_
  444      0.6377     0.03123           3     0.000   111    2    4           1    0    139      5    139      3    T1001TS224-D1.pdb:A  SCOP d1mpj.1
  445      0.6377      0.4242       2.396     0.000   111    1    5           1    0    139      5    139      5    T1001TS224-D1.pdb:A  SCOP d1qbra_
  446      0.6377     0.03123           3     0.000   111    2    4           1    0    139      5    139      3    T1001TS224-D1.pdb:A  SCOP d1izb.1
  447      0.6377      0.4242       2.396     0.000   111    1    5           1    0    139      5    139      5    T1001TS224-D1.pdb:A  SCOP d1odxa_
  448      0.6377     0.07388       1.782     0.000   111    2    5           1    0    139      5    139      7    T1001TS224-D1.pdb:A  SCOP d1frra_
  449      0.6377    0.005936        2.67     0.000   111    2    4           1    0    139      5    139      3    T1001TS224-D1.pdb:A  SCOP d2tci.1
  450      0.6377      0.6207        2.84     0.000   111    1    5           1    0    139      5    139      1    T1001TS224-D1.pdb:A  SCOP d1pjea_
  451      0.6377    0.003663       2.597     0.000   111    2    5           1    0    139      5    139      3    T1001TS224-D1.pdb:A  SCOP d1b2f.1
  452      0.6377      0.0122       2.484     0.000   111    1    5           1    0    139      5    139      3    T1001TS224-D1.pdb:A  SCOP d1rooa_
  453      0.6377    0.003663       2.597     0.000   111    2    5           1    0    139      5    139      3    T1001TS224-D1.pdb:A  SCOP d1b2g.1
  454      0.6377      0.4242       2.396     0.000   111    1    5           1    0    139      5    139      5    T1001TS224-D1.pdb:A  SCOP d1hsha_
  455      0.6377      0.9647       3.222     0.000   111    1    4           1    0    139      5    139      1    T1001TS224-D1.pdb:A  SCOP d1kz5a_
  456      0.6377      0.1983       2.016     0.000   111    1    6           1    0    139      5    139      3    T1001TS224-D1.pdb:A  SCOP d1hp2a_
  457      0.6377   0.0009525       3.449     0.000   111    2    5           1    0    139      5    139      5    T1001TS224-D1.pdb:A  SCOP d1d8ba_
  458      0.6377      0.4242       2.396     0.000   111    1    5           1    0    139      5    139      5    T1001TS224-D1.pdb:A  SCOP d1ivpa_
  459      0.6377      0.4242       2.396     0.000   111    1    5           1    0    139      5    139      5    T1001TS224-D1.pdb:A  SCOP d1tcwa_
  460      0.6377   6.789e-12        3.74     0.000   111    1    6           1    0    139      5    139      5    T1001TS224-D1.pdb:A  SCOP d1sq8a_
  461      0.6377       3.572       5.713     0.000   111    1    4           1    0    139      5    139      2    T1001TS224-D1.pdb:A  SCOP d1rija_
  462      0.6377      0.1983       2.016     0.000   111    1    6           1    0    139      5    139      4    T1001TS224-D1.pdb:A  SCOP d1biga_
  463      0.6377      0.5813        2.67     0.000   111    1    5           1    0    139      5    139      5    T1001TS224-D1.pdb:A  SCOP d1az5a_
  464      0.6377      0.4722       2.484     0.000   111    1    5           1    0    139      5    139      3    T1001TS224-D1.pdb:A  SCOP d1bkta_
  465      0.6377      0.3365       2.221     0.000   111    1    5           1    0    139      5    139      5    T1001TS224-D1.pdb:A  SCOP d1knea_
  466      0.6377      0.8225       4.979     0.000   111    1    5           1    0    139      5    139      5    T1001TS224-D1.pdb:A  SCOP d1gdva_
  467      0.6377      0.2349        2.29     0.000   111    2    3           1    0    139      5    139      8    T1001TS224-D1.pdb:A  SCOP d1r94a_
  468      0.6377      0.3365       2.221     0.000   111    1    5           1    0    139      5    139      4    T1001TS224-D1.pdb:A  SCOP d1j5ja_
  469      0.6377      0.5813        2.67     0.000   111    1    5           1    0    139      5    139      5    T1001TS224-D1.pdb:A  SCOP d1ytia_
  470      0.6377      0.5813        2.67     0.000   111    1    5           1    0    139      5    139      5    T1001TS224-D1.pdb:A  SCOP d2sama_
  471      0.6377          -0       3.607     0.000   111    2    9           1    0    139      5    139     10    T1001TS224-D1.pdb:A  SCOP d1r28a_
  472      0.6377      0.5813        2.67     0.000   111    1    5           1    0    139      5    139      5    T1001TS224-D1.pdb:A  SCOP d1ytja_
  473      0.6377      0.1983       2.016     0.000   111    1    6           1    0    139      5    139      3    T1001TS224-D1.pdb:A  SCOP d2ptaa_
  474      0.6377      0.1983       2.016     0.000   111    1    6           1    0    139      5    139      3    T1001TS224-D1.pdb:A  SCOP d1n8ma_
  475      0.6377      0.6844       2.831     0.000   111    1    4           1    0    139      5    139      3    T1001TS224-D1.pdb:A  SCOP d1du9a_
  476      0.6377      0.4722       3.714     0.000   111    2    5           1    0    139      5    139      6    T1001TS224-D1.pdb:A  SCOP d6croa_
  477      0.6377       1.926       4.296     0.000   111    1    4           1    0    139      5    139      1    T1001TS224-D1.pdb:A  SCOP d1d7na_
  478      0.6377      0.2349        2.29     0.000   111    2    3           1    0    139      5    139      8    T1001TS224-D1.pdb:A  SCOP d1r95a_
  479      0.6377      0.4242       2.396     0.000   111    1    5           1    0    139      5    139      5    T1001TS224-D1.pdb:A  SCOP d1jlda_
  480      0.6354    1.03e-11        3.12     0.000   110    2    5           1    0    139      5    137     10    T1001TS224-D1.pdb:A  SCOP d1zwla1
  481      0.6352    0.006467       1.201     0.000    99    2    4           1    0    139      5    111      8    T1001TS224-D1.pdb:A  SCOP d1sxta1
  482      0.6308   3.225e-13       2.979     0.000   110    2    6           1    0    139      5    138     10    T1001TS224-D1.pdb:A  SCOP d2a5la1
  483      0.6263   0.0004849       2.336     0.000   110    2    5           1    0    139      5    139      3    T1001TS224-D1.pdb:A  SCOP d1b2d.1
  484      0.6263       0.881       4.352     0.000   110    2    4           1    0    139      5    139      8    T1001TS224-D1.pdb:A  SCOP d1m1qa_
  485      0.6263      0.3489       2.367     0.000   110    1    5           1    0    139      5    139      1    T1001TS224-D1.pdb:A  SCOP d1txma_
  486      0.6263   0.0008094       2.382     0.000   110    1    5           1    0    139      5    139      4    T1001TS224-D1.pdb:A  SCOP d1wgma_
  487      0.6263     0.07124       2.844     0.000   110    2    4           1    0    139      5    139      9    T1001TS224-D1.pdb:A  SCOP d1kpea_
  488      0.6263   0.0004849       2.336     0.000   110    2    5           1    0    139      5    139      3    T1001TS224-D1.pdb:A  SCOP d1b18.1
  489      0.6263   0.0004849       2.336     0.000   110    2    5           1    0    139      5    139      3    T1001TS224-D1.pdb:A  SCOP d1ben.1
  490      0.6263   0.0004849       2.336     0.000   110    2    5           1    0    139      5    139      3    T1001TS224-D1.pdb:A  SCOP d1g7b.1
  491      0.6263      0.1444       4.495     0.000   110    2    5           1    0    139      5    139      9    T1001TS224-D1.pdb:A  SCOP d1akra_
  492      0.6263      0.3595       2.794     0.000   110    2    4           1    0    139      5    139      8    T1001TS224-D1.pdb:A  SCOP d1kpba_
  493      0.6263   0.0004849       2.336     0.000   110    2    5           1    0    139      5    139      3    T1001TS224-D1.pdb:A  SCOP d1j73.1
  494      0.6263   0.0004849       2.336     0.000   110    2    5           1    0    139      5    139      3    T1001TS224-D1.pdb:A  SCOP d1lph.1
