<html><head></head><body><pre style="word-wrap: break-word; white-space: pre-wrap;"> PDBe Fold v2.59. (src3) 14 Apr 2014 result file.

                   RESULT SUMMARY

   ##      Q-score      P-score     Z-score   RMSD    Nalgn Nsse Ngaps Seq-%     Nmd Nres-Q Nsse-Q Nres-T Nsse-T Query Target
    1       0.848       1.941       4.658     0.000   128    2    4           1    0    139      6    139      9    T1001TS145-D1.pdb:A  SCOP d1hh1a_
    2      0.8408       1.815       5.381     0.000   127    2    3           1    0    139      6    138      8    T1001TS145-D1.pdb:A  SCOP d2f0ra1
    3      0.8348       3.019       5.275     0.000   127    2    3           1    0    139      6    139      9    T1001TS145-D1.pdb:A  SCOP d1t17a_
    4      0.8217       1.413       5.137     0.000   126    2    4           1    0    139      6    139      8    T1001TS145-D1.pdb:A  SCOP d1xn6a_
    5      0.8217       1.262       5.213     0.000   126    2    4           1    0    139      6    139     10    T1001TS145-D1.pdb:A  SCOP d1z94a1
    6      0.8217      0.7278       5.902     0.000   126    2    6           1    0    139      6    139      7    T1001TS145-D1.pdb:A  SCOP d1ddba_
    7      0.7704      0.1044        4.31     0.000   122    2    5           1    0    139      6    139      8    T1001TS145-D1.pdb:A  SCOP d1s1qa_
    8      0.7704      0.5782       4.338     0.000   122    2    5           1    0    139      6    139      6    T1001TS145-D1.pdb:A  SCOP d1m4pa_
    9      0.7704       1.061       5.006     0.000   122    2    4           1    0    139      6    139     10    T1001TS145-D1.pdb:A  SCOP d1kuha_
   10      0.7704      0.2218       4.631     0.000   122    2    5           1    0    139      6    139      8    T1001TS145-D1.pdb:A  SCOP d1kpqa_
   11      0.7578       1.203       4.872     0.000   121    2    4           1    0    139      6    139     10    T1001TS145-D1.pdb:A  SCOP d1c7ka_
   12      0.7578      0.3729       5.452     0.000   121    3    3           1    0    139      6    139     12    T1001TS145-D1.pdb:A  SCOP d2hrua1
   13      0.7578      0.3729       5.452     0.000   121    3    3           1    0    139      6    139     12    T1001TS145-D1.pdb:A  SCOP d2hs4a1
   14      0.7578      0.1044        4.31     0.000   121    2    5           1    0    139      6    139      9    T1001TS145-D1.pdb:A  SCOP d1kppa_
   15      0.7578      0.3729       5.452     0.000   121    3    3           1    0    139      6    139     12    T1001TS145-D1.pdb:A  SCOP d2hs0a1
   16      0.7578       1.053       4.687     0.000   121    2    5           1    0    139      6    139     10    T1001TS145-D1.pdb:A  SCOP d1icxa_
   17      0.7578      0.4147       4.774     0.000   121    2    4           1    0    139      6    139     10    T1001TS145-D1.pdb:A  SCOP d1sgla_
   18      0.7578      0.5146       4.238     0.000   121    2    5           1    0    139      6    139      8    T1001TS145-D1.pdb:A  SCOP d1m4qa_
   19      0.7578     0.08841       5.015     0.000   121    3    7           1    0    139      6    139     14    T1001TS145-D1.pdb:A  SCOP d1g63a_
   20      0.7453      0.3083       5.345     0.000   120    3    4           1    0    139      6    139     12    T1001TS145-D1.pdb:A  SCOP d2hrya1
   21      0.7453      0.3729       5.452     0.000   120    3    3           1    0    139      6    139     12    T1001TS145-D1.pdb:A  SCOP d2hs3a1
   22      0.7453       2.681       6.611     0.000   120    2    3           1    0    139      6    139      8    T1001TS145-D1.pdb:A  SCOP d1myoa_
   23      0.7453      0.3083       5.345     0.000   120    3    4           1    0    139      6    139     12    T1001TS145-D1.pdb:A  SCOP d1vk3a1
   24      0.7366     0.08352       5.088     0.000   118    2    4           1    0    139      6    136      9    T1001TS145-D1.pdb:A  SCOP d1clia1
   25      0.7329      0.8157       4.367     0.000   119    2    5           1    0    139      6    139     10    T1001TS145-D1.pdb:A  SCOP d1qmra_
   26      0.7329          -0  1.798e+308     0.000   119    2    6           1    0    139      6    139      7    T1001TS145-D1.pdb:A  SCOP d1ocua_
   27      0.7329      0.8157       4.367     0.000   119    2    5           1    0    139      6    139     10    T1001TS145-D1.pdb:A  SCOP d1llta_
   28      0.7329      0.8157       4.367     0.000   119    2    5           1    0    139      6    139     10    T1001TS145-D1.pdb:A  SCOP d1b6fa_
   29      0.7329      0.8157       4.367     0.000   119    2    5           1    0    139      6    139      9    T1001TS145-D1.pdb:A  SCOP d1fska_
   30      0.7329      0.8157       4.367     0.000   119    2    5           1    0    139      6    139     10    T1001TS145-D1.pdb:A  SCOP d1bv1a_
   31      0.7207    0.003379       4.281     0.000   118    2    6           1    0    139      6    139     10    T1001TS145-D1.pdb:A  SCOP d1jl3a_
   32      0.7207       2.065       6.364     0.000   118    2    3           1    0    139      6    139      8    T1001TS145-D1.pdb:A  SCOP d2myoa_
   33      0.7207    3.78e-07       4.864     0.000   118    2    7           1    0    139      6    139      8    T1001TS145-D1.pdb:A  SCOP d2bida_
   34      0.7207          -0       3.034     0.000   118    2    5           1    0    139      6    139      9    T1001TS145-D1.pdb:A  SCOP d2bzwa1
   35      0.7123    0.005495       3.334     0.000   109    2    3           1    0    139      6    120      9    T1001TS145-D1.pdb:A  SCOP d1xa6a2
   36      0.7085     0.05103       4.133     0.000   117    2    5           1    0    139      6    139      7    T1001TS145-D1.pdb:A  SCOP d1pq1a_
   37      0.7066     0.08595       4.281     0.000   116    2    6           1    0    139      6    137      9    T1001TS145-D1.pdb:A  SCOP d1z2ea1
   38      0.6964      0.8242       4.238     0.000   116    2    3           1    0    139      6    139      9    T1001TS145-D1.pdb:A  SCOP d1onca_
   39      0.6964     0.02177       3.219     0.000   116    2    4           1    0    139      6    139      4    T1001TS145-D1.pdb:A  SCOP d1rhxa_
   40      0.6964       2.796       5.372     0.000   116    2    3           1    0    139      6    139      2    T1001TS145-D1.pdb:A  SCOP d1rqta_
   41      0.6964        2.17       4.843     0.000   116    2    3           1    0    139      6    139      2    T1001TS145-D1.pdb:A  SCOP d1l4ta_
   42      0.6964       1.293       3.994     0.000   116    2    3           1    0    139      6    139      2    T1001TS145-D1.pdb:A  SCOP d1bzka_
   43      0.6964      0.8242       4.238     0.000   116    2    3           1    0    139      6    139      9    T1001TS145-D1.pdb:A  SCOP d1m07a_
   44      0.6964      0.8242       4.238     0.000   116    2    3           1    0    139      6    139      9    T1001TS145-D1.pdb:A  SCOP d1km8a_
   45      0.6964      0.8242       4.238     0.000   116    2    3           1    0    139      6    139      9    T1001TS145-D1.pdb:A  SCOP d1km9a_
   46      0.6964       3.136       5.641     0.000   116    2    3           1    0    139      6    139      2    T1001TS145-D1.pdb:A  SCOP d1zwga_
   47      0.6964       1.434       4.517     0.000   116    2    3           1    0    139      6    139      3    T1001TS145-D1.pdb:A  SCOP d1zwfa_
   48      0.6964      0.3032       5.137     0.000   116    2    3           1    0    139      6    139      5    T1001TS145-D1.pdb:A  SCOP d1pnb.1
   49      0.6964      0.9545       4.417     0.000   116    2    3           1    0    139      6    139      9    T1001TS145-D1.pdb:A  SCOP d1wjxa_
   50      0.6964       1.593       4.302     0.000   116    2    3           1    0    139      6    139      2    T1001TS145-D1.pdb:A  SCOP d1fvya_
   51      0.6964       1.113       3.578     0.000   116    2    3           1    0    139      6    139      2    T1001TS145-D1.pdb:A  SCOP d1hp9a_
   52      0.6964       1.957       4.467     0.000   116    2    3           1    0    139      6    139      2    T1001TS145-D1.pdb:A  SCOP d1g92a_
   53       0.685       1.547       5.166     0.000   106    2    3           1    0    139      6    118      9    T1001TS145-D1.pdb:A  SCOP d1r7ma1
   54      0.6845       1.035       4.517     0.000   115    2    4           1    0    139      6    139      9    T1001TS145-D1.pdb:A  SCOP d1m58a_
   55      0.6845   8.761e-05       2.815     0.000   115    2    6           1    0    139      6    139      9    T1001TS145-D1.pdb:A  SCOP d1jb3a_
   56      0.6845      0.3259       4.297     0.000   115    2    5           1    0    139      6    139      5    T1001TS145-D1.pdb:A  SCOP d1io3a_
   57      0.6845      0.8242       4.238     0.000   115    2    4           1    0    139      6    139      9    T1001TS145-D1.pdb:A  SCOP d1pu3a_
   58      0.6845       0.278       4.215     0.000   115    2    5           1    0    139      6    139      5    T1001TS145-D1.pdb:A  SCOP d1lc2a_
   59      0.6845      0.4722       3.714     0.000   115    2    4           1    0    139      6    139      6    T1001TS145-D1.pdb:A  SCOP d1orca_
   60      0.6845    0.006079       3.348     0.000   115    2    5           1    0    139      6    139      8    T1001TS145-D1.pdb:A  SCOP d1x9aa_
   61      0.6845       1.294       4.836     0.000   115    2    4           1    0    139      6    139      9    T1001TS145-D1.pdb:A  SCOP d1bc4a_
   62      0.6726          -0       4.381     0.000   114    3    5           1    0    139      6    139     15    T1001TS145-D1.pdb:A  SCOP d1ggpa_
   63      0.6726       0.278       4.215     0.000   114    2    5           1    0    139      6    139      5    T1001TS145-D1.pdb:A  SCOP d1co6a_
   64      0.6726     0.02243       3.326     0.000   114    2    6           1    0    139      6    139      9    T1001TS145-D1.pdb:A  SCOP d1bfxa_
   65      0.6726       1.311       5.524     0.000   114    2    4           1    0    139      6    139      9    T1001TS145-D1.pdb:A  SCOP d1jf8a_
   66      0.6726        0.92       4.367     0.000   114    2    5           1    0    139      6    139      3    T1001TS145-D1.pdb:A  SCOP d1dv0a_
   67      0.6726      0.2359       3.262     0.000   114    2    4           1    0    139      6    139      3    T1001TS145-D1.pdb:A  SCOP d1hui.1
   68      0.6726      0.1791       3.571     0.000   114    2    5           1    0    139      6    139      3    T1001TS145-D1.pdb:A  SCOP d1mhi.1
   69      0.6726      0.2621       3.765     0.000   114    2    4           1    0    139      6    139      3    T1001TS145-D1.pdb:A  SCOP d1mhj.1
   70      0.6609          -0       2.098     0.000   113    2    5           1    0    139      6    139      7    T1001TS145-D1.pdb:A  SCOP d1r2ga_
   71      0.6609   0.0001439       2.399     0.000   113    3    5           1    0    139      6    139      9    T1001TS145-D1.pdb:A  SCOP d1q8xa_
   72      0.6609   2.679e-05        2.37     0.000   113    3    5           1    0    139      6    139      9    T1001TS145-D1.pdb:A  SCOP d1q8ga_
   73      0.6609   1.168e-08       2.692     0.000   113    2    4           1    0    139      6    139      8    T1001TS145-D1.pdb:A  SCOP d1aqaa_
   74      0.6609   7.925e-07       2.404     0.000   113    2    4           1    0    139      6    139      8    T1001TS145-D1.pdb:A  SCOP d1axxa_
   75      0.6609      0.8242       4.238     0.000   113    2    5           1    0    139      6    139      9    T1001TS145-D1.pdb:A  SCOP d1kvza_
   76      0.6609   6.837e-12       2.404     0.000   113    2    4           1    0    139      6    139      8    T1001TS145-D1.pdb:A  SCOP d1j0qa_
   77      0.6609       2.637       4.792     0.000   113    2    3           1    0    139      6    139      6    T1001TS145-D1.pdb:A  SCOP d1huua_
   78      0.6609          -0       2.479     0.000   113    2    6           1    0    139      6    139      5    T1001TS145-D1.pdb:A  SCOP d1m60a_
   79      0.6609      0.4722       3.714     0.000   113    2    5           1    0    139      6    139      6    T1001TS145-D1.pdb:A  SCOP d1d1la_
   80      0.6609       2.582       6.259     0.000   113    2    4           1    0    139      6    139      3    T1001TS145-D1.pdb:A  SCOP d1f4ia_
   81      0.6609   7.411e-14       2.937     0.000   113    2    6           1    0    139      6    139      5    T1001TS145-D1.pdb:A  SCOP d1i6da_
   82      0.6609   6.837e-12       2.404     0.000   113    2    4           1    0    139      6    139      6    T1001TS145-D1.pdb:A  SCOP d1ib7a_
   83      0.6609   7.411e-14       2.937     0.000   113    2    6           1    0    139      6    139      5    T1001TS145-D1.pdb:A  SCOP d1i6ea_
   84      0.6609   7.396e-14       2.937     0.000   113    2    6           1    0    139      6    139      5    T1001TS145-D1.pdb:A  SCOP d1c7ma_
   85      0.6492      0.1434       4.495     0.000   112    2    4           1    0    139      6    139      5    T1001TS145-D1.pdb:A  SCOP d1wjaa_
   86      0.6492        1.79       6.383     0.000   112    2    6           1    0    139      6    139      8    T1001TS145-D1.pdb:A  SCOP d1n0ra_
   87      0.6492    0.001143       2.436     0.000   112    2    5           1    0    139      6    139     10    T1001TS145-D1.pdb:A  SCOP d1jyja_
   88      0.6492      0.4639       4.517     0.000   112    2    4           1    0    139      6    139      4    T1001TS145-D1.pdb:A  SCOP d1wjca_
   89      0.6492    0.001143       2.436     0.000   112    2    5           1    0    139      6    139     10    T1001TS145-D1.pdb:A  SCOP d1erba_
   90      0.6492      0.2998       4.216     0.000   112    2    4           1    0    139      6    139      4    T1001TS145-D1.pdb:A  SCOP d1wjea_
   91      0.6492    0.001143       2.436     0.000   112    2    5           1    0    139      6    139     10    T1001TS145-D1.pdb:A  SCOP d1kt6a_
   92      0.6492    0.001143       2.436     0.000   112    2    5           1    0    139      6    139     10    T1001TS145-D1.pdb:A  SCOP d1kt4a_
   93      0.6492    0.001143       2.436     0.000   112    2    5           1    0    139      6    139     10    T1001TS145-D1.pdb:A  SCOP d1kt5a_
   94      0.6492    0.001143       2.436     0.000   112    2    5           1    0    139      6    139     10    T1001TS145-D1.pdb:A  SCOP d1hbpa_
   95      0.6492   1.528e-05       2.404     0.000   112    2    5           1    0    139      6    139      7    T1001TS145-D1.pdb:A  SCOP d1i5ua_
   96      0.6492   0.0001649       2.051     0.000   112    2    5           1    0    139      6    139      7    T1001TS145-D1.pdb:A  SCOP d1pdxa_
   97      0.6492      0.2686        5.31     0.000   112    2    6           1    0    139      6    139      6    T1001TS145-D1.pdb:A  SCOP d1n0qa_
   98      0.6492   0.0001021        2.75     0.000   112    2    5           1    0    139      6    139      8    T1001TS145-D1.pdb:A  SCOP d1do9a_
   99      0.6492      0.9019       3.392     0.000   112    2    5           1    0    139      6    139      8    T1001TS145-D1.pdb:A  SCOP d1s28a_
  100      0.6492     0.00014       3.857     0.000   112    2    7           1    0    139      6    139      7    T1001TS145-D1.pdb:A  SCOP d1d9sa_
  101      0.6492          -0       2.098     0.000   112    2    6           1    0    139      6    139      9    T1001TS145-D1.pdb:A  SCOP d1p8aa_
  102      0.6492    0.001143       2.436     0.000   112    2    5           1    0    139      6    139     10    T1001TS145-D1.pdb:A  SCOP d1kt7a_
  103      0.6492      0.4639       4.517     0.000   112    2    4           1    0    139      6    139      4    T1001TS145-D1.pdb:A  SCOP d1wjda_
  104      0.6492      0.1223       3.406     0.000   112    2    4           1    0    139      6    139      3    T1001TS145-D1.pdb:A  SCOP d6rlx.1
  105      0.6492          -0       3.844     0.000   112    2    9           1    0    139      6    139     10    T1001TS145-D1.pdb:A  SCOP d1r28a_
  106      0.6492      0.2854        3.37     0.000   112    2    5           1    0    139      6    139      3    T1001TS145-D1.pdb:A  SCOP d1tnta_
  107      0.6492      0.2739       4.166     0.000   112    2    4           1    0    139      6    139      4    T1001TS145-D1.pdb:A  SCOP d1e0ea_
  108      0.6492     0.01627       2.851     0.000   112    2    5           1    0    139      6    139      3    T1001TS145-D1.pdb:A  SCOP d1dei.1
  109      0.6492    0.003663       2.597     0.000   112    2    4           1    0    139      6    139      3    T1001TS145-D1.pdb:A  SCOP d1t1k.1
  110      0.6492     0.02241       2.922     0.000   112    2    4           1    0    139      6    139      3    T1001TS145-D1.pdb:A  SCOP d1qj0.1
  111      0.6492   4.951e-09       2.553     0.000   112    2    5           1    0    139      6    139      7    T1001TS145-D1.pdb:A  SCOP d1f04a_
  112      0.6492      0.5739       3.879     0.000   112    2    5           1    0    139      6    139      5    T1001TS145-D1.pdb:A  SCOP d2orca_
  113      0.6492      0.8085       4.216     0.000   112    2    4           1    0    139      6    139      3    T1001TS145-D1.pdb:A  SCOP d1wjfa_
  114      0.6492      0.1434       4.495     0.000   112    2    4           1    0    139      6    139      5    T1001TS145-D1.pdb:A  SCOP d1wjba_
  115      0.6481      0.0549       1.686     0.000   100    2    4           1    0    139      6    111      8    T1001TS145-D1.pdb:A  SCOP d1sxta1
  116      0.6475      0.2341       4.238     0.000   109    2    4           1    0    139      6    132      9    T1001TS145-D1.pdb:A  SCOP d1ycka1
  117      0.6377      0.1603       4.545     0.000   111    2    6           1    0    139      6    139      6    T1001TS145-D1.pdb:A  SCOP d1vyda_
  118      0.6377      0.1603       4.545     0.000   111    2    6           1    0    139      6    139      6    T1001TS145-D1.pdb:A  SCOP d1c2ra_
  119      0.6377   8.617e-10       1.862     0.000   111    2    7           1    0    139      6    139      9    T1001TS145-D1.pdb:A  SCOP d1xnea_
  120      0.6377      0.2144       3.212     0.000   111    2    5           1    0    139      6    139      3    T1001TS145-D1.pdb:A  SCOP d1tnsa_
  121      0.6377   4.822e-17       2.396     0.000   111    2    6           1    0    139      6    139      9    T1001TS145-D1.pdb:A  SCOP d1s04a_
  122      0.6377   5.634e-12       3.099     0.000   111    2    6           1    0    139      6    139      8    T1001TS145-D1.pdb:A  SCOP d1w4ua_
  123      0.6377   7.411e-14       2.937     0.000   111    2    6           1    0    139      6    139      5    T1001TS145-D1.pdb:A  SCOP d1ql4a_
  124      0.6377   7.411e-14       2.937     0.000   111    2    6           1    0    139      6    139      5    T1001TS145-D1.pdb:A  SCOP d1ql3a_
  125      0.6377      0.2349        5.56     0.000   111    2    8           1    0    139      6    139      9    T1001TS145-D1.pdb:A  SCOP d1la0a_
  126      0.6377      0.8053       5.648     0.000   111    2    5           1    0    139      6    139      5    T1001TS145-D1.pdb:A  SCOP d1blqa_
  127      0.6377      0.4722       3.714     0.000   111    2    5           1    0    139      6    139      6    T1001TS145-D1.pdb:A  SCOP d6croa_
  128      0.6377      0.6871       3.057     0.000   111    2    5           1    0    139      6    139      2    T1001TS145-D1.pdb:A  SCOP d1ctaa_
  129      0.6377   8.454e-07       1.638     0.000   111    2    5           1    0    139      6    139      9    T1001TS145-D1.pdb:A  SCOP d1e9ma_
  130      0.6377    2.68e-05       1.533     0.000   111    2    5           1    0    139      6    139      9    T1001TS145-D1.pdb:A  SCOP d1r7sa_
  131      0.6377    0.007963       1.638     0.000   111    2    5           1    0    139      6    139      8    T1001TS145-D1.pdb:A  SCOP d1oqra_
  132      0.6377    0.004353       1.533     0.000   111    2    5           1    0    139      6    139      8    T1001TS145-D1.pdb:A  SCOP d1oqqa_
  133      0.6377    0.003663       2.597     0.000   111    2    5           1    0    139      6    139      3    T1001TS145-D1.pdb:A  SCOP d1pid.1
  134      0.6377    0.005936        2.67     0.000   111    2    4           1    0    139      6    139      3    T1001TS145-D1.pdb:A  SCOP d1zeg.1
  135      0.6377    0.005936        2.67     0.000   111    2    4           1    0    139      6    139      3    T1001TS145-D1.pdb:A  SCOP d1xda.1
  136      0.6377    0.005963        2.67     0.000   111    2    4           1    0    139      6    139      3    T1001TS145-D1.pdb:A  SCOP d1ev6.1
  137      0.6377     0.03123           3     0.000   111    2    4           1    0    139      6    139      3    T1001TS145-D1.pdb:A  SCOP d1os3.1
  138      0.6377     0.03123           3     0.000   111    2    4           1    0    139      6    139      3    T1001TS145-D1.pdb:A  SCOP d1qiz.1
  139      0.6377    0.003663       2.597     0.000   111    2    5           1    0    139      6    139      3    T1001TS145-D1.pdb:A  SCOP d1qiy.1
  140      0.6377    0.003663       2.597     0.000   111    2    5           1    0    139      6    139      3    T1001TS145-D1.pdb:A  SCOP d1b9e.1
  141      0.6377   0.0002038       3.581     0.000   111    2    4           1    0    139      6    139      3    T1001TS145-D1.pdb:A  SCOP d1os4.1
  142      0.6377    0.003663       2.597     0.000   111    2    5           1    0    139      6    139      3    T1001TS145-D1.pdb:A  SCOP d5aiy.1
  143      0.6377    0.003663       2.597     0.000   111    2    5           1    0    139      6    139      3    T1001TS145-D1.pdb:A  SCOP d1sdb.1
  144      0.6377    0.005936        2.67     0.000   111    2    4           1    0    139      6    139      3    T1001TS145-D1.pdb:A  SCOP d2tci.1
  145      0.6377    0.005936        2.67     0.000   111    2    4           1    0    139      6    139      3    T1001TS145-D1.pdb:A  SCOP d3mth.1
  146      0.6377    0.005936        2.67     0.000   111    2    4           1    0    139      6    139      3    T1001TS145-D1.pdb:A  SCOP d7ins.1
  147      0.6377     0.03123           3     0.000   111    2    4           1    0    139      6    139      3    T1001TS145-D1.pdb:A  SCOP d1mpj.1
  148      0.6377     0.03123           3     0.000   111    2    4           1    0    139      6    139      3    T1001TS145-D1.pdb:A  SCOP d1wav.1
  149      0.6377      0.3047       3.406     0.000   111    2    5           1    0    139      6    139      3    T1001TS145-D1.pdb:A  SCOP d1ha8a_
  150      0.6377       0.382        2.59     0.000   111    2    5           1    0    139      6    139      8    T1001TS145-D1.pdb:A  SCOP d1s98a_
  151      0.6377   1.507e-06       3.599     0.000   111    2    6           1    0    139      6    139     10    T1001TS145-D1.pdb:A  SCOP d1g15a_
  152      0.6377          -0       4.087     0.000   111    2    6           1    0    139      6    139      9    T1001TS145-D1.pdb:A  SCOP d2ijca1
  153      0.6377          -0       4.087     0.000   111    2    6           1    0    139      6    139     10    T1001TS145-D1.pdb:A  SCOP d2o4da1
  154      0.6377   0.0003988       3.356     0.000   111    2    5           1    0    139      6    139      5    T1001TS145-D1.pdb:A  SCOP d1dxsa_
  155      0.6377    0.001135       1.957     0.000   111    2    5           1    0    139      6    139      8    T1001TS145-D1.pdb:A  SCOP d1gpxa_
  156      0.6377   1.528e-05       2.404     0.000   111    2    6           1    0    139      6    139      7    T1001TS145-D1.pdb:A  SCOP d1f03a_
  157      0.6377          -0       2.937     0.000   111    2    6           1    0    139      6    139      6    T1001TS145-D1.pdb:A  SCOP d1qn2a_
  158      0.6377      0.3007       2.426     0.000   111    2    6           1    0    139      6    139      6    T1001TS145-D1.pdb:A  SCOP d1puta_
  159      0.6377   6.166e-07        2.19     0.000   111    2    5           1    0    139      6    139      7    T1001TS145-D1.pdb:A  SCOP d1awpa_
  160      0.6377   6.837e-12       2.404     0.000   111    2    6           1    0    139      6    139      8    T1001TS145-D1.pdb:A  SCOP d1aw3a_
  161      0.6377          -0        2.19     0.000   111    2    5           1    0    139      6    139      8    T1001TS145-D1.pdb:A  SCOP d1blva_
  162      0.6377       0.215       4.096     0.000   111    2    5           1    0    139      6    139      5    T1001TS145-D1.pdb:A  SCOP d1lc1a_
  163      0.6377      0.1559       3.968     0.000   111    2    4           1    0    139      6    139      5    T1001TS145-D1.pdb:A  SCOP d1i5ta_
  164      0.6377          -0       2.582     0.000   111    2    6           1    0    139      6    139      7    T1001TS145-D1.pdb:A  SCOP d1r2ea_
  165      0.6377          -0       2.343     0.000   111    2    6           1    0    139      6    139      7    T1001TS145-D1.pdb:A  SCOP d1r2ha_
  166      0.6377          -0       2.343     0.000   111    2    6           1    0    139      6    139      7    T1001TS145-D1.pdb:A  SCOP d1r2da_
  167      0.6377   1.283e-08        2.19     0.000   111    2    5           1    0    139      6    139      8    T1001TS145-D1.pdb:A  SCOP d1cyoa_
  168      0.6354     0.05784       4.388     0.000   110    2    6           1    0    139      6    137     10    T1001TS145-D1.pdb:A  SCOP d2a2la1
  169      0.6292      0.2301       4.231     0.394   110    2    5           1    0    139      6    136     10    T1001TS145-D1.pdb:A  SCOP d1fwka1
  170      0.6263   3.044e-13        2.19     0.000   110    2    6           1    0    139      6    139      8    T1001TS145-D1.pdb:A  SCOP d1lj0a_
  171      0.6263          -0       2.275     0.000   110    2    6           1    0    139      6    139      5    T1001TS145-D1.pdb:A  SCOP d1csxa_
  172      0.6263   3.044e-13        2.19     0.000   110    2    6           1    0    139      6    139      8    T1001TS145-D1.pdb:A  SCOP d1icca_
  173      0.6263          -0       2.275     0.000   110    2    6           1    0    139      6    139      6    T1001TS145-D1.pdb:A  SCOP d1yeba_
  174      0.6263   1.654e-05       3.793     0.000   110    2    5           1    0    139      6    139      8    T1001TS145-D1.pdb:A  SCOP d1xjsa_
  175      0.6263   6.166e-07        2.19     0.000   110    2    6           1    0    139      6    139      7    T1001TS145-D1.pdb:A  SCOP d1m2ma_
  176      0.6263          -0       2.275     0.000   110    2    6           1    0    139      6    139      5    T1001TS145-D1.pdb:A  SCOP d1csva_
  177      0.6263     0.03088       4.016     0.000   110    2    6           1    0    139      6    139      6    T1001TS145-D1.pdb:A  SCOP d1cota_
  178      0.6263   1.211e-07       3.599     0.000   110    2    6           1    0    139      6    139     10    T1001TS145-D1.pdb:A  SCOP d1goba_
  179      0.6263      0.2413       5.011     0.000   110    2    4           1    0    139      6    139     10    T1001TS145-D1.pdb:A  SCOP d1xs0a_
  180      0.6263      0.4241       3.384     0.000   110    2    4           1    0    139      6    139      8    T1001TS145-D1.pdb:A  SCOP d1p71a_
  181      0.6263      0.4241       3.384     0.000   110    2    4           1    0    139      6    139      8    T1001TS145-D1.pdb:A  SCOP d1p78a_
  182      0.6263   1.984e-05       3.772     0.000   110    2    6           1    0    139      6    139     10    T1001TS145-D1.pdb:A  SCOP d1jl1a_
  183      0.6263   2.702e-06       3.772     0.000   110    2    6           1    0    139      6    139     10    T1001TS145-D1.pdb:A  SCOP d1rdaa_
  184      0.6263          -0        1.98     0.000   110    2    6           1    0    139      6    139      9    T1001TS145-D1.pdb:A  SCOP d1nx7a_
  185      0.6263   0.0004849       2.336     0.000   110    2    5           1    0    139      6    139      3    T1001TS145-D1.pdb:A  SCOP d1zeh.1
  186      0.6263    0.003729       4.302     0.000   110    2    6           1    0    139      6    139      5    T1001TS145-D1.pdb:A  SCOP d1c2na_
  187      0.6263   0.0004895       2.336     0.000   110    2    5           1    0    139      6    139      3    T1001TS145-D1.pdb:A  SCOP d1ev3.1
  188      0.6263   0.0004849       2.336     0.000   110    2    5           1    0    139      6    139      3    T1001TS145-D1.pdb:A  SCOP d1zni.1
  189      0.6263   0.0004849       2.336     0.000   110    2    5           1    0    139      6    139      3    T1001TS145-D1.pdb:A  SCOP d1bzv.1
  190      0.6263     1.5e-05       2.831     0.000   110    2    5           1    0    139      6    139      3    T1001TS145-D1.pdb:A  SCOP d1kmf.1
  191      0.6263   3.419e-14       2.244     0.000   110    2    5           1    0    139      6    139      8    T1001TS145-D1.pdb:A  SCOP d1mnya_
  192      0.6263   0.0002241       2.252     0.000   110    2    5           1    0    139      6    139      3    T1001TS145-D1.pdb:A  SCOP d1jca.1
  193      0.6263    0.001567       3.513     0.000   110    2    6           1    0    139      6    139      5    T1001TS145-D1.pdb:A  SCOP d1d8ba_
  194      0.6263     0.01516       3.345     0.000   110    2    5           1    0    139      6    139      9    T1001TS145-D1.pdb:A  SCOP d1nhea_
  195      0.6263   9.074e-13       2.336     0.000   110    2    6           1    0    139      6    139      8    T1001TS145-D1.pdb:A  SCOP d1plka_
  196      0.6263     0.04614       5.336     0.000   110    2    5           1    0    139      6    139      8    T1001TS145-D1.pdb:A  SCOP d1hdsa_
  197      0.6263      0.3358       4.871     0.000   110    2    5           1    0    139      6    139      8    T1001TS145-D1.pdb:A  SCOP d1jfva_
  198      0.6263     0.05961       4.871     0.000   110    2    5           1    0    139      6    139      9    T1001TS145-D1.pdb:A  SCOP d1ljla_
  199      0.6263     0.02942       4.388     0.000   110    2    5           1    0    139      6    139      9    T1001TS145-D1.pdb:A  SCOP d1lk0a_
  200      0.6259          -0       2.005     0.709   113    2    5      0.9735    0    139      6    139     10    T1001TS145-D1.pdb:A  SCOP d1eesa_
  201      0.6197          -0       4.581     0.000   105    2    6           1    0    139      6    128      9    T1001TS145-D1.pdb:A  SCOP d1peua1
  202      0.6184      0.2818       3.085     0.000    95    2    3           1    0    139      6    105     10    T1001TS145-D1.pdb:A  SCOP d1b1za1
  203      0.6149      0.6981       4.495     0.000   109    2    4           1    0    139      6    139      3    T1001TS145-D1.pdb:A  SCOP d1lcda_
  204      0.6149      0.6981       4.495     0.000   109    2    4           1    0    139      6    139      3    T1001TS145-D1.pdb:A  SCOP d1lcca_
  205      0.6149      0.8948       4.765     0.000   109    2    4           1    0    139      6    139      3    T1001TS145-D1.pdb:A  SCOP d1osla_
  206      0.6149   2.925e-08       3.528     0.000   109    2    6           1    0    139      6    139     10    T1001TS145-D1.pdb:A  SCOP d1kvba_
  207      0.6149     0.01011       5.234     0.000   109    2    6           1    0    139      6    139      6    T1001TS145-D1.pdb:A  SCOP d1ucpa_
  208      0.6149   1.211e-07       3.599     0.000   109    2    6           1    0    139      6    139     10    T1001TS145-D1.pdb:A  SCOP d1kvaa_
  209      0.6149   1.211e-07       3.599     0.000   109    2    6           1    0    139      6    139     10    T1001TS145-D1.pdb:A  SCOP d1lawa_
  210      0.6149   2.702e-06       3.772     0.000   109    2    6           1    0    139      6    139     10    T1001TS145-D1.pdb:A  SCOP d1jxba_
  211      0.6149   1.211e-07       3.599     0.000   109    2    6           1    0    139      6    139     10    T1001TS145-D1.pdb:A  SCOP d2rn2a_
  212      0.6149   2.702e-06       3.772     0.000   109    2    6           1    0    139      6    139     10    T1001TS145-D1.pdb:A  SCOP d1f21a_
  213      0.6149     0.06066       3.317     0.000   109    2    7           1    0    139      6    139      9    T1001TS145-D1.pdb:A  SCOP d1okda_
  214      0.6149    0.006506       4.388     0.000   109    2    5           1    0    139      6    139      9    T1001TS145-D1.pdb:A  SCOP d1rxea_
  215      0.6149   2.897e-06       3.643     0.000   109    2    5           1    0    139      6    139     10    T1001TS145-D1.pdb:A  SCOP d2c2ia1
  216      0.6149    0.006506       4.388     0.000   109    2    5           1    0    139      6    139      9    T1001TS145-D1.pdb:A  SCOP d1rxia_
  217      0.6149     0.05499       4.095     0.000   109    2    6           1    0    139      6    139      8    T1001TS145-D1.pdb:A  SCOP d1ljua_
  218      0.6149          -0       2.082     0.000   109    2    6           1    0    139      6    139      5    T1001TS145-D1.pdb:A  SCOP d1giwa_
  219      0.6149          -0       2.275     0.000   109    2    6           1    0    139      6    139      5    T1001TS145-D1.pdb:A  SCOP d1ctya_
  220      0.6149          -0       3.872     0.000   109    2    6           1    0    139      6    139     10    T1001TS145-D1.pdb:A  SCOP d1mx2a_
  221      0.6149          -0       2.275     0.000   109    2    6           1    0    139      6    139      5    T1001TS145-D1.pdb:A  SCOP d1irva_
  222      0.6149          -0       2.275     0.000   109    2    6           1    0    139      6    139      5    T1001TS145-D1.pdb:A  SCOP d2ycca_
  223      0.6149          -0       2.275     0.000   109    2    6           1    0    139      6    139      5    T1001TS145-D1.pdb:A  SCOP d1chha_
  224      0.6149   2.925e-08       3.528     0.000   109    2    6           1    0    139      6    139     10    T1001TS145-D1.pdb:A  SCOP d1wsja_
  225      0.6149    0.007354       3.384     0.000   109    2    5           1    0    139      6    139      9    T1001TS145-D1.pdb:A  SCOP d1h7ma_
  226      0.6149     0.01266       2.343     0.000   109    2    6           1    0    139      6    139      7    T1001TS145-D1.pdb:A  SCOP d1klva_
  227      0.6149   0.0001194       4.044     0.000   109    2    5           1    0    139      6    139     10    T1001TS145-D1.pdb:A  SCOP d1jl2a_
  228      0.6149      0.3195       4.417     0.000   109    2    5           1    0    139      6    139      8    T1001TS145-D1.pdb:A  SCOP d1gnua_
  229      0.6149     0.01051       2.305     0.000   109    2    5           1    0    139      6    139     10    T1001TS145-D1.pdb:A  SCOP d1k58a_
  230      0.6149      0.1755        3.12     0.000   109    2    5           1    0    139      6    139      3    T1001TS145-D1.pdb:A  SCOP d1erpa_
  231      0.6149      0.1144       2.944     0.000   109    2    5           1    0    139      6    139     10    T1001TS145-D1.pdb:A  SCOP d1k5aa_
  232      0.6149      0.1144       2.944     0.000   109    2    5           1    0    139      6    139     10    T1001TS145-D1.pdb:A  SCOP d1k5ba_
  233      0.6149   1.929e-16       2.113     0.000   109    2    7           1    0    139      6    139      8    T1001TS145-D1.pdb:A  SCOP d1sh4a_
  234      0.6149     0.04303       2.627     0.000   109    2    5           1    0    139      6    139     10    T1001TS145-D1.pdb:A  SCOP d1un3a_
  235      0.6149          -0       1.901     0.000   109    2    6           1    0    139      6    139      8    T1001TS145-D1.pdb:A  SCOP d1euea_
  236      0.6149   4.269e-05       3.364     0.000   109    2    5           1    0    139      6    139      7    T1001TS145-D1.pdb:A  SCOP d1r2ia_
  237      0.6149      0.2029       3.191     0.000   109    2    5           1    0    139      6    139     10    T1001TS145-D1.pdb:A  SCOP d1c0ba_
  238      0.6149   0.0002606       1.782     0.000   109    2    6           1    0    139      6    139      6    T1001TS145-D1.pdb:A  SCOP d1bcga_
  239      0.6149   7.725e-05       1.662     0.000   109    2    6           1    0    139      6    139      9    T1001TS145-D1.pdb:A  SCOP d1dyta_
  240      0.6149   5.249e-05       1.371     0.000   109    2    5           1    0    139      6    139      7    T1001TS145-D1.pdb:A  SCOP d1ewia_
  241      0.6149      0.2029       3.191     0.000   109    2    5           1    0    139      6    139     10    T1001TS145-D1.pdb:A  SCOP d1c0ca_
  242      0.6149      0.6387        4.41     0.000   109    2    4           1    0    139      6    139      3    T1001TS145-D1.pdb:A  SCOP d1lqca_
  243      0.6149   2.702e-06       3.772     0.000   109    2    6           1    0    139      6    139     10    T1001TS145-D1.pdb:A  SCOP d1rnha_
  244      0.6135   1.651e-11        3.56     1.021   115    3    7      0.9652    0    139      6    139     15    T1001TS145-D1.pdb:A  SCOP d1sura_
  245      0.6037   2.382e-13       3.523     0.000   108    3    8           1    0    139      6    139     13    T1001TS145-D1.pdb:A  SCOP d1ukza_
  246      0.6037   2.382e-13       3.523     0.000   108    3    8           1    0    139      6    139     13    T1001TS145-D1.pdb:A  SCOP d1ukya_
  247      0.6037          -0       2.275     0.000   108    2    6           1    0    139      6    139      5    T1001TS145-D1.pdb:A  SCOP d1j3sa_
  248      0.6037   2.702e-06       3.772     0.000   108    2    6           1    0    139      6    139     10    T1001TS145-D1.pdb:A  SCOP d1kvca_
  249      0.6037          -0  1.798e+308     0.000   108    2    5           1    0    139      6    139     10    T1001TS145-D1.pdb:A  SCOP d1dp8a_
  250      0.6037          -0  1.798e+308     0.000   108    2    5           1    0    139      6    139     10    T1001TS145-D1.pdb:A  SCOP d1drma_
  251      0.6037          -0  1.798e+308     0.000   108    2    5           1    0    139      6    139     10    T1001TS145-D1.pdb:A  SCOP d1dp6a_
  252      0.6037   2.319e-11       3.255     0.000   108    2    6           1    0    139      6    139     10    T1001TS145-D1.pdb:A  SCOP d1wsia_
  253      0.6037          -0      0.8837     0.000   108    2    6           1    0    139      6    139      8    T1001TS145-D1.pdb:A  SCOP d3phya_
  254      0.6037   2.319e-11       3.255     0.000   108    2    6           1    0    139      6    139     10    T1001TS145-D1.pdb:A  SCOP d1wsha_
  255      0.6037          -0  1.798e+308     0.000   108    2    5           1    0    139      6    139     10    T1001TS145-D1.pdb:A  SCOP d1s9pa_
  256      0.6037      0.1073       3.363     0.000   108    2    5           1    0    139      6    139      3    T1001TS145-D1.pdb:A  SCOP d1erya_
  257      0.6037      0.3676       4.495     0.000   108    2    4           1    0    139      6    139      4    T1001TS145-D1.pdb:A  SCOP d1cjga_
  258      0.6037          -0       2.275     0.000   108    2    6           1    0    139      6    139      5    T1001TS145-D1.pdb:A  SCOP d1raqa_
  259      0.6037       0.581       3.644     0.000   108    2    5           1    0    139      6    139      8    T1001TS145-D1.pdb:A  SCOP d1eo6a_
  260      0.6037    0.004418       3.312     0.000   108    2    5           1    0    139      6    139      9    T1001TS145-D1.pdb:A  SCOP d1s3fa_
  261      0.6037    0.004418       3.312     0.000   108    2    5           1    0    139      6    139      9    T1001TS145-D1.pdb:A  SCOP d1s2ga_
  262      0.6037    0.004418       3.312     0.000   108    2    5           1    0    139      6    139      9    T1001TS145-D1.pdb:A  SCOP d1s2da_
  263      0.6037          -0       2.175     0.000   108    2    6           1    0    139      6    139      5    T1001TS145-D1.pdb:A  SCOP d1hrca_
  264      0.6037          -0       2.275     0.000   108    2    6           1    0    139      6    139      5    T1001TS145-D1.pdb:A  SCOP d1crca_
  265      0.6037      0.5283       4.765     0.000   108    2    5           1    0    139      6    139      4    T1001TS145-D1.pdb:A  SCOP d1l1ma_
  266      0.6037          -0  1.798e+308     0.000   108    2    5           1    0    139      6    139      5    T1001TS145-D1.pdb:A  SCOP d1ldda_
  267      0.6037          -0       2.275     0.000   108    2    6           1    0    139      6    139      5    T1001TS145-D1.pdb:A  SCOP d1cswa_
  268      0.6037          -0       2.275     0.000   108    2    6           1    0    139      6    139      5    T1001TS145-D1.pdb:A  SCOP d1ciga_
  269      0.6037          -0       2.275     0.000   108    2    6           1    0    139      6    139      5    T1001TS145-D1.pdb:A  SCOP d1csua_
  270      0.6037          -0       2.275     0.000   108    2    6           1    0    139      6    139      5    T1001TS145-D1.pdb:A  SCOP d1crja_
  271      0.6037          -0       2.275     0.000   108    2    6           1    0    139      6    139      5    T1001TS145-D1.pdb:A  SCOP d1ciea_
  272      0.6037          -0       2.275     0.000   108    2    6           1    0    139      6    139      5    T1001TS145-D1.pdb:A  SCOP d1ciha_
  273      0.6037          -0       2.275     0.000   108    2    6           1    0    139      6    139      6    T1001TS145-D1.pdb:A  SCOP d1ytca_
  274      0.6037          -0       2.275     0.000   108    2    6           1    0    139      6    139      5    T1001TS145-D1.pdb:A  SCOP d1ycca_
  275      0.6037          -0       2.082     0.000   108    2    7           1    0    139      6    139      5    T1001TS145-D1.pdb:A  SCOP d2giwa_
  276      0.6037     0.03148       3.514     0.000   108    2    5           1    0    139      6    139      5    T1001TS145-D1.pdb:A  SCOP d1yica_
  277      0.6037          -0       2.275     0.000   108    2    6           1    0    139      6    139      5    T1001TS145-D1.pdb:A  SCOP d1lfma_
  278      0.6037          -0       2.275     0.000   108    2    6           1    0    139      6    139      5    T1001TS145-D1.pdb:A  SCOP d1i54a_
  279      0.6037          -0       2.275     0.000   108    2    6           1    0    139      6    139      5    T1001TS145-D1.pdb:A  SCOP d1i55a_
  280      0.6037          -0       2.275     0.000   108    2    6           1    0    139      6    139      5    T1001TS145-D1.pdb:A  SCOP d1cria_
  281      0.6037          -0       2.275     0.000   108    2    6           1    0    139      6    139      5    T1001TS145-D1.pdb:A  SCOP d1irwa_
  282      0.6037   1.674e-10        3.32     0.000   108    2    6           1    0    139      6    139     10    T1001TS145-D1.pdb:A  SCOP d1rdca_
  283      0.6037       0.581       3.644     0.000   108    2    5           1    0    139      6    139      8    T1001TS145-D1.pdb:A  SCOP d1kjta_
  284      0.6037     0.01271       3.743     0.000   108    2    4           1    0    139      6    139      7    T1001TS145-D1.pdb:A  SCOP d1j57a_
  285      0.6037          -0       2.275     0.000   108    2    6           1    0    139      6    139      5    T1001TS145-D1.pdb:A  SCOP d1crga_
  286      0.6037      0.9595       4.843     0.000   108    2    4           1    0    139      6    139      5    T1001TS145-D1.pdb:A  SCOP d1xn7a_
  287      0.6037          -0       2.059     0.000   108    2    8           1    0    139      6    139      9    T1001TS145-D1.pdb:A  SCOP d1mzga_
  288      0.6037     0.05913       3.681     0.000   108    2    7           1    0    139      6    139     10    T1001TS145-D1.pdb:A  SCOP d3tmya_
  289      0.6037          -0       2.275     0.000   108    2    6           1    0    139      6    139      7    T1001TS145-D1.pdb:A  SCOP d1yeaa_
  290      0.6037      0.1073        4.31     0.000   108    2    5           1    0    139      6    139      6    T1001TS145-D1.pdb:A  SCOP d1dc7a_
  291      0.6037          -0       2.275     0.000   108    2    6           1    0    139      6    139      5    T1001TS145-D1.pdb:A  SCOP d1chja_
  292      0.6037          -0       3.872     0.000   108    2    6           1    0    139      6    139     10    T1001TS145-D1.pdb:A  SCOP d1ihba_
  293      0.6037          -0       2.275     0.000   108    2    6           1    0    139      6    139      5    T1001TS145-D1.pdb:A  SCOP d1crha_
  294      0.6037          -0       2.275     0.000   108    2    6           1    0    139      6    139      5    T1001TS145-D1.pdb:A  SCOP d1chia_
  295      0.6037          -0       2.275     0.000   108    2    6           1    0    139      6    139      5    T1001TS145-D1.pdb:A  SCOP d1cifa_
  296      0.6037          -0       3.872     0.000   108    2    6           1    0    139      6    139     10    T1001TS145-D1.pdb:A  SCOP d1mx4a_
  297      0.6037          -0       2.275     0.000   108    2    6           1    0    139      6    139      5    T1001TS145-D1.pdb:A  SCOP d1rapa_
  298      0.5971          -0       2.531     0.712   110    2    6      0.9636    0    139      6    138     10    T1001TS145-D1.pdb:A  SCOP d2a5la1
  299      0.5963   3.012e-12       2.786     1.029   111    2    7       0.964    0    139      6    133     10    T1001TS145-D1.pdb:A  SCOP d2atea1
  300      0.5963          -0        3.65     0.000   103    2    6           1    0    139      6    128      9    T1001TS145-D1.pdb:A  SCOP d1peoa1
  301      0.5944     0.01336       4.517     0.000   106    2    4           1    0    139      6    136     10    T1001TS145-D1.pdb:A  SCOP d1gqka2
  302      0.5944     0.01336       4.517     0.000   106    2    4           1    0    139      6    136     10    T1001TS145-D1.pdb:A  SCOP d1gqja2
  303      0.5926   1.066e-12       2.221     0.000   107    2    6           1    0    139      6    139      4    T1001TS145-D1.pdb:A  SCOP d1yfca_
  304      0.5926      0.0236       4.638     0.000   107    2    6           1    0    139      6    139      8    T1001TS145-D1.pdb:A  SCOP d1ntra_
  305      0.5926          -0       1.846     0.000   107    2    9           1    0    139      6    139      8    T1001TS145-D1.pdb:A  SCOP d1fn3a_
  306      0.5926      0.2085       5.358     0.000   107    2    4           1    0    139      6    139     10    T1001TS145-D1.pdb:A  SCOP d1crpa_
  307      0.5926          -0       2.175     0.000   107    2    6           1    0    139      6    139      5    T1001TS145-D1.pdb:A  SCOP d1fi7a_
  308      0.5926       0.135       3.071     0.000   107    2    5           1    0    139      6    139      7    T1001TS145-D1.pdb:A  SCOP d1vk8a_
  309      0.5926      0.2241       3.291     0.000   107    2    6           1    0    139      6    139      9    T1001TS145-D1.pdb:A  SCOP d1qwqa_
  310      0.5926     0.09354       3.844     0.000   107    2    5           1    0    139      6    139      6    T1001TS145-D1.pdb:A  SCOP d1wota_
  311      0.5926     0.00239       3.233     0.000   107    2    5           1    0    139      6    139      9    T1001TS145-D1.pdb:A  SCOP d1s2ia_
  312      0.5926          -0       3.872     0.000   107    2    6           1    0    139      6    139     10    T1001TS145-D1.pdb:A  SCOP d1mx6a_
  313      0.5926          -0       2.275     0.000   107    2    6           1    0    139      6    139      5    T1001TS145-D1.pdb:A  SCOP d1ctza_
  314      0.5926        0.13        4.73     0.000   107    3    5           1    0    139      6    139     11    T1001TS145-D1.pdb:A  SCOP d1tf1a_
  315      0.5926   9.966e-12        3.05     0.000   107    2    6           1    0    139      6    139      5    T1001TS145-D1.pdb:A  SCOP d1coka_
  316      0.5926   1.487e-05       3.664     0.000   107    3    6           1    0    139      6    139      9    T1001TS145-D1.pdb:A  SCOP d1h0aa_
  317      0.5926    0.008279       2.343     0.000   107    2    6           1    0    139      6    139      7    T1001TS145-D1.pdb:A  SCOP d1km7a_
  318      0.5919   3.238e-08       4.616     0.000   105    2    4           1    0    139      6    134     10    T1001TS145-D1.pdb:A  SCOP d1f7ua3
  319      0.5919   5.304e-15       1.996     0.723   110    2    6      0.9636    0    139      6    139     10    T1001TS145-D1.pdb:A  SCOP d1bs4a_
  320      0.5919   1.747e-12       2.167     0.723   110    2    5      0.9636    0    139      6    139     10    T1001TS145-D1.pdb:A  SCOP d1icja_
  321      0.5919   2.125e-10       2.336     0.723   110    2    5      0.9636    0    139      6    139     10    T1001TS145-D1.pdb:A  SCOP d1bsza_
  322      0.5904          -0       2.404     0.715   109    2    6      0.9633    0    139      6    137     10    T1001TS145-D1.pdb:A  SCOP d1zwla1
  323      0.5894          -0       3.284     0.000   102    2    4           1    0    139      6    127     10    T1001TS145-D1.pdb:A  SCOP d1arza1
  324      0.5886    0.006633       1.605     0.000    97    2    5           1    0    139      6    115      9    T1001TS145-D1.pdb:A  SCOP d1dyqa1
  325      0.5844     0.04411       2.161     0.766    98    3    6      0.9592    0    139      6    111      9    T1001TS145-D1.pdb:A  SCOP d1kjqa2
  326      0.5832     0.01336       4.517     0.000   105    2    4           1    0    139      6    136     10    T1001TS145-D1.pdb:A  SCOP d1h41a2
  327      0.5832     0.01336       4.517     0.000   105    2    4           1    0    139      6    136     10    T1001TS145-D1.pdb:A  SCOP d1gqia2
  328      0.5832          -0       3.887     0.000   105    2    7           1    0    139      6    136      9    T1001TS145-D1.pdb:A  SCOP d1tf0a1
  329      0.5832     0.01336       4.517     0.000   105    2    4           1    0    139      6    136     10    T1001TS145-D1.pdb:A  SCOP d1gqla2
  330      0.5815      0.1953       4.138     0.000   106    2    6           1    0    139      6    139      4    T1001TS145-D1.pdb:A  SCOP d1tiza_
  331      0.5815   4.677e-15       2.091     0.000   106    3    7           1    0    139      6    139     15    T1001TS145-D1.pdb:A  SCOP d1esga_
  332      0.5815    0.005561       4.367     0.000   106    2    7           1    0    139      6    139     10    T1001TS145-D1.pdb:A  SCOP d1dbwa_
  333      0.5815    0.005561       4.367     0.000   106    2    7           1    0    139      6    139     10    T1001TS145-D1.pdb:A  SCOP d1dcka_
  334      0.5815   8.426e-05       3.157     0.000   106    2    6           1    0    139      6    139      9    T1001TS145-D1.pdb:A  SCOP d1h6ha_
  335      0.5815   1.008e-14       2.082     0.000   106    2    7           1    0    139      6    139      4    T1001TS145-D1.pdb:A  SCOP d1ocda_
  336      0.5815       0.115       5.461     0.000   106    2    4           1    0    139      6    139     10    T1001TS145-D1.pdb:A  SCOP d1u0da_
  337      0.5815      0.2089       5.461     0.000   106    2    4           1    0    139      6    139      9    T1001TS145-D1.pdb:A  SCOP d1bp7a_
  338      0.5815       2.018       5.811     0.000   106    2    4           1    0    139      6    139      5    T1001TS145-D1.pdb:A  SCOP d1kjsa_
  339      0.5809   1.188e-12       2.351     0.726   109    2    6      0.9633    0    139      6    139     10    T1001TS145-D1.pdb:A  SCOP d1id8a_
  340      0.5809   4.822e-15       1.988     0.726   109    2    6      0.9633    0    139      6    139     10    T1001TS145-D1.pdb:A  SCOP d1bs7a_
  341      0.5809     0.03085       1.525     0.727   109    2    6      0.9633    0    139      6    139      2    T1001TS145-D1.pdb:A  SCOP d1hzna_
  342      0.5802   3.705e-13        2.19     0.000   100    2    5           1    0    139      6    124      9    T1001TS145-D1.pdb:A  SCOP d1u6za2
  343       0.578      0.2256       4.114     0.000    99    2    5           1    0    139      6    122     10    T1001TS145-D1.pdb:A  SCOP d1kgsa2
  344      0.5733     0.05289       4.297     0.000   101    2    5           1    0    139      6    128      9    T1001TS145-D1.pdb:A  SCOP d1floa1
  345       0.571   6.207e-08       3.427     0.000    98    2    7           1    0    139      6    121     10    T1001TS145-D1.pdb:A  SCOP d1zesa1
  346      0.5706   2.408e-07       3.521     0.000   105    2    6           1    0    139      6    139      5    T1001TS145-D1.pdb:A  SCOP d1v5ka_
  347      0.5706   2.428e-08       3.399     0.000   105    2    6           1    0    139      6    139      7    T1001TS145-D1.pdb:A  SCOP d1wira_
  348      0.5706          -0       3.485     0.000   105    2    8           1    0    139      6    139      9    T1001TS145-D1.pdb:A  SCOP d1qwva_
  349      0.5706    0.002947       3.448     0.000   105    2    7           1    0    139      6    139      6    T1001TS145-D1.pdb:A  SCOP d1n8ua_
  350      0.5706     0.04413       4.899     0.000   105    2    6           1    0    139      6    139      5    T1001TS145-D1.pdb:A  SCOP d1wiza_
  351      0.5706      0.1424       5.011     0.000   105    2    7           1    0    139      6    139      6    T1001TS145-D1.pdb:A  SCOP d1a1wa_
  352      0.5706   1.487e-09       4.358     0.000   105    2    5           1    0    139      6    139      8    T1001TS145-D1.pdb:A  SCOP d1sena_
  353      0.5706          -0       2.121     0.000   105    2    9           1    0    139      6    139      9    T1001TS145-D1.pdb:A  SCOP d1buoa_
  354      0.5706      0.4778       5.959     0.000   105    2    5           1    0    139      6    139      5    T1001TS145-D1.pdb:A  SCOP d1skta_
  355      0.5706      0.2191       3.671     0.000   105    2    4           1    0    139      6    139      7    T1001TS145-D1.pdb:A  SCOP d1rjja_
  356      0.5706    0.009462       4.545     0.000   105    2    4           1    0    139      6    139     10    T1001TS145-D1.pdb:A  SCOP d1ojga_
  357      0.5706     0.01454       2.449     0.000   105    2    5           1    0    139      6    139      7    T1001TS145-D1.pdb:A  SCOP d1ukua_
  358      0.5706   3.168e-14       2.553     0.000   105    2    6           1    0    139      6    139      7    T1001TS145-D1.pdb:A  SCOP d1q1ha_
  359      0.5706     0.01454       2.449     0.000   105    2    5           1    0    139      6    139      7    T1001TS145-D1.pdb:A  SCOP d1vhfa_
  360      0.5706     0.04684       3.463     0.000   105    2    5           1    0    139      6    139      4    T1001TS145-D1.pdb:A  SCOP d1rzsa_
  361      0.5706   3.871e-10       3.528     0.000   105    2    7           1    0    139      6    139      6    T1001TS145-D1.pdb:A  SCOP d1co0a_
  362      0.5706          -0        1.46     0.000   105    2    6           1    0    139      6    139      8    T1001TS145-D1.pdb:A  SCOP d1l0ma_
  363      0.5706     0.01454       2.449     0.000   105    2    5           1    0    139      6    139      7    T1001TS145-D1.pdb:A  SCOP d1umja_
  364      0.5701    0.004536       3.875     0.728   108    2    5       0.963    0    139      6    139      9    T1001TS145-D1.pdb:A  SCOP d1tvia_
  365        0.57     0.07186       2.779     0.730   108    2    5       0.963    0    139      6    139      9    T1001TS145-D1.pdb:A  SCOP d3rska_
  366        0.57     0.07186       2.779     0.730   108    2    5       0.963    0    139      6    139      9    T1001TS145-D1.pdb:A  SCOP d1rnua_
  367        0.57     0.07186       2.779     0.730   108    2    5       0.963    0    139      6    139      9    T1001TS145-D1.pdb:A  SCOP d1izra_
  368        0.57     0.07186       2.779     0.730   108    2    5       0.963    0    139      6    139     10    T1001TS145-D1.pdb:A  SCOP d2aasa_
  369        0.57     0.07186       2.779     0.730   108    2    5       0.963    0    139      6    139     10    T1001TS145-D1.pdb:A  SCOP d9rsaa_
  370        0.57     0.07186       2.779     0.730   108    2    5       0.963    0    139      6    139     10    T1001TS145-D1.pdb:A  SCOP d1rnva_
  371        0.57     0.07186       2.779     0.730   108    2    5       0.963    0    139      6    139     10    T1001TS145-D1.pdb:A  SCOP d8rsaa_
  372        0.57     0.07186       2.779     0.730   108    2    5       0.963    0    139      6    139      9    T1001TS145-D1.pdb:A  SCOP d2rnsa_
  373        0.57     0.07186       2.779     0.730   108    2    5       0.963    0    139      6    139     10    T1001TS145-D1.pdb:A  SCOP d1rbna_
  374        0.57     0.07186       2.779     0.730   108    2    5       0.963    0    139      6    139      9    T1001TS145-D1.pdb:A  SCOP d1kh8a_
  375        0.57     0.07186       2.779     0.730   108    2    5       0.963    0    139      6    139      9    T1001TS145-D1.pdb:A  SCOP d4rska_
  376      0.5696     0.07929       3.625     0.000   103    2    5           1    0    139      6    134      7    T1001TS145-D1.pdb:A  SCOP d1yoya1
  377      0.5686   3.705e-13        2.19     0.000    99    2    5           1    0    139      6    124      9    T1001TS145-D1.pdb:A  SCOP d2floa2
  378      0.5665    0.001697       3.185     1.369   115    2    5      0.9652    0    139      6    139     10    T1001TS145-D1.pdb:A  SCOP d2faxa_
  379      0.5665    0.001697       3.185     1.369   115    2    5      0.9652    0    139      6    139     10    T1001TS145-D1.pdb:A  SCOP d6nula_
  380      0.5612          -0       3.887     0.000   103    2    7           1    0    139      6    136      9    T1001TS145-D1.pdb:A  SCOP d1hk3a1
  381      0.5612          -0       2.538     0.000   103    2    6           1    0    139      6    136     10    T1001TS145-D1.pdb:A  SCOP d1h74a1
  382      0.5598   3.575e-07       3.427     0.000   104    2    5           1    0    139      6    139      9    T1001TS145-D1.pdb:A  SCOP d1nz0a_
  383      0.5598   1.508e-10       3.032     0.000   104    2    8           1    0    139      6    139      8    T1001TS145-D1.pdb:A  SCOP d1haca_
  384      0.5598      0.3357        5.71     0.000   104    2    6           1    0    139      6    139      7    T1001TS145-D1.pdb:A  SCOP d1zaca_
  385      0.5598       1.342       4.899     0.000   104    2    4           1    0    139      6    139      7    T1001TS145-D1.pdb:A  SCOP d1n5sa_
  386      0.5598    0.001211           3     0.000   104    2    5           1    0    139      6    139      8    T1001TS145-D1.pdb:A  SCOP d1wd6a_
  387      0.5598          -0       1.113     0.000   104    2    8           1    0    139      6    139     10    T1001TS145-D1.pdb:A  SCOP d1wnja_
  388      0.5598     0.09071       3.707     0.000   104    2    5           1    0    139      6    139      5    T1001TS145-D1.pdb:A  SCOP d1l8ca_
  389      0.5598      0.3335       5.811     0.000   104    2    6           1    0    139      6    139      9    T1001TS145-D1.pdb:A  SCOP d1knca_
  390      0.5598          -0       1.274     0.000   104    2    9           1    0    139      6    139      8    T1001TS145-D1.pdb:A  SCOP d1k94a_
  391      0.5598          -0       1.113     0.000   104    2    9           1    0    139      6    139     10    T1001TS145-D1.pdb:A  SCOP d1f4qa_
  392      0.5598      0.1928       4.559     0.000   104    2    4           1    0    139      6    139      4    T1001TS145-D1.pdb:A  SCOP d1cfaa_
  393      0.5598          -0       2.082     0.000   104    2    6           1    0    139      6    139      5    T1001TS145-D1.pdb:A  SCOP d1fhba_
  394      0.5598   0.0004967        4.05     0.000   104    2    7           1    0    139      6    139      8    T1001TS145-D1.pdb:A  SCOP d1vkaa_
  395      0.5598          -0       2.872     0.000   104    2    7           1    0    139      6    139      8    T1001TS145-D1.pdb:A  SCOP d1lspa_
  396      0.5593     0.01887       3.411     0.732   107    2    6      0.9626    0    139      6    139     10    T1001TS145-D1.pdb:A  SCOP d1ceya_
  397      0.5592   2.619e-06       1.395     0.733   107    2    6      0.9626    0    139      6    139     10    T1001TS145-D1.pdb:A  SCOP d1e21a_
  398      0.5572    0.006981       4.402     0.000    96    2    5           1    0    139      6    119     10    T1001TS145-D1.pdb:A  SCOP d1zh2a1
  399      0.5558    0.001697       3.185     1.375   114    2    5      0.9649    0    139      6    139     10    T1001TS145-D1.pdb:A  SCOP d1fvxa_
  400      0.5558    0.001697       3.185     1.375   114    2    5      0.9649    0    139      6    139     10    T1001TS145-D1.pdb:A  SCOP d4nlla_
  401      0.5558    0.001697       3.185     1.375   114    2    5      0.9649    0    139      6    139     10    T1001TS145-D1.pdb:A  SCOP d1flaa_
  402      0.5558    0.001697       3.185     1.375   114    2    5      0.9649    0    139      6    139     10    T1001TS145-D1.pdb:A  SCOP d5ulla_
  403      0.5558    0.001697       3.185     1.375   114    2    5      0.9649    0    139      6    139     10    T1001TS145-D1.pdb:A  SCOP d4nula_
  404      0.5558    0.001697       3.185     1.375   114    2    5      0.9649    0    139      6    139     10    T1001TS145-D1.pdb:A  SCOP d1flna_
  405      0.5558    0.001697       3.185     1.375   114    2    5      0.9649    0    139      6    139     10    T1001TS145-D1.pdb:A  SCOP d2fvxa_
  406      0.5558    0.001697       3.185     1.375   114    2    5      0.9649    0    139      6    139     10    T1001TS145-D1.pdb:A  SCOP d2flva_
  407      0.5558    0.001697       3.185     1.375   114    2    5      0.9649    0    139      6    139     10    T1001TS145-D1.pdb:A  SCOP d2fdxa_
  408      0.5558    0.001697       3.185     1.375   114    2    5      0.9649    0    139      6    139     10    T1001TS145-D1.pdb:A  SCOP d5nula_
  409      0.5558    0.001697       3.185     1.375   114    2    5      0.9649    0    139      6    139     10    T1001TS145-D1.pdb:A  SCOP d1flda_
  410      0.5558    0.001697       3.185     1.375   114    2    5      0.9649    0    139      6    139     10    T1001TS145-D1.pdb:A  SCOP d5nlla_
  411      0.5549     0.01498       4.659     0.000    95    2    5           1    0    139      6    117     10    T1001TS145-D1.pdb:A  SCOP d2a9pa1
  412      0.5549     0.02619       4.659     0.000    95    2    5           1    0    139      6    117     10    T1001TS145-D1.pdb:A  SCOP d2a9qa1
  413      0.5495    0.009026       3.289     0.724   106    2    6      0.9623    0    139      6    139     10    T1001TS145-D1.pdb:A  SCOP d1b00a_
  414      0.5494   1.141e-12      0.2912     0.725   106    2    7      0.9623    0    139      6    139      8    T1001TS145-D1.pdb:A  SCOP d1wria_
  415      0.5491    0.003742       2.641     0.000   103    2    5           1    0    139      6    139      7    T1001TS145-D1.pdb:A  SCOP d1p1la_
  416      0.5491          -0       3.364     0.000   103    2    8           1    0    139      6    139      8    T1001TS145-D1.pdb:A  SCOP d1edua_
  417      0.5491     0.08951       4.935     0.000   103    2    6           1    0    139      6    139      8    T1001TS145-D1.pdb:A  SCOP d1me5a_
  418      0.5491   0.0001292       2.292     0.000   103    2    6           1    0    139      6    139      5    T1001TS145-D1.pdb:A  SCOP d1enwa_
  419      0.5491          -0       2.937     0.000   103    2    5           1    0    139      6    139      8    T1001TS145-D1.pdb:A  SCOP d1m4ma_
  420      0.5491      0.9727       4.541     0.000   103    2    5           1    0    139      6    139      6    T1001TS145-D1.pdb:A  SCOP d1po8a_
  421      0.5491      0.9727       4.541     0.000   103    2    5           1    0    139      6    139      6    T1001TS145-D1.pdb:A  SCOP d1tc8a_
  422      0.5491   6.095e-14        3.82     0.000   103    2    8           1    0    139      6    139      8    T1001TS145-D1.pdb:A  SCOP d1urva_
  423      0.5491          -0       4.259     0.000   103    2    8           1    0    139      6    139      8    T1001TS145-D1.pdb:A  SCOP d1v5ha_
  424      0.5491   6.095e-14        3.82     0.000   103    2    8           1    0    139      6    139      8    T1001TS145-D1.pdb:A  SCOP d1ut0a_
  425      0.5491          -0         3.1     0.000   103    2    7           1    0    139      6    139      8    T1001TS145-D1.pdb:A  SCOP d1gbsa_
  426      0.5491          -0       1.533     0.000   103    2    8           1    0    139      6    139      6    T1001TS145-D1.pdb:A  SCOP d1jdla_
  427      0.5491          -0       2.721     0.000   103    2    6           1    0    139      6    139     10    T1001TS145-D1.pdb:A  SCOP d1s6ia_
  428      0.5491      0.1523        5.31     0.000   103    2    5           1    0    139      6    139      5    T1001TS145-D1.pdb:A  SCOP d2ctna_
  429      0.5491     0.03807        3.56     0.000   103    2    6           1    0    139      6    139      5    T1001TS145-D1.pdb:A  SCOP d1tnqa_
  430      0.5491          -0       1.274     0.000   103    2    8           1    0    139      6    139      8    T1001TS145-D1.pdb:A  SCOP d1f4oa_
  431      0.5491          -0       1.988     0.000   103    2    9           1    0    139      6    139     10    T1001TS145-D1.pdb:A  SCOP d1bd8a_
  432      0.5491       1.302       6.284     0.000   103    2    5           1    0    139      6    139      4    T1001TS145-D1.pdb:A  SCOP d1c5aa_
  433      0.5486     0.06972       3.709     0.735   106    2    6      0.9623    0    139      6    139     10    T1001TS145-D1.pdb:A  SCOP d1ffsa_
  434      0.5486     0.02486       3.467     0.735   106    2    6      0.9623    0    139      6    139     10    T1001TS145-D1.pdb:A  SCOP d1jbea_
  435      0.5466   8.183e-11       3.528     0.000    91    2    3           1    0    139      6    109      9    T1001TS145-D1.pdb:A  SCOP d1fpqa1
  436      0.5453    0.001697       3.185     1.381   113    2    5      0.9646    0    139      6    139     10    T1001TS145-D1.pdb:A  SCOP d3nlla_
  437       0.544    3.16e-10       2.183     0.732   104    3    6      0.9615    0    139      6    135     10    T1001TS145-D1.pdb:A  SCOP d2b3ma1
  438      0.5433     0.06176       4.906     0.000    94    2    5           1    0    139      6    117     10    T1001TS145-D1.pdb:A  SCOP d2a9ra1
  439      0.5398          -0        3.65     0.000    98    2    7           1    0    139      6    128      9    T1001TS145-D1.pdb:A  SCOP d1pema1
  440      0.5386   2.107e-07       1.996     0.732   105    2    7      0.9714    0    139      6    139      7    T1001TS145-D1.pdb:A  SCOP d1dbda_
  441      0.5385     0.09864       2.471     0.000   102    2    7           1    0    139      6    139      3    T1001TS145-D1.pdb:A  SCOP d1tgra_
  442      0.5385          -0       1.273     0.000   102    3   10           1    0    139      6    139      9    T1001TS145-D1.pdb:A  SCOP d1ea3a_
  443      0.5385    0.001502       2.471     0.000   102    2    6           1    0    139      6    139      9    T1001TS145-D1.pdb:A  SCOP d1vi8a_
  444      0.5385          -0       3.052     0.000   102    2    8           1    0    139      6    139      8    T1001TS145-D1.pdb:A  SCOP d1xq5a_
  445      0.5385       2.039       5.109     0.000   102    2    4           1    0    139      6    139      7    T1001TS145-D1.pdb:A  SCOP d1n5va_
  446      0.5385       1.453       4.899     0.000   102    2    4           1    0    139      6    139      7    T1001TS145-D1.pdb:A  SCOP d1n5ta_
  447      0.5385      0.5446       5.275     0.000   102    2    5           1    0    139      6    139      4    T1001TS145-D1.pdb:A  SCOP d1v66a_
  448      0.5385       1.453       4.899     0.000   102    2    4           1    0    139      6    139      7    T1001TS145-D1.pdb:A  SCOP d1lq9a_
  449      0.5385          -0       3.298     0.000   102    2    9           1    0    139      6    139      8    T1001TS145-D1.pdb:A  SCOP d1ux9a_
  450      0.5385          -0       3.298     0.000   102    2    9           1    0    139      6    139      8    T1001TS145-D1.pdb:A  SCOP d1urya_
  451      0.5385   2.129e-06       2.496     0.000   102    2    5           1    0    139      6    139      8    T1001TS145-D1.pdb:A  SCOP d1d9ua_
  452      0.5385          -0      0.9541     0.000   102    2    8           1    0    139      6    139      9    T1001TS145-D1.pdb:A  SCOP d1fxta_
  453      0.5385      0.1361       5.461     0.000   102    2    4           1    0    139      6    139     10    T1001TS145-D1.pdb:A  SCOP d1n3fa_
  454      0.5385     0.04982       4.854     0.000   102    2    6           1    0    139      6    139      8    T1001TS145-D1.pdb:A  SCOP d1a29a_
  455      0.5385          -0        2.16     0.000   102    2    7           1    0    139      6    139     10    T1001TS145-D1.pdb:A  SCOP d1hkqa_
  456      0.5385    0.002779       4.378     0.000   102    2    7           1    0    139      6    139      8    T1001TS145-D1.pdb:A  SCOP d1qtxa_
  457      0.5385          -0       2.776     0.000   102    2    6           1    0    139      6    139      9    T1001TS145-D1.pdb:A  SCOP d1myfa_
  458       0.538     0.06972       3.709     0.739   105    2    6      0.9619    0    139      6    139     10    T1001TS145-D1.pdb:A  SCOP d1ffga_
  459       0.538     0.01455       2.449     0.739   105    2    5      0.9619    0    139      6    139      7    T1001TS145-D1.pdb:A  SCOP d1v6ha_
  460      0.5342   0.0002918        3.24     0.000    99    2    5           1    0    139      6    132     10    T1001TS145-D1.pdb:A  SCOP d2fkfa1
  461      0.5288          -0        3.65     0.000    97    2    7           1    0    139      6    128      9    T1001TS145-D1.pdb:A  SCOP d1peqa1
  462       0.528   4.388e-15       1.452     1.049   107    2    7      0.9626    0    139      6    139      8    T1001TS145-D1.pdb:A  SCOP d1fova_
  463       0.528   7.459e-05       3.908     0.000   101    2    6           1    0    139      6    139     10    T1001TS145-D1.pdb:A  SCOP d1tmya_
  464       0.528   2.867e-10       3.986     0.000   101    2    6           1    0    139      6    139      8    T1001TS145-D1.pdb:A  SCOP d1v4xa_
  465       0.528   5.593e-15        1.87     0.000   101    2    7           1    0    139      6    139      9    T1001TS145-D1.pdb:A  SCOP d1buza_
  466       0.528   1.498e-13       3.078     0.000   101    2    5           1    0    139      6    139     10    T1001TS145-D1.pdb:A  SCOP d1alca_
  467       0.528   3.028e-11       3.078     0.000   101    2    5           1    0    139      6    139      9    T1001TS145-D1.pdb:A  SCOP d1f6ra_
  468       0.528   1.023e-07       3.078     0.000   101    2    5           1    0    139      6    139      8    T1001TS145-D1.pdb:A  SCOP d1fkva_
  469       0.528   1.023e-07       3.078     0.000   101    2    5           1    0    139      6    139      8    T1001TS145-D1.pdb:A  SCOP d1hmka_
  470       0.528      0.5138       5.275     0.000   101    2    6           1    0    139      6    139      9    T1001TS145-D1.pdb:A  SCOP d1ktea_
  471       0.528   0.0003904       2.313     0.000   101    2    5           1    0    139      6    139      9    T1001TS145-D1.pdb:A  SCOP d1buqa_
  472       0.528          -0       1.785     0.000   101    2   10           1    0    139      6    139      8    T1001TS145-D1.pdb:A  SCOP d1hbsa_
  473       0.528    0.006483       5.025     0.000   101    2    5           1    0    139      6    139      7    T1001TS145-D1.pdb:A  SCOP d1n3ka_
  474       0.528     0.06176       4.906     0.000   101    2    6           1    0    139      6    139     10    T1001TS145-D1.pdb:A  SCOP d1nxta_
  475       0.528   2.411e-16      0.9856     0.000   101    2    8           1    0    139      6    139      7    T1001TS145-D1.pdb:A  SCOP d1irfa_
  476       0.528     0.04115        4.41     0.000   101    2    6           1    0    139      6    139      9    T1001TS145-D1.pdb:A  SCOP d1yg2a_
  477       0.528     0.06176       4.906     0.000   101    2    6           1    0    139      6    139     10    T1001TS145-D1.pdb:A  SCOP d1nxxa_
  478       0.528      0.0658       4.906     0.000   101    2    6           1    0    139      6    139     10    T1001TS145-D1.pdb:A  SCOP d1nxoa_
  479       0.528   7.861e-08       1.298     0.000   101    2    7           1    0    139      6    139      6    T1001TS145-D1.pdb:A  SCOP d1uhza_
  480       0.528   7.343e-06       2.632     0.000   101    2    7           1    0    139      6    139     10    T1001TS145-D1.pdb:A  SCOP d1m5ta_
  481       0.528    4.15e-05       2.678     0.000   101    2    6           1    0    139      6    139      7    T1001TS145-D1.pdb:A  SCOP d1w4ma_
  482       0.528   1.557e-12       2.972     0.000   101    2    8           1    0    139      6    139      6    T1001TS145-D1.pdb:A  SCOP d1rioa_
  483       0.528   0.0006376       4.109     0.000   101    2    7           1    0    139      6    139      8    T1001TS145-D1.pdb:A  SCOP d1puxa_
  484       0.528   8.517e-09       3.521     0.000   101    2    6           1    0    139      6    139      6    T1001TS145-D1.pdb:A  SCOP d1qjta_
  485       0.528      0.2997       4.913     0.000   101    2    7           1    0    139      6    139      9    T1001TS145-D1.pdb:A  SCOP d1b4qa_
  486       0.528   3.107e-05       3.931     0.000   101    2    8           1    0    139      6    139      8    T1001TS145-D1.pdb:A  SCOP d1qiwa_
  487      0.5275   0.0008888       2.019     0.742   104    2    5      0.9615    0    139      6    139      7    T1001TS145-D1.pdb:A  SCOP d1j2va_
  488      0.5275     0.03561       3.542     0.742   104    2    6      0.9615    0    139      6    139     10    T1001TS145-D1.pdb:A  SCOP d3chya_
  489      0.5275     0.04731       3.709     0.742   104    2    6      0.9615    0    139      6    139     10    T1001TS145-D1.pdb:A  SCOP d1d4za_
  490      0.5273   2.424e-07       3.535     0.745   104    2    7      0.9615    0    139      6    139     10    T1001TS145-D1.pdb:A  SCOP d1rcfa_
  491      0.5261     0.02133       3.442     1.067   107    2    6      0.9626    0    139      6    139      7    T1001TS145-D1.pdb:A  SCOP d3kvta_
  492      0.5232   1.116e-05       2.986     0.000    80    2    2           1    0    139      6     88      8    T1001TS145-D1.pdb:A  SCOP d1ltda2
  493      0.5213          -0       2.396     0.000   100    2    7           1    0    139      6    138     10    T1001TS145-D1.pdb:A  SCOP d2dvia2
  494      0.5191   2.606e-11       2.449     1.289   109    2    5      0.9725    0    139      6    139      9    T1001TS145-D1.pdb:A  SCOP d1hkoa_
