<html><head></head><body><pre style="word-wrap: break-word; white-space: pre-wrap;"> PDBe Fold v2.59. (src3) 14 Apr 2014 result file.

                   RESULT SUMMARY

   ##      Q-score      P-score     Z-score   RMSD    Nalgn Nsse Ngaps Seq-%     Nmd Nres-Q Nsse-Q Nres-T Nsse-T Query Target
    1      0.9294       2.025       7.442     0.000   134    3    3           1    0    139     10    139     14    T1001TS197-D1.pdb:A  SCOP d1g63a_
    2      0.9084          -0       5.337     0.000   132    3    3           1    0    139     10    138     13    T1001TS197-D1.pdb:A  SCOP d1pkxa1
    3       0.894      0.5405       5.258     0.000   130    2    3           1    0    139     10    136      9    T1001TS197-D1.pdb:A  SCOP d1clia1
    4      0.8882   7.091e-08       4.139     0.000   131    4    2           1    0    139     10    139      9    T1001TS197-D1.pdb:A  SCOP d1t17a_
    5      0.8875          -0       5.015     0.000   130    3    4           1    0    139     10    137     14    T1001TS197-D1.pdb:A  SCOP d1thza1
    6      0.8747   0.0009588       5.892     0.000   130    3    3           1    0    139     10    139     14    T1001TS197-D1.pdb:A  SCOP d1ejha_
    7      0.8747      0.4001       5.923     0.000   130    3    3           1    0    139     10    139     10    T1001TS197-D1.pdb:A  SCOP d1z94a1
    8      0.8747          -0       4.487     0.000   130    3    3           1    0    139     10    139     13    T1001TS197-D1.pdb:A  SCOP d1ipba_
    9      0.8747          -0       4.645     0.000   130    3    3           1    0    139     10    139     13    T1001TS197-D1.pdb:A  SCOP d1ipca_
   10      0.8739          -0       5.116     0.000   129    3    4           1    0    139     10    137     13    T1001TS197-D1.pdb:A  SCOP d1pl0a1
   11      0.8613          -0       5.623     0.000   129    3    3           1    0    139     10    139     15    T1001TS197-D1.pdb:A  SCOP d1ej4a_
   12      0.8613   6.119e-14       5.443     0.000   129    3    3           1    0    139     10    139     14    T1001TS197-D1.pdb:A  SCOP d1l8ba_
   13      0.8604          -0        5.13     0.000   128    3    3           1    0    139     10    137     14    T1001TS197-D1.pdb:A  SCOP d1oz0a1
   14       0.847    0.003713       5.903     0.000   127    4    2           1    0    139     10    137     14    T1001TS197-D1.pdb:A  SCOP d1g8ma1
   15      0.8439    0.002581       3.248     0.573   130    3    3      0.9769    0    139     10    139      6    T1001TS197-D1.pdb:A  SCOP d1rk8a_
   16      0.8087          -0       3.885     0.000   125    3    4           1    0    139     10    139     10    T1001TS197-D1.pdb:A  SCOP d1btka_
   17      0.8087          -0       4.259     0.000   125    3    3           1    0    139     10    139     10    T1001TS197-D1.pdb:A  SCOP d1btva_
   18      0.8087     0.00136       5.533     0.000   125    3    4           1    0    139     10    139     10    T1001TS197-D1.pdb:A  SCOP d1jl3a_
   19      0.8087          -0       5.884     0.000   125    3    4           1    0    139     10    139     13    T1001TS197-D1.pdb:A  SCOP d1lsua_
   20      0.8087          -0       3.802     0.000   125    2    4           1    0    139     10    139     10    T1001TS197-D1.pdb:A  SCOP d1hqpa_
   21      0.8085       3.649       6.594     0.942   131    4    4      0.9771    0    139     10    139     10    T1001TS197-D1.pdb:A  SCOP d1ru2a_
   22      0.7958       1.419       4.724     0.000   124    2    4           1    0    139     10    139      6    T1001TS197-D1.pdb:A  SCOP d1jmta_
   23      0.7957        3.84       6.567     0.945   130    4    3      0.9769    0    139     10    139      9    T1001TS197-D1.pdb:A  SCOP d1ex8a_
   24      0.7924    0.004725       4.187     0.576   126    3    5      0.9762    0    139     10    139     10    T1001TS197-D1.pdb:A  SCOP d1bwna_
   25       0.783   4.462e-12       4.411     0.000   123    3    4           1    0    139     10    139     10    T1001TS197-D1.pdb:A  SCOP d1llta_
   26       0.783          -0       3.844     0.000   123    3    4           1    0    139     10    139     13    T1001TS197-D1.pdb:A  SCOP d1ap8a_
   27       0.783          -0       2.947     0.000   123    3    4           1    0    139     10    139      8    T1001TS197-D1.pdb:A  SCOP d2msba_
   28      0.7704          -0       3.693     0.000   122    2    4           1    0    139     10    139      9    T1001TS197-D1.pdb:A  SCOP d1mpua_
   29      0.7704       1.756       5.542     0.000   122    3    2           1    0    139     10    139      6    T1001TS197-D1.pdb:A  SCOP d1o4ca_
   30      0.7704       1.061       6.037     0.000   122    2    2           1    0    139     10    139      7    T1001TS197-D1.pdb:A  SCOP d1o4oa_
   31      0.7704       1.756       5.542     0.000   122    3    2           1    0    139     10    139      6    T1001TS197-D1.pdb:A  SCOP d1o4da_
   32      0.7704       1.061       6.037     0.000   122    2    2           1    0    139     10    139      7    T1001TS197-D1.pdb:A  SCOP d1o47a_
   33      0.7704       1.756       5.542     0.000   122    3    2           1    0    139     10    139      6    T1001TS197-D1.pdb:A  SCOP d1o4pa_
   34      0.7704       1.319       5.417     0.000   122    4    2           1    0    139     10    139      7    T1001TS197-D1.pdb:A  SCOP d1ka7a_
   35      0.7704       1.061       6.037     0.000   122    3    2           1    0    139     10    139      7    T1001TS197-D1.pdb:A  SCOP d1o45a_
   36      0.7704       2.767       6.842     0.000   122    3    2           1    0    139     10    139      5    T1001TS197-D1.pdb:A  SCOP d1o4ba_
   37      0.7704       1.756       5.542     0.000   122    3    2           1    0    139     10    139      6    T1001TS197-D1.pdb:A  SCOP d1o4fa_
   38      0.7704      0.8266       4.627     0.000   122    4    2           1    0    139     10    139      6    T1001TS197-D1.pdb:A  SCOP d1d4wa_
   39      0.7704       1.061       6.037     0.000   122    3    2           1    0    139     10    139      7    T1001TS197-D1.pdb:A  SCOP d1o46a_
   40      0.7704       1.756       5.542     0.000   122    3    2           1    0    139     10    139      6    T1001TS197-D1.pdb:A  SCOP d1o4ea_
   41      0.7704       2.167       6.328     0.000   122    3    2           1    0    139     10    139      7    T1001TS197-D1.pdb:A  SCOP d1o4ra_
   42      0.7704       1.334       5.542     0.000   122    3    2           1    0    139     10    139      6    T1001TS197-D1.pdb:A  SCOP d1o4ka_
   43      0.7704      0.7823       5.461     0.000   122    3    2           1    0    139     10    139      5    T1001TS197-D1.pdb:A  SCOP d1ijra_
   44      0.7704        4.19       7.138     0.000   122    4    2           1    0    139     10    139      6    T1001TS197-D1.pdb:A  SCOP d1o4ga_
   45      0.7704       1.756       5.542     0.000   122    3    2           1    0    139     10    139      6    T1001TS197-D1.pdb:A  SCOP d1o4aa_
   46      0.7704       2.167       6.328     0.000   122    3    2           1    0    139     10    139      7    T1001TS197-D1.pdb:A  SCOP d1o48a_
   47      0.7704         2.6       6.328     0.000   122    2    2           1    0    139     10    139      6    T1001TS197-D1.pdb:A  SCOP d1o43a_
   48      0.7704       1.334       5.542     0.000   122    3    2           1    0    139     10    139      6    T1001TS197-D1.pdb:A  SCOP d1o4ma_
   49      0.7704      0.2794       3.356     0.000   122    2    2           1    0    139     10    139      4    T1001TS197-D1.pdb:A  SCOP d1rhxa_
   50      0.7704         2.6       6.328     0.000   122    3    2           1    0    139     10    139      5    T1001TS197-D1.pdb:A  SCOP d1o4na_
   51      0.7704       2.167       6.328     0.000   122    3    2           1    0    139     10    139      7    T1001TS197-D1.pdb:A  SCOP d1o4qa_
   52      0.7704       1.714       5.911     0.000   122    3    2           1    0    139     10    139      7    T1001TS197-D1.pdb:A  SCOP d1o4ja_
   53      0.7704       2.167       6.328     0.000   122    3    2           1    0    139     10    139      7    T1001TS197-D1.pdb:A  SCOP d1o44a_
   54      0.7704       2.167       6.328     0.000   122    3    2           1    0    139     10    139      7    T1001TS197-D1.pdb:A  SCOP d1o4la_
   55      0.7704       1.886       6.037     0.000   122    3    2           1    0    139     10    139      6    T1001TS197-D1.pdb:A  SCOP d1o49a_
   56      0.7704       1.334       5.542     0.000   122    3    2           1    0    139     10    139      6    T1001TS197-D1.pdb:A  SCOP d1o41a_
   57      0.7704       1.334       5.542     0.000   122    3    2           1    0    139     10    139      6    T1001TS197-D1.pdb:A  SCOP d1o4ia_
   58      0.7704       1.061       6.037     0.000   122    3    2           1    0    139     10    139      7    T1001TS197-D1.pdb:A  SCOP d1o42a_
   59      0.7704     0.02477       3.908     0.000   122    4    2           1    0    139     10    139      9    T1001TS197-D1.pdb:A  SCOP d1h9oa_
   60      0.7704       0.936       5.374     0.000   122    4    2           1    0    139     10    139      7    T1001TS197-D1.pdb:A  SCOP d1bfia_
   61      0.7704       1.461       5.353     0.000   122    4    2           1    0    139     10    139      5    T1001TS197-D1.pdb:A  SCOP d1ab2a_
   62      0.7704       4.917       7.117     0.000   122    4    2           1    0    139     10    139      6    T1001TS197-D1.pdb:A  SCOP d1o4ha_
   63      0.7704      0.2002       5.374     0.000   122    4    2           1    0    139     10    139      7    T1001TS197-D1.pdb:A  SCOP d1bfja_
   64      0.7704      0.3278       5.151     0.000   122    4    2           1    0    139     10    139      9    T1001TS197-D1.pdb:A  SCOP d1qada_
   65      0.7704        2.63       6.123     0.000   122    4    2           1    0    139     10    139      5    T1001TS197-D1.pdb:A  SCOP d3hcka_
   66      0.7704        1.26       5.066     0.000   122    4    2           1    0    139     10    139      6    T1001TS197-D1.pdb:A  SCOP d1d4ta_
   67      0.7688       0.163       6.007     0.000   121    3    5           1    0    139     10    137      9    T1001TS197-D1.pdb:A  SCOP d1z2ea1
   68      0.7688          -0       2.881     0.000   121    3    5           1    0    139     10    137     10    T1001TS197-D1.pdb:A  SCOP d1zwka1
   69      0.7671   1.157e-08       3.499     0.581   124    3    5      0.9758    0    139     10    139     10    T1001TS197-D1.pdb:A  SCOP d1b55a_
   70      0.7578    0.002079       3.589     0.956   127    4    4      0.9764    0    139     10    139      9    T1001TS197-D1.pdb:A  SCOP d1rb0a_
   71      0.7578      0.8984       4.606     0.000   121    4    3           1    0    139     10    139      6    T1001TS197-D1.pdb:A  SCOP d1m27a_
   72      0.7578      0.8106       4.617     0.000   121    4    3           1    0    139     10    139      6    T1001TS197-D1.pdb:A  SCOP d1ka6a_
   73      0.7578      0.2717       3.485     0.000   121    3    3           1    0    139     10    139      5    T1001TS197-D1.pdb:A  SCOP d1luna_
   74      0.7578       1.738       4.637     0.000   121    4    3           1    0    139     10    139      5    T1001TS197-D1.pdb:A  SCOP d1fbza_
   75      0.7578      0.2717       3.485     0.000   121    4    3           1    0    139     10    139      5    T1001TS197-D1.pdb:A  SCOP d1luia_
   76      0.7578      0.1735       4.469     0.000   121    3    3           1    0    139     10    139      6    T1001TS197-D1.pdb:A  SCOP d1cwea_
   77      0.7578          -0       3.496     0.000   121    2    4           1    0    139     10    139      7    T1001TS197-D1.pdb:A  SCOP d1ty4a_
   78      0.7578      0.2717       3.485     0.000   121    4    3           1    0    139     10    139      5    T1001TS197-D1.pdb:A  SCOP d1luka_
   79      0.7578     0.02697       3.495     0.000   121    3    3           1    0    139     10    139      5    T1001TS197-D1.pdb:A  SCOP d1bkma_
   80      0.7578     0.02697       3.495     0.000   121    3    3           1    0    139     10    139      5    T1001TS197-D1.pdb:A  SCOP d1spra_
   81      0.7543          -0        4.15     0.585   123    3    3      0.9756    0    139     10    139     15    T1001TS197-D1.pdb:A  SCOP d1g2ia_
   82      0.7498          -0        4.72     0.000   109    3    2           1    0    139     10    114     13    T1001TS197-D1.pdb:A  SCOP d1wkwa1
   83      0.7476          -0       5.381     0.000   118    3    5           1    0    139     10    134     12    T1001TS197-D1.pdb:A  SCOP d2hmva1
   84      0.7476          -0       6.383     0.000   118    3    4           1    0    139     10    134     13    T1001TS197-D1.pdb:A  SCOP d2hmsa1
   85      0.7476          -0       5.381     0.000   118    3    5           1    0    139     10    134     13    T1001TS197-D1.pdb:A  SCOP d2hmta1
   86      0.7476          -0       5.381     0.000   118    3    5           1    0    139     10    134     13    T1001TS197-D1.pdb:A  SCOP d2hmua1
   87      0.7453       1.922       6.333     0.000   120    3    4           1    0    139     10    139      6    T1001TS197-D1.pdb:A  SCOP d1fhsa_
   88      0.7453          -0       3.923     0.000   120    3    5           1    0    139     10    139     14    T1001TS197-D1.pdb:A  SCOP d1rf8a_
   89      0.7453          -0       5.046     0.000   120    3    4           1    0    139     10    139     12    T1001TS197-D1.pdb:A  SCOP d1gwya_
   90      0.7453          -0       5.046     0.000   120    3    4           1    0    139     10    139     12    T1001TS197-D1.pdb:A  SCOP d1o71a_
   91      0.7453   1.607e-09       3.373     0.000   120    3    3           1    0    139     10    139      8    T1001TS197-D1.pdb:A  SCOP d1q42a_
   92      0.7447          -0       3.499     0.965   126    4    5      0.9683    0    139     10    139     19    T1001TS197-D1.pdb:A  SCOP d2jeja2
   93      0.7447          -0       3.499     0.965   126    4    5      0.9683    0    139     10    139     19    T1001TS197-D1.pdb:A  SCOP d2jefa2
   94      0.7436          -0       4.604     0.000   119    3    5           1    0    139     10    137     11    T1001TS197-D1.pdb:A  SCOP d1z2da1
   95      0.7417          -0       3.411     0.590   122    3    5      0.9754    0    139     10    139     10    T1001TS197-D1.pdb:A  SCOP d1cbka_
   96      0.7417          -0       2.584     0.590   122    3    6      0.9754    0    139     10    139     10    T1001TS197-D1.pdb:A  SCOP d1maia_
   97       0.739          -0        4.27     0.000   116    4    5           1    0    139     10    131     17    T1001TS197-D1.pdb:A  SCOP d2fcaa1
   98      0.7382          -0       3.212     0.000   119    4    4           1    0    139     10    138     17    T1001TS197-D1.pdb:A  SCOP d2gv8a1
   99      0.7382          -0       5.838     0.000   119    3    6           1    0    139     10    138     11    T1001TS197-D1.pdb:A  SCOP d2c21a1
  100      0.7362          -0       4.123     0.000   114    3    2           1    0    139     10    127     13    T1001TS197-D1.pdb:A  SCOP d2hjsa1
  101      0.7349          -0        4.89     0.000   117    3    6           1    0    139     10    134     13    T1001TS197-D1.pdb:A  SCOP d2hmwa1
  102      0.7329          -0       5.268     0.000   119    4    4           1    0    139     10    139     12    T1001TS197-D1.pdb:A  SCOP d1jy5a_
  103      0.7329    0.001652       7.063     0.000   119    4    5           1    0    139     10    139     17    T1001TS197-D1.pdb:A  SCOP d1t70a_
  104      0.7329          -0       4.631     0.000   119    3    6           1    0    139     10    139     15    T1001TS197-D1.pdb:A  SCOP d1sura_
  105      0.7329          -0       3.807     0.000   119    4    4           1    0    139     10    139     18    T1001TS197-D1.pdb:A  SCOP d1r9ga_
  106      0.7329          -0       3.908     0.000   119    4    5           1    0    139     10    139     19    T1001TS197-D1.pdb:A  SCOP d1omea_
  107      0.7329          -0       1.342     0.000   119    2    5           1    0    139     10    139     10    T1001TS197-D1.pdb:A  SCOP d2araa_
  108      0.7329   2.238e-06       3.952     0.000   119    4    4           1    0    139     10    139      7    T1001TS197-D1.pdb:A  SCOP d1mila_
  109      0.7329          -0  1.798e+308     0.000   119    3    5           1    0    139     10    139      8    T1001TS197-D1.pdb:A  SCOP d1rmza_
  110      0.7329          -0       5.838     0.000   119    3    5           1    0    139     10    139     13    T1001TS197-D1.pdb:A  SCOP d1grra_
  111      0.7329   4.012e-05       4.288     0.000   119    3    4           1    0    139     10    139      6    T1001TS197-D1.pdb:A  SCOP d1tcea_
  112      0.7329   7.143e-11       3.901     0.000   119    2    3           1    0    139     10    139      7    T1001TS197-D1.pdb:A  SCOP d1lxla_
  113      0.7326   9.643e-17       4.842     0.681   122    3    5      0.9672    0    139     10    139     11    T1001TS197-D1.pdb:A  SCOP d1texa_
  114      0.7324          -0       3.499     0.968   125    4    5       0.968    0    139     10    139     19    T1001TS197-D1.pdb:A  SCOP d2jeia2
  115      0.7324          -0       3.473     0.968   125    4    5       0.968    0    139     10    139     19    T1001TS197-D1.pdb:A  SCOP d2j6ta2
  116      0.7298          -0       3.327     0.588   121    4    8      0.9752    0    139     10    139     13    T1001TS197-D1.pdb:A  SCOP d1blea_
  117      0.7294          -0       4.465     0.592   121    3    3      0.9752    0    139     10    139     11    T1001TS197-D1.pdb:A  SCOP d1jifa_
  118      0.7291          -0       1.574     0.594   121    5    8      0.9752    0    139     10    139     17    T1001TS197-D1.pdb:A  SCOP d1m6ka_
  119      0.7291          -0        1.29     0.594   121    2    7      0.9752    0    139     10    139      8    T1001TS197-D1.pdb:A  SCOP d1s1qa_
  120      0.7291   3.432e-10       5.427     0.000   113    3    2           1    0    139     10    126     12    T1001TS197-D1.pdb:A  SCOP d2gz3a1
  121      0.7275          -0       3.764     0.469   120    4    7           1    0    139     10    139     17    T1001TS197-D1.pdb:A  SCOP d1xa1a_
  122      0.7222          -0        3.93     0.596   120    3    7       0.975    0    139     10    138     14    T1001TS197-D1.pdb:A  SCOP d2atza1
  123      0.7221          -0        1.29     0.597   120    2    7       0.975    0    139     10    138      8    T1001TS197-D1.pdb:A  SCOP d2f0ra1
  124      0.7208    0.002869       4.509     0.968   124    3    4      0.9758    0    139     10    139      9    T1001TS197-D1.pdb:A  SCOP d1f9ha_
  125      0.7208       1.819       6.154     0.968   124    3    4      0.9758    0    139     10    139      9    T1001TS197-D1.pdb:A  SCOP d1rtza_
  126      0.7208    0.002869       4.509     0.968   124    3    4      0.9758    0    139     10    139      9    T1001TS197-D1.pdb:A  SCOP d1q0na_
  127      0.7208    0.002869       4.509     0.968   124    3    4      0.9758    0    139     10    139      9    T1001TS197-D1.pdb:A  SCOP d1hq2a_
  128      0.7207       1.653       7.021     0.000   118    3    3           1    0    139     10    139     10    T1001TS197-D1.pdb:A  SCOP d1ov8a_
  129      0.7207   6.985e-07       4.405     0.000   118    3    3           1    0    139     10    139      7    T1001TS197-D1.pdb:A  SCOP d1ihja_
  130      0.7207      0.1662       4.226     0.000   118    3    3           1    0    139     10    139      6    T1001TS197-D1.pdb:A  SCOP d1cpza_
  131      0.7207          -0       3.865     0.000   118    2    3           1    0    139     10    139      7    T1001TS197-D1.pdb:A  SCOP d1v5qa_
  132      0.7207       1.354       5.255     0.000   118    3    3           1    0    139     10    139      4    T1001TS197-D1.pdb:A  SCOP d1gpta_
  133      0.7207     0.09229       3.326     0.000   118    3    3           1    0    139     10    139      4    T1001TS197-D1.pdb:A  SCOP d1djta_
  134      0.7207      0.8251       7.555     0.000   118    3    3           1    0    139     10    139     10    T1001TS197-D1.pdb:A  SCOP d1qhqa_
  135      0.7207      0.8885       4.765     0.000   118    2    3           1    0    139     10    139      4    T1001TS197-D1.pdb:A  SCOP d1mr4a_
  136      0.7207          -0       4.302     0.000   118    3    3           1    0    139     10    139     11    T1001TS197-D1.pdb:A  SCOP d1kd6a_
  137      0.7207   1.449e-05       5.247     0.000   118    3    3           1    0    139     10    139     12    T1001TS197-D1.pdb:A  SCOP d1k3na_
  138      0.7207     0.09229       3.326     0.000   118    3    3           1    0    139     10    139      4    T1001TS197-D1.pdb:A  SCOP d1chza_
  139      0.7207   1.409e-05       4.917     0.000   118    3    4           1    0    139     10    139      9    T1001TS197-D1.pdb:A  SCOP d1f4pa_
  140      0.7207          -0       4.854     0.000   118    3    3           1    0    139     10    139     12    T1001TS197-D1.pdb:A  SCOP d1j4pa_
  141      0.7207     0.03852       4.944     0.000   118    2    4           1    0    139     10    139      6    T1001TS197-D1.pdb:A  SCOP d1qfna_
  142      0.7207   9.929e-05       3.599     0.000   118    2    3           1    0    139     10    139      4    T1001TS197-D1.pdb:A  SCOP d1wiia_
  143      0.7207       2.102       5.983     0.000   118    3    3           1    0    139     10    139      4    T1001TS197-D1.pdb:A  SCOP d1bk8a_
  144      0.7207     0.04844       4.342     0.000   118    3    4           1    0    139     10    139      5    T1001TS197-D1.pdb:A  SCOP d1ayca_
  145      0.7207   3.607e-06       4.783     0.000   118    3    3           1    0    139     10    139      7    T1001TS197-D1.pdb:A  SCOP d1wi2a_
  146      0.7207       1.046       4.938     0.000   118    3    3           1    0    139     10    139      5    T1001TS197-D1.pdb:A  SCOP d1sb6a_
  147      0.7207     0.01764       3.106     0.000   118    2    3           1    0    139     10    139      4    T1001TS197-D1.pdb:A  SCOP d1dwma_
  148      0.7207     0.04752       4.438     0.000   118    3    3           1    0    139     10    139      4    T1001TS197-D1.pdb:A  SCOP d1hym.1
  149      0.7207   4.729e-13       2.777     0.000   118    2    3           1    0    139     10    139      4    T1001TS197-D1.pdb:A  SCOP d1cir.1
  150      0.7207          -0        3.93     0.000   118    3    7           1    0    139     10    139      9    T1001TS197-D1.pdb:A  SCOP d1r2ba_
  151      0.7207     0.04555       3.327     0.000   118    2    3           1    0    139     10    139      4    T1001TS197-D1.pdb:A  SCOP d1ciq.1
  152      0.7207   0.0002565        5.47     0.000   118    4    4           1    0    139     10    139     11    T1001TS197-D1.pdb:A  SCOP d1cl3a_
  153      0.7207       1.777        6.66     0.000   118    3    3           1    0    139     10    139      7    T1001TS197-D1.pdb:A  SCOP d1v62a_
  154      0.7207     0.01764       3.106     0.000   118    2    3           1    0    139     10    139      4    T1001TS197-D1.pdb:A  SCOP d1egp.1
  155      0.7207   1.677e-10       2.844     0.000   118    2    3           1    0    139     10    139      4    T1001TS197-D1.pdb:A  SCOP d1kv0a_
  156      0.7207      0.3749       4.084     0.000   118    4    4           1    0    139     10    139      5    T1001TS197-D1.pdb:A  SCOP d1ayba_
  157      0.7207      0.5763       4.765     0.000   118    3    3           1    0    139     10    139      6    T1001TS197-D1.pdb:A  SCOP d1oo4a_
  158      0.7207      0.2003       5.002     0.000   118    4    3           1    0    139     10    139      7    T1001TS197-D1.pdb:A  SCOP d1wf0a_
  159      0.7207      0.5433       4.303     0.000   118    3    4           1    0    139     10    139      5    T1001TS197-D1.pdb:A  SCOP d1ayda_
  160      0.7207   1.661e-09        3.42     0.000   118    2    4           1    0    139     10    139      5    T1001TS197-D1.pdb:A  SCOP d1hx7a_
  161      0.7207          -0  1.798e+308     0.000   118    4    5           1    0    139     10    139     17    T1001TS197-D1.pdb:A  SCOP d1m54a_
  162      0.7207          -0       3.334     0.000   118    2    4           1    0    139     10    139      7    T1001TS197-D1.pdb:A  SCOP d1rfla_
  163      0.7207          -0       5.983     0.000   118    3    3           1    0    139     10    139     15    T1001TS197-D1.pdb:A  SCOP d1ns3.1
  164      0.7207          -0       5.713     0.000   118    3    3           1    0    139     10    139      9    T1001TS197-D1.pdb:A  SCOP d1b6ea_
  165      0.7207     0.04249       3.289     0.000   118    2    3           1    0    139     10    139      4    T1001TS197-D1.pdb:A  SCOP d1lqqa_
  166      0.7207          -0       4.926     0.000   118    2    3           1    0    139     10    139      8    T1001TS197-D1.pdb:A  SCOP d1v6ba_
  167      0.7207      0.3057       4.084     0.000   118    4    4           1    0    139     10    139      5    T1001TS197-D1.pdb:A  SCOP d1ayaa_
  168      0.7202          -0       2.523     0.686   121    2    4      0.9669    0    139     10    139     10    T1001TS197-D1.pdb:A  SCOP d1joqa_
  169      0.7183          -0       4.819     0.000   109    3    4           1    0    139     10    119     11    T1001TS197-D1.pdb:A  SCOP d1iz5a1
  170      0.7171          -0       1.972     0.594   120    2    5       0.975    0    139     10    139      7    T1001TS197-D1.pdb:A  SCOP d1rgra_
  171      0.7171     0.06976       5.607     0.594   120    4    5       0.975    0    139     10    139     10    T1001TS197-D1.pdb:A  SCOP d1o6da_
  172      0.7169          -0       1.645     0.597   120    3    8       0.975    0    139     10    139     11    T1001TS197-D1.pdb:A  SCOP d1i3ca_
  173      0.7162          -0       4.702     0.000   112    3    3           1    0    139     10    126     13    T1001TS197-D1.pdb:A  SCOP d2gz1a1
  174      0.7137          -0        2.64     0.000   114    3    7           1    0    139     10    131     12    T1001TS197-D1.pdb:A  SCOP d2gaua2
  175      0.7117          -0      0.7762     0.604   117    2    6      0.9744    0    139     10    133      7    T1001TS197-D1.pdb:A  SCOP d2crfa1
  176      0.7111          -0       5.479     0.000   108    3    4           1    0    139     10    118     11    T1001TS197-D1.pdb:A  SCOP d1isqa1
  177      0.7087          -0       5.554     0.971   123    4    4      0.9756    0    139     10    139     18    T1001TS197-D1.pdb:A  SCOP d1kk9a_
  178      0.7085    6.75e-16        3.24     0.000   117    2    4           1    0    139     10    139      7    T1001TS197-D1.pdb:A  SCOP d1mt9a_
  179      0.7085     0.00435       2.853     0.000   117    2    4           1    0    139     10    139      6    T1001TS197-D1.pdb:A  SCOP d1b6ka_
  180      0.7085   1.079e-06        3.24     0.000   117    2    4           1    0    139     10    139      6    T1001TS197-D1.pdb:A  SCOP d1hpxa_
  181      0.7085   1.079e-06        3.24     0.000   117    2    4           1    0    139     10    139      6    T1001TS197-D1.pdb:A  SCOP d1g2ka_
  182      0.7085     0.00435       2.853     0.000   117    2    4           1    0    139     10    139      6    T1001TS197-D1.pdb:A  SCOP d1mesa_
  183      0.7085     0.00435       2.853     0.000   117    2    4           1    0    139     10    139      6    T1001TS197-D1.pdb:A  SCOP d1d4ka_
  184      0.7085          -0       5.226     0.000   117    3    7           1    0    139     10    139     13    T1001TS197-D1.pdb:A  SCOP d1ukea_
  185      0.7085      0.5145       5.947     0.000   117    3    4           1    0    139     10    139      6    T1001TS197-D1.pdb:A  SCOP d1fvsa_
  186      0.7085   1.079e-06        3.24     0.000   117    2    4           1    0    139     10    139      6    T1001TS197-D1.pdb:A  SCOP d1ec3a_
  187      0.7085     2.6e-10       2.901     0.000   117    2    4           1    0    139     10    139      4    T1001TS197-D1.pdb:A  SCOP d1nraa_
  188      0.7085          -0       4.142     0.000   117    3    4           1    0    139     10    139     13    T1001TS197-D1.pdb:A  SCOP d1hmra_
  189      0.7085          -0       4.142     0.000   117    3    4           1    0    139     10    139     13    T1001TS197-D1.pdb:A  SCOP d2hmba_
  190      0.7085     0.04719        5.31     0.000   117    2    4           1    0    139     10    139      7    T1001TS197-D1.pdb:A  SCOP d1aela_
  191      0.7085          -0       3.401     0.000   117    3    4           1    0    139     10    139     10    T1001TS197-D1.pdb:A  SCOP d3ifba_
  192      0.7085          -0       3.551     0.000   117    3    4           1    0    139     10    139     13    T1001TS197-D1.pdb:A  SCOP d1tw4a_
  193      0.7085    4.56e-07       3.858     0.000   117    3    4           1    0    139     10    139     12    T1001TS197-D1.pdb:A  SCOP d1acda_
  194      0.7085   9.855e-14       5.381     0.000   117    3    3           1    0    139     10    139      9    T1001TS197-D1.pdb:A  SCOP d5fx2a_
  195      0.7085        3.56       6.281     0.000   117    3    4           1    0    139     10    139      5    T1001TS197-D1.pdb:A  SCOP d1p8ga_
  196      0.7085   1.446e-16       5.255     0.000   117    3    3           1    0    139     10    139      9    T1001TS197-D1.pdb:A  SCOP d1c7ea_
  197      0.7085    6.75e-16        3.24     0.000   117    2    4           1    0    139     10    139      7    T1001TS197-D1.pdb:A  SCOP d1vika_
  198      0.7085   1.079e-06        3.24     0.000   117    2    4           1    0    139     10    139      6    T1001TS197-D1.pdb:A  SCOP d1d4ha_
  199      0.7085    0.001739       3.836     0.000   117    2    4           1    0    139     10    139      6    T1001TS197-D1.pdb:A  SCOP d1c6xa_
  200      0.7085   1.079e-06        3.24     0.000   117    2    4           1    0    139     10    139      6    T1001TS197-D1.pdb:A  SCOP d2bpxa_
  201      0.7085   1.079e-06        3.24     0.000   117    2    4           1    0    139     10    139      6    T1001TS197-D1.pdb:A  SCOP d1g35a_
  202      0.7085    6.75e-16        3.24     0.000   117    2    4           1    0    139     10    139      7    T1001TS197-D1.pdb:A  SCOP d1k2ba_
  203      0.7085          -0       2.272     0.000   117    2    5           1    0    139     10    139      9    T1001TS197-D1.pdb:A  SCOP d1n08a_
  204      0.7085   1.079e-06        3.24     0.000   117    2    4           1    0    139     10    139      6    T1001TS197-D1.pdb:A  SCOP d1k1ua_
  205      0.7085   1.079e-06        3.24     0.000   117    2    4           1    0    139     10    139      6    T1001TS197-D1.pdb:A  SCOP d1k1ta_
  206      0.7085    3.41e-08       3.071     0.000   117    2    4           1    0    139     10    139      6    T1001TS197-D1.pdb:A  SCOP d1hhpa_
  207      0.7085    6.75e-16        3.24     0.000   117    2    4           1    0    139     10    139      7    T1001TS197-D1.pdb:A  SCOP d1sdua_
  208      0.7085   1.079e-06        3.24     0.000   117    2    4           1    0    139     10    139      6    T1001TS197-D1.pdb:A  SCOP d1d4sa_
  209      0.7085   1.079e-06        3.24     0.000   117    2    4           1    0    139     10    139      6    T1001TS197-D1.pdb:A  SCOP d2upja_
  210      0.7085   1.079e-06        3.24     0.000   117    2    4           1    0    139     10    139      6    T1001TS197-D1.pdb:A  SCOP d1sh9a_
  211      0.7085    0.006139         2.9     0.000   117    2    4           1    0    139     10    139      6    T1001TS197-D1.pdb:A  SCOP d1bdra_
  212      0.7085       0.571       4.881     0.000   117    2    4           1    0    139     10    139      7    T1001TS197-D1.pdb:A  SCOP d1kj4a_
  213      0.7085   7.341e-07       2.853     0.000   117    2    4           1    0    139     10    139      7    T1001TS197-D1.pdb:A  SCOP d1fqxa_
  214      0.7085   1.079e-06        3.24     0.000   117    2    4           1    0    139     10    139      6    T1001TS197-D1.pdb:A  SCOP d1muia_
  215      0.7085   5.328e-07       3.607     0.000   117    2    4           1    0    139     10    139      8    T1001TS197-D1.pdb:A  SCOP d1bvga_
  216      0.7085    0.001739       3.836     0.000   117    2    4           1    0    139     10    139      6    T1001TS197-D1.pdb:A  SCOP d1htga_
  217      0.7085          -0       2.623     0.000   117    3    4           1    0    139     10    139     13    T1001TS197-D1.pdb:A  SCOP d1bzma_
  218      0.7085          -0       2.623     0.000   117    3    4           1    0    139     10    139     13    T1001TS197-D1.pdb:A  SCOP d1huga_
  219      0.7085    0.001739       3.836     0.000   117    2    4           1    0    139     10    139      6    T1001TS197-D1.pdb:A  SCOP d7upja_
  220      0.7085   1.079e-06        3.24     0.000   117    2    4           1    0    139     10    139      6    T1001TS197-D1.pdb:A  SCOP d1ivqa_
  221      0.7085   0.0003363        3.24     0.000   117    2    4           1    0    139     10    139      6    T1001TS197-D1.pdb:A  SCOP d1k6pa_
  222      0.7085    0.001739       3.836     0.000   117    2    4           1    0    139     10    139      6    T1001TS197-D1.pdb:A  SCOP d1npva_
  223      0.7085   1.079e-06        3.24     0.000   117    2    4           1    0    139     10    139      6    T1001TS197-D1.pdb:A  SCOP d1msna_
  224      0.7085     0.00435       2.853     0.000   117    2    4           1    0    139     10    139      6    T1001TS197-D1.pdb:A  SCOP d1hvsa_
  225      0.7085    0.001739       3.836     0.000   117    2    4           1    0    139     10    139      6    T1001TS197-D1.pdb:A  SCOP d5hvpa_
  226      0.7085    0.006139         2.9     0.000   117    2    4           1    0    139     10    139      6    T1001TS197-D1.pdb:A  SCOP d1meta_
  227      0.7085   1.079e-06        3.24     0.000   117    2    4           1    0    139     10    139      6    T1001TS197-D1.pdb:A  SCOP d4phva_
  228      0.7085   3.375e-16        3.24     0.000   117    2    4           1    0    139     10    139      7    T1001TS197-D1.pdb:A  SCOP d1a8ka_
  229      0.7085    0.001842       2.757     0.000   117    2    4           1    0    139     10    139      6    T1001TS197-D1.pdb:A  SCOP d1bv9a_
  230      0.7085   1.079e-06        3.24     0.000   117    2    4           1    0    139     10    139      6    T1001TS197-D1.pdb:A  SCOP d1hxba_
  231      0.7085   1.079e-06        3.24     0.000   117    2    4           1    0    139     10    139      6    T1001TS197-D1.pdb:A  SCOP d1k2ca_
  232      0.7085     0.07741       3.383     0.000   117    2    4           1    0    139     10    139      6    T1001TS197-D1.pdb:A  SCOP d1sbga_
  233      0.7085   1.079e-06        3.24     0.000   117    2    4           1    0    139     10    139      6    T1001TS197-D1.pdb:A  SCOP d2bpza_
  234      0.7085     0.00435       2.853     0.000   117    2    4           1    0    139     10    139      6    T1001TS197-D1.pdb:A  SCOP d1hbva_
  235      0.7085    0.001739       3.836     0.000   117    2    4           1    0    139     10    139      6    T1001TS197-D1.pdb:A  SCOP d1c70a_
  236      0.7085   1.079e-06        3.24     0.000   117    2    4           1    0    139     10    139      6    T1001TS197-D1.pdb:A  SCOP d1hpoa_
  237      0.7085    6.75e-16        3.24     0.000   117    2    4           1    0    139     10    139      7    T1001TS197-D1.pdb:A  SCOP d1mtba_
  238      0.7085   1.079e-06        3.24     0.000   117    2    4           1    0    139     10    139      6    T1001TS197-D1.pdb:A  SCOP d1n49a_
  239      0.7085   1.079e-06        3.24     0.000   117    2    4           1    0    139     10    139      6    T1001TS197-D1.pdb:A  SCOP d1upja_
  240      0.7085   1.079e-06        3.24     0.000   117    2    4           1    0    139     10    139      6    T1001TS197-D1.pdb:A  SCOP d1c6ya_
  241      0.7085   1.079e-06        3.24     0.000   117    2    4           1    0    139     10    139      6    T1001TS197-D1.pdb:A  SCOP d1u8ga_
  242      0.7085     0.00435       2.853     0.000   117    2    4           1    0    139     10    139      6    T1001TS197-D1.pdb:A  SCOP d1hvia_
  243      0.7085   1.829e-08       3.669     0.000   117    2    5           1    0    139     10    139      7    T1001TS197-D1.pdb:A  SCOP d1g5ma_
  244      0.7085   1.079e-06        3.24     0.000   117    2    4           1    0    139     10    139      6    T1001TS197-D1.pdb:A  SCOP d1d4ja_
  245      0.7085    0.001739       3.836     0.000   117    2    4           1    0    139     10    139      6    T1001TS197-D1.pdb:A  SCOP d2bpwa_
  246      0.7085   1.079e-06        3.24     0.000   117    2    4           1    0    139     10    139      6    T1001TS197-D1.pdb:A  SCOP d1aaqa_
  247      0.7085   1.079e-06        3.24     0.000   117    2    4           1    0    139     10    139      6    T1001TS197-D1.pdb:A  SCOP d1wbma_
  248      0.7085          -0       4.269     0.000   117    3    4           1    0    139     10    139     12    T1001TS197-D1.pdb:A  SCOP d1k3ja_
  249      0.7085          -0         2.9     0.000   117    4    5           1    0    139     10    139     20    T1001TS197-D1.pdb:A  SCOP d2abwa1
  250      0.7085      0.6063       2.944     0.000   117    2    4           1    0    139     10    139      3    T1001TS197-D1.pdb:A  SCOP d1daqa_
  251      0.7085     0.07741       3.383     0.000   117    2    4           1    0    139     10    139      6    T1001TS197-D1.pdb:A  SCOP d1hvha_
  252      0.7085      0.6063       2.944     0.000   117    2    4           1    0    139     10    139      3    T1001TS197-D1.pdb:A  SCOP d1dava_
  253      0.7085   1.079e-06        3.24     0.000   117    2    4           1    0    139     10    139      6    T1001TS197-D1.pdb:A  SCOP d2bpva_
  254      0.7085   1.079e-06        3.24     0.000   117    2    4           1    0    139     10    139      6    T1001TS197-D1.pdb:A  SCOP d1a30a_
  255      0.7085          -0       3.894     0.000   117    3    4           1    0    139     10    139     13    T1001TS197-D1.pdb:A  SCOP d1hmsa_
  256      0.7085   1.079e-06        3.24     0.000   117    2    4           1    0    139     10    139      6    T1001TS197-D1.pdb:A  SCOP d1wbka_
  257      0.7085      0.3084       4.514     0.000   117    2    4           1    0    139     10    139      7    T1001TS197-D1.pdb:A  SCOP d1hsga_
  258      0.7085   1.604e-09        4.46     0.000   117    3    4           1    0    139     10    139      9    T1001TS197-D1.pdb:A  SCOP d1qw2a_
  259      0.7085   1.079e-06        3.24     0.000   117    2    4           1    0    139     10    139      6    T1001TS197-D1.pdb:A  SCOP d1d4ya_
  260      0.7085          -0       3.506     0.000   117    5    3           1    0    139     10    139     17    T1001TS197-D1.pdb:A  SCOP d1a0ia2
  261      0.7085   1.079e-06        3.24     0.000   117    2    4           1    0    139     10    139      6    T1001TS197-D1.pdb:A  SCOP d1hpva_
  262      0.7085     0.09161       3.429     0.000   117    2    4           1    0    139     10    139      6    T1001TS197-D1.pdb:A  SCOP d1hvra_
  263      0.7085   1.079e-06        3.24     0.000   117    2    4           1    0    139     10    139      6    T1001TS197-D1.pdb:A  SCOP d1kjfa_
  264      0.7085   1.079e-06        3.24     0.000   117    2    4           1    0    139     10    139      6    T1001TS197-D1.pdb:A  SCOP d1k6ta_
  265      0.7085          -0       4.269     0.000   117    3    4           1    0    139     10    139     12    T1001TS197-D1.pdb:A  SCOP d1j4oa_
  266      0.7085     0.00435       2.853     0.000   117    2    4           1    0    139     10    139      6    T1001TS197-D1.pdb:A  SCOP d1hiva_
  267      0.7085   1.079e-06        3.24     0.000   117    2    4           1    0    139     10    139      6    T1001TS197-D1.pdb:A  SCOP d1tcxa_
  268      0.7085     0.01145       2.853     0.000   117    2    4           1    0    139     10    139      6    T1001TS197-D1.pdb:A  SCOP d1kjga_
  269      0.7085     0.00435       2.853     0.000   117    2    4           1    0    139     10    139      6    T1001TS197-D1.pdb:A  SCOP d1b6pa_
  270      0.7085     0.00435       2.853     0.000   117    2    4           1    0    139     10    139      6    T1001TS197-D1.pdb:A  SCOP d1hwra_
  271      0.7085          -0       3.949     0.000   117    4    4           1    0    139     10    139     19    T1001TS197-D1.pdb:A  SCOP d1q7ta_
  272      0.7085          -0       2.993     0.000   117    2    4           1    0    139     10    139      8    T1001TS197-D1.pdb:A  SCOP d1jfpa_
  273      0.7085   1.079e-06        3.24     0.000   117    2    4           1    0    139     10    139      6    T1001TS197-D1.pdb:A  SCOP d2bpya_
  274      0.7081          -0        2.15     0.976   123    4    7      0.9675    0    139     10    139     16    T1001TS197-D1.pdb:A  SCOP d1im4a_
  275      0.7049          -0       3.919     0.598   119    3    6      0.9748    0    139     10    139     14    T1001TS197-D1.pdb:A  SCOP d1zyua1
  276      0.7049   5.478e-07       2.407     0.599   119    4    4      0.9748    0    139     10    139      6    T1001TS197-D1.pdb:A  SCOP d1i3za_
  277      0.7019          -0       5.102     0.000   105    3    2           1    0    139     10    113     15    T1001TS197-D1.pdb:A  SCOP d1q1wa1
  278      0.7019          -0       5.682     0.000   105    3    2           1    0    139     10    113     15    T1001TS197-D1.pdb:A  SCOP d1q1ra1
  279       0.698    0.005137       7.047     0.000   111    3    2           1    0    139     10    127     13    T1001TS197-D1.pdb:A  SCOP d1drva1
  280       0.698          -0       5.947     0.000   111    3    2           1    0    139     10    127     13    T1001TS197-D1.pdb:A  SCOP d1drua1
  281      0.6968          -0       5.033     0.000   106    3    4           1    0    139     10    116     11    T1001TS197-D1.pdb:A  SCOP d1ge8a1
  282      0.6967          -0       2.814     0.976   122    3    5      0.9754    0    139     10    139     10    T1001TS197-D1.pdb:A  SCOP d1eqma_
  283      0.6967          -0       2.997     0.976   122    3    5      0.9754    0    139     10    139      9    T1001TS197-D1.pdb:A  SCOP d1ru1a_
  284      0.6964   1.446e-16       5.255     0.000   116    3    3           1    0    139     10    139      9    T1001TS197-D1.pdb:A  SCOP d1azla_
  285      0.6964          -0       2.685     0.000   116    2    5           1    0    139     10    139      9    T1001TS197-D1.pdb:A  SCOP d1ts9a_
  286      0.6964   1.446e-16       5.255     0.000   116    3    3           1    0    139     10    139      9    T1001TS197-D1.pdb:A  SCOP d1xyya_
  287      0.6964          -0        4.51     0.000   116    3    9           1    0    139     10    139     14    T1001TS197-D1.pdb:A  SCOP d1nksa_
  288      0.6964          -0       4.073     0.000   116    3    7           1    0    139     10    139     11    T1001TS197-D1.pdb:A  SCOP d1beda_
  289      0.6964          -0       4.324     0.000   116    3    7           1    0    139     10    139     15    T1001TS197-D1.pdb:A  SCOP d1lvga_
  290      0.6964   1.446e-16       5.255     0.000   116    3    3           1    0    139     10    139      9    T1001TS197-D1.pdb:A  SCOP d1akta_
  291      0.6964      0.4012       5.407     0.000   116    3    4           1    0    139     10    139      6    T1001TS197-D1.pdb:A  SCOP d1kqka_
  292      0.6964   1.446e-16       5.255     0.000   116    3    3           1    0    139     10    139      9    T1001TS197-D1.pdb:A  SCOP d1bu5a_
  293      0.6964   1.254e-15       5.255     0.000   116    3    3           1    0    139     10    139      9    T1001TS197-D1.pdb:A  SCOP d4fx2a_
  294      0.6964   1.446e-16       5.255     0.000   116    3    3           1    0    139     10    139      9    T1001TS197-D1.pdb:A  SCOP d1akva_
  295      0.6964   1.446e-16       5.255     0.000   116    3    3           1    0    139     10    139      9    T1001TS197-D1.pdb:A  SCOP d1akqa_
  296      0.6964   1.446e-16       5.255     0.000   116    3    3           1    0    139     10    139      9    T1001TS197-D1.pdb:A  SCOP d1i1oa_
  297      0.6964   1.446e-16       5.255     0.000   116    3    3           1    0    139     10    139      9    T1001TS197-D1.pdb:A  SCOP d3fx2a_
  298      0.6964   1.446e-16       5.255     0.000   116    3    3           1    0    139     10    139      9    T1001TS197-D1.pdb:A  SCOP d1akua_
  299      0.6964   1.446e-16       5.255     0.000   116    3    3           1    0    139     10    139      9    T1001TS197-D1.pdb:A  SCOP d1c7fa_
  300      0.6964          -0       3.829     0.000   116    3    3           1    0    139     10    139     11    T1001TS197-D1.pdb:A  SCOP d1duja_
  301      0.6964          -0       2.795     0.000   116    4    5           1    0    139     10    139     16    T1001TS197-D1.pdb:A  SCOP d1sfja_
  302      0.6964          -0       4.388     0.000   116    2    4           1    0    139     10    139      8    T1001TS197-D1.pdb:A  SCOP d1nr3a_
  303      0.6964          -0       4.215     0.000   116    3    3           1    0    139     10    139     14    T1001TS197-D1.pdb:A  SCOP d1kaqa_
  304      0.6964          -0       3.317     0.000   116    3    4           1    0    139     10    139     12    T1001TS197-D1.pdb:A  SCOP d1pmpa_
  305      0.6964   6.219e-06       3.429     0.000   116    2    8           1    0    139     10    139      9    T1001TS197-D1.pdb:A  SCOP d2ijca1
  306      0.6964          -0       2.612     0.000   116    3    4           1    0    139     10    139     14    T1001TS197-D1.pdb:A  SCOP d1ioia_
  307      0.6964          -0       4.142     0.000   116    3    4           1    0    139     10    139     12    T1001TS197-D1.pdb:A  SCOP d2ansa_
  308      0.6964          -0       4.142     0.000   116    3    4           1    0    139     10    139     12    T1001TS197-D1.pdb:A  SCOP d1a2da_
  309      0.6964          -0       3.831     0.000   116    3    4           1    0    139     10    139     13    T1001TS197-D1.pdb:A  SCOP d1ab0a_
  310      0.6964          -0       5.113     0.000   116    3    7           1    0    139     10    139     15    T1001TS197-D1.pdb:A  SCOP d1bvra_
  311      0.6964   1.446e-16       5.255     0.000   116    3    3           1    0    139     10    139      9    T1001TS197-D1.pdb:A  SCOP d1j8qa_
  312      0.6964   1.446e-16       5.255     0.000   116    3    3           1    0    139     10    139      9    T1001TS197-D1.pdb:A  SCOP d1wsba_
  313      0.6964   9.855e-14       5.381     0.000   116    3    3           1    0    139     10    139      9    T1001TS197-D1.pdb:A  SCOP d1akwa_
  314      0.6964      0.1454       4.431     0.000   116    2    4           1    0    139     10    139      4    T1001TS197-D1.pdb:A  SCOP d1dc8a_
  315      0.6964   1.446e-16       5.255     0.000   116    3    3           1    0    139     10    139      9    T1001TS197-D1.pdb:A  SCOP d1j9ea_
  316      0.6964          -0       4.142     0.000   116    3    4           1    0    139     10    139     13    T1001TS197-D1.pdb:A  SCOP d1hmta_
  317      0.6964   1.003e-13       5.381     0.000   116    3    3           1    0    139     10    139      9    T1001TS197-D1.pdb:A  SCOP d1akra_
  318      0.6964          -0       3.204     0.000   116    3    3           1    0    139     10    139      6    T1001TS197-D1.pdb:A  SCOP d1pica_
  319      0.6964   4.144e-07       3.829     0.000   116    3    4           1    0    139     10    139      6    T1001TS197-D1.pdb:A  SCOP d2u2fa_
  320      0.6945          -0       2.656     0.000   115    5    6           1    0    139     10    137     23    T1001TS197-D1.pdb:A  SCOP d1xgja1
  321      0.6945          -0       4.617     0.000   115    3    4           1    0    139     10    137     12    T1001TS197-D1.pdb:A  SCOP d2iafa1
  322      0.6935          -0       2.065     0.000   108    3    3           1    0    139     10    121     10    T1001TS197-D1.pdb:A  SCOP d2a8ga1
  323      0.6933          -0       4.622     0.596   118    3    5      0.9746    0    139     10    139     11    T1001TS197-D1.pdb:A  SCOP d1ecsa_
  324       0.693      0.5526       3.589     0.000   102    3    3           1    0    139     10    108      6    T1001TS197-D1.pdb:A  SCOP d2eu0a1
  325       0.693          -0       2.428     0.599   118    4    9      0.9746    0    139     10    139     18    T1001TS197-D1.pdb:A  SCOP d1k7ja_
  326      0.6909     0.07613       5.055     0.842   120    3    4        0.95    0    139     10    139     10    T1001TS197-D1.pdb:A  SCOP d1ewja_
  327      0.6907          -0       3.808     0.000   113    4    5           1    0    139     10    133     17    T1001TS197-D1.pdb:A  SCOP d1yzha1
  328      0.6901   4.419e-12       2.924     0.490   117    3    6      0.9829    0    139     10    139      9    T1001TS197-D1.pdb:A  SCOP d1q8xa_
  329      0.6894          -0       2.632     0.000   115    4    7           1    0    139     10    138     12    T1001TS197-D1.pdb:A  SCOP d2esfa1
  330      0.6867      0.5905       4.368     0.000   102    4    3           1    0    139     10    109      6    T1001TS197-D1.pdb:A  SCOP d2shpa2
  331      0.6848          -0       3.138     0.980   121    3    6      0.9752    0    139     10    139      9    T1001TS197-D1.pdb:A  SCOP d1dy3a_
  332      0.6848          -0       2.814     0.980   121    3    6      0.9752    0    139     10    139      9    T1001TS197-D1.pdb:A  SCOP d1im6a_
  333      0.6848          -0       2.814     0.980   121    3    6      0.9752    0    139     10    139      9    T1001TS197-D1.pdb:A  SCOP d1kbra_
  334      0.6848          -0       2.996     0.980   121    3    6      0.9752    0    139     10    139     10    T1001TS197-D1.pdb:A  SCOP d1hkaa_
  335      0.6845   1.337e-08       3.147     0.000   115    2    7           1    0    139     10    139      7    T1001TS197-D1.pdb:A  SCOP d1qx7a_
  336      0.6845          -0       4.142     0.000   115    3    4           1    0    139     10    139     13    T1001TS197-D1.pdb:A  SCOP d1liea_
  337      0.6845          -0       4.306     0.000   115    3    4           1    0    139     10    139     12    T1001TS197-D1.pdb:A  SCOP d1mdca_
  338      0.6845          -0        1.67     0.000   115    2    4           1    0    139     10    139      8    T1001TS197-D1.pdb:A  SCOP d1i18a_
  339      0.6845          -0       2.516     0.000   115    2    6           1    0    139     10    139     10    T1001TS197-D1.pdb:A  SCOP d1mx2a_
  340      0.6845   1.016e-05       7.227     0.000   115    3    4           1    0    139     10    139     15    T1001TS197-D1.pdb:A  SCOP d1snya_
  341      0.6845   5.251e-07       3.345     0.000   115    2    5           1    0    139     10    139      5    T1001TS197-D1.pdb:A  SCOP d1ghta_
  342      0.6845          -0       4.142     0.000   115    3    4           1    0    139     10    139     13    T1001TS197-D1.pdb:A  SCOP d1lica_
  343      0.6845       1.992       6.219     0.000   115    3    4           1    0    139     10    139      5    T1001TS197-D1.pdb:A  SCOP d1s6oa_
  344      0.6845          -0       4.106     0.000   115    3    4           1    0    139     10    139     12    T1001TS197-D1.pdb:A  SCOP d1alba_
  345      0.6845    0.002246       4.586     0.000   115    3    4           1    0    139     10    139      6    T1001TS197-D1.pdb:A  SCOP d1d9aa_
  346      0.6845      0.2599       4.997     0.000   115    3    4           1    0    139     10    139      5    T1001TS197-D1.pdb:A  SCOP d1osda_
  347      0.6845          -0       2.576     0.000   115    3    6           1    0    139     10    139     15    T1001TS197-D1.pdb:A  SCOP d2qr2a_
  348      0.6845          -0       2.576     0.000   115    3    6           1    0    139     10    139     15    T1001TS197-D1.pdb:A  SCOP d1qr2a_
  349      0.6845          -0       2.206     0.000   115    2    5           1    0    139     10    139      6    T1001TS197-D1.pdb:A  SCOP d1puta_
  350      0.6845          -0       5.353     0.000   115    3    7           1    0    139     10    139     13    T1001TS197-D1.pdb:A  SCOP d1qf9a_
  351      0.6845          -0       5.353     0.000   115    3    7           1    0    139     10    139     13    T1001TS197-D1.pdb:A  SCOP d3ukda_
  352      0.6845          -0        4.89     0.000   115    3    6           1    0    139     10    139     10    T1001TS197-D1.pdb:A  SCOP d1ilfa_
  353      0.6845          -0       5.353     0.000   115    3    7           1    0    139     10    139     13    T1001TS197-D1.pdb:A  SCOP d5ukda_
  354      0.6845       2.171       5.965     0.000   115    3    4           1    0    139     10    139      5    T1001TS197-D1.pdb:A  SCOP d1mwza_
  355      0.6845          -0       3.085     0.000   115    2    5           1    0    139     10    139      9    T1001TS197-D1.pdb:A  SCOP d1keoa_
  356      0.6845          -0  1.798e+308     0.000   115    2    6           1    0    139     10    139      6    T1001TS197-D1.pdb:A  SCOP d1c7wa_
  357      0.6845          -0       2.641     0.000   115    2    3           1    0    139     10    139      6    T1001TS197-D1.pdb:A  SCOP d1skja_
  358      0.6845          -0       3.669     0.000   115    3    4           1    0    139     10    139     14    T1001TS197-D1.pdb:A  SCOP d1su1a_
  359      0.6845     4.4e-11       2.641     0.000   115    2    3           1    0    139     10    139      5    T1001TS197-D1.pdb:A  SCOP d1bkla_
  360      0.6845          -0       4.106     0.000   115    3    4           1    0    139     10    139     12    T1001TS197-D1.pdb:A  SCOP d1fe3a_
  361      0.6845   4.658e-14       1.645     0.000   115    3    5           1    0    139     10    139      4    T1001TS197-D1.pdb:A  SCOP d1brza_
  362      0.6845   1.929e-15       5.255     0.000   115    3    3           1    0    139     10    139      9    T1001TS197-D1.pdb:A  SCOP d2fx2a_
  363      0.6845          -0       3.043     0.000   115    2    3           1    0    139     10    139      6    T1001TS197-D1.pdb:A  SCOP d1spsa_
  364      0.6845          -0       2.641     0.000   115    2    3           1    0    139     10    139      6    T1001TS197-D1.pdb:A  SCOP d1shaa_
  365      0.6845          -0       3.439     0.000   115    3    7           1    0    139     10    139     15    T1001TS197-D1.pdb:A  SCOP d1viaa_
  366      0.6845          -0       1.806     0.000   115    2    5           1    0    139     10    139      4    T1001TS197-D1.pdb:A  SCOP d1lqha_
  367      0.6845          -0       3.839     0.000   115    3    4           1    0    139     10    139     13    T1001TS197-D1.pdb:A  SCOP d1lida_
  368      0.6845          -0       1.605     0.000   115    2    5           1    0    139     10    139      4    T1001TS197-D1.pdb:A  SCOP d1lqia_
  369      0.6845          -0       2.632     0.000   115    4    7           1    0    139     10    139     13    T1001TS197-D1.pdb:A  SCOP d1i6oa_
  370      0.6845   0.0002111       4.073     0.000   115    2    3           1    0    139     10    139      5    T1001TS197-D1.pdb:A  SCOP d1xpva_
  371      0.6845   4.038e-07       4.442     0.000   115    2    4           1    0    139     10    139      8    T1001TS197-D1.pdb:A  SCOP d1r9ha_
  372      0.6845          -0       3.839     0.000   115    3    4           1    0    139     10    139     13    T1001TS197-D1.pdb:A  SCOP d1lifa_
  373      0.6845          -0       4.142     0.000   115    3    4           1    0    139     10    139     12    T1001TS197-D1.pdb:A  SCOP d1adla_
  374      0.6845      0.7844       7.246     0.000   115    4    4           1    0    139     10    139     10    T1001TS197-D1.pdb:A  SCOP d1ns5a_
  375      0.6843          -0        2.15     0.983   121    4    7      0.9669    0    139     10    139     19    T1001TS197-D1.pdb:A  SCOP d1s9fa2
  376      0.6843          -0        2.15     0.983   121    4    7      0.9669    0    139     10    139     19    T1001TS197-D1.pdb:A  SCOP d2agqa2
  377      0.6842          -0       4.074     0.896   120    3    4      0.9417    0    139     10    139     11    T1001TS197-D1.pdb:A  SCOP d1jiea_
  378       0.684          -0       2.494     0.694   118    2    4      0.9661    0    139     10    139      9    T1001TS197-D1.pdb:A  SCOP d1joka_
  379       0.684          -0       2.779     0.694   118    2    4      0.9661    0    139     10    139      9    T1001TS197-D1.pdb:A  SCOP d1oo0a_
  380      0.6815          -0       3.608     0.597   117    4    7      0.9744    0    139     10    139     16    T1001TS197-D1.pdb:A  SCOP d1nrza_
  381      0.6813          -0       3.467     0.600   117    3    4      0.9744    0    139     10    139      7    T1001TS197-D1.pdb:A  SCOP d1ueqa_
  382      0.6813      0.6902       3.439     0.600   117    2    4      0.9744    0    139     10    139      4    T1001TS197-D1.pdb:A  SCOP d1qkha_
  383      0.6811     0.06647       4.178     0.602   117    2    4      0.9744    0    139     10    139      6    T1001TS197-D1.pdb:A  SCOP d1nwba_
  384      0.6811          -0       3.085     0.602   117    2    4      0.9744    0    139     10    139      7    T1001TS197-D1.pdb:A  SCOP d1uewa_
  385      0.6811          -0       1.996     0.602   117    2    4      0.9744    0    139     10    139      7    T1001TS197-D1.pdb:A  SCOP d1uhpa_
  386      0.6811   4.299e-05       2.434     0.602   117    2    4      0.9744    0    139     10    139      3    T1001TS197-D1.pdb:A  SCOP d1p0aa_
  387      0.6811   0.0006349       2.699     0.602   117    3    4      0.9744    0    139     10    139      4    T1001TS197-D1.pdb:A  SCOP d1p00a_
  388      0.6811    3.27e-05       2.457     0.602   117    3    4      0.9744    0    139     10    139      4    T1001TS197-D1.pdb:A  SCOP d1ozza_
  389      0.6809          -0       1.253     0.604   117    3    9      0.9744    0    139     10    139     11    T1001TS197-D1.pdb:A  SCOP d1jlka_
  390      0.6809          -0       3.134     0.604   117    2    4      0.9744    0    139     10    139      7    T1001TS197-D1.pdb:A  SCOP d2sara_
  391      0.6809          -0       3.427     0.604   117    2    4      0.9744    0    139     10    139      7    T1001TS197-D1.pdb:A  SCOP d1sara_
  392      0.6809   2.323e-13       2.553     0.604   117    2    4      0.9744    0    139     10    139      4    T1001TS197-D1.pdb:A  SCOP d1rh6a_
  393      0.6809   2.323e-13       2.553     0.604   117    2    4      0.9744    0    139     10    139      4    T1001TS197-D1.pdb:A  SCOP d1lx8a_
  394      0.6809          -0       3.052     0.605   117    3    4      0.9744    0    139     10    139     12    T1001TS197-D1.pdb:A  SCOP d1kzxa_
  395      0.6766          -0       3.808     0.000   104    2    3           1    0    139     10    115      9    T1001TS197-D1.pdb:A  SCOP d2csoa1
  396      0.6743          -0       1.933     0.000   102    2    4           1    0    139     10    111      9    T1001TS197-D1.pdb:A  SCOP d1i4ga1
  397      0.6743          -0       1.933     0.000   102    2    4           1    0    139     10    111      9    T1001TS197-D1.pdb:A  SCOP d1i4ha1
  398       0.673          -0       2.996     0.984   120    3    6       0.975    0    139     10    139     10    T1001TS197-D1.pdb:A  SCOP d1g4ca_
  399      0.6726          -0       3.226     0.000   114    2    4           1    0    139     10    139      8    T1001TS197-D1.pdb:A  SCOP d1oy2a_
  400      0.6726          -0  1.798e+308     0.000   114    4    4           1    0    139     10    139     16    T1001TS197-D1.pdb:A  SCOP d1gena_
  401      0.6726          -0  1.798e+308     0.000   114    3    4           1    0    139     10    139     10    T1001TS197-D1.pdb:A  SCOP d1gp0a_
  402      0.6726          -0  1.798e+308     0.000   114    4    4           1    0    139     10    139     15    T1001TS197-D1.pdb:A  SCOP d1rd4a_
  403      0.6726          -0  1.798e+308     0.000   114    3    4           1    0    139     10    139      8    T1001TS197-D1.pdb:A  SCOP d1fb8a_
  404      0.6726          -0  1.798e+308     0.000   114    4    4           1    0    139     10    139     14    T1001TS197-D1.pdb:A  SCOP d1m1ua_
  405      0.6726          -0  1.798e+308     0.000   114    2    4           1    0    139     10    139      7    T1001TS197-D1.pdb:A  SCOP d1rl1a_
  406      0.6726   8.811e-05       3.872     0.000   114    2    4           1    0    139     10    139      7    T1001TS197-D1.pdb:A  SCOP d1smxa_
  407      0.6726   8.811e-05       3.872     0.000   114    2    4           1    0    139     10    139      7    T1001TS197-D1.pdb:A  SCOP d1sn8a_
  408      0.6726   3.041e-08       3.506     0.000   114    2    4           1    0    139     10    139      5    T1001TS197-D1.pdb:A  SCOP d1wfqa_
  409      0.6726          -0       3.657     0.000   114    2    4           1    0    139     10    139      9    T1001TS197-D1.pdb:A  SCOP d1ncoa_
  410      0.6726          -0       3.657     0.000   114    2    4           1    0    139     10    139      9    T1001TS197-D1.pdb:A  SCOP d1noaa_
  411      0.6726   3.459e-06       2.986     0.000   114    2    4           1    0    139     10    139      4    T1001TS197-D1.pdb:A  SCOP d2gn5a_
  412      0.6726          -0  1.798e+308     0.000   114    2    4           1    0    139     10    139      6    T1001TS197-D1.pdb:A  SCOP d1wi5a_
  413      0.6726    0.003046       4.417     0.000   114    2    4           1    0    139     10    139      6    T1001TS197-D1.pdb:A  SCOP d2gvaa_
  414      0.6726          -0  1.798e+308     0.000   114    3    4           1    0    139     10    139      6    T1001TS197-D1.pdb:A  SCOP d1ufma_
  415      0.6726          -0  1.798e+308     0.000   114    4    4           1    0    139     10    139     15    T1001TS197-D1.pdb:A  SCOP d1idoa_
  416      0.6726          -0        4.08     0.000   114    2    4           1    0    139     10    139      9    T1001TS197-D1.pdb:A  SCOP d1vqba_
  417      0.6726     0.02792       5.393     0.000   114    2    4           1    0    139     10    139      7    T1001TS197-D1.pdb:A  SCOP d1yhaa_
  418      0.6726          -0       2.743     0.000   114    2    4           1    0    139     10    139      8    T1001TS197-D1.pdb:A  SCOP d2gvba_
  419      0.6726          -0  1.798e+308     0.000   114    4    4           1    0    139     10    139     14    T1001TS197-D1.pdb:A  SCOP d1atza_
  420      0.6726          -0       2.508     0.000   114    2    4           1    0    139     10    139     10    T1001TS197-D1.pdb:A  SCOP d1f7qa_
  421      0.6726          -0  1.798e+308     0.000   114    2    4           1    0    139     10    139      5    T1001TS197-D1.pdb:A  SCOP d1sse.1
  422      0.6726          -0       2.766     0.000   114    3    5           1    0    139     10    139     13    T1001TS197-D1.pdb:A  SCOP d1utya_
  423      0.6726          -0  1.798e+308     0.000   114    2    4           1    0    139     10    139      9    T1001TS197-D1.pdb:A  SCOP d1c3ha_
  424      0.6726          -0       2.272     0.000   114    2    4           1    0    139     10    139     10    T1001TS197-D1.pdb:A  SCOP d4tsva_
  425      0.6726          -0       3.453     0.000   114    3    4           1    0    139     10    139     11    T1001TS197-D1.pdb:A  SCOP d1tnra_
  426      0.6726          -0  1.798e+308     0.000   114    2    4           1    0    139     10    139      7    T1001TS197-D1.pdb:A  SCOP d1wija_
  427      0.6726          -0  1.798e+308     0.000   114    3    4           1    0    139     10    139     13    T1001TS197-D1.pdb:A  SCOP d1rj8a_
  428      0.6726     0.04774       3.872     0.000   114    2    4           1    0    139     10    139      4    T1001TS197-D1.pdb:A  SCOP d2hcca_
  429      0.6726          -0       2.872     0.000   114    2    4           1    0    139     10    139     10    T1001TS197-D1.pdb:A  SCOP d1g6ga_
  430      0.6726          -0  1.798e+308     0.000   114    3    4           1    0    139     10    139     11    T1001TS197-D1.pdb:A  SCOP d1fhqa_
  431      0.6726      0.2534       3.599     0.000   114    2    4           1    0    139     10    139      4    T1001TS197-D1.pdb:A  SCOP d1ncsa_
  432      0.6726          -0       1.822     0.000   114    2    4           1    0    139     10    139      8    T1001TS197-D1.pdb:A  SCOP d1r94a_
  433      0.6726          -0       1.822     0.000   114    2    4           1    0    139     10    139      8    T1001TS197-D1.pdb:A  SCOP d1r95a_
  434      0.6726          -0  1.798e+308     0.000   114    3    4           1    0    139     10    139     11    T1001TS197-D1.pdb:A  SCOP d1k2ma_
  435      0.6726     0.01575       3.212     0.000   114    2    5           1    0    139     10    139      4    T1001TS197-D1.pdb:A  SCOP d2alca_
  436      0.6726     0.01575       3.212     0.000   114    2    5           1    0    139     10    139      4    T1001TS197-D1.pdb:A  SCOP d3alca_
  437      0.6726          -0       2.951     0.000   114    4    7           1    0    139     10    139     16    T1001TS197-D1.pdb:A  SCOP d1kxja_
  438      0.6726          -0  1.798e+308     0.000   114    2    4           1    0    139     10    139      5    T1001TS197-D1.pdb:A  SCOP d1rxra_
  439      0.6726          -0  1.798e+308     0.000   114    3    4           1    0    139     10    139      4    T1001TS197-D1.pdb:A  SCOP d3gcca_
  440      0.6726          -0  1.798e+308     0.000   114    3    4           1    0    139     10    139      8    T1001TS197-D1.pdb:A  SCOP d1dg4a_
  441      0.6726     0.00926       6.173     0.000   114    3    4           1    0    139     10    139      8    T1001TS197-D1.pdb:A  SCOP d1mkha_
  442      0.6726          -0  1.798e+308     0.000   114    2    4           1    0    139     10    139      6    T1001TS197-D1.pdb:A  SCOP d1icha_
  443      0.6726          -0        3.24     0.000   114    2    4           1    0    139     10    139      7    T1001TS197-D1.pdb:A  SCOP d1ncha_
  444      0.6726          -0  1.798e+308     0.000   114    2    4           1    0    139     10    139      7    T1001TS197-D1.pdb:A  SCOP d1svra_
  445      0.6726          -0  1.798e+308     0.000   114    3    4           1    0    139     10    139      9    T1001TS197-D1.pdb:A  SCOP d1ckra_
  446      0.6726          -0  1.798e+308     0.000   114    3    4           1    0    139     10    139      8    T1001TS197-D1.pdb:A  SCOP d7hsca_
  447      0.6726          -0       2.721     0.000   114    2    6           1    0    139     10    139      5    T1001TS197-D1.pdb:A  SCOP d1ql4a_
  448      0.6726          -0       2.721     0.000   114    2    6           1    0    139     10    139      5    T1001TS197-D1.pdb:A  SCOP d1ql3a_
  449      0.6726          -0  1.798e+308     0.000   114    3    4           1    0    139     10    139      7    T1001TS197-D1.pdb:A  SCOP d1k85a_
  450      0.6726          -0       2.516     0.000   114    2    6           1    0    139     10    139     10    T1001TS197-D1.pdb:A  SCOP d1mx4a_
  451      0.6726          -0       2.516     0.000   114    2    6           1    0    139     10    139     10    T1001TS197-D1.pdb:A  SCOP d1ihba_
  452      0.6726          -0  1.798e+308     0.000   114    2    4           1    0    139     10    139      7    T1001TS197-D1.pdb:A  SCOP d1svqa_
  453      0.6726          -0       5.137     0.000   114    3    5           1    0    139     10    139     15    T1001TS197-D1.pdb:A  SCOP d1dy8.1
  454      0.6726          -0  1.798e+308     0.000   114    2    4           1    0    139     10    139      6    T1001TS197-D1.pdb:A  SCOP d1xwea_
  455      0.6726     0.04162       4.467     0.000   114    2    5           1    0    139     10    139      4    T1001TS197-D1.pdb:A  SCOP d1gpsa_
  456      0.6726          -0  1.798e+308     0.000   114    2    4           1    0    139     10    139     10    T1001TS197-D1.pdb:A  SCOP d1awta_
  457      0.6726          -0       1.283     0.000   114    3    4           1    0    139     10    139      8    T1001TS197-D1.pdb:A  SCOP d1lela_
  458      0.6726          -0       2.944     0.000   114    2    4           1    0    139     10    139      8    T1001TS197-D1.pdb:A  SCOP d1l7la_
  459      0.6726          -0       2.944     0.000   114    2    4           1    0    139     10    139      8    T1001TS197-D1.pdb:A  SCOP d1uoja_
  460      0.6726          -0  1.798e+308     0.000   114    3    4           1    0    139     10    139      7    T1001TS197-D1.pdb:A  SCOP d1whva_
  461      0.6726          -0       2.915     0.000   114    2    4           1    0    139     10    139      6    T1001TS197-D1.pdb:A  SCOP d2raca_
  462      0.6726          -0       2.915     0.000   114    2    4           1    0    139     10    139      6    T1001TS197-D1.pdb:A  SCOP d1bxaa_
  463      0.6726          -0       2.777     0.000   114    3    4           1    0    139     10    139     15    T1001TS197-D1.pdb:A  SCOP d1amha_
  464      0.6726          -0       2.915     0.000   114    2    4           1    0    139     10    139      7    T1001TS197-D1.pdb:A  SCOP d1sf3a_
  465      0.6726          -0       2.915     0.000   114    2    4           1    0    139     10    139      6    T1001TS197-D1.pdb:A  SCOP d1sfha_
  466      0.6726          -0       4.352     0.000   114    3    4           1    0    139     10    139     15    T1001TS197-D1.pdb:A  SCOP d1ept.1
  467      0.6726          -0       2.915     0.000   114    2    4           1    0    139     10    139      6    T1001TS197-D1.pdb:A  SCOP d1sfda_
  468      0.6726          -0       1.201     0.000   114    2    5           1    0    139     10    139     10    T1001TS197-D1.pdb:A  SCOP d1xpna_
  469      0.6726          -0  1.798e+308     0.000   114    3    4           1    0    139     10    139      7    T1001TS197-D1.pdb:A  SCOP d1o0pa_
  470      0.6726          -0  1.798e+308     0.000   114    3    4           1    0    139     10    139      7    T1001TS197-D1.pdb:A  SCOP d1opia_
  471      0.6726          -0  1.798e+308     0.000   114    2    4           1    0    139     10    139      5    T1001TS197-D1.pdb:A  SCOP d1iqta_
  472      0.6726          -0  1.798e+308     0.000   114    2    4           1    0    139     10    139      4    T1001TS197-D1.pdb:A  SCOP d1ac0a_
  473      0.6726   1.441e-05       3.635     0.000   114    2    4           1    0    139     10    139      5    T1001TS197-D1.pdb:A  SCOP d1d8ba_
  474      0.6726          -0  1.798e+308     0.000   114    3    4           1    0    139     10    139     15    T1001TS197-D1.pdb:A  SCOP d1u7ua_
  475      0.6726          -0  1.798e+308     0.000   114    2    4           1    0    139     10    139      8    T1001TS197-D1.pdb:A  SCOP d1kuma_
  476      0.6726          -0  1.798e+308     0.000   114    2    4           1    0    139     10    139      8    T1001TS197-D1.pdb:A  SCOP d1acza_
  477      0.6726          -0  1.798e+308     0.000   114    2    4           1    0    139     10    139      6    T1001TS197-D1.pdb:A  SCOP d1kula_
  478      0.6726   0.0003441       5.438     0.000   114    3    4           1    0    139     10    139      9    T1001TS197-D1.pdb:A  SCOP d1jf8a_
  479      0.6726          -0  1.798e+308     0.000   114    3    4           1    0    139     10    139      9    T1001TS197-D1.pdb:A  SCOP d1oj5a_
  480      0.6726          -0  1.798e+308     0.000   114    2    4           1    0    139     10    139      9    T1001TS197-D1.pdb:A  SCOP d1rsya_
  481      0.6726          -0  1.798e+308     0.000   114    3    4           1    0    139     10    139     14    T1001TS197-D1.pdb:A  SCOP d1cywa_
  482      0.6726          -0  1.798e+308     0.000   114    3    4           1    0    139     10    139     15    T1001TS197-D1.pdb:A  SCOP d1i58a_
  483      0.6726          -0       2.464     0.000   114    2    6           1    0    139     10    139      9    T1001TS197-D1.pdb:A  SCOP d1gn0a_
  484      0.6726          -0  1.798e+308     0.000   114    2    4           1    0    139     10    139     10    T1001TS197-D1.pdb:A  SCOP d1ee6a_
  485      0.6726   9.559e-12       1.755     0.000   114    3    5           1    0    139     10    139      4    T1001TS197-D1.pdb:A  SCOP d1bmra_
  486      0.6726          -0       1.436     0.000   114    2    4           1    0    139     10    139     10    T1001TS197-D1.pdb:A  SCOP d1j4sa_
  487      0.6726          -0      0.7367     0.000   114    3    4           1    0    139     10    139     12    T1001TS197-D1.pdb:A  SCOP d1tp8.1
  488      0.6726   9.559e-12       1.755     0.000   114    3    5           1    0    139     10    139      4    T1001TS197-D1.pdb:A  SCOP d1fh3a_
  489      0.6726    0.001371       3.492     0.000   114    2    4           1    0    139     10    139      4    T1001TS197-D1.pdb:A  SCOP d1atxa_
  490      0.6726          -0       3.476     0.000   114    3    4           1    0    139     10    139     15    T1001TS197-D1.pdb:A  SCOP d2pka.1
  491      0.6726          -0  1.798e+308     0.000   114    2    4           1    0    139     10    139      7    T1001TS197-D1.pdb:A  SCOP d1vhia_
  492      0.6726          -0  1.798e+308     0.000   114    2    4           1    0    139     10    139      7    T1001TS197-D1.pdb:A  SCOP d1b3ta_
  493      0.6726          -0  1.798e+308     0.000   114    2    4           1    0    139     10    139      4    T1001TS197-D1.pdb:A  SCOP d1eoqa_
  494      0.6726          -0  1.798e+308     0.000   114    3    4           1    0    139     10    139     12    T1001TS197-D1.pdb:A  SCOP d1gn1a_
