<html><head></head><body><pre style="word-wrap: break-word; white-space: pre-wrap;"> PDBe Fold v2.59. (src3) 14 Apr 2014 result file.

                   RESULT SUMMARY

   ##      Q-score      P-score     Z-score   RMSD    Nalgn Nsse Ngaps Seq-%     Nmd Nres-Q Nsse-Q Nres-T Nsse-T Query Target
    1       0.969          -0       3.872     0.000   126    2    2           1    0    128      9    128      8    T1017s2TS043-D1.pdb:A  SCOP d1wcja_
    2      0.9537     7.5e-07       4.037     0.000   125    2    1           1    0    128      9    128      5    T1017s2TS043-D1.pdb:A  SCOP d1stua_
    3      0.9537   4.113e-14        3.75     0.000   125    2    3           1    0    128      9    128      7    T1017s2TS043-D1.pdb:A  SCOP d1uwda_
    4      0.9537       1.293       3.513     0.000   125    2    1           1    0    128      9    128      3    T1017s2TS043-D1.pdb:A  SCOP d1imxa_
    5      0.9537      0.6409       2.685     0.000   125    2    2           1    0    128      9    128      3    T1017s2TS043-D1.pdb:A  SCOP d2gf1a_
    6      0.9385          -0       3.607     0.000   124    2    2           1    0    128      9    128      9    T1017s2TS043-D1.pdb:A  SCOP d1vi8a_
    7      0.9234          -0       3.326     0.000   123    2    2           1    0    128      9    128      9    T1017s2TS043-D1.pdb:A  SCOP d1sbka_
    8      0.9234          -0       3.729     0.000   123    2    2           1    0    128      9    128      9    T1017s2TS043-D1.pdb:A  SCOP d1vh5a_
    9      0.9234      0.6831       2.757     0.000   123    2    3           1    0    128      9    128      3    T1017s2TS043-D1.pdb:A  SCOP d1efea_
   10      0.9234      0.2924       5.454     0.000   123    2    2           1    0    128      9    128      6    T1017s2TS043-D1.pdb:A  SCOP d1wota_
   11      0.9234          -0       3.966     0.000   123    2    2           1    0    128      9    128      9    T1017s2TS043-D1.pdb:A  SCOP d1sc0a_
   12      0.9234          -0        3.75     0.000   123    2    2           1    0    128      9    128      9    T1017s2TS043-D1.pdb:A  SCOP d2b6ea1
   13      0.9084          -0       3.073     0.000   122    3    1           1    0    128      9    128      9    T1017s2TS043-D1.pdb:A  SCOP d1fev.1
   14      0.9084          -0       3.604     0.000   122    3    1           1    0    128      9    128     10    T1017s2TS043-D1.pdb:A  SCOP d1d5h.1
   15      0.9084    6.72e-05       5.331     0.000   122    2    1           1    0    128      9    128      9    T1017s2TS043-D1.pdb:A  SCOP d1mm4a_
   16      0.9084       1.852       4.552     0.000   122    2    4           1    0    128      9    128      5    T1017s2TS043-D1.pdb:A  SCOP d2r63a_
   17      0.9084          -0       3.194     0.000   122    3    1           1    0    128      9    128      6    T1017s2TS043-D1.pdb:A  SCOP d1kq1a_
   18      0.9084          -0       3.336     0.000   122    3    1           1    0    128      9    128      6    T1017s2TS043-D1.pdb:A  SCOP d1kq2a_
   19      0.9084      0.2463       3.855     0.000   122    2    1           1    0    128      9    128      5    T1017s2TS043-D1.pdb:A  SCOP d1pnb.1
   20      0.8936   7.136e-15       4.602     0.000   121    2    1           1    0    128      9    128      7    T1017s2TS043-D1.pdb:A  SCOP d1fkba_
   21      0.8936          -0       3.672     0.000   121    3    1           1    0    128      9    128      7    T1017s2TS043-D1.pdb:A  SCOP d1fkja_
   22      0.8936   3.432e-07       3.958     0.000   121    2    1           1    0    128      9    128      8    T1017s2TS043-D1.pdb:A  SCOP d1fkda_
   23      0.8936   3.432e-07       3.958     0.000   121    2    1           1    0    128      9    128      8    T1017s2TS043-D1.pdb:A  SCOP d2fkea_
   24      0.8936          -0       3.672     0.000   121    3    1           1    0    128      9    128      8    T1017s2TS043-D1.pdb:A  SCOP d1fkha_
   25      0.8936          -0       3.672     0.000   121    3    1           1    0    128      9    128      8    T1017s2TS043-D1.pdb:A  SCOP d1d7ja_
   26      0.8936          -0       3.672     0.000   121    3    1           1    0    128      9    128      8    T1017s2TS043-D1.pdb:A  SCOP d1d6oa_
   27      0.8936   7.136e-15       4.602     0.000   121    2    1           1    0    128      9    128      7    T1017s2TS043-D1.pdb:A  SCOP d3fapa_
   28      0.8936          -0       4.345     0.000   121    2    1           1    0    128      9    128      7    T1017s2TS043-D1.pdb:A  SCOP d1bl4a_
   29      0.8936          -0       4.095     0.000   121    2    1           1    0    128      9    128      7    T1017s2TS043-D1.pdb:A  SCOP d1d7ia_
   30      0.8936          -0       4.095     0.000   121    2    1           1    0    128      9    128      8    T1017s2TS043-D1.pdb:A  SCOP d1d7ha_
   31      0.8936          -0       4.345     0.000   121    2    1           1    0    128      9    128      8    T1017s2TS043-D1.pdb:A  SCOP d1fkga_
   32      0.8936   7.136e-15       4.602     0.000   121    2    1           1    0    128      9    128      7    T1017s2TS043-D1.pdb:A  SCOP d1fkia_
   33      0.8936   7.136e-15       4.602     0.000   121    2    1           1    0    128      9    128      7    T1017s2TS043-D1.pdb:A  SCOP d1eyma_
   34      0.8936   7.136e-15       4.602     0.000   121    2    1           1    0    128      9    128      7    T1017s2TS043-D1.pdb:A  SCOP d1nsga_
   35      0.8936   7.136e-15       4.602     0.000   121    2    1           1    0    128      9    128      7    T1017s2TS043-D1.pdb:A  SCOP d2fapa_
   36      0.8936          -0       3.672     0.000   121    3    1           1    0    128      9    128      7    T1017s2TS043-D1.pdb:A  SCOP d1a7xa_
   37      0.8936          -0       5.039     0.000   121    2    1           1    0    128      9    128     10    T1017s2TS043-D1.pdb:A  SCOP d1jvla_
   38      0.8936          -0       5.025     0.000   121    2    1           1    0    128      9    128     10    T1017s2TS043-D1.pdb:A  SCOP d1vlxa_
   39      0.8936          -0       5.039     0.000   121    2    1           1    0    128      9    128      9    T1017s2TS043-D1.pdb:A  SCOP d1e65a_
   40      0.8936          -0       4.899     0.000   121    3    1           1    0    128      9    128     10    T1017s2TS043-D1.pdb:A  SCOP d1i53a_
   41      0.8936   2.691e-09       4.424     0.000   121    2    1           1    0    128      9    128      7    T1017s2TS043-D1.pdb:A  SCOP d1uh6a_
   42      0.8936          -0       5.039     0.000   121    2    1           1    0    128      9    128     10    T1017s2TS043-D1.pdb:A  SCOP d1r1ca_
   43      0.8936   5.448e-15       3.922     0.000   121    2    1           1    0    128      9    128      7    T1017s2TS043-D1.pdb:A  SCOP d1raxa_
   44      0.8936          -0       4.195     0.000   121    2    1           1    0    128      9    128      7    T1017s2TS043-D1.pdb:A  SCOP d1krsa_
   45      0.8936       1.607       4.317     0.000   121    2    4           1    0    128      9    128      5    T1017s2TS043-D1.pdb:A  SCOP d1sq8a_
   46      0.8936          -0       4.687     0.000   121    2    1           1    0    128      9    128      8    T1017s2TS043-D1.pdb:A  SCOP d1krta_
   47      0.8936          -0       5.039     0.000   121    2    1           1    0    128      9    128      9    T1017s2TS043-D1.pdb:A  SCOP d2azua_
   48      0.8936          -0       5.039     0.000   121    2    1           1    0    128      9    128      9    T1017s2TS043-D1.pdb:A  SCOP d1e67a_
   49      0.8936          -0       5.039     0.000   121    2    1           1    0    128      9    128     10    T1017s2TS043-D1.pdb:A  SCOP d1ilsa_
   50      0.8936          -0       5.025     0.000   121    2    1           1    0    128      9    128      9    T1017s2TS043-D1.pdb:A  SCOP d1nzra_
   51      0.8936          -0       5.039     0.000   121    2    1           1    0    128      9    128      9    T1017s2TS043-D1.pdb:A  SCOP d4azua_
   52      0.8936       1.035       3.212     0.000   121    2    3           1    0    128      9    128      3    T1017s2TS043-D1.pdb:A  SCOP d1qa6a_
   53      0.8936          -0       3.672     0.000   121    3    1           1    0    128      9    128      7    T1017s2TS043-D1.pdb:A  SCOP d1bkfa_
   54      0.8936          -0       3.672     0.000   121    3    1           1    0    128      9    128      7    T1017s2TS043-D1.pdb:A  SCOP d1fkfa_
   55      0.8936          -0       3.298     0.000   121    3    1           1    0    128      9    128      8    T1017s2TS043-D1.pdb:A  SCOP d1e57a_
   56      0.8936   3.239e-10       5.676     0.000   121    2    1           1    0    128      9    128     10    T1017s2TS043-D1.pdb:A  SCOP d1cuoa_
   57      0.8936          -0        4.73     0.000   121    2    1           1    0    128      9    128      9    T1017s2TS043-D1.pdb:A  SCOP d1nwoa_
   58      0.8936          -0       3.177     0.000   121    2    2           1    0    128      9    128      4    T1017s2TS043-D1.pdb:A  SCOP d1fd4a_
   59      0.8936   5.646e-10       5.694     0.000   121    2    1           1    0    128      9    128     10    T1017s2TS043-D1.pdb:A  SCOP d1joia_
   60      0.8936   4.822e-17       4.693     0.000   121    3    1           1    0    128      9    128      8    T1017s2TS043-D1.pdb:A  SCOP d1azua_
   61      0.8936   4.976e-11       3.578     0.000   121    2    2           1    0    128      9    128      4    T1017s2TS043-D1.pdb:A  SCOP d1fd3a_
   62      0.8936          -0       5.039     0.000   121    2    1           1    0    128      9    128      9    T1017s2TS043-D1.pdb:A  SCOP d1xb6a_
   63      0.8936     0.02355        2.88     0.000   121    2    4           1    0    128      9    128      6    T1017s2TS043-D1.pdb:A  SCOP d1pa4a_
   64      0.8936          -0       4.962     0.000   121    2    1           1    0    128      9    128     10    T1017s2TS043-D1.pdb:A  SCOP d1a4ca_
   65      0.8936          -0       5.039     0.000   121    2    1           1    0    128      9    128     10    T1017s2TS043-D1.pdb:A  SCOP d1jvoa_
   66      0.8936          -0       3.364     0.000   121    3    2           1    0    128      9    128      6    T1017s2TS043-D1.pdb:A  SCOP d1hk9a_
   67      0.8936   1.912e-10       5.667     0.000   121    3    1           1    0    128      9    128     11    T1017s2TS043-D1.pdb:A  SCOP d1azna_
   68      0.8936          -0       4.772     0.000   121    2    1           1    0    128      9    128     10    T1017s2TS043-D1.pdb:A  SCOP d2tsba_
   69      0.8936          -0       5.289     0.000   121    2    1           1    0    128      9    128      9    T1017s2TS043-D1.pdb:A  SCOP d1ag0a_
   70      0.8936          -0       5.025     0.000   121    2    1           1    0    128      9    128     10    T1017s2TS043-D1.pdb:A  SCOP d2tsaa_
   71      0.8936          -0       5.039     0.000   121    2    1           1    0    128      9    128     10    T1017s2TS043-D1.pdb:A  SCOP d1rkra_
   72      0.8936   1.109e-15       5.398     0.000   121    2    1           1    0    128      9    128      9    T1017s2TS043-D1.pdb:A  SCOP d1bexa_
   73      0.8936          -0       4.095     0.000   121    2    1           1    0    128      9    128      7    T1017s2TS043-D1.pdb:A  SCOP d1j4ia_
   74      0.8936   2.383e-05       4.178     0.000   121    2    1           1    0    128      9    128      7    T1017s2TS043-D1.pdb:A  SCOP d1j4ha_
   75      0.8936   7.136e-15       4.602     0.000   121    2    1           1    0    128      9    128      8    T1017s2TS043-D1.pdb:A  SCOP d4fapa_
   76      0.8936    0.006181       4.649     0.000   121    2    1           1    0    128      9    128      7    T1017s2TS043-D1.pdb:A  SCOP d1qpfa_
   77      0.8936   2.459e-15       3.894     0.000   121    3    1           1    0    128      9    128      8    T1017s2TS043-D1.pdb:A  SCOP d1fapa_
   78      0.8936    0.005785       4.084     0.000   121    3    1           1    0    128      9    128      7    T1017s2TS043-D1.pdb:A  SCOP d1qpla_
   79      0.8936          -0       4.345     0.000   121    2    1           1    0    128      9    128      8    T1017s2TS043-D1.pdb:A  SCOP d1f40a_
   80      0.8936   3.176e-11       4.114     0.000   121    3    1           1    0    128      9    128      7    T1017s2TS043-D1.pdb:A  SCOP d1fksa_
   81      0.8936   2.459e-15       3.894     0.000   121    3    1           1    0    128      9    128      8    T1017s2TS043-D1.pdb:A  SCOP d1fkta_
   82      0.8936   3.176e-11       4.114     0.000   121    3    1           1    0    128      9    128      8    T1017s2TS043-D1.pdb:A  SCOP d1fkra_
   83      0.8936   2.383e-05       4.178     0.000   121    2    1           1    0    128      9    128      7    T1017s2TS043-D1.pdb:A  SCOP d1fkla_
   84      0.8936          -0       3.672     0.000   121    3    1           1    0    128      9    128      7    T1017s2TS043-D1.pdb:A  SCOP d1fkka_
   85      0.8936   2.383e-05       4.178     0.000   121    2    1           1    0    128      9    128      7    T1017s2TS043-D1.pdb:A  SCOP d1c9ha_
   86      0.8936          -0       2.221     0.000   121    2    1           1    0    128      9    128      8    T1017s2TS043-D1.pdb:A  SCOP d1yata_
   87      0.8936          -0       5.039     0.000   121    2    1           1    0    128      9    128      9    T1017s2TS043-D1.pdb:A  SCOP d1cc3a_
   88      0.8936          -0       5.039     0.000   121    2    1           1    0    128      9    128      9    T1017s2TS043-D1.pdb:A  SCOP d1ilua_
   89      0.8936          -0       3.401     0.000   121    3    1           1    0    128      9    128     10    T1017s2TS043-D1.pdb:A  SCOP d1edya_
   90       0.892          -0       4.836     0.129   121    2    1           1    0    128      9    128      7    T1017s2TS043-D1.pdb:A  SCOP d1j8ca_
   91      0.8901          -0       2.986     0.580   123    2    3      0.9756    0    128      9    128      9    T1017s2TS043-D1.pdb:A  SCOP d1vh9a_
   92      0.8789    0.004367       4.032     0.000   120    2    2           1    0    128      9    128      9    T1017s2TS043-D1.pdb:A  SCOP d1ez6a_
   93      0.8789     2.7e-11       4.152     0.000   120    2    2           1    0    128      9    128      9    T1017s2TS043-D1.pdb:A  SCOP d1ey4a_
   94      0.8789          -0       4.152     0.000   120    2    2           1    0    128      9    128      9    T1017s2TS043-D1.pdb:A  SCOP d1snqa_
   95      0.8789   0.0003668       4.032     0.000   120    2    2           1    0    128      9    128      9    T1017s2TS043-D1.pdb:A  SCOP d1syga_
   96      0.8789   0.0003668       4.032     0.000   120    2    2           1    0    128      9    128      9    T1017s2TS043-D1.pdb:A  SCOP d1a2ta_
   97      0.8789          -0       3.177     0.000   120    4    2           1    0    128      9    128     17    T1017s2TS043-D1.pdb:A  SCOP d1nf8a_
   98      0.8789          -0       3.177     0.000   120    4    2           1    0    128      9    128     17    T1017s2TS043-D1.pdb:A  SCOP d1nf9a_
   99      0.8789   1.446e-16       4.152     0.000   120    2    2           1    0    128      9    128      9    T1017s2TS043-D1.pdb:A  SCOP d1ey0a_
  100      0.8789   1.446e-16       4.152     0.000   120    2    2           1    0    128      9    128      9    T1017s2TS043-D1.pdb:A  SCOP d1snoa_
  101      0.8789   1.446e-16       4.152     0.000   120    2    2           1    0    128      9    128      9    T1017s2TS043-D1.pdb:A  SCOP d1snpa_
  102      0.8789   0.0003668       4.032     0.000   120    2    2           1    0    128      9    128      9    T1017s2TS043-D1.pdb:A  SCOP d1ihza_
  103      0.8789   0.0003668       4.032     0.000   120    2    2           1    0    128      9    128      9    T1017s2TS043-D1.pdb:A  SCOP d1ey6a_
  104      0.8789   1.319e-09       3.875     0.000   120    2    2           1    0    128      9    128      9    T1017s2TS043-D1.pdb:A  SCOP d1ey9a_
  105      0.8789   1.117e-07       4.032     0.000   120    2    2           1    0    128      9    128      9    T1017s2TS043-D1.pdb:A  SCOP d1f2za_
  106      0.8789   1.446e-16       4.152     0.000   120    2    2           1    0    128      9    128      9    T1017s2TS043-D1.pdb:A  SCOP d1eyda_
  107      0.8789       2.047       5.965     0.000   120    2    2           1    0    128      9    128      9    T1017s2TS043-D1.pdb:A  SCOP d1ii3a_
  108      0.8789   0.0003668       4.032     0.000   120    2    2           1    0    128      9    128      9    T1017s2TS043-D1.pdb:A  SCOP d1ey8a_
  109      0.8789   0.0003668       4.032     0.000   120    2    2           1    0    128      9    128      9    T1017s2TS043-D1.pdb:A  SCOP d1aexa_
  110      0.8789   1.117e-07       4.032     0.000   120    2    2           1    0    128      9    128      9    T1017s2TS043-D1.pdb:A  SCOP d1u9ra_
  111      0.8789          -0       4.152     0.000   120    2    2           1    0    128      9    128      9    T1017s2TS043-D1.pdb:A  SCOP d1tqoa_
  112      0.8789          -0       4.431     0.000   120    2    3           1    0    128      9    128     10    T1017s2TS043-D1.pdb:A  SCOP d1tgja_
  113      0.8789       1.852       4.552     0.000   120    2    4           1    0    128      9    128      5    T1017s2TS043-D1.pdb:A  SCOP d1r63a_
  114      0.8789          -0       3.435     0.000   120    2    2           1    0    128      9    128      5    T1017s2TS043-D1.pdb:A  SCOP d1xhja_
  115      0.8789          -0       4.032     0.000   120    2    2           1    0    128      9    128     10    T1017s2TS043-D1.pdb:A  SCOP d1enaa_
  116      0.8789   0.0003668       4.032     0.000   120    2    2           1    0    128      9    128      9    T1017s2TS043-D1.pdb:A  SCOP d1eyaa_
  117      0.8789   0.0003668       4.032     0.000   120    2    2           1    0    128      9    128      9    T1017s2TS043-D1.pdb:A  SCOP d1eyca_
  118      0.8789   1.117e-07       4.032     0.000   120    2    2           1    0    128      9    128      9    T1017s2TS043-D1.pdb:A  SCOP d1f2ya_
  119      0.8789   0.0003668       4.032     0.000   120    2    2           1    0    128      9    128      9    T1017s2TS043-D1.pdb:A  SCOP d1a3ua_
  120      0.8789     0.09302       3.506     0.000   120    2    2           1    0    128      9    128      4    T1017s2TS043-D1.pdb:A  SCOP d1r8pa_
  121      0.8789    0.004367       4.032     0.000   120    2    2           1    0    128      9    128      9    T1017s2TS043-D1.pdb:A  SCOP d1enca_
  122      0.8789   0.0006053       4.109     0.000   120    2    2           1    0    128      9    128      5    T1017s2TS043-D1.pdb:A  SCOP d1s6oa_
  123      0.8789   0.0003668       4.032     0.000   120    2    2           1    0    128      9    128      9    T1017s2TS043-D1.pdb:A  SCOP d1ey7a_
  124      0.8789          -0        3.24     0.000   120    2    2           1    0    128      9    128      8    T1017s2TS043-D1.pdb:A  SCOP d1mkha_
  125      0.8756          -0       4.245     0.000   115    4    2           1    0    128      9    118     10    T1017s2TS043-D1.pdb:A  SCOP d2f8aa1
  126      0.8678          -0       2.872     0.000   114    2    1           1    0    128      9    117      6    T1017s2TS043-D1.pdb:A  SCOP d2cy9a1
  127      0.8643       0.323       2.612     0.000   119    2    4           1    0    128      9    128      5    T1017s2TS043-D1.pdb:A  SCOP d2hfha_
  128      0.8643          -0       3.968     0.000   119    3    3           1    0    128      9    128     14    T1017s2TS043-D1.pdb:A  SCOP d1usca_
  129      0.8643          -0       3.968     0.000   119    3    3           1    0    128      9    128     14    T1017s2TS043-D1.pdb:A  SCOP d1usfa_
  130      0.8643     0.07397       4.009     0.000   119    2    2           1    0    128      9    128      4    T1017s2TS043-D1.pdb:A  SCOP d1hhva_
  131      0.8643      0.6016         3.7     0.000   119    2    2           1    0    128      9    128      3    T1017s2TS043-D1.pdb:A  SCOP d1vmpa_
  132      0.8643   0.0001104       3.057     0.000   119    2    2           1    0    128      9    128      4    T1017s2TS043-D1.pdb:A  SCOP d1cm9a_
  133      0.8643   1.761e-10       3.866     0.000   119    2    2           1    0    128      9    128      7    T1017s2TS043-D1.pdb:A  SCOP d1uf1a_
  134      0.8643          -0        3.75     0.000   119    3    2           1    0    128      9    128     15    T1017s2TS043-D1.pdb:A  SCOP d1a0la_
  135      0.8643          -0        4.68     0.000   119    3    2           1    0    128      9    128     13    T1017s2TS043-D1.pdb:A  SCOP d1qmva_
  136      0.8643   1.117e-07       4.032     0.000   119    2    3           1    0    128      9    128      9    T1017s2TS043-D1.pdb:A  SCOP d1a3ta_
  137      0.8611   3.301e-12        3.27     0.583   121    2    4      0.9752    0    128      9    128      8    T1017s2TS043-D1.pdb:A  SCOP d1j0qa_
  138      0.8499          -0       2.313     0.000   118    2    2           1    0    128      9    128      9    T1017s2TS043-D1.pdb:A  SCOP d1mm5a_
  139      0.8499     0.02781       5.123     0.000   118    2    3           1    0    128      9    128      7    T1017s2TS043-D1.pdb:A  SCOP d1spya_
  140      0.8499          -0       1.862     0.000   118    2    2           1    0    128      9    128      7    T1017s2TS043-D1.pdb:A  SCOP d3eipa_
  141      0.8499          -0       2.237     0.000   118    2    3           1    0    128      9    128      5    T1017s2TS043-D1.pdb:A  SCOP d1whqa_
  142      0.8499    9.44e-07       5.039     0.000   118    2    2           1    0    128      9    128      6    T1017s2TS043-D1.pdb:A  SCOP d1d9aa_
  143      0.8499          -0       4.744     0.000   118    2    2           1    0    128      9    128      7    T1017s2TS043-D1.pdb:A  SCOP d1wmza_
  144      0.8499     0.01365       4.538     0.000   118    2    2           1    0    128      9    128      5    T1017s2TS043-D1.pdb:A  SCOP d1p8ga_
  145      0.8466          -0       3.551     0.586   120    3    2       0.975    0    128      9    128      8    T1017s2TS043-D1.pdb:A  SCOP d1jg5a_
  146      0.8464      0.2155       3.467     0.588   120    2    4       0.975    0    128      9    128      6    T1017s2TS043-D1.pdb:A  SCOP d1uhwa_
  147      0.8464          -0       4.215     0.588   120    3    2       0.975    0    128      9    128     12    T1017s2TS043-D1.pdb:A  SCOP d1aiza_
  148       0.846          -0       2.604     0.592   120    3    2       0.975    0    128      9    128     11    T1017s2TS043-D1.pdb:A  SCOP d1h0pa_
  149      0.8458   1.029e-08       3.897     0.594   120    3    2       0.975    0    128      9    128     10    T1017s2TS043-D1.pdb:A  SCOP d1tu1a_
  150      0.8457          -0       3.995     0.594   120    2    2       0.975    0    128      9    128      9    T1017s2TS043-D1.pdb:A  SCOP d2azaa_
  151      0.8457    0.001077       5.258     0.594   120    2    2       0.975    0    128      9    128     10    T1017s2TS043-D1.pdb:A  SCOP d1etja_
  152      0.8457          -0       3.977     0.594   120    2    2       0.975    0    128      9    128     10    T1017s2TS043-D1.pdb:A  SCOP d1azca_
  153      0.8457          -0       3.977     0.594   120    2    2       0.975    0    128      9    128     10    T1017s2TS043-D1.pdb:A  SCOP d1uria_
  154      0.8457          -0       3.995     0.594   120    2    2       0.975    0    128      9    128      9    T1017s2TS043-D1.pdb:A  SCOP d1a4ba_
  155      0.8457          -0       3.995     0.594   120    2    2       0.975    0    128      9    128      9    T1017s2TS043-D1.pdb:A  SCOP d1a4aa_
  156      0.8457          -0       3.977     0.594   120    2    2       0.975    0    128      9    128     10    T1017s2TS043-D1.pdb:A  SCOP d1azba_
  157      0.8386   3.093e-07       2.516     0.590   119    2    2      0.9748    0    128      9    127      6    T1017s2TS043-D1.pdb:A  SCOP d2fb1a2
  158      0.8355          -0        3.24     0.000   117    2    3           1    0    128      9    128      7    T1017s2TS043-D1.pdb:A  SCOP d1m5za_
  159      0.8355          -0       4.317     0.000   117    2    2           1    0    128      9    128      7    T1017s2TS043-D1.pdb:A  SCOP d1ihja_
  160      0.8355     0.01202       4.414     0.000   117    2    4           1    0    128      9    128      9    T1017s2TS043-D1.pdb:A  SCOP d5nuca_
  161      0.8355     0.01202       4.414     0.000   117    2    4           1    0    128      9    128      9    T1017s2TS043-D1.pdb:A  SCOP d2nuca_
  162      0.8355          -0        3.05     0.000   117    2    3           1    0    128      9    128      6    T1017s2TS043-D1.pdb:A  SCOP d1wd1a_
  163      0.8355   1.354e-07       4.673     0.000   117    2    2           1    0    128      9    128      7    T1017s2TS043-D1.pdb:A  SCOP d1qdda_
  164      0.8355     0.01202       4.414     0.000   117    2    4           1    0    128      9    128      9    T1017s2TS043-D1.pdb:A  SCOP d2snma_
  165      0.8355     0.05516       5.131     0.000   117    2    4           1    0    128      9    128      9    T1017s2TS043-D1.pdb:A  SCOP d1tr5a_
  166      0.8355     0.04434       4.414     0.000   117    2    4           1    0    128      9    128      9    T1017s2TS043-D1.pdb:A  SCOP d1a3va_
  167      0.8355          -0       3.363     0.000   117    2    3           1    0    128      9    128      6    T1017s2TS043-D1.pdb:A  SCOP d1bnza_
  168      0.8355          -0       4.402     0.000   117    2    2           1    0    128      9    128      8    T1017s2TS043-D1.pdb:A  SCOP d1wmya_
  169      0.8355     0.04434       4.414     0.000   117    2    4           1    0    128      9    128      9    T1017s2TS043-D1.pdb:A  SCOP d2enba_
  170      0.8355      0.2258       5.131     0.000   117    2    4           1    0    128      9    128      9    T1017s2TS043-D1.pdb:A  SCOP d1snda_
  171      0.8355     0.04434       4.414     0.000   117    2    4           1    0    128      9    128      9    T1017s2TS043-D1.pdb:A  SCOP d1ey5a_
  172      0.8355     0.01202       4.414     0.000   117    2    4           1    0    128      9    128      9    T1017s2TS043-D1.pdb:A  SCOP d1syca_
  173      0.8355   0.0001503       4.414     0.000   117    2    4           1    0    128      9    128      9    T1017s2TS043-D1.pdb:A  SCOP d1tt2a_
  174      0.8355   0.0001503       4.414     0.000   117    2    4           1    0    128      9    128      9    T1017s2TS043-D1.pdb:A  SCOP d1syfa_
  175      0.8355   0.0001503       4.414     0.000   117    2    4           1    0    128      9    128      9    T1017s2TS043-D1.pdb:A  SCOP d1kaaa_
  176      0.8355     0.01202       4.414     0.000   117    2    4           1    0    128      9    128      9    T1017s2TS043-D1.pdb:A  SCOP d1kaba_
  177      0.8355     0.01202       4.414     0.000   117    2    4           1    0    128      9    128      9    T1017s2TS043-D1.pdb:A  SCOP d1syea_
  178      0.8355     0.04434       4.414     0.000   117    2    4           1    0    128      9    128      9    T1017s2TS043-D1.pdb:A  SCOP d1nuca_
  179      0.8355     0.04434       4.414     0.000   117    2    4           1    0    128      9    128      9    T1017s2TS043-D1.pdb:A  SCOP d1stha_
  180      0.8355     0.01202       4.414     0.000   117    2    4           1    0    128      9    128      9    T1017s2TS043-D1.pdb:A  SCOP d1snma_
  181      0.8355     0.04434       4.414     0.000   117    2    4           1    0    128      9    128      9    T1017s2TS043-D1.pdb:A  SCOP d1kdba_
  182      0.8355     0.01202       4.414     0.000   117    2    4           1    0    128      9    128      9    T1017s2TS043-D1.pdb:A  SCOP d1kdaa_
  183      0.8355     0.01202       4.414     0.000   117    2    4           1    0    128      9    128      9    T1017s2TS043-D1.pdb:A  SCOP d3nuca_
  184      0.8355     0.01202       4.414     0.000   117    2    4           1    0    128      9    128      9    T1017s2TS043-D1.pdb:A  SCOP d1eqva_
  185      0.8355   6.579e-11       3.326     0.000   117    2    4           1    0    128      9    128      9    T1017s2TS043-D1.pdb:A  SCOP d1syba_
  186      0.8355   0.0001503       4.414     0.000   117    2    4           1    0    128      9    128      9    T1017s2TS043-D1.pdb:A  SCOP d1syda_
  187      0.8355   0.0001503       4.414     0.000   117    2    4           1    0    128      9    128      9    T1017s2TS043-D1.pdb:A  SCOP d1staa_
  188      0.8355   0.0001503       4.414     0.000   117    2    4           1    0    128      9    128      9    T1017s2TS043-D1.pdb:A  SCOP d1ez8a_
  189      0.8355     0.01202       4.414     0.000   117    2    4           1    0    128      9    128      9    T1017s2TS043-D1.pdb:A  SCOP d1kdca_
  190      0.8355     0.01202       4.414     0.000   117    2    4           1    0    128      9    128      9    T1017s2TS043-D1.pdb:A  SCOP d1stna_
  191      0.8355     0.01202       4.414     0.000   117    2    4           1    0    128      9    128      9    T1017s2TS043-D1.pdb:A  SCOP d1snca_
  192      0.8355     0.01202       4.414     0.000   117    2    4           1    0    128      9    128      9    T1017s2TS043-D1.pdb:A  SCOP d1a2ua_
  193      0.8355     0.04434       4.414     0.000   117    2    4           1    0    128      9    128      9    T1017s2TS043-D1.pdb:A  SCOP d1f2ma_
  194      0.8355   0.0001503       4.414     0.000   117    2    4           1    0    128      9    128      9    T1017s2TS043-D1.pdb:A  SCOP d1stya_
  195      0.8355          -0       2.496     0.000   117    3    2           1    0    128      9    128      6    T1017s2TS043-D1.pdb:A  SCOP d1lnxa_
  196      0.8355          -0        2.69     0.000   117    3    2           1    0    128      9    128      6    T1017s2TS043-D1.pdb:A  SCOP d1i8fa_
  197      0.8355          -0       2.167     0.000   117    2    2           1    0    128      9    128      8    T1017s2TS043-D1.pdb:A  SCOP d1rgwa_
  198      0.8355          -0       2.794     0.000   117    2    3           1    0    128      9    128      6    T1017s2TS043-D1.pdb:A  SCOP d1uita_
  199      0.8355     0.00484       4.367     0.000   117    2    2           1    0    128      9    128      5    T1017s2TS043-D1.pdb:A  SCOP d1osda_
  200      0.8355        1.01       3.678     0.000   117    2    4           1    0    128      9    128      5    T1017s2TS043-D1.pdb:A  SCOP d1adra_
  201      0.8355     0.02052       4.616     0.000   117    2    2           1    0    128      9    128      5    T1017s2TS043-D1.pdb:A  SCOP d1afia_
  202      0.8355       2.399       5.425     0.000   117    2    2           1    0    128      9    128      3    T1017s2TS043-D1.pdb:A  SCOP d1sisa_
  203      0.8355          -0       3.134     0.000   117    2    2           1    0    128      9    128      6    T1017s2TS043-D1.pdb:A  SCOP d1cc7a_
  204      0.8355   0.0001934       2.858     0.000   117    2    3           1    0    128      9    128      6    T1017s2TS043-D1.pdb:A  SCOP d1ib7a_
  205      0.8355          -0       4.331     0.000   117    3    2           1    0    128      9    128     14    T1017s2TS043-D1.pdb:A  SCOP d1tc5a_
  206      0.8355     0.03403       6.162     0.000   117    2    2           1    0    128      9    128      9    T1017s2TS043-D1.pdb:A  SCOP d1xmta_
  207      0.8355       3.515       5.781     0.000   117    2    2           1    0    128      9    128      4    T1017s2TS043-D1.pdb:A  SCOP d2dvha_
  208      0.8324    1.71e-12       1.988     0.588   119    2    4      0.9748    0    128      9    128      3    T1017s2TS043-D1.pdb:A  SCOP d1mm0a_
  209      0.8322          -0       2.035     0.590   119    2    3      0.9748    0    128      9    128      5    T1017s2TS043-D1.pdb:A  SCOP d1eyfa_
  210      0.8322          -0        1.87     0.590   119    2    3      0.9748    0    128      9    128      5    T1017s2TS043-D1.pdb:A  SCOP d1adna_
  211      0.8321          -0       2.728     0.590   119    3    4      0.9748    0    128      9    128      8    T1017s2TS043-D1.pdb:A  SCOP d1psua_
  212      0.8321   7.842e-08       3.709     0.591   119    2    3      0.9748    0    128      9    128      6    T1017s2TS043-D1.pdb:A  SCOP d1iqza_
  213      0.8319          -0       4.059     0.593   119    2    3      0.9748    0    128      9    128      7    T1017s2TS043-D1.pdb:A  SCOP d1we6a_
  214      0.8317          -0       1.595     0.594   119    3    3      0.9748    0    128      9    128     12    T1017s2TS043-D1.pdb:A  SCOP d1yi5a1
  215      0.8227   2.596e-05       4.342     0.000   111    2    1           1    0    128      9    117      8    T1017s2TS043-D1.pdb:A  SCOP d1qg0a1
  216      0.8213    0.000291        4.08     0.000   116    2    2           1    0    128      9    128      6    T1017s2TS043-D1.pdb:A  SCOP d2sxla_
  217      0.8213    0.002386       3.198     0.000   116    2    2           1    0    128      9    128      4    T1017s2TS043-D1.pdb:A  SCOP d1ssla_
  218      0.8213       2.226       4.892     0.000   116    2    3           1    0    128      9    128      6    T1017s2TS043-D1.pdb:A  SCOP d1bega_
  219      0.8213          -0       2.206     0.000   116    3    4           1    0    128      9    128     14    T1017s2TS043-D1.pdb:A  SCOP d1vkia_
  220      0.8213          -0       2.129     0.000   116    2    3           1    0    128      9    128      6    T1017s2TS043-D1.pdb:A  SCOP d1ue6a_
  221      0.8213   3.382e-10       2.193     0.000   116    2    2           1    0    128      9    128      4    T1017s2TS043-D1.pdb:A  SCOP d1j5ja_
  222      0.8213     0.01202       4.414     0.000   116    2    4           1    0    128      9    128      9    T1017s2TS043-D1.pdb:A  SCOP d1stga_
  223      0.8213          -0       2.167     0.000   116    2    2           1    0    128      9    128      5    T1017s2TS043-D1.pdb:A  SCOP d1dhma_
  224      0.8213     0.02052       4.616     0.000   116    2    2           1    0    128      9    128      5    T1017s2TS043-D1.pdb:A  SCOP d1afja_
  225      0.8213          -0       3.564     0.000   116    2    4           1    0    128      9    128      7    T1017s2TS043-D1.pdb:A  SCOP d1jora_
  226      0.8213          -0       4.602     0.000   116    2    4           1    0    128      9    128      9    T1017s2TS043-D1.pdb:A  SCOP d1joka_
  227      0.8213          -0       3.363     0.000   116    2    3           1    0    128      9    128      6    T1017s2TS043-D1.pdb:A  SCOP d1bf4a_
  228      0.8213     0.01393       1.259     0.000   116    2    2           1    0    128      9    128      2    T1017s2TS043-D1.pdb:A  SCOP d1ai0.1
  229      0.8213          -0        3.05     0.000   116    2    3           1    0    128      9    128      6    T1017s2TS043-D1.pdb:A  SCOP d1azpa_
  230      0.8213          -0       3.531     0.000   116    2    4           1    0    128      9    128      9    T1017s2TS043-D1.pdb:A  SCOP d1uv0a_
  231      0.8213          -0       3.578     0.000   116    3    2           1    0    128      9    128     13    T1017s2TS043-D1.pdb:A  SCOP d1s21a_
  232      0.8213          -0        3.05     0.000   116    2    3           1    0    128      9    128      6    T1017s2TS043-D1.pdb:A  SCOP d1wd0a_
  233      0.8213          -0       3.363     0.000   116    2    3           1    0    128      9    128      6    T1017s2TS043-D1.pdb:A  SCOP d1ca6a_
  234      0.8213          -0       5.045     0.000   116    3    2           1    0    128      9    128     14    T1017s2TS043-D1.pdb:A  SCOP d1gy2a_
  235      0.8192          -0       3.147     0.991   122    3    2      0.9754    0    128      9    128     13    T1017s2TS043-D1.pdb:A  SCOP d1wgba_
  236      0.8181          -0       3.644     0.591   118    3    3      0.9746    0    128      9    128      8    T1017s2TS043-D1.pdb:A  SCOP d1n91a_
  237      0.8179          -0       2.066     0.593   118    3    3      0.9746    0    128      9    128     13    T1017s2TS043-D1.pdb:A  SCOP d1qq2a_
  238      0.8172          -0         3.7     0.599   118    3    4      0.9746    0    128      9    128     10    T1017s2TS043-D1.pdb:A  SCOP d2a8na1
  239      0.8157          -0       1.714     0.000   111    3    1           1    0    128      9    118     14    T1017s2TS043-D1.pdb:A  SCOP d2afja1
  240      0.8149          -0       3.986     0.000   110    4    1           1    0    128      9    116     16    T1017s2TS043-D1.pdb:A  SCOP d1ucxa1
  241      0.8099          -0       2.794     0.000   112    2    2           1    0    128      9    121      9    T1017s2TS043-D1.pdb:A  SCOP d1sb3a1
  242      0.8089          -0       1.922     0.000   111    2    1           1    0    128      9    119      8    T1017s2TS043-D1.pdb:A  SCOP d1gawa1
  243      0.8072          -0  1.798e+308     0.000   115    3    2           1    0    128      9    128      5    T1017s2TS043-D1.pdb:A  SCOP d1j2xa_
  244      0.8072          -0  1.798e+308     0.000   115    2    2           1    0    128      9    128      8    T1017s2TS043-D1.pdb:A  SCOP d1fbua_
  245      0.8072          -0  1.798e+308     0.000   115    2    2           1    0    128      9    128      9    T1017s2TS043-D1.pdb:A  SCOP d1l8ra_
  246      0.8072       2.326       4.808     0.000   115    2    2           1    0    128      9    128      4    T1017s2TS043-D1.pdb:A  SCOP d1hy8a_
  247      0.8072          -0  1.798e+308     0.000   115    2    2           1    0    128      9    128      5    T1017s2TS043-D1.pdb:A  SCOP d1onva_
  248      0.8072          -0  1.798e+308     0.000   115    2    2           1    0    128      9    128      6    T1017s2TS043-D1.pdb:A  SCOP d1ufma_
  249      0.8072          -0  1.798e+308     0.000   115    2    2           1    0    128      9    128      4    T1017s2TS043-D1.pdb:A  SCOP d1ppqa_
  250      0.8072          -0  1.798e+308     0.000   115    3    2           1    0    128      9    128      5    T1017s2TS043-D1.pdb:A  SCOP d1dpua_
  251      0.8072          -0       2.597     0.000   115    3    2           1    0    128      9    128      9    T1017s2TS043-D1.pdb:A  SCOP d1xoya_
  252      0.8072          -0  1.798e+308     0.000   115    2    2           1    0    128      9    128      3    T1017s2TS043-D1.pdb:A  SCOP d1wj0a_
  253      0.8072          -0  1.798e+308     0.000   115    3    2           1    0    128      9    128      9    T1017s2TS043-D1.pdb:A  SCOP d1k9ia_
  254      0.8072          -0       3.979     0.000   115    2    2           1    0    128      9    128      9    T1017s2TS043-D1.pdb:A  SCOP d1alya_
  255      0.8072          -0       3.177     0.000   115    3    2           1    0    128      9    128     10    T1017s2TS043-D1.pdb:A  SCOP d4tsva_
  256      0.8072          -0       2.343     0.000   115    3    2           1    0    128      9    128     10    T1017s2TS043-D1.pdb:A  SCOP d5tswa_
  257      0.8072          -0       3.177     0.000   115    3    2           1    0    128      9    128      6    T1017s2TS043-D1.pdb:A  SCOP d1a8ma_
  258      0.8072          -0       3.177     0.000   115    2    2           1    0    128      9    128      7    T1017s2TS043-D1.pdb:A  SCOP d1tnfa_
  259      0.8072          -0       3.177     0.000   115    2    2           1    0    128      9    128      7    T1017s2TS043-D1.pdb:A  SCOP d2tuna_
  260      0.8072          -0  1.798e+308     0.000   115    3    2           1    0    128      9    128      9    T1017s2TS043-D1.pdb:A  SCOP d1d2qa_
  261      0.8072          -0  1.798e+308     0.000   115    3    2           1    0    128      9    128     13    T1017s2TS043-D1.pdb:A  SCOP d1rj8a_
  262      0.8072          -0  1.798e+308     0.000   115    4    2           1    0    128      9    128     11    T1017s2TS043-D1.pdb:A  SCOP d1k2ma_
  263      0.8072          -0  1.798e+308     0.000   115    4    2           1    0    128      9    128     11    T1017s2TS043-D1.pdb:A  SCOP d1j4ka_
  264      0.8072          -0       3.343     0.000   115    3    2           1    0    128      9    128     15    T1017s2TS043-D1.pdb:A  SCOP d2cnaa_
  265      0.8072          -0       5.713     0.000   115    4    2           1    0    128      9    128     18    T1017s2TS043-D1.pdb:A  SCOP d2bqpa_
  266      0.8072          -0       5.713     0.000   115    4    2           1    0    128      9    128     17    T1017s2TS043-D1.pdb:A  SCOP d1len.1
  267      0.8072          -0       5.713     0.000   115    4    2           1    0    128      9    128     17    T1017s2TS043-D1.pdb:A  SCOP d2lal.1
  268      0.8072          -0       5.713     0.000   115    4    2           1    0    128      9    128     18    T1017s2TS043-D1.pdb:A  SCOP d1les.1
  269      0.8072          -0       5.713     0.000   115    4    2           1    0    128      9    128     18    T1017s2TS043-D1.pdb:A  SCOP d1lem.1
  270      0.8072       1.539       4.538     0.000   115    2    2           1    0    128      9    128      2    T1017s2TS043-D1.pdb:A  SCOP d1osxa_
  271      0.8072          -0       3.336     0.000   115    3    2           1    0    128      9    128      8    T1017s2TS043-D1.pdb:A  SCOP d1ibya_
  272      0.8072          -0       3.336     0.000   115    3    2           1    0    128      9    128      8    T1017s2TS043-D1.pdb:A  SCOP d1ibza_
  273      0.8072          -0       3.439     0.000   115    3    2           1    0    128      9    128     10    T1017s2TS043-D1.pdb:A  SCOP d1ic0a_
  274      0.8072          -0  1.798e+308     0.000   115    3    2           1    0    128      9    128     14    T1017s2TS043-D1.pdb:A  SCOP d1cywa_
  275      0.8072          -0       3.793     0.000   115    4    2           1    0    128      9    128     10    T1017s2TS043-D1.pdb:A  SCOP d2cuaa_
  276      0.8072          -0  1.798e+308     0.000   115    3    2           1    0    128      9    128     10    T1017s2TS043-D1.pdb:A  SCOP d1k5wa_
  277      0.8072          -0  1.798e+308     0.000   115    3    2           1    0    128      9    128     12    T1017s2TS043-D1.pdb:A  SCOP d1lb6a_
  278      0.8072          -0  1.798e+308     0.000   115    3    2           1    0    128      9    128     12    T1017s2TS043-D1.pdb:A  SCOP d1lb5a_
  279      0.8072          -0       3.157     0.000   115    2    2           1    0    128      9    128      9    T1017s2TS043-D1.pdb:A  SCOP d1laja_
  280      0.8072       1.207       3.808     0.000   115    2    2           1    0    128      9    128      5    T1017s2TS043-D1.pdb:A  SCOP d1kkxa_
  281      0.8072          -0  1.798e+308     0.000   115    3    2           1    0    128      9    128      7    T1017s2TS043-D1.pdb:A  SCOP d1rl1a_
  282      0.8072          -0       5.074     0.000   115    2    2           1    0    128      9    128      7    T1017s2TS043-D1.pdb:A  SCOP d1wgva_
  283      0.8072          -0  1.798e+308     0.000   115    3    2           1    0    128      9    128      7    T1017s2TS043-D1.pdb:A  SCOP d1q5la_
  284      0.8072          -0  1.798e+308     0.000   115    3    2           1    0    128      9    128      9    T1017s2TS043-D1.pdb:A  SCOP d1ckra_
  285      0.8072          -0  1.798e+308     0.000   115    3    2           1    0    128      9    128      8    T1017s2TS043-D1.pdb:A  SCOP d7hsca_
  286      0.8072          -0       1.922     0.000   115    3    2           1    0    128      9    128     11    T1017s2TS043-D1.pdb:A  SCOP d1kgya_
  287      0.8072          -0       3.681     0.000   115    2    2           1    0    128      9    128     10    T1017s2TS043-D1.pdb:A  SCOP d1xnaa_
  288      0.8072          -0        2.75     0.000   115    3    2           1    0    128      9    128     10    T1017s2TS043-D1.pdb:A  SCOP d1q9ga_
  289      0.8072          -0  1.798e+308     0.000   115    3    2           1    0    128      9    128      7    T1017s2TS043-D1.pdb:A  SCOP d1skga_
  290      0.8072          -0        3.26     0.000   115    3    2           1    0    128      9    128     10    T1017s2TS043-D1.pdb:A  SCOP d1rsfa_
  291      0.8072          -0  1.798e+308     0.000   115    3    2           1    0    128      9    128      7    T1017s2TS043-D1.pdb:A  SCOP d1pd6a_
  292      0.8072          -0  1.798e+308     0.000   115    3    2           1    0    128      9    128      9    T1017s2TS043-D1.pdb:A  SCOP d1qsva_
  293      0.8072          -0  1.798e+308     0.000   115    3    2           1    0    128      9    128      8    T1017s2TS043-D1.pdb:A  SCOP d1u41a_
  294      0.8072          -0  1.798e+308     0.000   115    3    2           1    0    128      9    128     10    T1017s2TS043-D1.pdb:A  SCOP d1k3za_
  295      0.8072          -0       2.221     0.000   115    2    2           1    0    128      9    128      6    T1017s2TS043-D1.pdb:A  SCOP d1s6na_
  296      0.8072          -0       2.352     0.000   115    2    2           1    0    128      9    128     10    T1017s2TS043-D1.pdb:A  SCOP d1kmta_
  297      0.8072          -0       2.352     0.000   115    2    2           1    0    128      9    128      8    T1017s2TS043-D1.pdb:A  SCOP d1ajwa_
  298      0.8072          -0  1.798e+308     0.000   115    3    2           1    0    128      9    128      7    T1017s2TS043-D1.pdb:A  SCOP d1k85a_
  299      0.8072          -0        3.42     0.000   115    2    3           1    0    128      9    128      7    T1017s2TS043-D1.pdb:A  SCOP d1wk0a_
  300      0.8072   2.777e-08       5.015     0.000   115    3    2           1    0    128      9    128      7    T1017s2TS043-D1.pdb:A  SCOP d1op4a_
  301      0.8072          -0  1.798e+308     0.000   115    3    2           1    0    128      9    128     13    T1017s2TS043-D1.pdb:A  SCOP d1ej8a_
  302      0.8072          -0  1.798e+308     0.000   115    3    2           1    0    128      9    128      9    T1017s2TS043-D1.pdb:A  SCOP d1ifra_
  303      0.8072          -0  1.798e+308     0.000   115    3    2           1    0    128      9    128      9    T1017s2TS043-D1.pdb:A  SCOP d1ivta_
  304      0.8072          -0  1.798e+308     0.000   115    3    2           1    0    128      9    128     10    T1017s2TS043-D1.pdb:A  SCOP d1gyva_
  305      0.8072          -0  1.798e+308     0.000   115    3    2           1    0    128      9    128     10    T1017s2TS043-D1.pdb:A  SCOP d1gyua_
  306      0.8072          -0       2.747     0.000   115    2    2           1    0    128      9    128      9    T1017s2TS043-D1.pdb:A  SCOP d1rowa_
  307      0.8072          -0  1.798e+308     0.000   115    2    2           1    0    128      9    128      7    T1017s2TS043-D1.pdb:A  SCOP d1e5ca_
  308      0.8072          -0  1.798e+308     0.000   115    2    2           1    0    128      9    128      5    T1017s2TS043-D1.pdb:A  SCOP d1e5ba_
  309      0.8072          -0  1.798e+308     0.000   115    4    2           1    0    128      9    128      7    T1017s2TS043-D1.pdb:A  SCOP d2xbda_
  310      0.8072          -0       3.392     0.000   115    3    2           1    0    128      9    128     10    T1017s2TS043-D1.pdb:A  SCOP d1aoha_
  311      0.8072          -0       3.177     0.000   115    3    2           1    0    128      9    128     13    T1017s2TS043-D1.pdb:A  SCOP d1j8ra_
  312      0.8072          -0       3.177     0.000   115    3    2           1    0    128      9    128     13    T1017s2TS043-D1.pdb:A  SCOP d1j8sa_
  313      0.8072          -0  1.798e+308     0.000   115    3    2           1    0    128      9    128     11    T1017s2TS043-D1.pdb:A  SCOP d1mo7a_
  314      0.8072          -0  1.798e+308     0.000   115    3    2           1    0    128      9    128      6    T1017s2TS043-D1.pdb:A  SCOP d1kula_
  315      0.8072          -0  1.798e+308     0.000   115    2    2           1    0    128      9    128      8    T1017s2TS043-D1.pdb:A  SCOP d1acza_
  316      0.8072          -0  1.798e+308     0.000   115    3    2           1    0    128      9    128      8    T1017s2TS043-D1.pdb:A  SCOP d1kuma_
  317      0.8072          -0  1.798e+308     0.000   115    2    2           1    0    128      9    128      9    T1017s2TS043-D1.pdb:A  SCOP d1cqya_
  318      0.8072          -0  1.798e+308     0.000   115    3    2           1    0    128      9    128     15    T1017s2TS043-D1.pdb:A  SCOP d1fida_
  319      0.8072          -0       3.923     0.000   115    2    2           1    0    128      9    128      8    T1017s2TS043-D1.pdb:A  SCOP d1b3ia_
  320      0.8072       1.499       4.009     0.000   115    2    3           1    0    128      9    128      4    T1017s2TS043-D1.pdb:A  SCOP d1irja_
  321      0.8072       1.094       5.025     0.000   115    2    2           1    0    128      9    128      4    T1017s2TS043-D1.pdb:A  SCOP d1pk2a_
  322      0.8072    0.002933       3.334     0.000   115    2    2           1    0    128      9    128      3    T1017s2TS043-D1.pdb:A  SCOP d1bnba_
  323      0.8072   1.268e-10       2.887     0.000   115    2    2           1    0    128      9    128      4    T1017s2TS043-D1.pdb:A  SCOP d1e4ta_
  324      0.8072   9.933e-15       3.334     0.000   115    2    2           1    0    128      9    128      4    T1017s2TS043-D1.pdb:A  SCOP d1ijua_
  325      0.8072   8.581e-06       4.138     0.000   115    2    2           1    0    128      9    128      4    T1017s2TS043-D1.pdb:A  SCOP d1ijva_
  326      0.8072     0.03118       2.441     0.000   115    2    2           1    0    128      9    128      4    T1017s2TS043-D1.pdb:A  SCOP d1bf0a_
  327      0.8072          -0       3.851     0.000   115    2    2           1    0    128      9    128      5    T1017s2TS043-D1.pdb:A  SCOP d1ks6a_
  328      0.8072          -0       1.533     0.000   115    2    2           1    0    128      9    128      5    T1017s2TS043-D1.pdb:A  SCOP d2crta_
  329      0.8072          -0       1.533     0.000   115    2    2           1    0    128      9    128      5    T1017s2TS043-D1.pdb:A  SCOP d1cdta_
  330      0.8072          -0       1.533     0.000   115    2    2           1    0    128      9    128      5    T1017s2TS043-D1.pdb:A  SCOP d1cxoa_
  331      0.8072          -0       1.533     0.000   115    2    2           1    0    128      9    128      5    T1017s2TS043-D1.pdb:A  SCOP d1cxna_
  332      0.8072          -0  1.798e+308     0.000   115    2    2           1    0    128      9    128      4    T1017s2TS043-D1.pdb:A  SCOP d1nzpa_
  333      0.8072   2.513e-05       2.887     0.000   115    2    2           1    0    128      9    128      3    T1017s2TS043-D1.pdb:A  SCOP d2cbha_
  334      0.8072      0.2088       2.887     0.000   115    2    2           1    0    128      9    128      2    T1017s2TS043-D1.pdb:A  SCOP d1az6a_
  335      0.8072    0.002933       3.334     0.000   115    2    2           1    0    128      9    128      3    T1017s2TS043-D1.pdb:A  SCOP d1cbha_
  336      0.8072      0.3251       4.495     0.000   115    2    2           1    0    128      9    128      3    T1017s2TS043-D1.pdb:A  SCOP d1bkta_
  337      0.8072       1.539       4.538     0.000   115    2    2           1    0    128      9    128      2    T1017s2TS043-D1.pdb:A  SCOP d1lmra_
  338      0.8072       1.494       4.495     0.000   115    2    2           1    0    128      9    128      2    T1017s2TS043-D1.pdb:A  SCOP d1i26a_
  339      0.8072     0.08904        2.56     0.000   115    2    2           1    0    128      9    128      2    T1017s2TS043-D1.pdb:A  SCOP d1axha_
  340      0.8072      0.8265       3.793     0.000   115    2    2           1    0    128      9    128      2    T1017s2TS043-D1.pdb:A  SCOP d1eita_
  341      0.8072     0.04242       3.815     0.000   115    2    2           1    0    128      9    128      3    T1017s2TS043-D1.pdb:A  SCOP d1dkca_
  342      0.8072          -0  1.798e+308     0.000   115    2    2           1    0    128      9    128      6    T1017s2TS043-D1.pdb:A  SCOP d1qrj.1
  343      0.8072       2.495       5.372     0.000   115    2    2           1    0    128      9    128      2    T1017s2TS043-D1.pdb:A  SCOP d1gura_
  344      0.8072          -0  1.798e+308     0.000   115    2    2           1    0    128      9    128      6    T1017s2TS043-D1.pdb:A  SCOP d1ngra_
  345      0.8072          -0       3.958     0.000   115    4    2           1    0    128      9    128     20    T1017s2TS043-D1.pdb:A  SCOP d7prna_
  346      0.8072          -0       3.958     0.000   115    5    2           1    0    128      9    128     20    T1017s2TS043-D1.pdb:A  SCOP d8prna_
  347      0.8072          -0       3.958     0.000   115    5    2           1    0    128      9    128     20    T1017s2TS043-D1.pdb:A  SCOP d1bh3a_
  348      0.8072          -0       3.958     0.000   115    4    2           1    0    128      9    128     20    T1017s2TS043-D1.pdb:A  SCOP d2prna_
  349      0.8072          -0       3.958     0.000   115    5    2           1    0    128      9    128     20    T1017s2TS043-D1.pdb:A  SCOP d6prna_
  350      0.8072          -0       3.958     0.000   115    4    2           1    0    128      9    128     20    T1017s2TS043-D1.pdb:A  SCOP d5prna_
  351      0.8072          -0       3.958     0.000   115    4    2           1    0    128      9    128     20    T1017s2TS043-D1.pdb:A  SCOP d3prna_
  352      0.8072          -0  1.798e+308     0.000   115    4    2           1    0    128      9    128     13    T1017s2TS043-D1.pdb:A  SCOP d1wyka_
  353      0.8072          -0  1.798e+308     0.000   115    4    2           1    0    128      9    128     14    T1017s2TS043-D1.pdb:A  SCOP d1svpa_
  354      0.8072          -0  1.798e+308     0.000   115    4    2           1    0    128      9    128     10    T1017s2TS043-D1.pdb:A  SCOP d1fhwa_
  355      0.8072          -0  1.798e+308     0.000   115    3    2           1    0    128      9    128      8    T1017s2TS043-D1.pdb:A  SCOP d1upra_
  356      0.8072          -0  1.798e+308     0.000   115    3    2           1    0    128      9    128      9    T1017s2TS043-D1.pdb:A  SCOP d1irsa_
  357      0.8072          -0  1.798e+308     0.000   115    3    2           1    0    128      9    128     12    T1017s2TS043-D1.pdb:A  SCOP d1hn2a_
  358      0.8072          -0       3.149     0.000   115    3    2           1    0    128      9    128     14    T1017s2TS043-D1.pdb:A  SCOP d1ew3a_
  359      0.8072          -0  1.798e+308     0.000   115    3    2           1    0    128      9    128      9    T1017s2TS043-D1.pdb:A  SCOP d1luqa_
  360      0.8072   8.085e-08       4.206     0.000   115    3    2           1    0    128      9    128      9    T1017s2TS043-D1.pdb:A  SCOP d1swga_
  361      0.8072          -0  1.798e+308     0.000   115    4    2           1    0    128      9    128     10    T1017s2TS043-D1.pdb:A  SCOP d1awva_
  362      0.8072          -0  1.798e+308     0.000   115    4    2           1    0    128      9    128     10    T1017s2TS043-D1.pdb:A  SCOP d1gp0a_
  363      0.8072          -0  1.798e+308     0.000   115    5    2           1    0    128      9    128     16    T1017s2TS043-D1.pdb:A  SCOP d1gena_
  364      0.8072          -0       2.623     0.000   115    3    2           1    0    128      9    128     10    T1017s2TS043-D1.pdb:A  SCOP d1ee6a_
  365      0.8072          -0       3.657     0.000   115    2    2           1    0    128      9    128      9    T1017s2TS043-D1.pdb:A  SCOP d1j2za_
  366      0.8072          -0       3.073     0.000   115    3    2           1    0    128      9    128     14    T1017s2TS043-D1.pdb:A  SCOP d2xata_
  367      0.8072          -0       2.382     0.000   115    3    2           1    0    128      9    128     15    T1017s2TS043-D1.pdb:A  SCOP d1lrha_
  368      0.8072          -0       2.382     0.000   115    3    2           1    0    128      9    128     15    T1017s2TS043-D1.pdb:A  SCOP d1lr5a_
  369      0.8072          -0  1.798e+308     0.000   115    3    2           1    0    128      9    128     10    T1017s2TS043-D1.pdb:A  SCOP d1ftfa_
  370      0.8072          -0       2.382     0.000   115    3    2           1    0    128      9    128     14    T1017s2TS043-D1.pdb:A  SCOP d1ax3a_
  371      0.8072          -0  1.798e+308     0.000   115    3    2           1    0    128      9    128     15    T1017s2TS043-D1.pdb:A  SCOP d1snxa_
  372      0.8072          -0  1.798e+308     0.000   115    4    2           1    0    128      9    128     18    T1017s2TS043-D1.pdb:A  SCOP d1fgka_
  373      0.8072          -0  1.798e+308     0.000   115    3    2           1    0    128      9    128      9    T1017s2TS043-D1.pdb:A  SCOP d1wida_
  374      0.8072          -0       5.599     0.000   115    3    2           1    0    128      9    128     15    T1017s2TS043-D1.pdb:A  SCOP d1fy5a_
  375      0.8072          -0       5.713     0.000   115    3    2           1    0    128      9    128     15    T1017s2TS043-D1.pdb:A  SCOP d1p2ma_
  376      0.8072          -0       5.713     0.000   115    3    2           1    0    128      9    128     15    T1017s2TS043-D1.pdb:A  SCOP d1p2na_
  377      0.8072          -0       5.713     0.000   115    3    2           1    0    128      9    128     15    T1017s2TS043-D1.pdb:A  SCOP d1p2qa_
  378      0.8072          -0       5.713     0.000   115    3    2           1    0    128      9    128     15    T1017s2TS043-D1.pdb:A  SCOP d1gcda_
  379      0.8072          -0       5.713     0.000   115    3    2           1    0    128      9    128     15    T1017s2TS043-D1.pdb:A  SCOP d1p2oa_
  380      0.8072          -0       6.202     0.000   115    3    2           1    0    128      9    128     15    T1017s2TS043-D1.pdb:A  SCOP d1gl1a_
  381      0.8072          -0       5.713     0.000   115    3    2           1    0    128      9    128     15    T1017s2TS043-D1.pdb:A  SCOP d1oxga_
  382      0.8072          -0       3.531     0.000   115    4    2           1    0    128      9    128     15    T1017s2TS043-D1.pdb:A  SCOP d1nn6a_
  383      0.8072          -0       3.979     0.000   115    3    2           1    0    128      9    128     15    T1017s2TS043-D1.pdb:A  SCOP d1lo6a_
  384      0.8072          -0       3.979     0.000   115    3    2           1    0    128      9    128     15    T1017s2TS043-D1.pdb:A  SCOP d1hfda_
  385      0.8072          -0       3.979     0.000   115    3    2           1    0    128      9    128     15    T1017s2TS043-D1.pdb:A  SCOP d1faxa_
  386      0.8072          -0       3.979     0.000   115    3    2           1    0    128      9    128     15    T1017s2TS043-D1.pdb:A  SCOP d1iqha_
  387      0.8072          -0       5.713     0.000   115    3    2           1    0    128      9    128     15    T1017s2TS043-D1.pdb:A  SCOP d1g2ma_
  388      0.8072          -0       3.979     0.000   115    3    2           1    0    128      9    128     14    T1017s2TS043-D1.pdb:A  SCOP d1fuja_
  389      0.8072          -0       5.713     0.000   115    3    2           1    0    128      9    128     15    T1017s2TS043-D1.pdb:A  SCOP d1orfa_
  390      0.8072          -0       5.713     0.000   115    3    2           1    0    128      9    128     15    T1017s2TS043-D1.pdb:A  SCOP d1op8a_
  391      0.8072          -0       5.185     0.000   115    3    2           1    0    128      9    128     15    T1017s2TS043-D1.pdb:A  SCOP d1fi8a_
  392      0.8072          -0       3.531     0.000   115    4    2           1    0    128      9    128     15    T1017s2TS043-D1.pdb:A  SCOP d1iaua_
  393      0.8072          -0       3.531     0.000   115    3    2           1    0    128      9    128     15    T1017s2TS043-D1.pdb:A  SCOP d1eufa_
  394      0.8072          -0       3.979     0.000   115    3    2           1    0    128      9    128     15    T1017s2TS043-D1.pdb:A  SCOP d1eawa_
  395      0.8072          -0  1.798e+308     0.000   115    3    2           1    0    128      9    128     15    T1017s2TS043-D1.pdb:A  SCOP d1shya_
  396      0.8072          -0  1.798e+308     0.000   115    2    2           1    0    128      9    128      5    T1017s2TS043-D1.pdb:A  SCOP d1fkca_
  397      0.8072          -0  1.798e+308     0.000   115    2    2           1    0    128      9    128      4    T1017s2TS043-D1.pdb:A  SCOP d3gcca_
  398      0.8072          -0  1.798e+308     0.000   115    2    2           1    0    128      9    128      6    T1017s2TS043-D1.pdb:A  SCOP d1rlfa_
  399      0.8072          -0  1.798e+308     0.000   115    3    2           1    0    128      9    128      7    T1017s2TS043-D1.pdb:A  SCOP d1oeya_
  400      0.8072          -0  1.798e+308     0.000   115    2    2           1    0    128      9    128      6    T1017s2TS043-D1.pdb:A  SCOP d1pqsa_
  401      0.8072          -0  1.798e+308     0.000   115    2    2           1    0    128      9    128      7    T1017s2TS043-D1.pdb:A  SCOP d1q1oa_
  402      0.8072          -0       2.632     0.000   115    2    2           1    0    128      9    128      7    T1017s2TS043-D1.pdb:A  SCOP d1w02a_
  403      0.8072    1.33e-09       3.987     0.000   115    2    2           1    0    128      9    128      9    T1017s2TS043-D1.pdb:A  SCOP d1u9aa_
  404      0.8072    1.33e-09       3.987     0.000   115    2    2           1    0    128      9    128      9    T1017s2TS043-D1.pdb:A  SCOP d1u9ba_
  405      0.8072   4.822e-17       3.521     0.000   115    2    2           1    0    128      9    128      9    T1017s2TS043-D1.pdb:A  SCOP d1kpsa_
  406      0.8072          -0  1.798e+308     0.000   115    3    2           1    0    128      9    128      9    T1017s2TS043-D1.pdb:A  SCOP d1h5pa_
  407      0.8072          -0  1.798e+308     0.000   115    2    2           1    0    128      9    128      7    T1017s2TS043-D1.pdb:A  SCOP d1k1ga_
  408      0.8072          -0  1.798e+308     0.000   115    2    2           1    0    128      9    128      7    T1017s2TS043-D1.pdb:A  SCOP d1opia_
  409      0.8072          -0  1.798e+308     0.000   115    2    2           1    0    128      9    128      7    T1017s2TS043-D1.pdb:A  SCOP d1o0pa_
  410      0.8072          -0  1.798e+308     0.000   115    3    2           1    0    128      9    128      7    T1017s2TS043-D1.pdb:A  SCOP d1owxa_
  411      0.8072          -0  1.798e+308     0.000   115    2    2           1    0    128      9    128      8    T1017s2TS043-D1.pdb:A  SCOP d1whxa_
  412      0.8072          -0  1.798e+308     0.000   115    2    2           1    0    128      9    128      7    T1017s2TS043-D1.pdb:A  SCOP d1vhia_
  413      0.8072          -0  1.798e+308     0.000   115    3    2           1    0    128      9    128     13    T1017s2TS043-D1.pdb:A  SCOP d1pbua_
  414      0.8072   1.331e-08       3.413     0.000   115    2    2           1    0    128      9    128      5    T1017s2TS043-D1.pdb:A  SCOP d1mwza_
  415      0.8072   5.035e-08       4.899     0.000   115    2    2           1    0    128      9    128      6    T1017s2TS043-D1.pdb:A  SCOP d1fvqa_
  416      0.8072          -0  1.798e+308     0.000   115    3    2           1    0    128      9    128      5    T1017s2TS043-D1.pdb:A  SCOP d1msza_
  417      0.8072          -0  1.798e+308     0.000   115    3    2           1    0    128      9    128      7    T1017s2TS043-D1.pdb:A  SCOP d1whra_
  418      0.8072          -0  1.798e+308     0.000   115    2    2           1    0    128      9    128      2    T1017s2TS043-D1.pdb:A  SCOP d1k9ca_
  419      0.8072          -0  1.798e+308     0.000   115    3    2           1    0    128      9    128     14    T1017s2TS043-D1.pdb:A  SCOP d1gxla_
  420      0.8072          -0  1.798e+308     0.000   115    4    2           1    0    128      9    128     10    T1017s2TS043-D1.pdb:A  SCOP d1obva_
  421      0.8072          -0  1.798e+308     0.000   115    3    2           1    0    128      9    128     11    T1017s2TS043-D1.pdb:A  SCOP d1m3ga_
  422      0.8072          -0  1.798e+308     0.000   115    4    2           1    0    128      9    128     19    T1017s2TS043-D1.pdb:A  SCOP d1jlna_
  423      0.8072          -0  1.798e+308     0.000   115    2    2           1    0    128      9    128      8    T1017s2TS043-D1.pdb:A  SCOP d2bjxa_
  424      0.8072          -0  1.798e+308     0.000   115    2    2           1    0    128      9    128      8    T1017s2TS043-D1.pdb:A  SCOP d1bjxa_
  425      0.8072          -0       2.627     0.000   115    4    4           1    0    128      9    128      9    T1017s2TS043-D1.pdb:A  SCOP d1gp1a_
  426      0.8072          -0  1.798e+308     0.000   115    2    2           1    0    128      9    128      7    T1017s2TS043-D1.pdb:A  SCOP d1svqa_
  427      0.8072          -0  1.798e+308     0.000   115    3    2           1    0    128      9    128     15    T1017s2TS043-D1.pdb:A  SCOP d1lfaa_
  428      0.8072          -0  1.798e+308     0.000   115    3    2           1    0    128      9    128     15    T1017s2TS043-D1.pdb:A  SCOP d1rd4a_
  429      0.8072          -0  1.798e+308     0.000   115    3    2           1    0    128      9    128     15    T1017s2TS043-D1.pdb:A  SCOP d1dgqa_
  430      0.8072          -0  1.798e+308     0.000   115    3    2           1    0    128      9    128     15    T1017s2TS043-D1.pdb:A  SCOP d1idoa_
  431      0.8072          -0  1.798e+308     0.000   115    3    2           1    0    128      9    128     14    T1017s2TS043-D1.pdb:A  SCOP d1m1ua_
  432      0.8072          -0  1.798e+308     0.000   115    3    2           1    0    128      9    128     13    T1017s2TS043-D1.pdb:A  SCOP d1n9za_
  433      0.8072          -0  1.798e+308     0.000   115    3    2           1    0    128      9    128     15    T1017s2TS043-D1.pdb:A  SCOP d1aoxa_
  434      0.8072          -0  1.798e+308     0.000   115    3    2           1    0    128      9    128     13    T1017s2TS043-D1.pdb:A  SCOP d1q0pa_
  435      0.8072          -0  1.798e+308     0.000   115    2    2           1    0    128      9    128      7    T1017s2TS043-D1.pdb:A  SCOP d1rpya_
  436      0.8072          -0  1.798e+308     0.000   115    2    2           1    0    128      9    128      6    T1017s2TS043-D1.pdb:A  SCOP d1shda_
  437      0.8072          -0  1.798e+308     0.000   115    2    2           1    0    128      9    128      7    T1017s2TS043-D1.pdb:A  SCOP d1euba_
  438      0.8072          -0  1.798e+308     0.000   115    3    2           1    0    128      9    128     11    T1017s2TS043-D1.pdb:A  SCOP d1pxva_
  439      0.8072          -0       5.902     0.000   115    3    2           1    0    128      9    128     13    T1017s2TS043-D1.pdb:A  SCOP d1saca_
  440      0.8072          -0       5.902     0.000   115    3    2           1    0    128      9    128     15    T1017s2TS043-D1.pdb:A  SCOP d1gyka_
  441      0.8072          -0       3.958     0.000   115    3    2           1    0    128      9    128     13    T1017s2TS043-D1.pdb:A  SCOP d1lgna_
  442      0.8072   3.089e-06       4.843     0.000   115    2    2           1    0    128      9    128      6    T1017s2TS043-D1.pdb:A  SCOP d1lita_
  443      0.8072          -0       1.922     0.000   115    3    2           1    0    128      9    128     11    T1017s2TS043-D1.pdb:A  SCOP d2bw8a1
  444      0.8072          -0       1.922     0.000   115    3    2           1    0    128      9    128     11    T1017s2TS043-D1.pdb:A  SCOP d1h0ba_
  445      0.8072          -0       2.012     0.000   115    3    2           1    0    128      9    128     11    T1017s2TS043-D1.pdb:A  SCOP d1oa2a_
  446      0.8072          -0       2.012     0.000   115    3    2           1    0    128      9    128     11    T1017s2TS043-D1.pdb:A  SCOP d1h8va_
  447      0.8072          -0       1.708     0.000   115    2    2           1    0    128      9    128     10    T1017s2TS043-D1.pdb:A  SCOP d1olra_
  448      0.8072          -0       1.708     0.000   115    2    2           1    0    128      9    128      9    T1017s2TS043-D1.pdb:A  SCOP d1uu6a_
  449      0.8072          -0       1.708     0.000   115    2    2           1    0    128      9    128      9    T1017s2TS043-D1.pdb:A  SCOP d1w2ua_
  450      0.8072          -0       1.708     0.000   115    2    2           1    0    128      9    128      9    T1017s2TS043-D1.pdb:A  SCOP d1uu4a_
  451      0.8072          -0       1.708     0.000   115    2    2           1    0    128      9    128     10    T1017s2TS043-D1.pdb:A  SCOP d1uu5a_
  452      0.8072          -0       2.623     0.000   115    3    2           1    0    128      9    128     11    T1017s2TS043-D1.pdb:A  SCOP d1oa3a_
  453      0.8072          -0       2.777     0.000   115    5    2           1    0    128      9    128     21    T1017s2TS043-D1.pdb:A  SCOP d1jova_
  454      0.8072          -0  1.798e+308     0.000   115    2    2           1    0    128      9    128      5    T1017s2TS043-D1.pdb:A  SCOP d1igua_
  455      0.8072          -0  1.798e+308     0.000   115    2    2           1    0    128      9    128      5    T1017s2TS043-D1.pdb:A  SCOP d1b07a_
  456      0.8072          -0  1.798e+308     0.000   115    3    2           1    0    128      9    128      5    T1017s2TS043-D1.pdb:A  SCOP d1m30a_
  457      0.8072          -0       2.907     0.000   115    2    2           1    0    128      9    128      5    T1017s2TS043-D1.pdb:A  SCOP d1shfa_
  458      0.8072          -0       2.907     0.000   115    2    2           1    0    128      9    128      5    T1017s2TS043-D1.pdb:A  SCOP d1fyna_
  459      0.8072          -0       2.907     0.000   115    2    2           1    0    128      9    128      5    T1017s2TS043-D1.pdb:A  SCOP d1efna_
  460      0.8072          -0       2.907     0.000   115    2    2           1    0    128      9    128      5    T1017s2TS043-D1.pdb:A  SCOP d1nyga_
  461      0.8072          -0       2.382     0.000   115    4    2           1    0    128      9    128     20    T1017s2TS043-D1.pdb:A  SCOP d1leda_
  462      0.8072          -0       2.382     0.000   115    4    2           1    0    128      9    128     20    T1017s2TS043-D1.pdb:A  SCOP d1leca_
  463      0.8072          -0       3.073     0.000   115    4    2           1    0    128      9    128     19    T1017s2TS043-D1.pdb:A  SCOP d1hqla_
  464      0.8072          -0       5.713     0.000   115    4    2           1    0    128      9    128     18    T1017s2TS043-D1.pdb:A  SCOP d1lob.1
  465      0.8072          -0       5.713     0.000   115    4    2           1    0    128      9    128     18    T1017s2TS043-D1.pdb:A  SCOP d1loc.1
  466      0.8072          -0       5.713     0.000   115    4    2           1    0    128      9    128     17    T1017s2TS043-D1.pdb:A  SCOP d1lod.1
  467      0.8072          -0       5.713     0.000   115    4    2           1    0    128      9    128     17    T1017s2TS043-D1.pdb:A  SCOP d1loa.1
  468      0.8072          -0       5.713     0.000   115    4    2           1    0    128      9    128     18    T1017s2TS043-D1.pdb:A  SCOP d1lgc.1
  469      0.8072          -0       3.073     0.000   115    3    2           1    0    128      9    128     15    T1017s2TS043-D1.pdb:A  SCOP d1q8va_
  470      0.8072          -0       3.073     0.000   115    3    2           1    0    128      9    128     15    T1017s2TS043-D1.pdb:A  SCOP d1n3pa_
  471      0.8072          -0        2.13     0.000   115    4    2           1    0    128      9    128      9    T1017s2TS043-D1.pdb:A  SCOP d1gbga_
  472      0.8072          -0        2.13     0.000   115    4    2           1    0    128      9    128     10    T1017s2TS043-D1.pdb:A  SCOP d2ayha_
  473      0.8072          -0        2.13     0.000   115    4    2           1    0    128      9    128      8    T1017s2TS043-D1.pdb:A  SCOP d1byha_
  474      0.8072          -0       5.443     0.000   115    3    2           1    0    128      9    128     14    T1017s2TS043-D1.pdb:A  SCOP d1d2sa_
  475      0.8072          -0       5.443     0.000   115    3    2           1    0    128      9    128     13    T1017s2TS043-D1.pdb:A  SCOP d1f5fa_
  476      0.8072          -0       5.443     0.000   115    3    2           1    0    128      9    128     13    T1017s2TS043-D1.pdb:A  SCOP d1kdka_
  477      0.8072          -0       5.443     0.000   115    3    2           1    0    128      9    128     14    T1017s2TS043-D1.pdb:A  SCOP d1lhwa_
  478      0.8072          -0       5.443     0.000   115    3    2           1    0    128      9    128     15    T1017s2TS043-D1.pdb:A  SCOP d1lhua_
  479      0.8072          -0       5.443     0.000   115    3    2           1    0    128      9    128     14    T1017s2TS043-D1.pdb:A  SCOP d1lhna_
  480      0.8072          -0       5.443     0.000   115    3    2           1    0    128      9    128     13    T1017s2TS043-D1.pdb:A  SCOP d1lhva_
  481      0.8072          -0       5.443     0.000   115    3    2           1    0    128      9    128     13    T1017s2TS043-D1.pdb:A  SCOP d1kdma_
  482      0.8072          -0  1.798e+308     0.000   115    3    2           1    0    128      9    128      6    T1017s2TS043-D1.pdb:A  SCOP d1d1ka_
  483      0.8072          -0       2.777     0.000   115    2    2           1    0    128      9    128      7    T1017s2TS043-D1.pdb:A  SCOP d1czga_
  484      0.8072          -0       2.777     0.000   115    2    2           1    0    128      9    128      7    T1017s2TS043-D1.pdb:A  SCOP d1qoha_
  485      0.8072          -0        3.12     0.000   115    2    2           1    0    128      9    128      5    T1017s2TS043-D1.pdb:A  SCOP d1h95a_
  486      0.8072          -0  1.798e+308     0.000   115    2    2           1    0    128      9    128      6    T1017s2TS043-D1.pdb:A  SCOP d1wi5a_
  487      0.8072          -0       4.495     0.000   115    2    2           1    0    128      9    128      7    T1017s2TS043-D1.pdb:A  SCOP d1rmla_
  488      0.8072          -0       3.855     0.000   115    2    2           1    0    128      9    128      7    T1017s2TS043-D1.pdb:A  SCOP d1qqka_
  489      0.8072          -0       2.777     0.000   115    3    2           1    0    128      9    128     12    T1017s2TS043-D1.pdb:A  SCOP d1t9fa_
  490      0.8072          -0       3.855     0.000   115    3    2           1    0    128      9    128     12    T1017s2TS043-D1.pdb:A  SCOP d1wbaa_
  491      0.8072          -0       2.382     0.000   115    3    2           1    0    128      9    128     14    T1017s2TS043-D1.pdb:A  SCOP d1tiea_
  492      0.8072          -0       3.743     0.000   115    3    2           1    0    128      9    128     14    T1017s2TS043-D1.pdb:A  SCOP d1eyla_
  493      0.8072          -0       3.743     0.000   115    3    2           1    0    128      9    128     14    T1017s2TS043-D1.pdb:A  SCOP d1fmza_
  494      0.8072          -0       3.743     0.000   115    3    2           1    0    128      9    128     14    T1017s2TS043-D1.pdb:A  SCOP d1fn0a_
