<html><head></head><body><pre style="word-wrap: break-word; white-space: pre-wrap;"> PDBe Fold v2.59. (src3) 14 Apr 2014 result file.

                   RESULT SUMMARY

   ##      Q-score      P-score     Z-score   RMSD    Nalgn Nsse Ngaps Seq-%     Nmd Nres-Q Nsse-Q Nres-T Nsse-T Query Target
    1           1          -0  1.798e+308     0.000    88    1    0           1    0     88      2     88      3    T1015s1TS196-D1.pdb:A  SCOP d3ins.1
    2           1          -0  1.798e+308     0.000    88    1    0           1    0     88      2     88      3    T1015s1TS196-D1.pdb:A  SCOP d4ins.1
    3           1          -0  1.798e+308     0.000    88    1    0           1    0     88      2     88      3    T1015s1TS196-D1.pdb:A  SCOP d1m5a.1
    4           1          -0  1.798e+308     0.000    88    1    0           1    0     88      2     88      3    T1015s1TS196-D1.pdb:A  SCOP d1hit.1
    5           1          -0  1.798e+308     0.000    88    1    0           1    0     88      2     88      2    T1015s1TS196-D1.pdb:A  SCOP d1his.1
    6           1          -0  1.798e+308     0.000    88    1    0           1    0     88      2     88      3    T1015s1TS196-D1.pdb:A  SCOP d1t6oa_
    7           1          -0  1.798e+308     0.000    88    1    0           1    0     88      2     88      3    T1015s1TS196-D1.pdb:A  SCOP d1r4ga_
    8           1          -0  1.798e+308     0.000    88    1    0           1    0     88      2     88      1    T1015s1TS196-D1.pdb:A  SCOP d1sf1.1
    9           1          -0  1.798e+308     0.000    88    1    0           1    0     88      2     88      3    T1015s1TS196-D1.pdb:A  SCOP d1t1k.1
   10           1          -0  1.798e+308     0.000    88    1    0           1    0     88      2     88      3    T1015s1TS196-D1.pdb:A  SCOP d1t1p.1
   11           1          -0  1.798e+308     0.000    88    1    0           1    0     88      2     88      2    T1015s1TS196-D1.pdb:A  SCOP d1iog.1
   12           1          -0  1.798e+308     0.000    88    1    0           1    0     88      2     88      3    T1015s1TS196-D1.pdb:A  SCOP d1w3da_
   13           1          -0  1.798e+308     0.000    88    1    0           1    0     88      2     88      3    T1015s1TS196-D1.pdb:A  SCOP d1xgl.1
   14           1          -0  1.798e+308     0.000    88    1    0           1    0     88      2     88      3    T1015s1TS196-D1.pdb:A  SCOP d1hiq.1
   15           1          -0  1.798e+308     0.000    88    1    0           1    0     88      2     88      2    T1015s1TS196-D1.pdb:A  SCOP d1vkt.1
   16           1          -0  1.798e+308     0.000    88    1    0           1    0     88      2     88      3    T1015s1TS196-D1.pdb:A  SCOP d2hiu.1
   17           1          -0  1.798e+308     0.000    88    1    0           1    0     88      2     88      2    T1015s1TS196-D1.pdb:A  SCOP d1lkq.1
   18           1          -0  1.798e+308     0.000    88    1    0           1    0     88      2     88      2    T1015s1TS196-D1.pdb:A  SCOP d1bom.1
   19           1          -0  1.798e+308     0.000    88    1    0           1    0     88      2     88      3    T1015s1TS196-D1.pdb:A  SCOP d1izb.1
   20           1          -0  1.798e+308     0.000    88    1    0           1    0     88      2     88      3    T1015s1TS196-D1.pdb:A  SCOP d1b2e.1
   21           1          -0  1.798e+308     0.000    88    1    0           1    0     88      2     88      3    T1015s1TS196-D1.pdb:A  SCOP d1b2f.1
   22           1          -0  1.798e+308     0.000    88    1    0           1    0     88      2     88      3    T1015s1TS196-D1.pdb:A  SCOP d1b2g.1
   23           1          -0  1.798e+308     0.000    88    1    0           1    0     88      2     88      3    T1015s1TS196-D1.pdb:A  SCOP d1b19.1
   24           1          -0  1.798e+308     0.000    88    1    0           1    0     88      2     88      4    T1015s1TS196-D1.pdb:A  SCOP d1oxza_
   25           1          -0  1.798e+308     0.000    88    1    0           1    0     88      2     88      4    T1015s1TS196-D1.pdb:A  SCOP d1nafa_
   26           1          -0  1.798e+308     0.000    88    1    0           1    0     88      2     88      3    T1015s1TS196-D1.pdb:A  SCOP d1b2c.1
   27           1          -0  1.798e+308     0.000    88    1    0           1    0     88      2     88      3    T1015s1TS196-D1.pdb:A  SCOP d1b2b.1
   28           1          -0  1.798e+308     0.000    88    1    0           1    0     88      2     88      3    T1015s1TS196-D1.pdb:A  SCOP d1b18.1
   29           1          -0  1.798e+308     0.000    88    1    0           1    0     88      2     88      3    T1015s1TS196-D1.pdb:A  SCOP d1b2a.1
   30           1          -0  1.798e+308     0.000    88    1    0           1    0     88      2     88      3    T1015s1TS196-D1.pdb:A  SCOP d1sdb.1
   31           1          -0  1.798e+308     0.000    88    1    0           1    0     88      2     88      3    T1015s1TS196-D1.pdb:A  SCOP d1b2d.1
   32           1          -0  1.798e+308     0.000    88    1    0           1    0     88      2     88      3    T1015s1TS196-D1.pdb:A  SCOP d9ins.1
   33           1          -0  1.798e+308     0.000    88    1    0           1    0     88      2     88      3    T1015s1TS196-D1.pdb:A  SCOP d1b17.1
   34           1          -0  1.798e+308     0.000    88    1    0           1    0     88      2     88      3    T1015s1TS196-D1.pdb:A  SCOP d1dei.1
   35           1          -0  1.798e+308     0.000    88    1    0           1    0     88      2     88      2    T1015s1TS196-D1.pdb:A  SCOP d1q4v.1
   36           1          -0  1.798e+308     0.000    88    1    0           1    0     88      2     88      3    T1015s1TS196-D1.pdb:A  SCOP d1j73.1
   37           1          -0  1.798e+308     0.000    88    1    0           1    0     88      2     88      3    T1015s1TS196-D1.pdb:A  SCOP d1os3.1
   38           1          -0  1.798e+308     0.000    88    1    0           1    0     88      2     88      3    T1015s1TS196-D1.pdb:A  SCOP d1htv.1
   39           1          -0  1.798e+308     0.000    88    1    0           1    0     88      2     88      3    T1015s1TS196-D1.pdb:A  SCOP d1tyl.1
   40           1          -0  1.798e+308     0.000    88    1    0           1    0     88      2     88      3    T1015s1TS196-D1.pdb:A  SCOP d1tym.1
   41           1          -0  1.798e+308     0.000    88    1    0           1    0     88      2     88      3    T1015s1TS196-D1.pdb:A  SCOP d1trz.1
   42           1          -0  1.798e+308     0.000    88    1    0           1    0     88      2     88      3    T1015s1TS196-D1.pdb:A  SCOP d1guj.1
   43           1          -0  1.798e+308     0.000    88    1    0           1    0     88      2     88      3    T1015s1TS196-D1.pdb:A  SCOP d1ben.1
   44           1          -0  1.798e+308     0.000    88    1    0           1    0     88      2     88      3    T1015s1TS196-D1.pdb:A  SCOP d1g7b.1
   45           1          -0  1.798e+308     0.000    88    1    0           1    0     88      2     88      3    T1015s1TS196-D1.pdb:A  SCOP d1g7a.1
   46           1          -0  1.798e+308     0.000    88    1    0           1    0     88      2     88      3    T1015s1TS196-D1.pdb:A  SCOP d1mso.1
   47           1          -0  1.798e+308     0.000    88    1    0           1    0     88      2     88      3    T1015s1TS196-D1.pdb:A  SCOP d2ins.1
   48           1          -0  1.798e+308     0.000    88    1    0           1    0     88      2     88      3    T1015s1TS196-D1.pdb:A  SCOP d1aph.1
   49           1          -0  1.798e+308     0.000    88    1    0           1    0     88      2     88      3    T1015s1TS196-D1.pdb:A  SCOP d1bph.1
   50           1          -0  1.798e+308     0.000    88    1    0           1    0     88      2     88      3    T1015s1TS196-D1.pdb:A  SCOP d1dph.1
   51           1          -0  1.798e+308     0.000    88    1    0           1    0     88      2     88      3    T1015s1TS196-D1.pdb:A  SCOP d1cph.1
   52           1          -0  1.798e+308     0.000    88    1    0           1    0     88      2     88      3    T1015s1TS196-D1.pdb:A  SCOP d1lph.1
   53           1          -0  1.798e+308     0.000    88    1    0           1    0     88      2     88      3    T1015s1TS196-D1.pdb:A  SCOP d1b9e.1
   54           1          -0  1.798e+308     0.000    88    1    0           1    0     88      2     88      3    T1015s1TS196-D1.pdb:A  SCOP d1os4.1
   55           1          -0  1.798e+308     0.000    88    1    0           1    0     88      2     88      3    T1015s1TS196-D1.pdb:A  SCOP d1jca.1
   56           1          -0  1.798e+308     0.000    88    1    0           1    0     88      2     88      4    T1015s1TS196-D1.pdb:A  SCOP d1dk1a_
   57           1          -0  1.798e+308     0.000    88    1    0           1    0     88      2     88      3    T1015s1TS196-D1.pdb:A  SCOP d1fub.1
   58           1          -0  1.798e+308     0.000    88    1    0           1    0     88      2     88      3    T1015s1TS196-D1.pdb:A  SCOP d1fu2.1
   59           1          -0  1.798e+308     0.000    88    1    0           1    0     88      2     88      3    T1015s1TS196-D1.pdb:A  SCOP d1hls.1
   60           1          -0  1.798e+308     0.000    88    1    0           1    0     88      2     88      2    T1015s1TS196-D1.pdb:A  SCOP d1a7f.1
   61           1          -0  1.798e+308     0.000    88    1    0           1    0     88      2     88      3    T1015s1TS196-D1.pdb:A  SCOP d1hui.1
   62           1          -0  1.798e+308     0.000    88    1    0           1    0     88      2     88      2    T1015s1TS196-D1.pdb:A  SCOP d1ioh.1
   63           1          -0  1.798e+308     0.000    88    1    0           1    0     88      2     88      3    T1015s1TS196-D1.pdb:A  SCOP d1kmf.1
   64           1          -0  1.798e+308     0.000    88    1    0           1    0     88      2     88      3    T1015s1TS196-D1.pdb:A  SCOP d1bzv.1
   65           1          -0  1.798e+308     0.000    88    1    0           1    0     88      2     88      2    T1015s1TS196-D1.pdb:A  SCOP d1t1q.1
   66           1          -0  1.798e+308     0.000    88    1    0           1    0     88      2     88      3    T1015s1TS196-D1.pdb:A  SCOP d1sjt.1
   67           1          -0  1.798e+308     0.000    88    1    0           1    0     88      2     88      2    T1015s1TS196-D1.pdb:A  SCOP d1k3m.1
   68           1          -0  1.798e+308     0.000    88    1    0           1    0     88      2     88      5    T1015s1TS196-D1.pdb:A  SCOP d1cita_
   69           1          -0  1.798e+308     0.000    88    1    0           1    0     88      2     88      5    T1015s1TS196-D1.pdb:A  SCOP d1rxra_
   70           1          -0  1.798e+308     0.000    88    1    0           1    0     88      2     88      2    T1015s1TS196-D1.pdb:A  SCOP d1r0na_
   71           1          -0  1.798e+308     0.000    88    1    0           1    0     88      2     88      3    T1015s1TS196-D1.pdb:A  SCOP d1by4a_
   72           1          -0  1.798e+308     0.000    88    1    0           1    0     88      2     88      2    T1015s1TS196-D1.pdb:A  SCOP d2nlla_
   73           1          -0  1.798e+308     0.000    88    1    0           1    0     88      2     88      1    T1015s1TS196-D1.pdb:A  SCOP d1gnfa_
   74           1          -0  1.798e+308     0.000    88    1    0           1    0     88      2     88      2    T1015s1TS196-D1.pdb:A  SCOP d1clda_
   75           1          -0  1.798e+308     0.000    88    1    0           1    0     88      2     88      5    T1015s1TS196-D1.pdb:A  SCOP d1u9la_
   76           1          -0  1.798e+308     0.000    88    1    0           1    0     88      2     88      3    T1015s1TS196-D1.pdb:A  SCOP d1arfa_
   77           1          -0  1.798e+308     0.000    88    1    0           1    0     88      2     88      1    T1015s1TS196-D1.pdb:A  SCOP d1area_
   78           1          -0  1.798e+308     0.000    88    1    0           1    0     88      2     88      1    T1015s1TS196-D1.pdb:A  SCOP d1arda_
   79           1          -0  1.798e+308     0.000    88    1    0           1    0     88      2     88      1    T1015s1TS196-D1.pdb:A  SCOP d1paaa_
   80           1          -0  1.798e+308     0.000    88    1    0           1    0     88      2     88      3    T1015s1TS196-D1.pdb:A  SCOP d1iiea_
   81           1          -0  1.798e+308     0.000    88    1    0           1    0     88      2     88      5    T1015s1TS196-D1.pdb:A  SCOP d1sse.1
   82           1          -0  1.798e+308     0.000    88    1    0           1    0     88      2     88      3    T1015s1TS196-D1.pdb:A  SCOP d1hn6a_
   83           1          -0  1.798e+308     0.000    88    1    0           1    0     88      2     88      5    T1015s1TS196-D1.pdb:A  SCOP d1doqa_
   84           1          -0  1.798e+308     0.000    88    1    0           1    0     88      2     88      5    T1015s1TS196-D1.pdb:A  SCOP d1ldda_
   85           1          -0  1.798e+308     0.000    88    1    0           1    0     88      2     88      4    T1015s1TS196-D1.pdb:A  SCOP d1lo1a_
   86           1          -0  1.798e+308     0.000    88    1    0           1    0     88      2     88      4    T1015s1TS196-D1.pdb:A  SCOP d1lata_
   87           1          -0  1.798e+308     0.000    88    1    0           1    0     88      2     88      5    T1015s1TS196-D1.pdb:A  SCOP d1r4oa_
   88           1          -0  1.798e+308     0.000    88    1    0           1    0     88      2     88      3    T1015s1TS196-D1.pdb:A  SCOP d1glua_
   89           1          -0  1.798e+308     0.000    88    1    0           1    0     88      2     88      4    T1015s1TS196-D1.pdb:A  SCOP d1r4ra_
   90           1          -0  1.798e+308     0.000    88    1    0           1    0     88      2     88      3    T1015s1TS196-D1.pdb:A  SCOP d1dsza_
   91           1          -0  1.798e+308     0.000    88    1    0           1    0     88      2     88      4    T1015s1TS196-D1.pdb:A  SCOP d1a6ya_
   92           1          -0  1.798e+308     0.000    88    1    0           1    0     88      2     88      4    T1015s1TS196-D1.pdb:A  SCOP d1r4ia_
   93           1          -0  1.798e+308     0.000    88    1    0           1    0     88      2     88      4    T1015s1TS196-D1.pdb:A  SCOP d1ntca_
   94           1          -0  1.798e+308     0.000    88    1    0           1    0     88      2     88      3    T1015s1TS196-D1.pdb:A  SCOP d1w0ua_
   95           1          -0  1.798e+308     0.000    88    1    0           1    0     88      2     88      3    T1015s1TS196-D1.pdb:A  SCOP d1iv6a_
   96           1          -0  1.798e+308     0.000    88    1    0           1    0     88      2     88      3    T1015s1TS196-D1.pdb:A  SCOP d1itya_
   97           1          -0  1.798e+308     0.000    88    1    0           1    0     88      2     88      3    T1015s1TS196-D1.pdb:A  SCOP d1w0ta_
   98           1          -0  1.798e+308     0.000    88    1    0           1    0     88      2     88      5    T1015s1TS196-D1.pdb:A  SCOP d1ul5a_
   99           1          -0  1.798e+308     0.000    88    1    0           1    0     88      2     88      3    T1015s1TS196-D1.pdb:A  SCOP d1wj0a_
  100           1          -0  1.798e+308     0.000    88    1    0           1    0     88      2     88      3    T1015s1TS196-D1.pdb:A  SCOP d1vd4a_
  101           1       1.384       3.476     0.000    88    1    0           1    0     88      2     88      4    T1015s1TS196-D1.pdb:A  SCOP d1shpa_
  102           1       1.384       3.476     0.000    88    1    0           1    0     88      2     88      3    T1015s1TS196-D1.pdb:A  SCOP d1uuba_
  103           1       1.384       3.476     0.000    88    1    0           1    0     88      2     88      3    T1015s1TS196-D1.pdb:A  SCOP d1uuaa_
  104           1          -0  1.798e+308     0.000    88    1    0           1    0     88      2     88      2    T1015s1TS196-D1.pdb:A  SCOP d1hnra_
  105           1          -0  1.798e+308     0.000    88    1    0           1    0     88      2     88      5    T1015s1TS196-D1.pdb:A  SCOP d1wi9a_
  106           1          -0  1.798e+308     0.000    88    1    0           1    0     88      2     88      5    T1015s1TS196-D1.pdb:A  SCOP d1je8a_
  107           1          -0  1.798e+308     0.000    88    1    0           1    0     88      2     88      5    T1015s1TS196-D1.pdb:A  SCOP d1p4wa_
  108           1          -0  1.798e+308     0.000    88    1    0           1    0     88      2     88      5    T1015s1TS196-D1.pdb:A  SCOP d1ttya_
  109           1          -0  1.798e+308     0.000    88    1    0           1    0     88      2     88      3    T1015s1TS196-D1.pdb:A  SCOP d1ku3a_
  110           1          -0  1.798e+308     0.000    88    1    0           1    0     88      2     88      5    T1015s1TS196-D1.pdb:A  SCOP d1ku7a_
  111           1          -0  1.798e+308     0.000    88    1    0           1    0     88      2     88      4    T1015s1TS196-D1.pdb:A  SCOP d1q1va_
  112           1          -0  1.798e+308     0.000    88    1    0           1    0     88      2     88      3    T1015s1TS196-D1.pdb:A  SCOP d1ixsa_
  113           1          -0  1.798e+308     0.000    88    1    0           1    0     88      2     88      3    T1015s1TS196-D1.pdb:A  SCOP d1ifya_
  114           1          -0  1.798e+308     0.000    88    1    0           1    0     88      2     88      5    T1015s1TS196-D1.pdb:A  SCOP d1tjca_
  115           1          -0  1.798e+308     0.000    88    1    0           1    0     88      2     88      4    T1015s1TS196-D1.pdb:A  SCOP d1oaia_
  116           1          -0  1.798e+308     0.000    88    1    0           1    0     88      2     88      3    T1015s1TS196-D1.pdb:A  SCOP d1mn3a_
  117           1          -0  1.798e+308     0.000    88    1    0           1    0     88      2     88      2    T1015s1TS196-D1.pdb:A  SCOP d1bon.1
  118           1          -0  1.798e+308     0.000    88    1    0           1    0     88      2     88      5    T1015s1TS196-D1.pdb:A  SCOP d2htsa_
  119           1          -0  1.798e+308     0.000    88    1    0           1    0     88      2     88      3    T1015s1TS196-D1.pdb:A  SCOP d1flia_
  120           1          -0  1.798e+308     0.000    88    1    0           1    0     88      2     88      5    T1015s1TS196-D1.pdb:A  SCOP d1j75a_
  121           1          -0  1.798e+308     0.000    88    1    0           1    0     88      2     88      5    T1015s1TS196-D1.pdb:A  SCOP d1qgpa_
  122           1          -0  1.798e+308     0.000    88    1    0           1    0     88      2     88      5    T1015s1TS196-D1.pdb:A  SCOP d1qbja_
  123           1      0.4089       2.026     0.000    88    1    0           1    0     88      2     88      5    T1015s1TS196-D1.pdb:A  SCOP d1ks0a_
  124           1          -0  1.798e+308     0.000    88    1    0           1    0     88      2     88      5    T1015s1TS196-D1.pdb:A  SCOP d1dpua_
  125           1          -0  1.798e+308     0.000    88    1    0           1    0     88      2     88      5    T1015s1TS196-D1.pdb:A  SCOP d1onva_
  126           1          -0  1.798e+308     0.000    88    1    0           1    0     88      2     88      5    T1015s1TS196-D1.pdb:A  SCOP d1nhaa_
  127           1          -0  1.798e+308     0.000    88    1    0           1    0     88      2     88      5    T1015s1TS196-D1.pdb:A  SCOP d1j2xa_
  128           1          -0  1.798e+308     0.000    88    1    0           1    0     88      2     88      3    T1015s1TS196-D1.pdb:A  SCOP d2bbya_
  129           1          -0  1.798e+308     0.000    88    1    0           1    0     88      2     88      3    T1015s1TS196-D1.pdb:A  SCOP d1bbya_
  130           1          -0  1.798e+308     0.000    88    1    0           1    0     88      2     88      3    T1015s1TS196-D1.pdb:A  SCOP d1ussa_
  131           1          -0  1.798e+308     0.000    88    1    0           1    0     88      2     88      2    T1015s1TS196-D1.pdb:A  SCOP d1xu6a_
  132           1          -0  1.798e+308     0.000    88    1    0           1    0     88      2     88      2    T1015s1TS196-D1.pdb:A  SCOP d1hnsa_
  133           1          -0  1.798e+308     0.000    88    1    0           1    0     88      2     88      4    T1015s1TS196-D1.pdb:A  SCOP d1apja_
  134           1          -0  1.798e+308     0.000    88    1    0           1    0     88      2     88      4    T1015s1TS196-D1.pdb:A  SCOP d1xyja_
  135           1          -0  1.798e+308     0.000    88    1    0           1    0     88      2     88      5    T1015s1TS196-D1.pdb:A  SCOP d1xu0a_
  136           1          -0  1.798e+308     0.000    88    1    0           1    0     88      2     88      3    T1015s1TS196-D1.pdb:A  SCOP d1u5la_
  137           1          -0  1.798e+308     0.000    88    1    0           1    0     88      2     88      3    T1015s1TS196-D1.pdb:A  SCOP d1u3ma_
  138           1          -0  1.798e+308     0.000    88    1    0           1    0     88      2     88      4    T1015s1TS196-D1.pdb:A  SCOP d1xywa_
  139           1          -0  1.798e+308     0.000    88    1    0           1    0     88      2     88      4    T1015s1TS196-D1.pdb:A  SCOP d1tqca_
  140           1          -0  1.798e+308     0.000    88    1    0           1    0     88      2     88      4    T1015s1TS196-D1.pdb:A  SCOP d1oqpa_
  141           1          -0  1.798e+308     0.000    88    1    0           1    0     88      2     88      4    T1015s1TS196-D1.pdb:A  SCOP d1tpxa_
  142           1          -0  1.798e+308     0.000    88    1    0           1    0     88      2     88      4    T1015s1TS196-D1.pdb:A  SCOP d1tqba_
  143           1          -0  1.798e+308     0.000    88    1    0           1    0     88      2     88      4    T1015s1TS196-D1.pdb:A  SCOP d1xyua_
  144           1          -0  1.798e+308     0.000    88    1    0           1    0     88      2     88      4    T1015s1TS196-D1.pdb:A  SCOP d1y2sa_
  145           1          -0  1.798e+308     0.000    88    1    0           1    0     88      2     88      4    T1015s1TS196-D1.pdb:A  SCOP d1uw3a_
  146           1          -0  1.798e+308     0.000    88    1    0           1    0     88      2     88      3    T1015s1TS196-D1.pdb:A  SCOP d1dx0a_
  147           1          -0  1.798e+308     0.000    88    1    0           1    0     88      2     88      4    T1015s1TS196-D1.pdb:A  SCOP d1dwya_
  148           1          -0  1.798e+308     0.000    88    1    0           1    0     88      2     88      4    T1015s1TS196-D1.pdb:A  SCOP d1dwza_
  149           1          -0  1.798e+308     0.000    88    1    0           1    0     88      2     88      3    T1015s1TS196-D1.pdb:A  SCOP d1dx1a_
  150           1          -0  1.798e+308     0.000    88    1    0           1    0     88      2     88      5    T1015s1TS196-D1.pdb:A  SCOP d1e1ua_
  151           1        1.64        3.77     0.000    88    1    0           1    0     88      2     88      3    T1015s1TS196-D1.pdb:A  SCOP d1d9na_
  152           1          -0  1.798e+308     0.000    88    1    0           1    0     88      2     88      4    T1015s1TS196-D1.pdb:A  SCOP d1scva_
  153           1       1.384       3.476     0.000    88    1    0           1    0     88      2     88      4    T1015s1TS196-D1.pdb:A  SCOP d1ig4a_
  154           1          -0  1.798e+308     0.000    88    1    0           1    0     88      2     88      5    T1015s1TS196-D1.pdb:A  SCOP d1ub1a_
  155           1          -0  1.798e+308     0.000    88    1    0           1    0     88      2     88      4    T1015s1TS196-D1.pdb:A  SCOP d1jc2a_
  156           1          -0  1.798e+308     0.000    88    1    0           1    0     88      2     88      4    T1015s1TS196-D1.pdb:A  SCOP d3ctna_
  157           1          -0  1.798e+308     0.000    88    1    0           1    0     88      2     88      4    T1015s1TS196-D1.pdb:A  SCOP d1fi5a_
  158           1          -0  1.798e+308     0.000    88    1    0           1    0     88      2     88      4    T1015s1TS196-D1.pdb:A  SCOP d1ih0a_
  159           1          -0  1.798e+308     0.000    88    1    0           1    0     88      2     88      4    T1015s1TS196-D1.pdb:A  SCOP d1ozsa_
  160           1          -0  1.798e+308     0.000    88    1    0           1    0     88      2     88      5    T1015s1TS196-D1.pdb:A  SCOP d1c7va_
  161           1       1.007           3     0.000    88    1    0           1    0     88      2     88      4    T1015s1TS196-D1.pdb:A  SCOP d1vpza_
  162           1          -0  1.798e+308     0.000    88    1    0           1    0     88      2     88      4    T1015s1TS196-D1.pdb:A  SCOP d1fw4a_
  163           1          -0  1.798e+308     0.000    88    1    0           1    0     88      2     88      4    T1015s1TS196-D1.pdb:A  SCOP d1j7pa_
  164           1          -0  1.798e+308     0.000    88    1    0           1    0     88      2     88      4    T1015s1TS196-D1.pdb:A  SCOP d1s4za_
  165           1          -0  1.798e+308     0.000    88    1    0           1    0     88      2     88      4    T1015s1TS196-D1.pdb:A  SCOP d1cmga_
  166           1          -0  1.798e+308     0.000    88    1    0           1    0     88      2     88      3    T1015s1TS196-D1.pdb:A  SCOP d1xyqa_
  167           1          -0  1.798e+308     0.000    88    1    0           1    0     88      2     88      4    T1015s1TS196-D1.pdb:A  SCOP d1xyka_
  168           1          -0  1.798e+308     0.000    88    1    0           1    0     88      2     88      5    T1015s1TS196-D1.pdb:A  SCOP d1i4ma_
  169           1          -0  1.798e+308     0.000    88    1    0           1    0     88      2     88      3    T1015s1TS196-D1.pdb:A  SCOP d1ag2a_
  170           1          -0  1.798e+308     0.000    88    1    0           1    0     88      2     88      3    T1015s1TS196-D1.pdb:A  SCOP d1y15a_
  171           1          -0  1.798e+308     0.000    88    1    0           1    0     88      2     88      4    T1015s1TS196-D1.pdb:A  SCOP d1xyxa_
  172           1          -0  1.798e+308     0.000    88    1    0           1    0     88      2     88      5    T1015s1TS196-D1.pdb:A  SCOP d1p1ea_
  173           1      0.4089       2.026     0.000    88    1    0           1    0     88      2     88      5    T1015s1TS196-D1.pdb:A  SCOP d1sroa_
  174           1      0.1642       3.343     0.000    88    2    0           1    0     88      2     88      6    T1015s1TS196-D1.pdb:A  SCOP d1sf6a_
  175           1   0.0005917       2.352     0.000    88    2    0           1    0     88      2     88      8    T1015s1TS196-D1.pdb:A  SCOP d1ja7a_
  176           1      0.1642       3.343     0.000    88    2    0           1    0     88      2     88      5    T1015s1TS196-D1.pdb:A  SCOP d1sf4a_
  177           1          -0  1.798e+308     0.000    88    1    0           1    0     88      2     88      3    T1015s1TS196-D1.pdb:A  SCOP d1imoa_
  178           1          -0  1.798e+308     0.000    88    1    0           1    0     88      2     88      3    T1015s1TS196-D1.pdb:A  SCOP d1in1a_
  179           1          -0  1.798e+308     0.000    88    1    0           1    0     88      2     88      3    T1015s1TS196-D1.pdb:A  SCOP d1hhna_
  180           1          -0  1.798e+308     0.000    88    1    0           1    0     88      2     88      3    T1015s1TS196-D1.pdb:A  SCOP d1k91a_
  181           1          -0  1.798e+308     0.000    88    1    0           1    0     88      2     88      4    T1015s1TS196-D1.pdb:A  SCOP d1koya_
  182           1          -0  1.798e+308     0.000    88    1    0           1    0     88      2     88      3    T1015s1TS196-D1.pdb:A  SCOP d1hg7a_
  183           1          -0  1.798e+308     0.000    88    1    0           1    0     88      2     88      5    T1015s1TS196-D1.pdb:A  SCOP d1v2za_
  184           1       1.925       4.073     0.000    88    1    0           1    0     88      2     88      5    T1015s1TS196-D1.pdb:A  SCOP d1o9ya_
  185           1          -0  1.798e+308     0.000    88    1    0           1    0     88      2     88      3    T1015s1TS196-D1.pdb:A  SCOP d1e1pa_
  186           1          -0  1.798e+308     0.000    88    1    0           1    0     88      2     88      5    T1015s1TS196-D1.pdb:A  SCOP d1qlza_
  187           1          -0  1.798e+308     0.000    88    1    0           1    0     88      2     88      3    T1015s1TS196-D1.pdb:A  SCOP d1hjma_
  188           1          -0  1.798e+308     0.000    88    1    0           1    0     88      2     88      4    T1015s1TS196-D1.pdb:A  SCOP d1h0la_
  189           1          -0  1.798e+308     0.000    88    1    0           1    0     88      2     88      5    T1015s1TS196-D1.pdb:A  SCOP d1fo7a_
  190           1          -0  1.798e+308     0.000    88    1    0           1    0     88      2     88      3    T1015s1TS196-D1.pdb:A  SCOP d1qm3a_
  191           1          -0  1.798e+308     0.000    88    1    0           1    0     88      2     88      3    T1015s1TS196-D1.pdb:A  SCOP d1e1ga_
  192           1          -0  1.798e+308     0.000    88    1    0           1    0     88      2     88      5    T1015s1TS196-D1.pdb:A  SCOP d1hjna_
  193           1          -0  1.798e+308     0.000    88    1    0           1    0     88      2     88      3    T1015s1TS196-D1.pdb:A  SCOP d1qm1a_
  194           1          -0  1.798e+308     0.000    88    1    0           1    0     88      2     88      3    T1015s1TS196-D1.pdb:A  SCOP d1qlxa_
  195           1          -0  1.798e+308     0.000    88    1    0           1    0     88      2     88      5    T1015s1TS196-D1.pdb:A  SCOP d1e1wa_
  196           1          -0  1.798e+308     0.000    88    1    0           1    0     88      2     88      3    T1015s1TS196-D1.pdb:A  SCOP d1qm0a_
  197           1          -0  1.798e+308     0.000    88    1    0           1    0     88      2     88      3    T1015s1TS196-D1.pdb:A  SCOP d1e1ja_
  198           1          -0  1.798e+308     0.000    88    1    0           1    0     88      2     88      3    T1015s1TS196-D1.pdb:A  SCOP d1qm2a_
  199           1          -0  1.798e+308     0.000    88    1    0           1    0     88      2     88      3    T1015s1TS196-D1.pdb:A  SCOP d1e1sa_
  200           1          -0  1.798e+308     0.000    88    1    0           1    0     88      2     88      5    T1015s1TS196-D1.pdb:A  SCOP d1fkca_
  201           1          -0  1.798e+308     0.000    88    1    0           1    0     88      2     88      4    T1015s1TS196-D1.pdb:A  SCOP d1p3ba_
  202           1          -0  1.798e+308     0.000    88    1    0           1    0     88      2     88      2    T1015s1TS196-D1.pdb:A  SCOP d1h3oa_
  203           1          -0  1.798e+308     0.000    88    1    0           1    0     88      2     88      5    T1015s1TS196-D1.pdb:A  SCOP d1bv4a_
  204           1          -0  1.798e+308     0.000    88    1    0           1    0     88      2     88      5    T1015s1TS196-D1.pdb:A  SCOP d1b0xa_
  205           1          -0  1.798e+308     0.000    88    1    0           1    0     88      2     88      4    T1015s1TS196-D1.pdb:A  SCOP d1tp4a_
  206           1          -0  1.798e+308     0.000    88    1    0           1    0     88      2     88      5    T1015s1TS196-D1.pdb:A  SCOP d1nrva_
  207           1      0.5153       3.073     0.000    88    1    0           1    0     88      2     88      5    T1015s1TS196-D1.pdb:A  SCOP d2pnaa_
  208           1          -0  1.798e+308     0.000    88    1    0           1    0     88      2     88      5    T1015s1TS196-D1.pdb:A  SCOP d1fr0a_
  209           1      0.5153       3.073     0.000    88    1    0           1    0     88      2     88      5    T1015s1TS196-D1.pdb:A  SCOP d2pnba_
  210           1          -0  1.798e+308     0.000    88    1    0           1    0     88      2     88      5    T1015s1TS196-D1.pdb:A  SCOP d1sr2a_
  211           1          -0  1.798e+308     0.000    88    1    0           1    0     88      2     88      5    T1015s1TS196-D1.pdb:A  SCOP d1l3pa_
  212           1          -0  1.798e+308     0.000    88    1    0           1    0     88      2     88      5    T1015s1TS196-D1.pdb:A  SCOP d1is0a_
  213           1          -0  1.798e+308     0.000    88    1    0           1    0     88      2     88      5    T1015s1TS196-D1.pdb:A  SCOP d1a1ea_
  214           1          -0  1.798e+308     0.000    88    1    0           1    0     88      2     88      5    T1015s1TS196-D1.pdb:A  SCOP d1bhha_
  215           1          -0  1.798e+308     0.000    88    1    0           1    0     88      2     88      5    T1015s1TS196-D1.pdb:A  SCOP d1lkka_
  216           1          -0  1.798e+308     0.000    88    1    0           1    0     88      2     88      5    T1015s1TS196-D1.pdb:A  SCOP d1hbxa_
  217           1          -0  1.798e+308     0.000    88    1    0           1    0     88      2     88      5    T1015s1TS196-D1.pdb:A  SCOP d1srsa_
  218           1          -0  1.798e+308     0.000    88    1    0           1    0     88      2     88      4    T1015s1TS196-D1.pdb:A  SCOP d1p3fa_
  219           1          -0  1.798e+308     0.000    88    1    0           1    0     88      2     88      4    T1015s1TS196-D1.pdb:A  SCOP d1p3aa_
  220           1          -0  1.798e+308     0.000    88    1    0           1    0     88      2     88      4    T1015s1TS196-D1.pdb:A  SCOP d1p3ma_
  221           1          -0  1.798e+308     0.000    88    1    0           1    0     88      2     88      4    T1015s1TS196-D1.pdb:A  SCOP d1p3ka_
  222           1          -0  1.798e+308     0.000    88    1    0           1    0     88      2     88      4    T1015s1TS196-D1.pdb:A  SCOP d1m1aa_
  223           1          -0  1.798e+308     0.000    88    1    0           1    0     88      2     88      4    T1015s1TS196-D1.pdb:A  SCOP d1p3ga_
  224           1          -0  1.798e+308     0.000    88    1    0           1    0     88      2     88      4    T1015s1TS196-D1.pdb:A  SCOP d1p3oa_
  225           1          -0  1.798e+308     0.000    88    1    0           1    0     88      2     88      4    T1015s1TS196-D1.pdb:A  SCOP d1p34a_
  226           1          -0  1.798e+308     0.000    88    1    0           1    0     88      2     88      4    T1015s1TS196-D1.pdb:A  SCOP d1p3pa_
  227           1          -0  1.798e+308     0.000    88    1    0           1    0     88      2     88      4    T1015s1TS196-D1.pdb:A  SCOP d1f66a_
  228           1          -0  1.798e+308     0.000    88    1    0           1    0     88      2     88      4    T1015s1TS196-D1.pdb:A  SCOP d1p3la_
  229           1          -0  1.798e+308     0.000    88    1    0           1    0     88      2     88      4    T1015s1TS196-D1.pdb:A  SCOP d1m18a_
  230           1          -0  1.798e+308     0.000    88    1    0           1    0     88      2     88      4    T1015s1TS196-D1.pdb:A  SCOP d1p3ia_
  231           1          -0  1.798e+308     0.000    88    1    0           1    0     88      2     88      4    T1015s1TS196-D1.pdb:A  SCOP d1m19a_
  232           1          -0  1.798e+308     0.000    88    1    0           1    0     88      2     88      4    T1015s1TS196-D1.pdb:A  SCOP d1s32a_
  233           1          -0  1.798e+308     0.000    88    1    0           1    0     88      2     88      3    T1015s1TS196-D1.pdb:A  SCOP d1pid.1
  234           1          -0  1.798e+308     0.000    88    1    0           1    0     88      2     88      4    T1015s1TS196-D1.pdb:A  SCOP d1eoqa_
  235           1          -0  1.798e+308     0.000    88    1    0           1    0     88      2     88      5    T1015s1TS196-D1.pdb:A  SCOP d2mssa_
  236           1          -0  1.798e+308     0.000    88    1    0           1    0     88      2     88      5    T1015s1TS196-D1.pdb:A  SCOP d2msta_
  237           1          -0  1.798e+308     0.000    88    1    0           1    0     88      2     88      5    T1015s1TS196-D1.pdb:A  SCOP d1hd0a_
  238           1          -0  1.798e+308     0.000    88    1    0           1    0     88      2     88      5    T1015s1TS196-D1.pdb:A  SCOP d1iqta_
  239           1          -0  1.798e+308     0.000    88    1    0           1    0     88      2     88      2    T1015s1TS196-D1.pdb:A  SCOP d1joya_
  240           1          -0  1.798e+308     0.000    88    1    0           1    0     88      2     88      3    T1015s1TS196-D1.pdb:A  SCOP d1aa3a_
  241           1          -0  1.798e+308     0.000    88    1    0           1    0     88      2     88      4    T1015s1TS196-D1.pdb:A  SCOP d2cy3a_
  242           1          -0  1.798e+308     0.000    88    1    0           1    0     88      2     88      2    T1015s1TS196-D1.pdb:A  SCOP d1an4a_
  243           1          -0  1.798e+308     0.000    88    1    0           1    0     88      2     88      4    T1015s1TS196-D1.pdb:A  SCOP d1w7oa_
  244           1       1.274       3.343     0.000    88    1    0           1    0     88      2     88      5    T1015s1TS196-D1.pdb:A  SCOP d1ryja_
  245           1          -0  1.798e+308     0.000    88    1    0           1    0     88      2     88      4    T1015s1TS196-D1.pdb:A  SCOP d1ef5a_
  246           1          -0  1.798e+308     0.000    88    1    0           1    0     88      2     88      5    T1015s1TS196-D1.pdb:A  SCOP d1wiaa_
  247           1      0.7473       2.623     0.000    88    1    0           1    0     88      2     88      5    T1015s1TS196-D1.pdb:A  SCOP d1l2na_
  248           1      0.8647       2.799     0.000    88    1    0           1    0     88      2     88      5    T1015s1TS196-D1.pdb:A  SCOP d1a5ra_
  249           1          -0  1.798e+308     0.000    88    1    0           1    0     88      2     88      4    T1015s1TS196-D1.pdb:A  SCOP d1sbja_
  250           1          -0  1.798e+308     0.000    88    1    0           1    0     88      2     88      4    T1015s1TS196-D1.pdb:A  SCOP d1owta_
  251           1          -0  1.798e+308     0.000    88    1    0           1    0     88      2     88      4    T1015s1TS196-D1.pdb:A  SCOP d1auma_
  252           1          -0  1.798e+308     0.000    88    1    0           1    0     88      2     88      5    T1015s1TS196-D1.pdb:A  SCOP d1a43a_
  253           1          -0  1.798e+308     0.000    88    1    0           1    0     88      2     88      5    T1015s1TS196-D1.pdb:A  SCOP d1baja_
  254           1          -0  1.798e+308     0.000    88    1    0           1    0     88      2     88      4    T1015s1TS196-D1.pdb:A  SCOP d1a8oa_
  255           1          -0  1.798e+308     0.000    88    1    0           1    0     88      2     88      5    T1015s1TS196-D1.pdb:A  SCOP d1jjha_
  256           1          -0  1.798e+308     0.000    88    1    0           1    0     88      2     88      4    T1015s1TS196-D1.pdb:A  SCOP d1q8da_
  257           1          -0  1.798e+308     0.000    88    1    0           1    0     88      2     88      5    T1015s1TS196-D1.pdb:A  SCOP d1f9fa_
  258           1          -0  1.798e+308     0.000    88    1    0           1    0     88      2     88      5    T1015s1TS196-D1.pdb:A  SCOP d1r8ha_
  259           1          -0  1.798e+308     0.000    88    1    0           1    0     88      2     88      5    T1015s1TS196-D1.pdb:A  SCOP d1iv5a_
  260           1          -0  1.798e+308     0.000    88    1    0           1    0     88      2     88      4    T1015s1TS196-D1.pdb:A  SCOP d1utaa_
  261           1          -0  1.798e+308     0.000    88    1    0           1    0     88      2     88      5    T1015s1TS196-D1.pdb:A  SCOP d1g8qa_
  262           1          -0  1.798e+308     0.000    88    1    0           1    0     88      2     88      5    T1015s1TS196-D1.pdb:A  SCOP d1msza_
  263           1          -0  1.798e+308     0.000    88    1    0           1    0     88      2     88      3    T1015s1TS196-D1.pdb:A  SCOP d1ihra_
  264           1          -0  1.798e+308     0.000    88    1    0           1    0     88      2     88      3    T1015s1TS196-D1.pdb:A  SCOP d1qxxa_
  265           1          -0  1.798e+308     0.000    88    1    0           1    0     88      2     88      5    T1015s1TS196-D1.pdb:A  SCOP d1xxba_
  266           1          -0  1.798e+308     0.000    88    1    0           1    0     88      2     88      4    T1015s1TS196-D1.pdb:A  SCOP d1i2ta_
  267           1          -0  1.798e+308     0.000    88    1    0           1    0     88      2     88      5    T1015s1TS196-D1.pdb:A  SCOP d1qkla_
  268           1          -0  1.798e+308     0.000    88    1    0           1    0     88      2     88      5    T1015s1TS196-D1.pdb:A  SCOP d2ezka_
  269           1          -0  1.798e+308     0.000    88    1    0           1    0     88      2     88      1    T1015s1TS196-D1.pdb:A  SCOP d1aqga_
  270           1          -0  1.798e+308     0.000    88    1    0           1    0     88      2     88      2    T1015s1TS196-D1.pdb:A  SCOP d1gp8a_
  271           1          -0  1.798e+308     0.000    88    1    0           1    0     88      2     88      4    T1015s1TS196-D1.pdb:A  SCOP d2ezia_
  272           1          -0  1.798e+308     0.000    88    1    0           1    0     88      2     88      2    T1015s1TS196-D1.pdb:A  SCOP d2gp8a_
  273           1          -0  1.798e+308     0.000    88    1    0           1    0     88      2     88      4    T1015s1TS196-D1.pdb:A  SCOP d2ezha_
  274           1          -0  1.798e+308     0.000    88    1    0           1    0     88      2     88      3    T1015s1TS196-D1.pdb:A  SCOP d1gvda_
  275           1          -0  1.798e+308     0.000    88    1    0           1    0     88      2     88      3    T1015s1TS196-D1.pdb:A  SCOP d1gv5a_
  276           1          -0  1.798e+308     0.000    88    1    0           1    0     88      2     88      3    T1015s1TS196-D1.pdb:A  SCOP d1r8ua_
  277           1          -0  1.798e+308     0.000    88    1    0           1    0     88      2     88      3    T1015s1TS196-D1.pdb:A  SCOP d1pufa_
  278           1          -0  1.798e+308     0.000    88    1    0           1    0     88      2     88      5    T1015s1TS196-D1.pdb:A  SCOP d1f3ma_
  279           1          -0  1.798e+308     0.000    88    1    0           1    0     88      2     88      1    T1015s1TS196-D1.pdb:A  SCOP d1s5ra_
  280           1          -0  1.798e+308     0.000    88    1    0           1    0     88      2     88      1    T1015s1TS196-D1.pdb:A  SCOP d1sn9a_
  281           1          -0  1.798e+308     0.000    88    1    0           1    0     88      2     88      4    T1015s1TS196-D1.pdb:A  SCOP d1b72a_
  282           1          -0  1.798e+308     0.000    88    1    0           1    0     88      2     88      2    T1015s1TS196-D1.pdb:A  SCOP d1snea_
  283           1          -0  1.798e+308     0.000    88    1    0           1    0     88      2     88      1    T1015s1TS196-D1.pdb:A  SCOP d1snaa_
  284           1          -0  1.798e+308     0.000    88    1    0           1    0     88      2     88      1    T1015s1TS196-D1.pdb:A  SCOP d1q68a_
  285           1          -0  1.798e+308     0.000    88    1    0           1    0     88      2     88      5    T1015s1TS196-D1.pdb:A  SCOP d2ezla_
  286           1          -0  1.798e+308     0.000    88    1    0           1    0     88      2     88      3    T1015s1TS196-D1.pdb:A  SCOP d1ig7a_
  287           1          -0  1.798e+308     0.000    88    1    0           1    0     88      2     88      2    T1015s1TS196-D1.pdb:A  SCOP d1brva_
  288           1          -0  1.798e+308     0.000    88    1    0           1    0     88      2     88      3    T1015s1TS196-D1.pdb:A  SCOP d1trla_
  289           1          -0  1.798e+308     0.000    88    1    0           1    0     88      2     88      3    T1015s1TS196-D1.pdb:A  SCOP d1b8ia_
  290           1          -0  1.798e+308     0.000    88    1    0           1    0     88      2     88      1    T1015s1TS196-D1.pdb:A  SCOP d1iyma_
  291           1          -0  1.798e+308     0.000    88    1    0           1    0     88      2     88      3    T1015s1TS196-D1.pdb:A  SCOP d1jgga_
  292           1          -0  1.798e+308     0.000    88    1    0           1    0     88      2     88      4    T1015s1TS196-D1.pdb:A  SCOP d1t1ha_
  293           1          -0  1.798e+308     0.000    88    1    0           1    0     88      2     88      4    T1015s1TS196-D1.pdb:A  SCOP d1vfya_
  294           1          -0  1.798e+308     0.000    88    1    0           1    0     88      2     88      3    T1015s1TS196-D1.pdb:A  SCOP d1hcra_
  295           1          -0  1.798e+308     0.000    88    1    0           1    0     88      2     88      1    T1015s1TS196-D1.pdb:A  SCOP d1nzsa_
  296           1          -0  1.798e+308     0.000    88    1    0           1    0     88      2     88      5    T1015s1TS196-D1.pdb:A  SCOP d1ny9a_
  297           1          -0  1.798e+308     0.000    88    1    0           1    0     88      2     88      1    T1015s1TS196-D1.pdb:A  SCOP d1kdla_
  298           1          -0  1.798e+308     0.000    88    1    0           1    0     88      2     88      1    T1015s1TS196-D1.pdb:A  SCOP d1mota_
  299           1          -0  1.798e+308     0.000    88    1    0           1    0     88      2     88      5    T1015s1TS196-D1.pdb:A  SCOP d1fada_
  300           1          -0  1.798e+308     0.000    88    1    0           1    0     88      2     88      2    T1015s1TS196-D1.pdb:A  SCOP d1fzaa_
  301           1          -0  1.798e+308     0.000    88    1    0           1    0     88      2     88      3    T1015s1TS196-D1.pdb:A  SCOP d1lj2a_
  302           1          -0  1.798e+308     0.000    88    1    0           1    0     88      2     88      2    T1015s1TS196-D1.pdb:A  SCOP d1n86a_
  303           1          -0  1.798e+308     0.000    88    1    0           1    0     88      2     88      3    T1015s1TS196-D1.pdb:A  SCOP d1k61a_
  304           1          -0  1.798e+308     0.000    88    1    0           1    0     88      2     88      3    T1015s1TS196-D1.pdb:A  SCOP d2eboa_
  305           1          -0  1.798e+308     0.000    88    1    0           1    0     88      2     88      4    T1015s1TS196-D1.pdb:A  SCOP d2beq.1
  306           1          -0  1.798e+308     0.000    88    1    0           1    0     88      2     88      2    T1015s1TS196-D1.pdb:A  SCOP d1fzea_
  307           1      0.1182       2.026     0.000    88    1    0           1    0     88      2     88      4    T1015s1TS196-D1.pdb:A  SCOP d1wepa_
  308           1          -0  1.798e+308     0.000    88    1    0           1    0     88      2     88      3    T1015s1TS196-D1.pdb:A  SCOP d1mbka_
  309           1          -0  1.798e+308     0.000    88    1    0           1    0     88      2     88      5    T1015s1TS196-D1.pdb:A  SCOP d1g7da_
  310           1          -0  1.798e+308     0.000    88    1    0           1    0     88      2     88      1    T1015s1TS196-D1.pdb:A  SCOP d1byya_
  311           1          -0  1.798e+308     0.000    88    1    0           1    0     88      2     88      3    T1015s1TS196-D1.pdb:A  SCOP d1idza_
  312           1          -0  1.798e+308     0.000    88    1    0           1    0     88      2     88      3    T1015s1TS196-D1.pdb:A  SCOP d1mbja_
  313           1          -0  1.798e+308     0.000    88    1    0           1    0     88      2     88      3    T1015s1TS196-D1.pdb:A  SCOP d1mbga_
  314           1          -0  1.798e+308     0.000    88    1    0           1    0     88      2     88      3    T1015s1TS196-D1.pdb:A  SCOP d1idya_
  315           1          -0  1.798e+308     0.000    88    1    0           1    0     88      2     88      2    T1015s1TS196-D1.pdb:A  SCOP d1fzga_
  316           1          -0  1.798e+308     0.000    88    1    0           1    0     88      2     88      2    T1015s1TS196-D1.pdb:A  SCOP d1fzfa_
  317           1          -0  1.798e+308     0.000    88    1    0           1    0     88      2     88      4    T1015s1TS196-D1.pdb:A  SCOP d1nzpa_
  318           1          -0  1.798e+308     0.000    88    1    0           1    0     88      2     88      2    T1015s1TS196-D1.pdb:A  SCOP d1rf1a_
  319           1          -0  1.798e+308     0.000    88    1    0           1    0     88      2     88      2    T1015s1TS196-D1.pdb:A  SCOP d1re3a_
  320           1          -0  1.798e+308     0.000    88    1    0           1    0     88      2     88      3    T1015s1TS196-D1.pdb:A  SCOP d1mbha_
  321           1          -0  1.798e+308     0.000    88    1    0           1    0     88      2     88      5    T1015s1TS196-D1.pdb:A  SCOP d1f9xa_
  322           1          -0  1.798e+308     0.000    88    1    0           1    0     88      2     88      4    T1015s1TS196-D1.pdb:A  SCOP d1qbha_
  323      0.9774          -0  1.798e+308     0.000    87    1    1           1    0     88      2     88      3    T1015s1TS196-D1.pdb:A  SCOP d1jco.1
  324      0.9774          -0  1.798e+308     0.000    87    1    1           1    0     88      2     88      5    T1015s1TS196-D1.pdb:A  SCOP d1g9la_
  325      0.9774          -0  1.798e+308     0.000    87    1    1           1    0     88      2     88      3    T1015s1TS196-D1.pdb:A  SCOP d1mhj.1
  326      0.9774          -0  1.798e+308     0.000    87    1    1           1    0     88      2     88      5    T1015s1TS196-D1.pdb:A  SCOP d1mw4a_
  327      0.9774          -0  1.798e+308     0.000    87    1    1           1    0     88      2     88      3    T1015s1TS196-D1.pdb:A  SCOP d1mhi.1
  328      0.9774      0.6688       3.343     0.000    87    1    1           1    0     88      2     88      2    T1015s1TS196-D1.pdb:A  SCOP d1e9ka_
  329      0.9551          -0  1.798e+308     0.000    86    1    1           1    0     88      2     88      2    T1015s1TS196-D1.pdb:A  SCOP d1hksa_
  330      0.9551          -0  1.798e+308     0.000    86    1    1           1    0     88      2     88      4    T1015s1TS196-D1.pdb:A  SCOP d1dc8a_
  331      0.9551          -0  1.798e+308     0.000    86    1    2           1    0     88      2     88      3    T1015s1TS196-D1.pdb:A  SCOP d3aiy.1
  332      0.9551     0.02449       1.414     0.000    86    1    1           1    0     88      2     88      5    T1015s1TS196-D1.pdb:A  SCOP d2cjna_
  333      0.9551          -0  1.798e+308     0.000    86    1    1           1    0     88      2     88      5    T1015s1TS196-D1.pdb:A  SCOP d1avva_
  334      0.9551          -0  1.798e+308     0.000    86    1    1           1    0     88      2     88      5    T1015s1TS196-D1.pdb:A  SCOP d1r1sa_
  335      0.9551      0.1837       2.272     0.000    86    1    1           1    0     88      2     88      2    T1015s1TS196-D1.pdb:A  SCOP d1hraa_
  336       0.933      0.1284       1.281     0.000    85    1    1           1    0     88      2     88      5    T1015s1TS196-D1.pdb:A  SCOP d1p0ra_
  337       0.933      0.4475       2.104     0.000    85    1    1           1    0     88      2     88      5    T1015s1TS196-D1.pdb:A  SCOP d1wm3a_
  338       0.933      0.4475       2.104     0.000    85    1    1           1    0     88      2     88      5    T1015s1TS196-D1.pdb:A  SCOP d1wm2a_
  339       0.933          -0  1.798e+308     0.000    85    1    1           1    0     88      2     88      5    T1015s1TS196-D1.pdb:A  SCOP d1r1qa_
  340       0.933          -0  1.798e+308     0.000    85    1    1           1    0     88      2     88      5    T1015s1TS196-D1.pdb:A  SCOP d1cj1a_
  341       0.933          -0  1.798e+308     0.000    85    1    1           1    0     88      2     88      5    T1015s1TS196-D1.pdb:A  SCOP d1r1pa_
  342       0.933          -0  1.798e+308     0.000    85    1    1           1    0     88      2     88      5    T1015s1TS196-D1.pdb:A  SCOP d1fyra_
  343       0.933          -0  1.798e+308     0.000    85    1    1           1    0     88      2     88      5    T1015s1TS196-D1.pdb:A  SCOP d1bm2a_
  344       0.933      0.4475       2.104     0.000    85    1    1           1    0     88      2     88      1    T1015s1TS196-D1.pdb:A  SCOP d1ueoa_
  345       0.933          -0  1.798e+308     0.000    85    1    1           1    0     88      2     88      5    T1015s1TS196-D1.pdb:A  SCOP d1jyqa_
  346       0.933          -0  1.798e+308     0.000    85    1    1           1    0     88      2     88      2    T1015s1TS196-D1.pdb:A  SCOP d1r5sa_
  347       0.933          -0  1.798e+308     0.000    85    1    1           1    0     88      2     88      4    T1015s1TS196-D1.pdb:A  SCOP d1hkta_
  348       0.933          -0  1.798e+308     0.000    85    1    1           1    0     88      2     88      5    T1015s1TS196-D1.pdb:A  SCOP d1bmba_
  349       0.933          -0  1.798e+308     0.000    85    1    1           1    0     88      2     88      5    T1015s1TS196-D1.pdb:A  SCOP d1jyra_
  350       0.933      0.2138       3.476     0.000    85    1    2           1    0     88      2     88      5    T1015s1TS196-D1.pdb:A  SCOP d1f6va_
  351      0.9112     0.03062      0.7586     0.809    87    1    1       0.954    0     88      2     88      4    T1015s1TS196-D1.pdb:A  SCOP d1wfya_
  352      0.9112      0.0124      0.5529     0.809    87    1    1       0.954    0     88      2     88      4    T1015s1TS196-D1.pdb:A  SCOP d1ryqa_
  353      0.9112          -0  1.798e+308     0.000    84    1    1           1    0     88      2     88      3    T1015s1TS196-D1.pdb:A  SCOP d1akha_
  354      0.9112          -0  1.798e+308     0.000    84    1    1           1    0     88      2     88      3    T1015s1TS196-D1.pdb:A  SCOP d1yrna_
  355      0.9112          -0  1.798e+308     0.000    84    1    1           1    0     88      2     88      5    T1015s1TS196-D1.pdb:A  SCOP d1pnb.1
  356      0.9112     0.08165       1.853     0.000    84    1    2           1    0     88      2     88      2    T1015s1TS196-D1.pdb:A  SCOP d1ng7a_
  357      0.9112       1.655       5.713     0.000    84    1    1           1    0     88      2     88      5    T1015s1TS196-D1.pdb:A  SCOP d1whda_
  358      0.9112          -0  1.798e+308     0.000    84    1    1           1    0     88      2     88      4    T1015s1TS196-D1.pdb:A  SCOP d1pon.1
  359      0.9112          -0  1.798e+308     0.000    84    1    1           1    0     88      2     88      3    T1015s1TS196-D1.pdb:A  SCOP d1le8a_
  360      0.9112      0.5366       2.272     0.000    84    1    1           1    0     88      2     88      5    T1015s1TS196-D1.pdb:A  SCOP d1aara_
  361      0.9112   0.0007083       1.414     0.000    84    1    2           1    0     88      2     88      3    T1015s1TS196-D1.pdb:A  SCOP d1wsoa_
  362      0.9112       0.269       1.708     0.000    84    1    1           1    0     88      2     88      3    T1015s1TS196-D1.pdb:A  SCOP d1gjza_
  363      0.9112       0.903       5.713     0.000    84    2    1           1    0     88      2     88     10    T1015s1TS196-D1.pdb:A  SCOP d1uuza_
  364      0.9112          -0  1.798e+308     0.000    84    1    1           1    0     88      2     88      5    T1015s1TS196-D1.pdb:A  SCOP d1ghua_
  365      0.9111     0.01993      0.6522     0.809    87    1    1       0.954    0     88      2     88      3    T1015s1TS196-D1.pdb:A  SCOP d1roea_
  366      0.8977          -0  1.798e+308     0.000    79    1    0           1    0     88      2     79      4    T1015s1TS196-D1.pdb:A  SCOP d1cnea1
  367      0.8896     0.01387      0.5748     0.814    86    1    2      0.9535    0     88      2     88      2    T1015s1TS196-D1.pdb:A  SCOP d1pe4a_
  368      0.8896     0.01387      0.5748     0.814    86    1    2      0.9535    0     88      2     88      3    T1015s1TS196-D1.pdb:A  SCOP d1doxa_
  369      0.8896          -0  1.798e+308     0.000    83    1    1           1    0     88      2     88      4    T1015s1TS196-D1.pdb:A  SCOP d1ja4a_
  370      0.8896      0.2359       2.436     0.000    83    1    2           1    0     88      2     88      2    T1015s1TS196-D1.pdb:A  SCOP d1jeia_
  371      0.8896          -0  1.798e+308     0.000    83    1    2           1    0     88      2     88      4    T1015s1TS196-D1.pdb:A  SCOP d1gyza_
  372      0.8896      0.3104       2.707     0.000    83    2    3           1    0     88      2     88      5    T1015s1TS196-D1.pdb:A  SCOP d1nera_
  373      0.8896    0.007147       2.362     0.000    83    1    2           1    0     88      2     88      5    T1015s1TS196-D1.pdb:A  SCOP d1yica_
  374      0.8896    0.009489       2.272     0.000    83    2    2           1    0     88      2     88      9    T1015s1TS196-D1.pdb:A  SCOP d1f6ra_
  375      0.8896    0.004588       2.272     0.000    83    2    2           1    0     88      2     88      9    T1015s1TS196-D1.pdb:A  SCOP d5lyta_
  376      0.8896       1.655       5.713     0.000    83    1    1           1    0     88      2     88      3    T1015s1TS196-D1.pdb:A  SCOP d1rgva_
  377      0.8762          -0  1.798e+308     0.000    80    1    1           1    0     88      2     83      5    T1015s1TS196-D1.pdb:A  SCOP d2nqma2
  378      0.8683    0.004588       2.272     0.000    82    2    2           1    0     88      2     88      9    T1015s1TS196-D1.pdb:A  SCOP d1lkra_
  379      0.8683     0.03694       2.272     0.000    82    1    2           1    0     88      2     88      3    T1015s1TS196-D1.pdb:A  SCOP d1unda_
  380      0.8683    0.004588       2.272     0.000    82    2    2           1    0     88      2     88      9    T1015s1TS196-D1.pdb:A  SCOP d132la_
  381      0.8683      0.1158       2.016     0.000    82    1    2           1    0     88      2     88      2    T1015s1TS196-D1.pdb:A  SCOP d2pdda_
  382      0.8683    0.009489       2.272     0.000    82    2    2           1    0     88      2     88      9    T1015s1TS196-D1.pdb:A  SCOP d1hhla_
  383      0.8683    0.004588       2.272     0.000    82    2    2           1    0     88      2     88      9    T1015s1TS196-D1.pdb:A  SCOP d6lyta_
  384      0.8683          -0  1.798e+308     0.000    82    1    3           1    0     88      2     88      5    T1015s1TS196-D1.pdb:A  SCOP d155ca_
  385      0.8683          -0  1.798e+308     0.000    82    1    1           1    0     88      2     88      5    T1015s1TS196-D1.pdb:A  SCOP d1u2ma_
  386      0.8683     0.01021       2.831     0.000    82    1    2           1    0     88      2     88      5    T1015s1TS196-D1.pdb:A  SCOP d1soha_
  387      0.8683    0.009866       2.436     0.000    82    2    2           1    0     88      2     88      9    T1015s1TS196-D1.pdb:A  SCOP d1jhla_
  388      0.8683      0.3104       2.707     0.000    82    2    3           1    0     88      2     88      5    T1015s1TS196-D1.pdb:A  SCOP d1neqa_
  389      0.8658          -0  1.798e+308     0.000    80    1    1           1    0     88      2     84      5    T1015s1TS196-D1.pdb:A  SCOP d1xi8a2
  390      0.8473   0.0001989      0.5748     0.823    84    1    3      0.9524    0     88      2     88      2    T1015s1TS196-D1.pdb:A  SCOP d1r02a_
  391      0.8472      0.1628       2.623     0.000    81    1    1           1    0     88      2     88      4    T1015s1TS196-D1.pdb:A  SCOP d1kx3a_
  392      0.8472          -0  1.798e+308     0.000    81    1    1           1    0     88      2     88      4    T1015s1TS196-D1.pdb:A  SCOP d1qb3a_
  393      0.8472    0.004003       1.708     0.000    81    1    2           1    0     88      2     88      5    T1015s1TS196-D1.pdb:A  SCOP d1xjha_
  394      0.8472    0.007147       2.362     0.000    81    1    2           1    0     88      2     88      5    T1015s1TS196-D1.pdb:A  SCOP d1irva_
  395      0.8472    0.007147       2.362     0.000    81    1    2           1    0     88      2     88      5    T1015s1TS196-D1.pdb:A  SCOP d2ycca_
  396      0.8472      0.1628       2.623     0.000    81    1    1           1    0     88      2     88      4    T1015s1TS196-D1.pdb:A  SCOP d1kx5a_
  397      0.8472      0.5584       4.146     0.000    81    1    2           1    0     88      2     88      5    T1015s1TS196-D1.pdb:A  SCOP d1kfta_
  398      0.8472   0.0004173       1.342     0.000    81    1    2           1    0     88      2     88      3    T1015s1TS196-D1.pdb:A  SCOP d1h59a_
  399      0.8472    0.004459        1.73     0.000    81    1    2           1    0     88      2     88      3    T1015s1TS196-D1.pdb:A  SCOP d1jjra_
  400      0.8472    0.007147       2.362     0.000    81    1    2           1    0     88      2     88      5    T1015s1TS196-D1.pdb:A  SCOP d1chha_
  401      0.8472    0.007147       2.362     0.000    81    1    2           1    0     88      2     88      5    T1015s1TS196-D1.pdb:A  SCOP d1ctya_
  402      0.8415          -0  1.798e+308     0.000    76    1    1           1    0     88      2     78      5    T1015s1TS196-D1.pdb:A  SCOP d2eyya2
  403      0.8409          -0  1.798e+308     0.000    74    1    0           1    0     88      2     74      3    T1015s1TS196-D1.pdb:A  SCOP d1xmba1
  404      0.8267   0.0001591      0.5529     0.828    83    1    2      0.9518    0     88      2     88      3    T1015s1TS196-D1.pdb:A  SCOP d3gf1a_
  405      0.8266   1.471e-07      0.6411     0.828    83    1    2      0.9518    0     88      2     88      3    T1015s1TS196-D1.pdb:A  SCOP d1viia_
  406      0.8264   0.0007083       1.414     0.000    80    1    2           1    0     88      2     88      4    T1015s1TS196-D1.pdb:A  SCOP d1boda_
  407      0.8264      0.6055       3.356     0.000    80    2    3           1    0     88      2     88      8    T1015s1TS196-D1.pdb:A  SCOP d1hqva_
  408      0.8195      0.4475       2.104     0.000    75    1    1           1    0     88      2     78      5    T1015s1TS196-D1.pdb:A  SCOP d2awta1
  409      0.8182          -0  1.798e+308     0.000    72    1    0           1    0     88      2     72      4    T1015s1TS196-D1.pdb:A  SCOP d1le5a2
  410      0.8117      0.7011       3.291     0.000    77    2    1           1    0     88      2     83      5    T1015s1TS196-D1.pdb:A  SCOP d2aq0a1
  411      0.8063     0.09642       1.878     0.832    82    2    3      0.9512    0     88      2     88      6    T1015s1TS196-D1.pdb:A  SCOP d1pvea_
  412      0.8059    0.008915       2.799     0.000    79    1    3           1    0     88      2     88      5    T1015s1TS196-D1.pdb:A  SCOP d2hfha_
  413      0.8059      0.1357       2.799     0.000    79    1    3           1    0     88      2     88      4    T1015s1TS196-D1.pdb:A  SCOP d1kq8a_
  414      0.8059      0.3069       2.623     0.000    79    1    1           1    0     88      2     88      4    T1015s1TS196-D1.pdb:A  SCOP d1aoia_
  415      0.8059      0.5166       4.073     0.000    79    1    3           1    0     88      2     88      4    T1015s1TS196-D1.pdb:A  SCOP d1bw6a_
  416      0.8059          -0  1.798e+308     0.000    79    1    2           1    0     88      2     88      4    T1015s1TS196-D1.pdb:A  SCOP d1n1ja_
  417      0.8059     0.02889       3.343     0.000    79    2    2           1    0     88      2     88      8    T1015s1TS196-D1.pdb:A  SCOP d1gm0a_
  418      0.8059    0.007147       2.362     0.000    79    1    2           1    0     88      2     88      5    T1015s1TS196-D1.pdb:A  SCOP d1ctza_
  419      0.8059        2.74       5.165     0.000    79    2    1           1    0     88      2     88      5    T1015s1TS196-D1.pdb:A  SCOP d1v38a_
  420      0.8059       1.607       3.535     0.000    79    2    2           1    0     88      2     88      5    T1015s1TS196-D1.pdb:A  SCOP d1hsta_
  421      0.8059      0.3501       4.073     0.000    79    1    2           1    0     88      2     88      5    T1015s1TS196-D1.pdb:A  SCOP d1io3a_
  422      0.8059      0.6308       2.436     0.000    79    1    1           1    0     88      2     88      3    T1015s1TS196-D1.pdb:A  SCOP d1tgra_
  423      0.8059          -0  1.798e+308     0.000    79    1    1           1    0     88      2     88      5    T1015s1TS196-D1.pdb:A  SCOP d1rmja_
  424      0.8059      0.5166       4.073     0.000    79    1    2           1    0     88      2     88      4    T1015s1TS196-D1.pdb:A  SCOP d1crya_
  425      0.8059      0.3501       4.073     0.000    79    1    2           1    0     88      2     88      5    T1015s1TS196-D1.pdb:A  SCOP d1co6a_
  426      0.8059          -0  1.798e+308     0.000    79    1    4           1    0     88      2     88      5    T1015s1TS196-D1.pdb:A  SCOP d1c2na_
  427      0.7996    0.009782      0.5095     1.121    84    1    2      0.9524    0     88      2     88      1    T1015s1TS196-D1.pdb:A  SCOP d1qbfa_
  428      0.7996    0.009782      0.5095     1.121    84    1    2      0.9524    0     88      2     88      4    T1015s1TS196-D1.pdb:A  SCOP d1p9za_
  429      0.7996     0.01587      0.6023     1.121    84    1    2      0.9524    0     88      2     88      1    T1015s1TS196-D1.pdb:A  SCOP d1f62a_
  430      0.7996     0.01587      0.6023     1.121    84    1    2      0.9524    0     88      2     88      4    T1015s1TS196-D1.pdb:A  SCOP d1p9ga_
  431      0.7952   0.0002465      0.5968     1.146    84    1    2      0.9524    0     88      2     88      4    T1015s1TS196-D1.pdb:A  SCOP d1wewa_
  432      0.7856      0.2191        2.46     0.000    78    1    2           1    0     88      2     88      4    T1015s1TS196-D1.pdb:A  SCOP d1q08a_
  433      0.7856       1.384       3.476     0.000    78    1    2           1    0     88      2     88      4    T1015s1TS196-D1.pdb:A  SCOP d1jm7a_
  434      0.7856       1.139       3.008     0.000    78    1    2           1    0     88      2     88      3    T1015s1TS196-D1.pdb:A  SCOP d1rq6a_
  435      0.7856      0.2347       2.282     0.000    78    2    3           1    0     88      2     88      4    T1015s1TS196-D1.pdb:A  SCOP d1vdla_
  436      0.7841      0.7473       2.623     0.000    69    1    0           1    0     88      2     69      5    T1015s1TS196-D1.pdb:A  SCOP d2asqa1
  437      0.7701     0.07305       3.343     0.000    75    2    2           1    0     88      2     83      8    T1015s1TS196-D1.pdb:A  SCOP d2fjya1
  438       0.766    0.002302      0.7586     0.843    80    1    2        0.95    0     88      2     88      4    T1015s1TS196-D1.pdb:A  SCOP d1bc6a_
  439      0.7656   0.0002226       2.831     0.000    77    2    3           1    0     88      2     88      8    T1015s1TS196-D1.pdb:A  SCOP d1cm4a_
  440      0.7656     0.06818       2.282     0.000    77    2    3           1    0     88      2     88      6    T1015s1TS196-D1.pdb:A  SCOP d2pasa_
  441      0.7656     0.06818       2.282     0.000    77    2    3           1    0     88      2     88      6    T1015s1TS196-D1.pdb:A  SCOP d3pata_
  442      0.7656      0.1436       2.831     0.000    77    1    1           1    0     88      2     88      5    T1015s1TS196-D1.pdb:A  SCOP d1oaea_
  443      0.7656      0.1517       2.831     0.000    77    1    1           1    0     88      2     88      5    T1015s1TS196-D1.pdb:A  SCOP d1gu2a_
  444      0.7656      0.6881       2.765     0.000    77    2    3           1    0     88      2     88      5    T1015s1TS196-D1.pdb:A  SCOP d1sgga_
  445      0.7656      0.1458       2.736     0.000    77    2    3           1    0     88      2     88      8    T1015s1TS196-D1.pdb:A  SCOP d1rk9a_
  446       0.761          -0  1.798e+308     0.000    75    1    1           1    0     88      2     84      5    T1015s1TS196-D1.pdb:A  SCOP d2djja1
  447       0.757     0.09081       1.057     1.447    85    2    1      0.9529    0     88      2     88      8    T1015s1TS196-D1.pdb:A  SCOP d1ll8a_
  448       0.757       0.753       2.479     1.447    85    2    1      0.9529    0     88      2     88      6    T1015s1TS196-D1.pdb:A  SCOP d1e44a_
  449      0.7464      0.5277       2.136     0.847    79    2    3      0.9494    0     88      2     88      3    T1015s1TS196-D1.pdb:A  SCOP d1ef4a_
  450      0.7462     0.01898      0.6411     0.848    79    1    2      0.9494    0     88      2     88      4    T1015s1TS196-D1.pdb:A  SCOP d1bqxa_
  451      0.7462   4.216e-08      0.5748     0.848    79    1    4      0.9494    0     88      2     88      3    T1015s1TS196-D1.pdb:A  SCOP d1kbha_
  452      0.7459   5.817e-05        1.63     0.000    76    2    4           1    0     88      2     88      9    T1015s1TS196-D1.pdb:A  SCOP d1rwya_
  453      0.7459          -0  1.798e+308     0.000    76    1    1           1    0     88      2     88      5    T1015s1TS196-D1.pdb:A  SCOP d1ovya_
  454      0.7459   0.0004668        1.63     0.000    76    2    4           1    0     88      2     88      7    T1015s1TS196-D1.pdb:A  SCOP d1a75a_
  455      0.7459          -0  1.798e+308     0.000    76    1    1           1    0     88      2     88      2    T1015s1TS196-D1.pdb:A  SCOP d1ry3a_
  456      0.7459   2.723e-05       2.623     0.000    76    2    3           1    0     88      2     88      8    T1015s1TS196-D1.pdb:A  SCOP d1cdma_
  457      0.7459   0.0004668        1.63     0.000    76    2    4           1    0     88      2     88      9    T1015s1TS196-D1.pdb:A  SCOP d1s3pa_
  458      0.7293       0.484           3     1.407    83    2    2      0.9518    0     88      2     88      9    T1015s1TS196-D1.pdb:A  SCOP d1hkoa_
  459       0.727    0.008815      0.8993     0.852    78    2    3      0.9487    0     88      2     88      3    T1015s1TS196-D1.pdb:A  SCOP d1whca_
  460       0.727   6.268e-16      0.7642     0.852    78    1    4      0.9487    0     88      2     88      5    T1015s1TS196-D1.pdb:A  SCOP d1n89a_
  461      0.7268     0.03062      0.7586     0.854    78    1    2      0.9487    0     88      2     88      5    T1015s1TS196-D1.pdb:A  SCOP d1bwea_
  462      0.7264    0.002819        1.63     0.000    75    2    4           1    0     88      2     88      7    T1015s1TS196-D1.pdb:A  SCOP d4pala_
  463      0.7264    0.002819        1.63     0.000    75    2    4           1    0     88      2     88      8    T1015s1TS196-D1.pdb:A  SCOP d3pala_
  464      0.7264   0.0004668        1.63     0.000    75    2    4           1    0     88      2     88      8    T1015s1TS196-D1.pdb:A  SCOP d5pala_
  465      0.7264     0.01413       2.105     0.000    75    2    4           1    0     88      2     88      7    T1015s1TS196-D1.pdb:A  SCOP d1bu3a_
  466      0.7264       1.163       4.073     0.000    75    1    2           1    0     88      2     88      3    T1015s1TS196-D1.pdb:A  SCOP d1dp3a_
  467      0.7264       0.545       2.986     0.000    75    2    4           1    0     88      2     88      8    T1015s1TS196-D1.pdb:A  SCOP d1jwga_
  468      0.7264       0.545       2.986     0.000    75    2    4           1    0     88      2     88      9    T1015s1TS196-D1.pdb:A  SCOP d1ujka_
  469      0.7264       0.269       1.708     0.000    75    1    2           1    0     88      2     88      2    T1015s1TS196-D1.pdb:A  SCOP d1ss3a_
  470      0.7264      0.2794       2.623     0.000    75    1    2           1    0     88      2     88      3    T1015s1TS196-D1.pdb:A  SCOP d1homa_
  471      0.7264        1.26       3.958     0.000    75    1    3           1    0     88      2     88      5    T1015s1TS196-D1.pdb:A  SCOP d1n65a_
  472      0.7264          -0  1.798e+308     0.000    75    1    2           1    0     88      2     88      4    T1015s1TS196-D1.pdb:A  SCOP d1kx4a_
  473      0.7264       0.932       3.585     0.000    75    2    3           1    0     88      2     88      5    T1015s1TS196-D1.pdb:A  SCOP d1ht9a_
  474      0.7264     0.01657       1.414     0.000    75    1    3           1    0     88      2     88      3    T1015s1TS196-D1.pdb:A  SCOP d1wgxa_
  475      0.7264     0.03604       2.105     0.000    75    2    4           1    0     88      2     88      8    T1015s1TS196-D1.pdb:A  SCOP d1rroa_
  476      0.7264          -0  1.798e+308     0.000    75    1    2           1    0     88      2     88      4    T1015s1TS196-D1.pdb:A  SCOP d1id3a_
  477      0.7264   0.0004668        1.63     0.000    75    2    4           1    0     88      2     88      8    T1015s1TS196-D1.pdb:A  SCOP d1omda_
  478      0.7264    0.002819        1.63     0.000    75    2    4           1    0     88      2     88      8    T1015s1TS196-D1.pdb:A  SCOP d1cdpa_
  479      0.7264    0.002819        1.63     0.000    75    2    4           1    0     88      2     88      8    T1015s1TS196-D1.pdb:A  SCOP d4cpva_
  480      0.7264    0.002819        1.63     0.000    75    2    4           1    0     88      2     88      7    T1015s1TS196-D1.pdb:A  SCOP d1b8la_
  481      0.7264    0.002819        1.63     0.000    75    2    4           1    0     88      2     88      8    T1015s1TS196-D1.pdb:A  SCOP d5cpva_
  482      0.7264    0.002819        1.63     0.000    75    2    4           1    0     88      2     88      7    T1015s1TS196-D1.pdb:A  SCOP d1b8ra_
  483      0.7264     0.02268       1.996     0.000    75    2    4           1    0     88      2     88      7    T1015s1TS196-D1.pdb:A  SCOP d1b8ca_
  484      0.7264     0.03604       2.105     0.000    75    2    4           1    0     88      2     88      7    T1015s1TS196-D1.pdb:A  SCOP d1b9aa_
  485      0.7264    0.002819        1.63     0.000    75    2    4           1    0     88      2     88      8    T1015s1TS196-D1.pdb:A  SCOP d1pvba_
  486      0.7264   0.0004668        1.63     0.000    75    2    4           1    0     88      2     88      8    T1015s1TS196-D1.pdb:A  SCOP d1pvaa_
  487      0.7264     0.03604       2.105     0.000    75    2    4           1    0     88      2     88      7    T1015s1TS196-D1.pdb:A  SCOP d1pala_
  488      0.7078    0.002586      0.7161     0.858    77    2    4      0.9481    0     88      2     88      3    T1015s1TS196-D1.pdb:A  SCOP d1wgla_
  489      0.7077   0.0004213      0.6578     0.858    77    1    3      0.9481    0     88      2     88      3    T1015s1TS196-D1.pdb:A  SCOP d1k1va_
  490      0.7071          -0  1.798e+308     0.000    74    1    3           1    0     88      2     88      4    T1015s1TS196-D1.pdb:A  SCOP d1q09a_
  491      0.7071      0.4081       2.305     0.000    74    2    3           1    0     88      2     88      4    T1015s1TS196-D1.pdb:A  SCOP d1wgna_
  492      0.7071      0.1063       3.476     0.000    74    1    3           1    0     88      2     88      5    T1015s1TS196-D1.pdb:A  SCOP d1ksma_
  493      0.7071      0.1063       3.476     0.000    74    1    3           1    0     88      2     88      5    T1015s1TS196-D1.pdb:A  SCOP d1kqva_
  494      0.7071      0.2138       3.476     0.000    74    1    3           1    0     88      2     88      4    T1015s1TS196-D1.pdb:A  SCOP d1b1ga_
