<html><head></head><body><pre style="word-wrap: break-word; white-space: pre-wrap;"> PDBe Fold v2.59. (src3) 14 Apr 2014 result file.

                   RESULT SUMMARY

   ##      Q-score      P-score     Z-score   RMSD    Nalgn Nsse Ngaps Seq-%     Nmd Nres-Q Nsse-Q Nres-T Nsse-T Query Target
    1           1     0.05268       3.521     0.000   156    2    0           1    0    156      7    156      5    T1022s1TS224-D1.pdb:A  SCOP d1ytia_
    2           1      0.1205       3.793     0.000   156    2    0           1    0    156      7    156      5    T1022s1TS224-D1.pdb:A  SCOP d1idaa_
    3           1     0.05268       3.521     0.000   156    2    0           1    0    156      7    156      5    T1022s1TS224-D1.pdb:A  SCOP d2aida_
    4           1     0.05268       3.521     0.000   156    2    0           1    0    156      7    156      5    T1022s1TS224-D1.pdb:A  SCOP d2sama_
    5           1      0.1205       3.793     0.000   156    2    0           1    0    156      7    156      5    T1022s1TS224-D1.pdb:A  SCOP d5upja_
    6           1   4.822e-17       4.524     0.000   156    2    0           1    0    156      7    156      9    T1022s1TS224-D1.pdb:A  SCOP d1rq9a_
    7           1      0.1205       3.793     0.000   156    2    0           1    0    156      7    156      5    T1022s1TS224-D1.pdb:A  SCOP d1tcwa_
    8           1          -0       2.805     0.000   156    2    0           1    0    156      7    156     10    T1022s1TS224-D1.pdb:A  SCOP d1y0ga_
    9           1     0.02782       3.521     0.000   156    2    0           1    0    156      7    156      5    T1022s1TS224-D1.pdb:A  SCOP d1az5a_
   10           1      0.1205       3.793     0.000   156    2    0           1    0    156      7    156      5    T1022s1TS224-D1.pdb:A  SCOP d1hsha_
   11           1          -0       4.524     0.000   156    2    0           1    0    156      7    156      9    T1022s1TS224-D1.pdb:A  SCOP d3hvpa_
   12           1      0.1205       3.793     0.000   156    2    0           1    0    156      7    156      5    T1022s1TS224-D1.pdb:A  SCOP d2mipa_
   13           1      0.1205       3.793     0.000   156    2    0           1    0    156      7    156      5    T1022s1TS224-D1.pdb:A  SCOP d1jlda_
   14           1   8.414e-06       3.521     0.000   156    2    0           1    0    156      7    156      6    T1022s1TS224-D1.pdb:A  SCOP d1hsia_
   15      0.9872          -0       2.183     0.000   155    2    1           1    0    156      7    156      9    T1022s1TS224-D1.pdb:A  SCOP d1b6ea_
   16      0.9745   2.959e-10       2.808     0.000   154    2    1           1    0    156      7    156      6    T1022s1TS224-D1.pdb:A  SCOP d1hvha_
   17      0.9745    0.003381       2.972     0.000   154    2    1           1    0    156      7    156      5    T1022s1TS224-D1.pdb:A  SCOP d1sgua_
   18      0.9745   7.781e-08       2.972     0.000   154    2    1           1    0    156      7    156      6    T1022s1TS224-D1.pdb:A  SCOP d1hwra_
   19      0.9745    0.003381       2.972     0.000   154    2    1           1    0    156      7    156      5    T1022s1TS224-D1.pdb:A  SCOP d1ec2a_
   20      0.9745   1.687e-09       2.808     0.000   154    2    1           1    0    156      7    156      6    T1022s1TS224-D1.pdb:A  SCOP d4phva_
   21      0.9745   1.687e-09       2.808     0.000   154    2    1           1    0    156      7    156      6    T1022s1TS224-D1.pdb:A  SCOP d1d4ya_
   22      0.9745   1.687e-09       2.808     0.000   154    2    1           1    0    156      7    156      6    T1022s1TS224-D1.pdb:A  SCOP d2bpya_
   23      0.9745    5.49e-05       2.972     0.000   154    2    1           1    0    156      7    156      6    T1022s1TS224-D1.pdb:A  SCOP d1npwa_
   24      0.9745          -0       2.829     0.000   154    2    1           1    0    156      7    156      9    T1022s1TS224-D1.pdb:A  SCOP d1htea_
   25      0.9745   7.781e-08       2.972     0.000   154    2    1           1    0    156      7    156      6    T1022s1TS224-D1.pdb:A  SCOP d1hpva_
   26      0.9745     0.04002       3.592     0.000   154    2    1           1    0    156      7    156      5    T1022s1TS224-D1.pdb:A  SCOP d2pnba_
   27      0.9745     0.04002       3.592     0.000   154    2    1           1    0    156      7    156      5    T1022s1TS224-D1.pdb:A  SCOP d2pnaa_
   28      0.9745   7.781e-08       2.972     0.000   154    2    1           1    0    156      7    156      6    T1022s1TS224-D1.pdb:A  SCOP d1bdra_
   29      0.9745   1.687e-09       2.808     0.000   154    2    1           1    0    156      7    156      6    T1022s1TS224-D1.pdb:A  SCOP d1a30a_
   30      0.9745   1.687e-09       2.808     0.000   154    2    1           1    0    156      7    156      6    T1022s1TS224-D1.pdb:A  SCOP d1hbva_
   31      0.9745    0.003381       2.972     0.000   154    2    1           1    0    156      7    156      5    T1022s1TS224-D1.pdb:A  SCOP d1ebza_
   32      0.9745    0.003381       2.972     0.000   154    2    1           1    0    156      7    156      5    T1022s1TS224-D1.pdb:A  SCOP d1b6ma_
   33      0.9745          -0       2.501     0.000   154    2    1           1    0    156      7    156      7    T1022s1TS224-D1.pdb:A  SCOP d1kj4a_
   34      0.9745    0.003381       2.972     0.000   154    2    1           1    0    156      7    156      5    T1022s1TS224-D1.pdb:A  SCOP d1hpsa_
   35      0.9745    0.003381       2.972     0.000   154    2    1           1    0    156      7    156      5    T1022s1TS224-D1.pdb:A  SCOP d1gnma_
   36      0.9745    0.003381       2.972     0.000   154    2    1           1    0    156      7    156      5    T1022s1TS224-D1.pdb:A  SCOP d1a94a_
   37      0.9745   7.781e-08       2.972     0.000   154    2    1           1    0    156      7    156      6    T1022s1TS224-D1.pdb:A  SCOP d1upja_
   38      0.9745   7.781e-08       2.972     0.000   154    2    1           1    0    156      7    156      6    T1022s1TS224-D1.pdb:A  SCOP d1c6ya_
   39      0.9745   7.781e-08       2.972     0.000   154    2    1           1    0    156      7    156      6    T1022s1TS224-D1.pdb:A  SCOP d1msna_
   40      0.9745    0.003381       2.972     0.000   154    2    1           1    0    156      7    156      5    T1022s1TS224-D1.pdb:A  SCOP d1mrxa_
   41      0.9745    0.003381       2.972     0.000   154    2    1           1    0    156      7    156      5    T1022s1TS224-D1.pdb:A  SCOP d1msma_
   42      0.9745   7.781e-08       2.972     0.000   154    2    1           1    0    156      7    156      6    T1022s1TS224-D1.pdb:A  SCOP d1u8ga_
   43      0.9745    0.003381       2.972     0.000   154    2    1           1    0    156      7    156      5    T1022s1TS224-D1.pdb:A  SCOP d1mrwa_
   44      0.9745    0.003381       2.972     0.000   154    2    1           1    0    156      7    156      5    T1022s1TS224-D1.pdb:A  SCOP d1gnna_
   45      0.9745   2.959e-10       2.808     0.000   154    2    1           1    0    156      7    156      6    T1022s1TS224-D1.pdb:A  SCOP d5hvpa_
   46      0.9745   7.781e-08       2.972     0.000   154    2    1           1    0    156      7    156      6    T1022s1TS224-D1.pdb:A  SCOP d1aaqa_
   47      0.9745    0.003381       2.972     0.000   154    2    1           1    0    156      7    156      5    T1022s1TS224-D1.pdb:A  SCOP d1bwaa_
   48      0.9745          -0       3.099     0.000   154    2    1           1    0    156      7    156      8    T1022s1TS224-D1.pdb:A  SCOP d8hvpa_
   49      0.9745   1.975e-08       2.972     0.000   154    2    1           1    0    156      7    156      6    T1022s1TS224-D1.pdb:A  SCOP d1a8ga_
   50      0.9745   1.565e-05       2.501     0.000   154    2    1           1    0    156      7    156      5    T1022s1TS224-D1.pdb:A  SCOP d1odya_
   51      0.9745    0.003381       2.972     0.000   154    2    1           1    0    156      7    156      5    T1022s1TS224-D1.pdb:A  SCOP d1gnoa_
   52      0.9745    0.003381       2.972     0.000   154    2    1           1    0    156      7    156      5    T1022s1TS224-D1.pdb:A  SCOP d1htfa_
   53      0.9745   7.781e-08       2.972     0.000   154    2    1           1    0    156      7    156      6    T1022s1TS224-D1.pdb:A  SCOP d1meta_
   54      0.9745   7.781e-08       2.972     0.000   154    2    1           1    0    156      7    156      6    T1022s1TS224-D1.pdb:A  SCOP d1sh9a_
   55      0.9745    5.49e-05       2.972     0.000   154    2    1           1    0    156      7    156      6    T1022s1TS224-D1.pdb:A  SCOP d1odwa_
   56      0.9745   1.687e-09       2.808     0.000   154    2    1           1    0    156      7    156      6    T1022s1TS224-D1.pdb:A  SCOP d1hpoa_
   57      0.9745    0.003381       2.972     0.000   154    2    1           1    0    156      7    156      5    T1022s1TS224-D1.pdb:A  SCOP d3tlha_
   58      0.9745    0.003381       2.972     0.000   154    2    1           1    0    156      7    156      5    T1022s1TS224-D1.pdb:A  SCOP d1izia_
   59      0.9745    0.003381       2.972     0.000   154    2    1           1    0    156      7    156      5    T1022s1TS224-D1.pdb:A  SCOP d1axaa_
   60      0.9745   7.781e-08       2.972     0.000   154    2    1           1    0    156      7    156      6    T1022s1TS224-D1.pdb:A  SCOP d1mesa_
   61      0.9745   1.687e-09       2.808     0.000   154    2    1           1    0    156      7    156      6    T1022s1TS224-D1.pdb:A  SCOP d1ec3a_
   62      0.9745    0.003381       2.972     0.000   154    2    1           1    0    156      7    156      5    T1022s1TS224-D1.pdb:A  SCOP d1bwba_
   63      0.9745    0.003381       2.972     0.000   154    2    1           1    0    156      7    156      5    T1022s1TS224-D1.pdb:A  SCOP d1izha_
   64      0.9745    0.003381       2.972     0.000   154    2    1           1    0    156      7    156      5    T1022s1TS224-D1.pdb:A  SCOP d1proa_
   65      0.9745   7.781e-08       2.972     0.000   154    2    1           1    0    156      7    156      6    T1022s1TS224-D1.pdb:A  SCOP d1d4ja_
   66      0.9745    0.003381       2.972     0.000   154    2    1           1    0    156      7    156      5    T1022s1TS224-D1.pdb:A  SCOP d1bv7a_
   67      0.9745    0.003381       2.972     0.000   154    2    1           1    0    156      7    156      5    T1022s1TS224-D1.pdb:A  SCOP d1ebwa_
   68      0.9745    5.49e-05       2.972     0.000   154    2    1           1    0    156      7    156      6    T1022s1TS224-D1.pdb:A  SCOP d1mtra_
   69      0.9745    0.003381       2.972     0.000   154    2    1           1    0    156      7    156      5    T1022s1TS224-D1.pdb:A  SCOP d1b6la_
   70      0.9745    0.003381       2.972     0.000   154    2    1           1    0    156      7    156      5    T1022s1TS224-D1.pdb:A  SCOP d1t7ka_
   71      0.9745    0.003381       2.972     0.000   154    2    1           1    0    156      7    156      5    T1022s1TS224-D1.pdb:A  SCOP d1lzqa_
   72      0.9745    0.003381       2.972     0.000   154    2    1           1    0    156      7    156      5    T1022s1TS224-D1.pdb:A  SCOP d1ec0a_
   73      0.9745   2.959e-10       2.808     0.000   154    2    1           1    0    156      7    156      6    T1022s1TS224-D1.pdb:A  SCOP d1sbga_
   74      0.9745    0.003381       2.972     0.000   154    2    1           1    0    156      7    156      5    T1022s1TS224-D1.pdb:A  SCOP d1iiqa_
   75      0.9745    0.003381       2.972     0.000   154    2    1           1    0    156      7    156      5    T1022s1TS224-D1.pdb:A  SCOP d1d4la_
   76      0.9745    0.003381       2.972     0.000   154    2    1           1    0    156      7    156      5    T1022s1TS224-D1.pdb:A  SCOP d1m0ba_
   77      0.9745          -0       2.972     0.000   154    2    1           1    0    156      7    156      7    T1022s1TS224-D1.pdb:A  SCOP d1a8ka_
   78      0.9745    0.009334       4.623     0.000   154    2    1           1    0    156      7    156      8    T1022s1TS224-D1.pdb:A  SCOP d1blka_
   79      0.9745      0.3164        4.92     0.000   154    2    1           1    0    156      7    156      6    T1022s1TS224-D1.pdb:A  SCOP d1blja_
   80      0.9745          -0       2.972     0.000   154    2    1           1    0    156      7    156      7    T1022s1TS224-D1.pdb:A  SCOP d1fqxa_
   81      0.9745   1.687e-09       2.808     0.000   154    2    1           1    0    156      7    156      6    T1022s1TS224-D1.pdb:A  SCOP d2bpva_
   82      0.9745    0.003381       2.972     0.000   154    2    1           1    0    156      7    156      5    T1022s1TS224-D1.pdb:A  SCOP d1qbta_
   83      0.9745          -0         3.7     0.000   154    2    1           1    0    156      7    156      8    T1022s1TS224-D1.pdb:A  SCOP d3phva_
   84      0.9745   7.781e-08       2.972     0.000   154    2    1           1    0    156      7    156      6    T1022s1TS224-D1.pdb:A  SCOP d1muia_
   85      0.9745   1.687e-09       2.808     0.000   154    2    1           1    0    156      7    156      6    T1022s1TS224-D1.pdb:A  SCOP d1hxba_
   86      0.9745   1.847e-14       2.692     0.000   154    2    1           1    0    156      7    156      7    T1022s1TS224-D1.pdb:A  SCOP d1rv7a_
   87      0.9745   1.975e-08       2.972     0.000   154    2    1           1    0    156      7    156      6    T1022s1TS224-D1.pdb:A  SCOP d9hvpa_
   88      0.9745    0.003381       2.972     0.000   154    2    1           1    0    156      7    156      5    T1022s1TS224-D1.pdb:A  SCOP d3upja_
   89      0.9745    5.49e-05       2.972     0.000   154    2    1           1    0    156      7    156      6    T1022s1TS224-D1.pdb:A  SCOP d1npaa_
   90      0.9745   1.394e-05       2.972     0.000   154    2    1           1    0    156      7    156      6    T1022s1TS224-D1.pdb:A  SCOP d1q9pa_
   91      0.9745   2.959e-10       2.808     0.000   154    2    1           1    0    156      7    156      6    T1022s1TS224-D1.pdb:A  SCOP d1hvra_
   92      0.9745   2.959e-10       2.808     0.000   154    2    1           1    0    156      7    156      6    T1022s1TS224-D1.pdb:A  SCOP d7upja_
   93      0.9745    0.003381       2.972     0.000   154    2    1           1    0    156      7    156      5    T1022s1TS224-D1.pdb:A  SCOP d1mera_
   94      0.9636    0.003536        2.93     0.320   154    2    1           1    0    156      7    156      5    T1022s1TS224-D1.pdb:A  SCOP d1sdta_
   95      0.9636   7.422e-09        2.93     0.320   154    2    1           1    0    156      7    156      6    T1022s1TS224-D1.pdb:A  SCOP d1c6za_
   96      0.9636    0.002491        2.93     0.320   154    2    1           1    0    156      7    156      5    T1022s1TS224-D1.pdb:A  SCOP d1sdva_
   97      0.9619       1.453       5.237     0.000   153    2    2           1    0    156      7    156      6    T1022s1TS224-D1.pdb:A  SCOP d1mjda_
   98      0.9619          -0       2.389     0.000   153    2    1           1    0    156      7    156      9    T1022s1TS224-D1.pdb:A  SCOP d1t3ka_
   99      0.9597     0.09023       3.686     0.614   156    2    0           1    0    156      7    156      5    T1022s1TS224-D1.pdb:A  SCOP d2hpea_
  100       0.958   0.0007274       2.844     0.524   155    2    1      0.9806    0    156      7    156      5    T1022s1TS224-D1.pdb:A  SCOP d1rpia_
  101       0.958      0.4375       3.336     0.524   155    2    1      0.9806    0    156      7    156      5    T1022s1TS224-D1.pdb:A  SCOP d1fb7a_
  102      0.9576          -0       2.282     0.528   155    2    1      0.9871    0    156      7    156     10    T1022s1TS224-D1.pdb:A  SCOP d1vhza_
  103      0.9576          -0       2.908     0.528   155    2    1      0.9871    0    156      7    156      8    T1022s1TS224-D1.pdb:A  SCOP d1mfwa_
  104      0.9494          -0       2.721     0.000   152    2    2           1    0    156      7    156      6    T1022s1TS224-D1.pdb:A  SCOP d1p6va_
  105      0.9369          -0  1.798e+308     0.000   151    3    1           1    0    156      7    156     15    T1022s1TS224-D1.pdb:A  SCOP d1l4da_
  106      0.9369          -0  1.798e+308     0.000   151    2    1           1    0    156      7    156      7    T1022s1TS224-D1.pdb:A  SCOP d1q3oa_
  107      0.9369          -0  1.798e+308     0.000   151    3    1           1    0    156      7    156     10    T1022s1TS224-D1.pdb:A  SCOP d1bfea_
  108      0.9369          -0  1.798e+308     0.000   151    3    1           1    0    156      7    156      8    T1022s1TS224-D1.pdb:A  SCOP d1pdra_
  109      0.9369          -0       1.186     0.000   151    2    1           1    0    156      7    156     10    T1022s1TS224-D1.pdb:A  SCOP d1p90a_
  110      0.9369          -0  1.798e+308     0.000   151    2    1           1    0    156      7    156      7    T1022s1TS224-D1.pdb:A  SCOP d4mon.3
  111      0.9369          -0  1.798e+308     0.000   151    2    1           1    0    156      7    156      5    T1022s1TS224-D1.pdb:A  SCOP d3sema_
  112      0.9369          -0       2.531     0.000   151    2    1           1    0    156      7    156      9    T1022s1TS224-D1.pdb:A  SCOP d1qh7a_
  113      0.9369          -0       2.531     0.000   151    2    1           1    0    156      7    156      9    T1022s1TS224-D1.pdb:A  SCOP d1h4ga_
  114      0.9369          -0       1.089     0.000   151    2    1           1    0    156      7    156     10    T1022s1TS224-D1.pdb:A  SCOP d1maca_
  115      0.9369          -0  1.798e+308     0.000   151    2    1           1    0    156      7    156     10    T1022s1TS224-D1.pdb:A  SCOP d1mh6a_
  116      0.9369          -0  1.798e+308     0.000   151    3    1           1    0    156      7    156     10    T1022s1TS224-D1.pdb:A  SCOP d1nqda_
  117      0.9369          -0  1.798e+308     0.000   151    3    1           1    0    156      7    156     15    T1022s1TS224-D1.pdb:A  SCOP d1chda_
  118      0.9369          -0  1.798e+308     0.000   151    2    1           1    0    156      7    156     10    T1022s1TS224-D1.pdb:A  SCOP d1iqaa_
  119      0.9369          -0       3.578     0.000   151    2    1           1    0    156      7    156     10    T1022s1TS224-D1.pdb:A  SCOP d1q9ga_
  120      0.9369          -0       2.777     0.000   151    2    1           1    0    156      7    156      9    T1022s1TS224-D1.pdb:A  SCOP d1alya_
  121      0.9369          -0  1.798e+308     0.000   151    3    1           1    0    156      7    156     13    T1022s1TS224-D1.pdb:A  SCOP d1uxea_
  122      0.9369          -0  1.798e+308     0.000   151    3    1           1    0    156      7    156     12    T1022s1TS224-D1.pdb:A  SCOP d1uxaa_
  123      0.9369          -0       2.538     0.000   151    2    1           1    0    156      7    156     10    T1022s1TS224-D1.pdb:A  SCOP d1xnaa_
  124      0.9369          -0  1.798e+308     0.000   151    2    1           1    0    156      7    156      5    T1022s1TS224-D1.pdb:A  SCOP d1f9fa_
  125      0.9369          -0  1.798e+308     0.000   151    2    1           1    0    156      7    156      7    T1022s1TS224-D1.pdb:A  SCOP d1q4qa_
  126      0.9369   4.763e-06       3.836     0.000   151    2    1           1    0    156      7    156      5    T1022s1TS224-D1.pdb:A  SCOP d1f53a_
  127      0.9369          -0         1.6     0.000   151    2    1           1    0    156      7    156     10    T1022s1TS224-D1.pdb:A  SCOP d2cuaa_
  128      0.9369          -0       2.958     0.000   151    2    1           1    0    156      7    156      7    T1022s1TS224-D1.pdb:A  SCOP d1x9la_
  129      0.9369          -0       2.623     0.000   151    2    1           1    0    156      7    156     10    T1022s1TS224-D1.pdb:A  SCOP d1eana_
  130      0.9369          -0       2.623     0.000   151    2    1           1    0    156      7    156      8    T1022s1TS224-D1.pdb:A  SCOP d1cmoa_
  131      0.9369          -0       2.937     0.000   151    2    1           1    0    156      7    156     10    T1022s1TS224-D1.pdb:A  SCOP d1edya_
  132      0.9369          -0  1.798e+308     0.000   151    2    1           1    0    156      7    156     10    T1022s1TS224-D1.pdb:A  SCOP d1gp3a_
  133      0.9369          -0       3.356     0.000   151    2    1           1    0    156      7    156      9    T1022s1TS224-D1.pdb:A  SCOP d1qtua_
  134      0.9369      0.2732         5.3     0.000   151    2    1           1    0    156      7    156      9    T1022s1TS224-D1.pdb:A  SCOP d1lmia_
  135      0.9369          -0  1.798e+308     0.000   151    3    1           1    0    156      7    156     11    T1022s1TS224-D1.pdb:A  SCOP d1s14a_
  136      0.9369          -0  1.798e+308     0.000   151    2    1           1    0    156      7    156     10    T1022s1TS224-D1.pdb:A  SCOP d1p4ua_
  137      0.9369          -0  1.798e+308     0.000   151    2    1           1    0    156      7    156     10    T1022s1TS224-D1.pdb:A  SCOP d1gywa_
  138      0.9369          -0       3.177     0.000   151    2    1           1    0    156      7    156     10    T1022s1TS224-D1.pdb:A  SCOP d1do5a_
  139      0.9369          -0  1.798e+308     0.000   151    2    1           1    0    156      7    156      8    T1022s1TS224-D1.pdb:A  SCOP d1svya_
  140      0.9369          -0       3.492     0.000   151    2    1           1    0    156      7    156      9    T1022s1TS224-D1.pdb:A  SCOP d1sa8a_
  141      0.9369          -0  1.798e+308     0.000   151    2    1           1    0    156      7    156     10    T1022s1TS224-D1.pdb:A  SCOP d1oqna_
  142      0.9369          -0       3.578     0.000   151    2    1           1    0    156      7    156      7    T1022s1TS224-D1.pdb:A  SCOP d1v5ja_
  143      0.9369          -0  1.798e+308     0.000   151    3    1           1    0    156      7    156     14    T1022s1TS224-D1.pdb:A  SCOP d1udza_
  144      0.9369          -0  1.798e+308     0.000   151    2    1           1    0    156      7    156      8    T1022s1TS224-D1.pdb:A  SCOP d1my5a_
  145      0.9369          -0  1.798e+308     0.000   151    2    1           1    0    156      7    156      8    T1022s1TS224-D1.pdb:A  SCOP d1my7a_
  146      0.9369          -0  1.798e+308     0.000   151    3    1           1    0    156      7    156      9    T1022s1TS224-D1.pdb:A  SCOP d1bfta_
  147      0.9369   3.719e-11       2.449     0.000   151    2    1           1    0    156      7    156      4    T1022s1TS224-D1.pdb:A  SCOP d1jy4a_
  148      0.9369          -0  1.798e+308     0.000   151    3    1           1    0    156      7    156     12    T1022s1TS224-D1.pdb:A  SCOP d1aw8.1
  149      0.9369          -0  1.798e+308     0.000   151    2    1           1    0    156      7    156     10    T1022s1TS224-D1.pdb:A  SCOP d1hcxa_
  150      0.9369          -0       2.382     0.000   151    2    1           1    0    156      7    156      9    T1022s1TS224-D1.pdb:A  SCOP d1qoua_
  151      0.9369          -0       1.125     0.000   151    3    1           1    0    156      7    156     11    T1022s1TS224-D1.pdb:A  SCOP d1kgya_
  152      0.9369          -0        3.42     0.000   151    2    1           1    0    156      7    156      7    T1022s1TS224-D1.pdb:A  SCOP d1gh5a_
  153      0.9369      0.2122       4.673     0.000   151    2    1           1    0    156      7    156      4    T1022s1TS224-D1.pdb:A  SCOP d1g26a_
  154      0.9369          -0        3.42     0.000   151    2    1           1    0    156      7    156      7    T1022s1TS224-D1.pdb:A  SCOP d1g6ea_
  155      0.9369       1.982       4.673     0.000   151    2    1           1    0    156      7    156      2    T1022s1TS224-D1.pdb:A  SCOP d1i8xa_
  156      0.9331          -0       1.972     0.527   153    2    2      0.9804    0    156      7    156      6    T1022s1TS224-D1.pdb:A  SCOP d1hpxa_
  157      0.9331    0.001064       2.603     0.527   153    3    2      0.9804    0    156      7    156      6    T1022s1TS224-D1.pdb:A  SCOP d1g2ka_
  158      0.9331     0.08541       2.603     0.527   153    3    2      0.9804    0    156      7    156      5    T1022s1TS224-D1.pdb:A  SCOP d1w5xa_
  159      0.9331     0.08541       2.603     0.527   153    3    2      0.9804    0    156      7    156      5    T1022s1TS224-D1.pdb:A  SCOP d1kjha_
  160      0.9331    0.009904       2.183     0.527   153    2    2      0.9804    0    156      7    156      5    T1022s1TS224-D1.pdb:A  SCOP d1k6ca_
  161      0.9331     0.08541       2.603     0.527   153    3    2      0.9804    0    156      7    156      5    T1022s1TS224-D1.pdb:A  SCOP d1kzka_
  162      0.9331     0.08541       2.603     0.527   153    3    2      0.9804    0    156      7    156      5    T1022s1TS224-D1.pdb:A  SCOP d1ebya_
  163      0.9331     0.08541       2.603     0.527   153    2    2      0.9804    0    156      7    156      5    T1022s1TS224-D1.pdb:A  SCOP d1k6va_
  164      0.9331   0.0002251       2.457     0.527   153    3    2      0.9804    0    156      7    156      6    T1022s1TS224-D1.pdb:A  SCOP d1d4ka_
  165      0.9331   0.0007125       2.457     0.527   153    3    2      0.9804    0    156      7    156      6    T1022s1TS224-D1.pdb:A  SCOP d1kjga_
  166      0.9331     0.08541       2.603     0.527   153    3    2      0.9804    0    156      7    156      5    T1022s1TS224-D1.pdb:A  SCOP d1nh0a_
  167      0.9331     0.08541       2.603     0.527   153    3    2      0.9804    0    156      7    156      5    T1022s1TS224-D1.pdb:A  SCOP d1ajva_
  168      0.9331   0.0001209       2.457     0.527   153    2    2      0.9804    0    156      7    156      6    T1022s1TS224-D1.pdb:A  SCOP d1c70a_
  169      0.9331     0.08541       2.603     0.527   153    3    2      0.9804    0    156      7    156      5    T1022s1TS224-D1.pdb:A  SCOP d7hvpa_
  170      0.9331          -0       1.972     0.527   153    2    2      0.9804    0    156      7    156      7    T1022s1TS224-D1.pdb:A  SCOP d1mtba_
  171      0.9331   0.0006558       2.603     0.527   153    3    2      0.9804    0    156      7    156      6    T1022s1TS224-D1.pdb:A  SCOP d1bdla_
  172      0.9331     0.08541       2.603     0.527   153    3    2      0.9804    0    156      7    156      5    T1022s1TS224-D1.pdb:A  SCOP d1ajxa_
  173      0.9331   8.793e-11       2.457     0.527   153    3    2      0.9804    0    156      7    156      7    T1022s1TS224-D1.pdb:A  SCOP d1hsga_
  174      0.9331     0.08541       2.603     0.527   153    3    2      0.9804    0    156      7    156      5    T1022s1TS224-D1.pdb:A  SCOP d1f7aa_
  175      0.9331     0.08541       2.603     0.527   153    3    2      0.9804    0    156      7    156      5    T1022s1TS224-D1.pdb:A  SCOP d1difa_
  176      0.9331     0.08541       2.603     0.527   153    3    2      0.9804    0    156      7    156      5    T1022s1TS224-D1.pdb:A  SCOP d1hosa_
  177      0.9331     0.08541       2.603     0.527   153    3    2      0.9804    0    156      7    156      5    T1022s1TS224-D1.pdb:A  SCOP d1w5wa_
  178      0.9331     0.08541       2.603     0.527   153    3    2      0.9804    0    156      7    156      5    T1022s1TS224-D1.pdb:A  SCOP d1w5va_
  179      0.9331    0.001064       2.603     0.527   153    3    2      0.9804    0    156      7    156      6    T1022s1TS224-D1.pdb:A  SCOP d1g35a_
  180      0.9331     0.08541       2.603     0.527   153    3    2      0.9804    0    156      7    156      5    T1022s1TS224-D1.pdb:A  SCOP d1d4ia_
  181      0.9331    0.001064       2.603     0.527   153    3    2      0.9804    0    156      7    156      6    T1022s1TS224-D1.pdb:A  SCOP d1d4ha_
  182      0.9331     0.08541       2.603     0.527   153    3    2      0.9804    0    156      7    156      5    T1022s1TS224-D1.pdb:A  SCOP d1b6ja_
  183      0.9331     0.08541       2.603     0.527   153    3    2      0.9804    0    156      7    156      5    T1022s1TS224-D1.pdb:A  SCOP d1ytga_
  184      0.9331     0.08541       2.603     0.527   153    3    2      0.9804    0    156      7    156      5    T1022s1TS224-D1.pdb:A  SCOP d1w5ya_
  185      0.9331     0.08541       2.603     0.527   153    3    2      0.9804    0    156      7    156      5    T1022s1TS224-D1.pdb:A  SCOP d1ytha_
  186      0.9331   0.0002251       2.457     0.527   153    3    2      0.9804    0    156      7    156      6    T1022s1TS224-D1.pdb:A  SCOP d1hvia_
  187      0.9331   0.0002251       2.457     0.527   153    2    2      0.9804    0    156      7    156      6    T1022s1TS224-D1.pdb:A  SCOP d2bpza_
  188      0.9331     0.08541       2.603     0.527   153    3    2      0.9804    0    156      7    156      5    T1022s1TS224-D1.pdb:A  SCOP d1hvka_
  189      0.9331     0.08541       2.603     0.527   153    3    2      0.9804    0    156      7    156      5    T1022s1TS224-D1.pdb:A  SCOP d1hxwa_
  190      0.9331     0.08541       2.603     0.527   153    3    2      0.9804    0    156      7    156      5    T1022s1TS224-D1.pdb:A  SCOP d1hvla_
  191      0.9331    0.001064       2.603     0.527   153    3    2      0.9804    0    156      7    156      6    T1022s1TS224-D1.pdb:A  SCOP d1tcxa_
  192      0.9331   0.0001209       2.457     0.527   153    2    2      0.9804    0    156      7    156      6    T1022s1TS224-D1.pdb:A  SCOP d1k6ta_
  193      0.9331     0.08541       2.603     0.527   153    2    2      0.9804    0    156      7    156      5    T1022s1TS224-D1.pdb:A  SCOP d1mt8a_
  194      0.9331     0.09609       2.603     0.527   153    3    2      0.9804    0    156      7    156      5    T1022s1TS224-D1.pdb:A  SCOP d1mt7a_
  195      0.9331     0.08541       2.603     0.527   153    3    2      0.9804    0    156      7    156      5    T1022s1TS224-D1.pdb:A  SCOP d1hvja_
  196      0.9331          -0       2.457     0.527   153    3    2      0.9804    0    156      7    156      8    T1022s1TS224-D1.pdb:A  SCOP d1vija_
  197      0.9331    0.001064       2.603     0.527   153    3    2      0.9804    0    156      7    156      6    T1022s1TS224-D1.pdb:A  SCOP d2upja_
  198      0.9331   3.004e-06       2.183     0.527   153    3    2      0.9804    0    156      7    156      6    T1022s1TS224-D1.pdb:A  SCOP d2bpxa_
  199      0.9331          -0       1.972     0.527   153    2    2      0.9804    0    156      7    156      6    T1022s1TS224-D1.pdb:A  SCOP d1b6pa_
  200      0.9331          -0       1.972     0.527   153    2    2      0.9804    0    156      7    156      6    T1022s1TS224-D1.pdb:A  SCOP d1kjfa_
  201      0.9331     0.08541       2.603     0.527   153    3    2      0.9804    0    156      7    156      5    T1022s1TS224-D1.pdb:A  SCOP d1hiha_
  202      0.9331   3.319e-12       1.695     0.527   153    2    2      0.9804    0    156      7    156      6    T1022s1TS224-D1.pdb:A  SCOP d1c6xa_
  203      0.9331     0.08541       2.603     0.527   153    3    2      0.9804    0    156      7    156      5    T1022s1TS224-D1.pdb:A  SCOP d1kj7a_
  204      0.9331    0.001064       2.603     0.527   153    3    2      0.9804    0    156      7    156      6    T1022s1TS224-D1.pdb:A  SCOP d1wbka_
  205      0.9331     0.08541       2.603     0.527   153    3    2      0.9804    0    156      7    156      5    T1022s1TS224-D1.pdb:A  SCOP d1cpia_
  206      0.9331   0.0002251       2.457     0.527   153    3    2      0.9804    0    156      7    156      6    T1022s1TS224-D1.pdb:A  SCOP d1hvsa_
  207      0.9331     0.08541       2.603     0.527   153    3    2      0.9804    0    156      7    156      5    T1022s1TS224-D1.pdb:A  SCOP d3aida_
  208      0.9331     0.08541       2.603     0.527   153    3    2      0.9804    0    156      7    156      5    T1022s1TS224-D1.pdb:A  SCOP d1ec1a_
  209      0.9331          -0       1.972     0.527   153    2    2      0.9804    0    156      7    156      6    T1022s1TS224-D1.pdb:A  SCOP d1n49a_
  210      0.9331    0.001064       2.603     0.527   153    3    2      0.9804    0    156      7    156      6    T1022s1TS224-D1.pdb:A  SCOP d1hiva_
  211      0.9331     0.08541       2.603     0.527   153    3    2      0.9804    0    156      7    156      5    T1022s1TS224-D1.pdb:A  SCOP d1ohra_
  212      0.9331   0.0002251       2.457     0.527   153    3    2      0.9804    0    156      7    156      6    T1022s1TS224-D1.pdb:A  SCOP d1wbma_
  213      0.9331   0.0001209       2.457     0.527   153    3    2      0.9804    0    156      7    156      6    T1022s1TS224-D1.pdb:A  SCOP d1htga_
  214       0.918          -0        2.37     0.744   154    2    2      0.9675    0    156      7    156      7    T1022s1TS224-D1.pdb:A  SCOP d1mg4a_
  215      0.9123          -0       2.129     0.000   149    2    2           1    0    156      7    156      6    T1022s1TS224-D1.pdb:A  SCOP d1rfaa_
  216      0.9123          -0       2.757     0.000   149    2    2           1    0    156      7    156      6    T1022s1TS224-D1.pdb:A  SCOP d1rrba_
  217      0.9123          -0       2.275     0.000   149    2    2           1    0    156      7    156     10    T1022s1TS224-D1.pdb:A  SCOP d1bv8a_
  218      0.9079          -0       1.033     0.536   151    2    3      0.9801    0    156      7    156      5    T1022s1TS224-D1.pdb:A  SCOP d1mw4a_
  219      0.9001    0.001541       3.348     0.000   148    2    2           1    0    156      7    156      5    T1022s1TS224-D1.pdb:A  SCOP d1wjwa_
  220      0.9001          -0       2.623     0.000   148    2    2           1    0    156      7    156      6    T1022s1TS224-D1.pdb:A  SCOP d1hq8a_
  221      0.9001          -0       3.051     0.000   148    3    2           1    0    156      7    156     11    T1022s1TS224-D1.pdb:A  SCOP d1kd6a_
  222      0.9001          -0       1.364     0.000   148    2    2           1    0    156      7    156      5    T1022s1TS224-D1.pdb:A  SCOP d1xu0a_
  223      0.9001    0.000731       2.772     0.000   148    2    1           1    0    156      7    156      6    T1022s1TS224-D1.pdb:A  SCOP d1uila_
  224      0.8964          -0       1.798     0.532   150    2    2        0.98    0    156      7    156      6    T1022s1TS224-D1.pdb:A  SCOP d2bpwa_
  225      0.8964   9.285e-09       2.198     0.532   150    2    2        0.98    0    156      7    156      4    T1022s1TS224-D1.pdb:A  SCOP d1qypa_
  226      0.8964          -0       1.314     0.532   150    2    2        0.98    0    156      7    156      6    T1022s1TS224-D1.pdb:A  SCOP d1d4sa_
  227      0.8964          -0       1.314     0.532   150    2    2        0.98    0    156      7    156      6    T1022s1TS224-D1.pdb:A  SCOP d1npva_
  228      0.8964   8.679e-15        1.98     0.532   150    2    2        0.98    0    156      7    156      6    T1022s1TS224-D1.pdb:A  SCOP d1a9ma_
  229      0.8964          -0       1.798     0.532   150    2    2        0.98    0    156      7    156      6    T1022s1TS224-D1.pdb:A  SCOP d1qbsa_
  230      0.8964       1.262        3.75     0.532   150    2    2        0.98    0    156      7    156      2    T1022s1TS224-D1.pdb:A  SCOP d1fsba_
  231      0.8961          -0      0.5366     0.535   150    3    2        0.98    0    156      7    156     10    T1022s1TS224-D1.pdb:A  SCOP d1u5xa_
  232      0.8961          -0       2.887     0.535   150    2    2        0.98    0    156      7    156      9    T1022s1TS224-D1.pdb:A  SCOP d1h9da_
  233      0.8961          -0      0.4191     0.535   150    2    2        0.98    0    156      7    156      8    T1022s1TS224-D1.pdb:A  SCOP d1m1sa_
  234      0.8961          -0       2.887     0.535   150    2    2        0.98    0    156      7    156      9    T1022s1TS224-D1.pdb:A  SCOP d1e50a_
  235       0.896   0.0007281       2.426     0.536   150    2    2        0.98    0    156      7    156      3    T1022s1TS224-D1.pdb:A  SCOP d1ewsa_
  236       0.896          -0       1.933     0.536   150    2    2        0.98    0    156      7    156      7    T1022s1TS224-D1.pdb:A  SCOP d1n9ra_
  237       0.896          -0       1.646     0.536   150    2    2        0.98    0    156      7    156      7    T1022s1TS224-D1.pdb:A  SCOP d1uc6a_
  238      0.8959          -0       1.557     0.536   150    2    2      0.9867    0    156      7    156     10    T1022s1TS224-D1.pdb:A  SCOP d1a34a_
  239      0.8958          -0      0.9619     0.537   150    2    2        0.98    0    156      7    156      9    T1022s1TS224-D1.pdb:A  SCOP d1cx1a_
  240      0.8958          -0       2.313     0.537   150    2    2        0.98    0    156      7    156      6    T1022s1TS224-D1.pdb:A  SCOP d2aita_
  241      0.8958      0.5712       3.127     0.537   150    2    2        0.98    0    156      7    156      2    T1022s1TS224-D1.pdb:A  SCOP d1i8ya_
  242      0.8958          -0       2.313     0.537   150    2    2        0.98    0    156      7    156      6    T1022s1TS224-D1.pdb:A  SCOP d1ok0a_
  243      0.8958          -0       2.313     0.537   150    2    2        0.98    0    156      7    156      6    T1022s1TS224-D1.pdb:A  SCOP d1hoea_
  244      0.8958          -0       2.426     0.537   150    2    2        0.98    0    156      7    156      6    T1022s1TS224-D1.pdb:A  SCOP d3aita_
  245      0.8958          -0       2.426     0.537   150    2    2        0.98    0    156      7    156      6    T1022s1TS224-D1.pdb:A  SCOP d4aita_
  246      0.8958          -0       2.068     0.537   150    3    2        0.98    0    156      7    156     14    T1022s1TS224-D1.pdb:A  SCOP d1d2sa_
  247      0.8958       1.571       4.281     0.537   150    2    2        0.98    0    156      7    156      2    T1022s1TS224-D1.pdb:A  SCOP d1qgma_
  248      0.8958          -0       2.068     0.537   150    3    2        0.98    0    156      7    156     15    T1022s1TS224-D1.pdb:A  SCOP d1lhua_
  249      0.8958          -0       3.334     0.537   150    2    2        0.98    0    156      7    156      9    T1022s1TS224-D1.pdb:A  SCOP d1g31a_
  250      0.8958          -0      0.2411     0.538   150    2    2        0.98    0    156      7    156     10    T1022s1TS224-D1.pdb:A  SCOP d1uuna_
  251      0.8954   5.488e-05       2.523     0.892   154    2    1      0.9805    0    156      7    156      5    T1022s1TS224-D1.pdb:A  SCOP d4hvpa_
  252      0.8954      0.0112        2.91     0.892   154    2    1      0.9805    0    156      7    156      6    T1022s1TS224-D1.pdb:A  SCOP d1hhpa_
  253      0.8879      0.9097       5.241     0.000   147    2    2           1    0    156      7    156      4    T1022s1TS224-D1.pdb:A  SCOP d2soba_
  254      0.8879   0.0001738       4.195     0.000   147    2    3           1    0    156      7    156      7    T1022s1TS224-D1.pdb:A  SCOP d1n27a_
  255      0.8879          -0  1.798e+308     0.000   147    2    2           1    0    156      7    156      6    T1022s1TS224-D1.pdb:A  SCOP d1tova_
  256      0.8838          -0      0.4719     0.538   149    2    3      0.9866    0    156      7    156      8    T1022s1TS224-D1.pdb:A  SCOP d1e57a_
  257      0.8759          -0       1.395     0.000   146    2    2           1    0    156      7    156     10    T1022s1TS224-D1.pdb:A  SCOP d1dfva_
  258      0.8759   1.517e-12       3.765     0.000   146    3    3           1    0    156      7    156     14    T1022s1TS224-D1.pdb:A  SCOP d1at3a_
  259      0.8759   4.339e-16       2.471     0.000   146    2    2           1    0    156      7    156     10    T1022s1TS224-D1.pdb:A  SCOP d1thqa_
  260      0.8726          -0       1.565     0.533   148    2    3      0.9797    0    156      7    156      7    T1022s1TS224-D1.pdb:A  SCOP d1j57a_
  261      0.8714          -0        1.63     0.898   152    2    2      0.9803    0    156      7    156      8    T1022s1TS224-D1.pdb:A  SCOP d1bvea_
  262      0.8714   4.484e-15       1.775     0.898   152    2    2      0.9803    0    156      7    156      7    T1022s1TS224-D1.pdb:A  SCOP d1vika_
  263      0.8644          -0       1.885     0.869   151    2    3      0.9801    0    156      7    156      8    T1022s1TS224-D1.pdb:A  SCOP d1iuea_
  264      0.8639          -0       3.356     0.000   145    3    2           1    0    156      7    156     14    T1022s1TS224-D1.pdb:A  SCOP d1i51.1
  265      0.8639          -0       2.198     0.000   145    2    3           1    0    156      7    156      9    T1022s1TS224-D1.pdb:A  SCOP d1oi0a_
  266      0.8598          -0       2.068     0.543   147    3    4      0.9796    0    156      7    156     10    T1022s1TS224-D1.pdb:A  SCOP d1am2a_
  267      0.8577   7.312e-07       1.419     0.757   149    2    3      0.9597    0    156      7    156      3    T1022s1TS224-D1.pdb:A  SCOP d1tiha_
  268      0.8566          -0      0.9541     0.765   149    2    3      0.9597    0    156      7    156      4    T1022s1TS224-D1.pdb:A  SCOP d1l1ca_
  269      0.8566          -0        1.75     0.765   149    2    3      0.9597    0    156      7    156      7    T1022s1TS224-D1.pdb:A  SCOP d2fnba_
  270      0.8566          -0      0.6938     0.765   149    2    3      0.9597    0    156      7    156      5    T1022s1TS224-D1.pdb:A  SCOP d1ah9a_
  271       0.856          -0       1.113     0.769   149    2    3      0.9597    0    156      7    156      5    T1022s1TS224-D1.pdb:A  SCOP d1csqa_
  272       0.856          -0       1.113     0.769   149    2    3      0.9597    0    156      7    156      5    T1022s1TS224-D1.pdb:A  SCOP d1hzca_
  273       0.856          -0       1.113     0.769   149    2    3      0.9597    0    156      7    156      5    T1022s1TS224-D1.pdb:A  SCOP d1hzaa_
  274       0.856          -0       1.113     0.769   149    2    3      0.9597    0    156      7    156      5    T1022s1TS224-D1.pdb:A  SCOP d1hzba_
  275       0.856          -0       1.113     0.769   149    2    3      0.9597    0    156      7    156      5    T1022s1TS224-D1.pdb:A  SCOP d1cspa_
  276      0.8521          -0       3.435     0.000   144    2    4           1    0    156      7    156      9    T1022s1TS224-D1.pdb:A  SCOP d1dyta_
  277      0.8521          -0       2.717     0.000   144    3    3           1    0    156      7    156     12    T1022s1TS224-D1.pdb:A  SCOP d1iaza_
  278      0.8492          -0       2.545     0.893   150    2    3        0.98    0    156      7    156      8    T1022s1TS224-D1.pdb:A  SCOP d3vuba_
  279      0.8492          -0       2.545     0.893   150    2    3        0.98    0    156      7    156      8    T1022s1TS224-D1.pdb:A  SCOP d4vuba_
  280      0.8456          -0       3.657     0.549   143    2    3       0.986    0    156      7    150     10    T1022s1TS224-D1.pdb:A  SCOP d1niea1
  281      0.8456          -0       3.657     0.549   143    2    3       0.986    0    156      7    150     10    T1022s1TS224-D1.pdb:A  SCOP d1nica1
  282      0.8418          -0       2.441     0.868   149    2    2      0.9799    0    156      7    156      7    T1022s1TS224-D1.pdb:A  SCOP d1ncta_
  283      0.8408          -0       2.582     0.874   149    2    2      0.9799    0    156      7    156      6    T1022s1TS224-D1.pdb:A  SCOP d1rk8a_
  284      0.8408          -0       1.734     0.874   149    2    2      0.9799    0    156      7    156     10    T1022s1TS224-D1.pdb:A  SCOP d1glha_
  285      0.8408          -0       1.734     0.874   149    2    2      0.9799    0    156      7    156      9    T1022s1TS224-D1.pdb:A  SCOP d1gbga_
  286      0.8408          -0       2.035     0.874   149    2    2      0.9799    0    156      7    156     10    T1022s1TS224-D1.pdb:A  SCOP d2axma_
  287      0.8408          -0       2.035     0.874   149    2    2      0.9799    0    156      7    156      9    T1022s1TS224-D1.pdb:A  SCOP d2afga_
  288      0.8403          -0       3.435     0.000   143    2    4           1    0    156      7    156      9    T1022s1TS224-D1.pdb:A  SCOP d1qmta_
  289      0.8403   3.731e-07       3.585     0.000   143    2    2           1    0    156      7    156      7    T1022s1TS224-D1.pdb:A  SCOP d1q53a_
  290      0.8403   8.729e-08        3.24     0.000   143    2    4           1    0    156      7    156      8    T1022s1TS224-D1.pdb:A  SCOP d1h1ha_
  291      0.8403          -0       2.872     0.000   143    2    3           1    0    156      7    156      9    T1022s1TS224-D1.pdb:A  SCOP d1mb1a_
  292      0.8403          -0       3.348     0.000   143    2    4           1    0    156      7    156      9    T1022s1TS224-D1.pdb:A  SCOP d1bm8a_
  293      0.8398          -0         3.7     0.000   132    2    1           1    0    156      7    133     10    T1022s1TS224-D1.pdb:A  SCOP d2co3a1
  294      0.8386          -0       1.009     0.632   146    2    3      0.9726    0    156      7    156     10    T1022s1TS224-D1.pdb:A  SCOP d1t3va_
  295      0.8375      0.5549           3     0.896   149    2    2      0.9799    0    156      7    156      3    T1022s1TS224-D1.pdb:A  SCOP d1wm7a_
  296      0.8375       1.048       3.722     0.896   149    2    2      0.9799    0    156      7    156      2    T1022s1TS224-D1.pdb:A  SCOP d1pfta_
  297      0.8375          -0       2.908     0.896   149    2    2      0.9799    0    156      7    156     10    T1022s1TS224-D1.pdb:A  SCOP d1xiwa_
  298      0.8363          -0      0.9777     0.545   145    2    3      0.9862    0    156      7    156      9    T1022s1TS224-D1.pdb:A  SCOP d1m2aa_
  299      0.8363          -0      0.9777     0.545   145    2    3      0.9862    0    156      7    156      9    T1022s1TS224-D1.pdb:A  SCOP d1m2ba_
  300      0.8362          -0       1.774     0.546   145    2    5      0.9793    0    156      7    156      9    T1022s1TS224-D1.pdb:A  SCOP d1l3ga_
  301      0.8344          -0       2.449     0.917   149    2    2      0.9799    0    156      7    156      9    T1022s1TS224-D1.pdb:A  SCOP d2mspa_
  302      0.8286    0.002054       4.673     0.000   142    2    3           1    0    156      7    156      6    T1022s1TS224-D1.pdb:A  SCOP d1ip9a_
  303      0.8286      0.3123       4.595     0.000   142    3    2           1    0    156      7    156      7    T1022s1TS224-D1.pdb:A  SCOP d1v88a_
  304      0.8286   2.187e-06       4.059     0.000   142    2    3           1    0    156      7    156      6    T1022s1TS224-D1.pdb:A  SCOP d1ipga_
  305      0.8259      0.2625       2.908     0.899   148    2    3      0.9797    0    156      7    156      3    T1022s1TS224-D1.pdb:A  SCOP d1acwa_
  306      0.8245          -0       1.012     0.548   144    2    4      0.9792    0    156      7    156      9    T1022s1TS224-D1.pdb:A  SCOP d1clha_
  307      0.8176          -0      0.3467     0.880   147    3    3      0.9796    0    156      7    156     15    T1022s1TS224-D1.pdb:A  SCOP d1ihka_
  308      0.8174          -0       1.001     0.881   147    2    3      0.9864    0    156      7    156     10    T1022s1TS224-D1.pdb:A  SCOP d1tn3a_
  309      0.8174          -0       3.194     0.881   147    2    5      0.9864    0    156      7    156     10    T1022s1TS224-D1.pdb:A  SCOP d1mtla_
  310      0.8169          -0  1.798e+308     0.000   141    2    2           1    0    156      7    156      9    T1022s1TS224-D1.pdb:A  SCOP d1g4ka_
  311      0.8169   0.0003975       4.917     0.000   141    2    3           1    0    156      7    156     10    T1022s1TS224-D1.pdb:A  SCOP d1v4la_
  312      0.8169   2.485e-13        3.24     0.000   141    2    4           1    0    156      7    156      9    T1022s1TS224-D1.pdb:A  SCOP d1k2aa_
  313      0.8169          -0       3.435     0.000   141    2    4           1    0    156      7    156     10    T1022s1TS224-D1.pdb:A  SCOP d1hi2a_
  314      0.8169          -0       3.435     0.000   141    2    4           1    0    156      7    156     10    T1022s1TS224-D1.pdb:A  SCOP d1hi4a_
  315      0.8169          -0       3.435     0.000   141    2    4           1    0    156      7    156     10    T1022s1TS224-D1.pdb:A  SCOP d1hi5a_
  316      0.8169          -0       3.435     0.000   141    2    4           1    0    156      7    156     10    T1022s1TS224-D1.pdb:A  SCOP d1hi3a_
  317      0.8131          -0      0.9777     0.549   143    2    3       0.986    0    156      7    156      8    T1022s1TS224-D1.pdb:A  SCOP d1f37a_
  318      0.8131          -0      0.9777     0.549   143    2    3       0.986    0    156      7    156      9    T1022s1TS224-D1.pdb:A  SCOP d1m2da_
  319      0.8131          -0       2.919     0.549   143    3    2       0.979    0    156      7    156      9    T1022s1TS224-D1.pdb:A  SCOP d1qu9a_
  320      0.8131          -0       2.612     0.549   143    3    2       0.979    0    156      7    156      9    T1022s1TS224-D1.pdb:A  SCOP d1qd9a_
  321      0.8127          -0       1.638     0.913   147    2    2      0.9728    0    156      7    156      6    T1022s1TS224-D1.pdb:A  SCOP d3ulla_
  322      0.8127          -0       1.638     0.913   147    2    2      0.9728    0    156      7    156      6    T1022s1TS224-D1.pdb:A  SCOP d1s3oa_
  323      0.8113          -0        2.16     0.922   147    2    3      0.9796    0    156      7    156      8    T1022s1TS224-D1.pdb:A  SCOP d1ktua_
  324      0.8111          -0       1.204     0.766   145    2    4      0.9586    0    156      7    156      8    T1022s1TS224-D1.pdb:A  SCOP d1wfga_
  325      0.8073   9.443e-05       1.001     1.017   148    2    3      0.9595    0    156      7    156      2    T1022s1TS224-D1.pdb:A  SCOP d1bx8a_
  326      0.8073   9.443e-05       1.001     1.017   148    2    3      0.9595    0    156      7    156      2    T1022s1TS224-D1.pdb:A  SCOP d1bx7a_
  327      0.8073   9.443e-05       1.001     1.017   148    2    3      0.9595    0    156      7    156      2    T1022s1TS224-D1.pdb:A  SCOP d1nb1a_
  328      0.8059          -0      0.7914     0.885   146    2    3      0.9863    0    156      7    156      9    T1022s1TS224-D1.pdb:A  SCOP d1keoa_
  329      0.8055          -0      0.1848     1.028   148    2    3      0.9662    0    156      7    156      9    T1022s1TS224-D1.pdb:A  SCOP d1j5ha_
  330      0.8054          -0       2.144     0.000   140    2    3           1    0    156      7    156      8    T1022s1TS224-D1.pdb:A  SCOP d1uexa_
  331      0.8054   9.444e-10       3.578     0.000   140    2    3           1    0    156      7    156      8    T1022s1TS224-D1.pdb:A  SCOP d1bj3a_
  332      0.8054          -0         3.1     0.000   140    2    3           1    0    156      7    156     10    T1022s1TS224-D1.pdb:A  SCOP d1ioda_
  333      0.8054   2.485e-13        3.24     0.000   140    2    4           1    0    156      7    156      9    T1022s1TS224-D1.pdb:A  SCOP d1gqva_
  334      0.8054          -0       2.815     0.000   140    2    2           1    0    156      7    156     10    T1022s1TS224-D1.pdb:A  SCOP d1vhha_
  335      0.8054          -0       4.481     0.000   140    2    3           1    0    156      7    156      9    T1022s1TS224-D1.pdb:A  SCOP d1irya_
  336      0.8054          -0       3.672     0.000   140    2    3           1    0    156      7    156     10    T1022s1TS224-D1.pdb:A  SCOP d1j35a_
  337      0.8054          -0       2.597     0.000   140    2    2           1    0    156      7    156      8    T1022s1TS224-D1.pdb:A  SCOP d1j1ya_
  338      0.8054     0.04148       4.367     0.000   140    2    3           1    0    156      7    156      7    T1022s1TS224-D1.pdb:A  SCOP d1r9fa_
  339      0.8054          -0       4.345     0.000   140    2    3           1    0    156      7    156      9    T1022s1TS224-D1.pdb:A  SCOP d1fvua_
  340      0.8049          -0       3.305     0.000   134    2    4           1    0    156      7    143     10    T1022s1TS224-D1.pdb:A  SCOP d1uara1
  341      0.8049          -0      0.6208     1.032   148    2    3      0.9595    0    156      7    156      3    T1022s1TS224-D1.pdb:A  SCOP d1auua_
  342      0.8049          -0      0.9149     1.032   148    2    3      0.9595    0    156      7    156      4    T1022s1TS224-D1.pdb:A  SCOP d2bbia_
  343      0.8049          -0      0.9149     1.032   148    2    3      0.9595    0    156      7    156      4    T1022s1TS224-D1.pdb:A  SCOP d1bbia_
  344      0.8049          -0       0.564     1.032   148    2    3      0.9595    0    156      7    156      8    T1022s1TS224-D1.pdb:A  SCOP d1ll8a_
  345      0.8049          -0       0.404     1.032   148    2    3      0.9595    0    156      7    156      6    T1022s1TS224-D1.pdb:A  SCOP d1k6pa_
  346      0.8048          -0       1.244     1.032   148    3    3      0.9595    0    156      7    156     14    T1022s1TS224-D1.pdb:A  SCOP d1tiea_
  347      0.8044          -0       1.695     1.034   148    3    3      0.9595    0    156      7    156     12    T1022s1TS224-D1.pdb:A  SCOP d1k5ua_
  348      0.8036   1.053e-05      0.8373     1.039   148    2    3      0.9595    0    156      7    156      2    T1022s1TS224-D1.pdb:A  SCOP d1ixta_
  349      0.8026          -0       0.845     1.045   148    2    3      0.9595    0    156      7    156      6    T1022s1TS224-D1.pdb:A  SCOP d1hcna_
  350      0.8026          -0       0.845     1.045   148    2    3      0.9595    0    156      7    156      8    T1022s1TS224-D1.pdb:A  SCOP d1fl7a_
  351      0.8026          -0       0.845     1.045   148    2    3      0.9595    0    156      7    156      6    T1022s1TS224-D1.pdb:A  SCOP d1qfwa_
  352      0.8018          -0      0.8372     1.050   148    3    3      0.9595    0    156      7    156     10    T1022s1TS224-D1.pdb:A  SCOP d1ijaa_
  353      0.8001          -0      0.6498     1.060   148    2    3      0.9595    0    156      7    156      4    T1022s1TS224-D1.pdb:A  SCOP d1dqca_
  354      0.8001   2.118e-06      0.7385     1.060   148    2    3      0.9595    0    156      7    156      2    T1022s1TS224-D1.pdb:A  SCOP d1pmca_
  355      0.7997          -0      0.2482     0.926   146    2    3      0.9795    0    156      7    156      7    T1022s1TS224-D1.pdb:A  SCOP d1fuxa_
  356      0.7979   2.194e-14       1.726     0.782   144    2    4      0.9583    0    156      7    156      5    T1022s1TS224-D1.pdb:A  SCOP d1g6za_
  357      0.7964          -0        1.67     0.896   142    2    2      0.9859    0    156      7    149     10    T1022s1TS224-D1.pdb:A  SCOP d1ik3a2
  358      0.7946          -0       3.607     0.886   145    3    3      0.9793    0    156      7    156     15    T1022s1TS224-D1.pdb:A  SCOP d1pyo.1
  359      0.7939          -0       2.736     0.000   139    2    4           1    0    156      7    156      9    T1022s1TS224-D1.pdb:A  SCOP d1trsa_
  360      0.7939          -0       2.736     0.000   139    2    4           1    0    156      7    156      9    T1022s1TS224-D1.pdb:A  SCOP d1trua_
  361      0.7939          -0       1.533     0.000   139    2    3           1    0    156      7    156      8    T1022s1TS224-D1.pdb:A  SCOP d1o1wa_
  362      0.7939          -0       2.972     0.000   139    2    4           1    0    156      7    156      9    T1022s1TS224-D1.pdb:A  SCOP d1ahqa_
  363      0.7939   3.435e-11       2.707     0.000   139    2    3           1    0    156      7    156      6    T1022s1TS224-D1.pdb:A  SCOP d1mg9a_
  364      0.7939   1.074e-08       2.757     0.000   139    2    4           1    0    156      7    156      9    T1022s1TS224-D1.pdb:A  SCOP d1cnua_
  365      0.7939          -0       4.073     0.000   139    2    3           1    0    156      7    156      9    T1022s1TS224-D1.pdb:A  SCOP d1gp1a_
  366      0.7939          -0       2.213     0.000   139    2    3           1    0    156      7    156      8    T1022s1TS224-D1.pdb:A  SCOP d1jwia_
  367      0.7928   4.822e-16       1.565     0.899   145    2    3      0.9793    0    156      7    156      7    T1022s1TS224-D1.pdb:A  SCOP d1avza_
  368      0.7913          -0       3.499     0.895   142    2    3      0.9789    0    156      7    150     10    T1022s1TS224-D1.pdb:A  SCOP d2nrda1
  369        0.79          -0       1.153     0.554   141    2    4      0.9787    0    156      7    156      8    T1022s1TS224-D1.pdb:A  SCOP d1rqma_
  370        0.79          -0       1.153     0.554   141    2    3      0.9787    0    156      7    156      9    T1022s1TS224-D1.pdb:A  SCOP d1nw2a_
  371        0.79          -0      0.5225     0.554   141    2    4      0.9787    0    156      7    156      7    T1022s1TS224-D1.pdb:A  SCOP d1q8ba_
  372      0.7899          -0       2.074     0.555   141    2    5      0.9787    0    156      7    156     10    T1022s1TS224-D1.pdb:A  SCOP d1jc5a_
  373      0.7885          -0       3.973     0.000   124    2    1           1    0    156      7    125     10    T1022s1TS224-D1.pdb:A  SCOP d2co7a1
  374       0.785          -0       3.499     0.898   141    2    3      0.9787    0    156      7    149     10    T1022s1TS224-D1.pdb:A  SCOP d2afna1
  375      0.7844          -0      0.4819     0.881   144    2    3      0.9792    0    156      7    156      7    T1022s1TS224-D1.pdb:A  SCOP d1j03a_
  376      0.7833          -0        1.29     0.889   144    2    3      0.9792    0    156      7    156      8    T1022s1TS224-D1.pdb:A  SCOP d1fhoa_
  377      0.7825          -0       2.144     0.000   138    2    3           1    0    156      7    156      7    T1022s1TS224-D1.pdb:A  SCOP d1muqa_
  378      0.7825          -0       3.672     0.000   138    2    3           1    0    156      7    156     10    T1022s1TS224-D1.pdb:A  SCOP d1j34a_
  379      0.7825   2.109e-05       2.844     0.000   138    2    3           1    0    156      7    156      6    T1022s1TS224-D1.pdb:A  SCOP d1sqea_
  380      0.7825          -0       3.156     0.000   138    2    3           1    0    156      7    156      9    T1022s1TS224-D1.pdb:A  SCOP d1ixxa_
  381      0.7825     0.01144       4.917     0.000   138    2    3           1    0    156      7    156      9    T1022s1TS224-D1.pdb:A  SCOP d1c3aa_
  382      0.7825          -0       2.144     0.000   138    2    3           1    0    156      7    156      8    T1022s1TS224-D1.pdb:A  SCOP d1jzna_
  383      0.7825          -0       1.225     0.000   138    2    3           1    0    156      7    156      9    T1022s1TS224-D1.pdb:A  SCOP d1oz7a_
  384      0.7802          -0      0.1542     1.078   145    2    3      0.9655    0    156      7    153     10    T1022s1TS224-D1.pdb:A  SCOP d1ntda1
  385      0.7788   2.405e-06       2.389     0.555   140    2    4      0.9857    0    156      7    156      7    T1022s1TS224-D1.pdb:A  SCOP d1q7aa_
  386      0.7788   2.798e-09       2.389     0.555   140    2    4      0.9857    0    156      7    156      8    T1022s1TS224-D1.pdb:A  SCOP d1vapa_
  387      0.7782          -0       2.419     1.245   149    2    3      0.9799    0    156      7    156      8    T1022s1TS224-D1.pdb:A  SCOP d1vuba_
  388      0.7769          -0       1.266     1.194   148    2    2      0.9797    0    156      7    156      9    T1022s1TS224-D1.pdb:A  SCOP d1hzla_
  389      0.7757          -0       3.973     0.000   122    2    1           1    0    156      7    123     10    T1022s1TS224-D1.pdb:A  SCOP d2co6a1
  390      0.7757          -0       3.973     0.000   122    2    1           1    0    156      7    123     10    T1022s1TS224-D1.pdb:A  SCOP d2cnza1
  391      0.7757          -0       3.973     0.000   122    2    1           1    0    156      7    123     10    T1022s1TS224-D1.pdb:A  SCOP d2co1a1
  392      0.7757          -0       3.973     0.000   122    2    1           1    0    156      7    123     10    T1022s1TS224-D1.pdb:A  SCOP d2cnya1
  393      0.7744          -0       1.646     0.950   144    2    3      0.9792    0    156      7    156     10    T1022s1TS224-D1.pdb:A  SCOP d1jyda_
  394      0.7732          -0        1.67     0.903   140    2    3      0.9857    0    156      7    149     10    T1022s1TS224-D1.pdb:A  SCOP d1rova2
  395      0.7712   5.558e-05       4.295     0.000   137    2    4           1    0    156      7    156      8    T1022s1TS224-D1.pdb:A  SCOP d1t1va_
  396      0.7712          -0       2.712     0.000   137    3    3           1    0    156      7    156     12    T1022s1TS224-D1.pdb:A  SCOP d1gzea_
  397      0.7712          -0       1.325     0.000   137    3    3           1    0    156      7    156     14    T1022s1TS224-D1.pdb:A  SCOP d1v8da_
  398      0.7712      0.1955       3.901     0.000   137    2    4           1    0    156      7    156      6    T1022s1TS224-D1.pdb:A  SCOP d1poca_
  399      0.7709          -0     0.02883     1.285   149    2    3      0.9799    1    156      7    156      8    T1022s1TS224-D1.pdb:A  SCOP d1acxa_
  400       0.768          -0      0.3669     0.843   142    2    5      0.9507    0    156      7    156      9    T1022s1TS224-D1.pdb:A  SCOP d1o13a_
  401      0.7671          -0       1.901     1.249   148    2    2      0.9797    0    156      7    156      9    T1022s1TS224-D1.pdb:A  SCOP d1gu3a_
  402      0.7629          -0       3.973     0.000   120    2    1           1    0    156      7    121     10    T1022s1TS224-D1.pdb:A  SCOP d2co2a1
  403      0.7627          -0       2.136     0.800   141    2    4      0.9716    0    156      7    156      8    T1022s1TS224-D1.pdb:A  SCOP d1eo1a_
  404      0.7607          -0       1.322     0.896   142    2    3      0.9859    0    156      7    156      7    T1022s1TS224-D1.pdb:A  SCOP d1kvna_
  405      0.7607          -0       1.322     0.896   142    2    3      0.9859    0    156      7    156      5    T1022s1TS224-D1.pdb:A  SCOP d1kvva_
  406        0.76   6.284e-06       4.962     0.000   136    2    3           1    0    156      7    156      8    T1022s1TS224-D1.pdb:A  SCOP d1ukma_
  407        0.76   1.813e-11       2.328     0.000   136    2    3           1    0    156      7    156      6    T1022s1TS224-D1.pdb:A  SCOP d1ilya_
  408        0.76   6.284e-06       4.962     0.000   136    2    3           1    0    156      7    156      8    T1022s1TS224-D1.pdb:A  SCOP d1v7pa_
  409      0.7585   2.305e-07      0.6136     1.239   147    2    3      0.9592    0    156      7    156      2    T1022s1TS224-D1.pdb:A  SCOP d1n1ua_
  410      0.7584          -0       2.066     1.297   148    2    2      0.9797    0    156      7    156      8    T1022s1TS224-D1.pdb:A  SCOP d1a66a_
  411      0.7561          -0       2.464     0.561   138    2    6      0.9783    0    156      7    156     10    T1022s1TS224-D1.pdb:A  SCOP d1wfra_
  412      0.7556          -0       2.757     0.000   128    2    2           1    0    156      7    139      9    T1022s1TS224-D1.pdb:A  SCOP d1zrua3
  413      0.7525          -0      0.1459     1.091   144    2    4      0.9514    0    156      7    156      7    T1022s1TS224-D1.pdb:A  SCOP d1lxda_
  414      0.7516          -0      0.6498     1.278   147    2    3      0.9592    0    156      7    156      4    T1022s1TS224-D1.pdb:A  SCOP d1pbia_
  415      0.7513          -0     0.04057     0.962   142    2    4      0.9859    2    156      7    156      4    T1022s1TS224-D1.pdb:A  SCOP d1pmla_
  416      0.7507          -0       1.638     0.891   141    2    3      0.9787    0    156      7    156      7    T1022s1TS224-D1.pdb:A  SCOP d3kvta_
  417      0.7498   3.925e-10       2.198     0.898   141    2    4      0.9787    0    156      7    156      8    T1022s1TS224-D1.pdb:A  SCOP d1ijla_
  418      0.7496          -0       2.404     0.000   132    2    3           1    0    156      7    149      9    T1022s1TS224-D1.pdb:A  SCOP d1e3pa3
  419      0.7489          -0      0.8373     0.000   135    2    4           1    0    156      7    156      8    T1022s1TS224-D1.pdb:A  SCOP d1nz8a_
  420      0.7474          -0      0.3253     1.301   147    2    3      0.9796    0    156      7    156      9    T1022s1TS224-D1.pdb:A  SCOP d1rdua_
  421      0.7473          -0       1.798     1.356   148    2    2      0.9865    0    156      7    156     10    T1022s1TS224-D1.pdb:A  SCOP d1rsfa_
  422      0.7469          -0       1.468     0.655   138    2    3       0.971    0    156      7    156      7    T1022s1TS224-D1.pdb:A  SCOP d1wmha_
  423      0.7456          -0      0.3791     1.311   147    2    3      0.9592    0    156      7    156      5    T1022s1TS224-D1.pdb:A  SCOP d3mefa_
  424      0.7445   1.237e-09       1.484     1.372   148    2    3      0.9797    0    156      7    156      6    T1022s1TS224-D1.pdb:A  SCOP d2nefa_
  425      0.7437          -0       2.692     0.563   136    2    3      0.9853    0    156      7    154     10    T1022s1TS224-D1.pdb:A  SCOP d1zwka1
  426       0.743          -0      0.2534     1.085   143    2    4       0.958    0    156      7    156      6    T1022s1TS224-D1.pdb:A  SCOP d1se9a_
  427       0.743          -0       1.073     1.325   147    2    3      0.9592    0    156      7    156      5    T1022s1TS224-D1.pdb:A  SCOP d1tpna_
  428      0.7412          -0      0.1263     1.335   147    2    3       0.966    0    156      7    156      9    T1022s1TS224-D1.pdb:A  SCOP d1vm9a_
  429      0.7412          -0      0.1419     1.335   147    2    3       0.966    0    156      7    156      9    T1022s1TS224-D1.pdb:A  SCOP d1sjga_
  430      0.7396   1.027e-14       2.233     1.040   142    2    4      0.9577    0    156      7    156      8    T1022s1TS224-D1.pdb:A  SCOP d1hl6a_
  431      0.7389          -0       2.538     0.563   136    2    4      0.9853    0    156      7    155     10    T1022s1TS224-D1.pdb:A  SCOP d2a5la1
  432      0.7385          -0      0.1404     0.903   140    2    4      0.9857    0    156      7    156     10    T1022s1TS224-D1.pdb:A  SCOP d1c6va_
  433      0.7378          -0       2.213     0.000   134    2    4           1    0    156      7    156      9    T1022s1TS224-D1.pdb:A  SCOP d1erwa_
  434      0.7378          -0       2.213     0.000   134    2    4           1    0    156      7    156      9    T1022s1TS224-D1.pdb:A  SCOP d1auca_
  435      0.7378          -0        3.05     0.000   134    2    4           1    0    156      7    156      9    T1022s1TS224-D1.pdb:A  SCOP d1af5a_
  436      0.7378          -0       2.213     0.000   134    2    4           1    0    156      7    156      9    T1022s1TS224-D1.pdb:A  SCOP d1erua_
  437      0.7378          -0       2.213     0.000   134    2    4           1    0    156      7    156      8    T1022s1TS224-D1.pdb:A  SCOP d1aiua_
  438      0.7378          -0       3.191     0.000   134    2    4           1    0    156      7    156      9    T1022s1TS224-D1.pdb:A  SCOP d1eiwa_
  439      0.7378          -0       2.213     0.000   134    2    4           1    0    156      7    156      9    T1022s1TS224-D1.pdb:A  SCOP d1erta_
  440      0.7378   2.182e-08       2.937     0.000   134    2    5           1    0    156      7    156      9    T1022s1TS224-D1.pdb:A  SCOP d1r2ba_
  441      0.7378    0.000379       4.751     0.000   134    2    4           1    0    156      7    156     10    T1022s1TS224-D1.pdb:A  SCOP d1u11a_
  442      0.7378   2.182e-08       2.937     0.000   134    2    6           1    0    156      7    156      9    T1022s1TS224-D1.pdb:A  SCOP d1r29a_
  443      0.7378          -0       4.331     0.000   134    2    3           1    0    156      7    156     10    T1022s1TS224-D1.pdb:A  SCOP d1vmfa_
  444      0.7364          -0       1.798     0.653   137    2    3      0.9708    0    156      7    156      9    T1022s1TS224-D1.pdb:A  SCOP d1txxa_
  445      0.7362          -0      0.3978     1.128   143    2    6       0.965    0    156      7    156      9    T1022s1TS224-D1.pdb:A  SCOP d1axja_
  446      0.7359          -0      0.9935     0.657   137    2    3      0.9708    0    156      7    156      9    T1022s1TS224-D1.pdb:A  SCOP d1xmta_
  447      0.7342   1.554e-09       2.479     0.563   136    2    3      0.9853    0    156      7    156      6    T1022s1TS224-D1.pdb:A  SCOP d1ru0a_
  448      0.7341          -0       2.282     0.564   136    2    4      0.9779    0    156      7    156      6    T1022s1TS224-D1.pdb:A  SCOP d1wj6a_
  449      0.7341          -0        1.25     1.262   145    2    3      0.9793    0    156      7    156      4    T1022s1TS224-D1.pdb:A  SCOP d1b69a_
  450      0.7341          -0        1.25     1.262   145    2    3      0.9793    0    156      7    156      4    T1022s1TS224-D1.pdb:A  SCOP d1tn9a_
  451      0.7339          -0       1.806     0.000   122    2    2           1    0    156      7    130     10    T1022s1TS224-D1.pdb:A  SCOP d1vr8a1
  452      0.7339          -0       2.113     1.142   143    2    3       0.972    0    156      7    156      7    T1022s1TS224-D1.pdb:A  SCOP d2rgfa_
  453      0.7333          -0      0.2278     1.378   147    2    3      0.9592    0    156      7    156      3    T1022s1TS224-D1.pdb:A  SCOP d1k9ra_
  454      0.7319          -0       1.589     0.695   137    2    3      0.9927    0    156      7    156      9    T1022s1TS224-D1.pdb:A  SCOP d1mm4a_
  455      0.7313          -0       3.435     0.955   140    2    3      0.9857    0    156      7    156      7    T1022s1TS224-D1.pdb:A  SCOP d1iyua_
  456      0.7313          -0       1.065     0.955   140    2    3      0.9857    0    156      7    156      9    T1022s1TS224-D1.pdb:A  SCOP d1baia_
  457      0.7313          -0       1.605     0.955   140    2    3      0.9857    0    156      7    156      9    T1022s1TS224-D1.pdb:A  SCOP d1gvpa_
  458      0.7313          -0       1.605     0.955   140    2    3      0.9857    0    156      7    156      9    T1022s1TS224-D1.pdb:A  SCOP d1vqfa_
  459      0.7313          -0       1.605     0.955   140    2    3      0.9857    0    156      7    156      9    T1022s1TS224-D1.pdb:A  SCOP d1vqba_
  460      0.7313          -0       1.605     0.955   140    2    3      0.9857    0    156      7    156      9    T1022s1TS224-D1.pdb:A  SCOP d1vqga_
  461      0.7313          -0       1.605     0.955   140    2    3      0.9857    0    156      7    156      9    T1022s1TS224-D1.pdb:A  SCOP d1vqia_
  462      0.7313          -0       1.605     0.955   140    2    3      0.9857    0    156      7    156      9    T1022s1TS224-D1.pdb:A  SCOP d1vqaa_
  463      0.7313          -0       1.605     0.955   140    2    3      0.9857    0    156      7    156      9    T1022s1TS224-D1.pdb:A  SCOP d1vqha_
  464      0.7313          -0       1.605     0.955   140    2    3      0.9857    0    156      7    156      8    T1022s1TS224-D1.pdb:A  SCOP d2gvba_
  465      0.7313          -0       1.605     0.955   140    2    3      0.9857    0    156      7    156      9    T1022s1TS224-D1.pdb:A  SCOP d1vqja_
  466      0.7313          -0       1.605     0.955   140    2    3      0.9857    0    156      7    156      9    T1022s1TS224-D1.pdb:A  SCOP d1vqda_
  467      0.7313          -0       1.605     0.955   140    2    3      0.9857    0    156      7    156      9    T1022s1TS224-D1.pdb:A  SCOP d1vqea_
  468      0.7313          -0       1.605     0.955   140    2    3      0.9857    0    156      7    156      9    T1022s1TS224-D1.pdb:A  SCOP d1vqca_
  469      0.7313          -0       1.605     0.955   140    2    3      0.9857    0    156      7    156      9    T1022s1TS224-D1.pdb:A  SCOP d1yhba_
  470      0.7313          -0       1.605     0.955   140    2    3      0.9857    0    156      7    156      9    T1022s1TS224-D1.pdb:A  SCOP d1ae2a_
  471      0.7306          -0       1.225     1.162   143    2    2       0.979    0    156      7    156      5    T1022s1TS224-D1.pdb:A  SCOP d1ghka_
  472      0.7295          -0      0.1557     1.344   146    3    3      0.9795    0    156      7    156     12    T1022s1TS224-D1.pdb:A  SCOP d1riea_
  473      0.7292          -0        2.32     0.000   123    3    3           1    0    156      7    133     13    T1022s1TS224-D1.pdb:A  SCOP d1m3ya1
  474      0.7278   2.674e-10       2.198     0.904   139    2    4      0.9784    0    156      7    156      8    T1022s1TS224-D1.pdb:A  SCOP d1qlla_
  475      0.7276          -0      0.1404     0.906   139    2    4      0.9856    0    156      7    156     10    T1022s1TS224-D1.pdb:A  SCOP d1bhla_
  476      0.7276          -0      0.1404     0.906   139    2    4      0.9856    0    156      7    156     10    T1022s1TS224-D1.pdb:A  SCOP d1bi4a_
  477      0.7276          -0      0.1404     0.906   139    2    4      0.9856    0    156      7    156     10    T1022s1TS224-D1.pdb:A  SCOP d1bl3a_
  478      0.7269          -0        3.05     0.000   133    2    5           1    0    156      7    156      9    T1022s1TS224-D1.pdb:A  SCOP d1mdka_
  479      0.7269          -0       2.035     0.000   133    2    4           1    0    156      7    156      8    T1022s1TS224-D1.pdb:A  SCOP d1xwca_
  480      0.7269          -0        3.05     0.000   133    2    5           1    0    156      7    156      9    T1022s1TS224-D1.pdb:A  SCOP d1mdia_
  481      0.7269          -0       1.878     0.000   133    3    3           1    0    156      7    156     11    T1022s1TS224-D1.pdb:A  SCOP d1m1da_
  482      0.7256          -0      0.4424     1.365   146    2    4      0.9795    0    156      7    156      6    T1022s1TS224-D1.pdb:A  SCOP d1spsa_
  483      0.7238          -0      0.8143     0.590   123    2    2      0.9756    0    156      7    129      8    T1022s1TS224-D1.pdb:A  SCOP d1cjya1
  484      0.7234          -0       1.758     0.563   135    2    5      0.9778    0    156      7    156     10    T1022s1TS224-D1.pdb:A  SCOP d1i21a_
  485      0.7232   2.665e-11       2.328     0.565   135    2    4      0.9852    0    156      7    156      6    T1022s1TS224-D1.pdb:A  SCOP d1f93a_
  486      0.7232   2.665e-11       2.328     0.565   135    2    4      0.9852    0    156      7    156      6    T1022s1TS224-D1.pdb:A  SCOP d1dcpa_
  487       0.722          -0     0.06735     1.438   147    2    3      0.9592    0    156      7    156     10    T1022s1TS224-D1.pdb:A  SCOP d1o8sa_
  488       0.722          -0     0.06735     1.438   147    2    3      0.9592    0    156      7    156     10    T1022s1TS224-D1.pdb:A  SCOP d1o8pa_
  489       0.722          -0     0.06735     1.438   147    2    3      0.9592    0    156      7    156     10    T1022s1TS224-D1.pdb:A  SCOP d1od3a_
  490      0.7218          -0      0.6938     1.093   136    2    3      0.9632    0    156      7    145     10    T1022s1TS224-D1.pdb:A  SCOP d1kbwa1
  491      0.7218          -0      0.6938     1.093   136    2    3      0.9632    0    156      7    145     10    T1022s1TS224-D1.pdb:A  SCOP d1kbva1
  492      0.7188          -0       2.545     1.348   145    2    2      0.9793    0    156      7    156     10    T1022s1TS224-D1.pdb:A  SCOP d1rlha_
  493       0.717          -0       2.951     0.567   134    3    4      0.9851    0    156      7    155     11    T1022s1TS224-D1.pdb:A  SCOP d2c5sa2
  494      0.7169   1.002e-08       2.229     0.908   138    2    3      0.9783    0    156      7    156      7    T1022s1TS224-D1.pdb:A  SCOP d1le6a_
