<html><head></head><body><pre style="word-wrap: break-word; white-space: pre-wrap;"> PDBe Fold v2.59. (src3) 14 Apr 2014 result file.

                   RESULT SUMMARY

   ##      Q-score      P-score     Z-score   RMSD    Nalgn Nsse Ngaps Seq-%     Nmd Nres-Q Nsse-Q Nres-T Nsse-T Query Target
    1           1   6.618e-05        3.75     0.000   156    2    0           1    0    156      7    156      6    T1022s1TS354-D1.pdb:A  SCOP d1mjda_
    2           1       0.392       4.433     0.000   156    2    0           1    0    156      7    156      8    T1022s1TS354-D1.pdb:A  SCOP d1mfwa_
    3           1     0.02393       4.581     0.000   156    2    0           1    0    156      7    156      7    T1022s1TS354-D1.pdb:A  SCOP d1mg4a_
    4           1          -0       4.138     0.000   156    2    0           1    0    156      7    156      9    T1022s1TS354-D1.pdb:A  SCOP d1b6ea_
    5      0.9872       1.601       5.479     0.000   155    2    1           1    0    156      7    156      5    T1022s1TS354-D1.pdb:A  SCOP d4upja_
    6      0.9872     0.02521       4.216     0.000   155    2    1           1    0    156      7    156      5    T1022s1TS354-D1.pdb:A  SCOP d1hiia_
    7      0.9872     0.03096       4.216     0.000   155    2    1           1    0    156      7    156      5    T1022s1TS354-D1.pdb:A  SCOP d2hpea_
    8      0.9872     0.02521       4.216     0.000   155    2    1           1    0    156      7    156      5    T1022s1TS354-D1.pdb:A  SCOP d1idaa_
    9      0.9872   0.0009575       4.737     0.000   155    2    1           1    0    156      7    156      9    T1022s1TS354-D1.pdb:A  SCOP d1rq9a_
   10      0.9872     0.03096       4.216     0.000   155    2    1           1    0    156      7    156      5    T1022s1TS354-D1.pdb:A  SCOP d1hsha_
   11      0.9872      0.6346        5.05     0.000   155    2    1           1    0    156      7    156      6    T1022s1TS354-D1.pdb:A  SCOP d1hhpa_
   12      0.9872       1.883       5.694     0.000   155    2    1           1    0    156      7    156      5    T1022s1TS354-D1.pdb:A  SCOP d1fb7a_
   13      0.9872    0.003903       4.737     0.000   155    2    1           1    0    156      7    156      7    T1022s1TS354-D1.pdb:A  SCOP d1bdqa_
   14      0.9872     0.03256       4.231     0.000   155    2    1           1    0    156      7    156      5    T1022s1TS354-D1.pdb:A  SCOP d4hvpa_
   15      0.9872     0.09767       4.737     0.000   155    2    1           1    0    156      7    156      6    T1022s1TS354-D1.pdb:A  SCOP d1a9ma_
   16      0.9872    0.005757       4.737     0.000   155    2    1           1    0    156      7    156      6    T1022s1TS354-D1.pdb:A  SCOP d1dmpa_
   17      0.9872    0.003967       4.737     0.000   155    2    1           1    0    156      7    156      6    T1022s1TS354-D1.pdb:A  SCOP d1bv9a_
   18      0.9872     0.03096       4.216     0.000   155    2    1           1    0    156      7    156      5    T1022s1TS354-D1.pdb:A  SCOP d1qbra_
   19      0.9872      0.1482       4.737     0.000   155    2    1           1    0    156      7    156      5    T1022s1TS354-D1.pdb:A  SCOP d1rpia_
   20      0.9872   0.0002199       4.216     0.000   155    2    1           1    0    156      7    156      6    T1022s1TS354-D1.pdb:A  SCOP d1meua_
   21      0.9872     0.01064       3.994     0.000   155    2    1           1    0    156      7    156      5    T1022s1TS354-D1.pdb:A  SCOP d1aida_
   22      0.9872    9.75e-05       4.216     0.000   155    2    1           1    0    156      7    156      6    T1022s1TS354-D1.pdb:A  SCOP d1qbua_
   23      0.9872    0.007947       3.994     0.000   155    2    1           1    0    156      7    156      5    T1022s1TS354-D1.pdb:A  SCOP d2aida_
   24      0.9872   0.0001294       4.517     0.000   155    2    1           1    0    156      7    156      6    T1022s1TS354-D1.pdb:A  SCOP d1siva_
   25      0.9872     0.02521       4.216     0.000   155    2    1           1    0    156      7    156      5    T1022s1TS354-D1.pdb:A  SCOP d1tcwa_
   26      0.9872   2.248e-06       4.517     0.000   155    2    1           1    0    156      7    156      7    T1022s1TS354-D1.pdb:A  SCOP d1sipa_
   27      0.9872   0.0009064       3.743     0.000   155    2    1           1    0    156      7    156      5    T1022s1TS354-D1.pdb:A  SCOP d1ytja_
   28      0.9872     0.01064       3.994     0.000   155    2    1           1    0    156      7    156      5    T1022s1TS354-D1.pdb:A  SCOP d2sama_
   29      0.9872    0.007947       3.994     0.000   155    2    1           1    0    156      7    156      5    T1022s1TS354-D1.pdb:A  SCOP d1ytia_
   30      0.9872     0.07641       4.517     0.000   155    2    1           1    0    156      7    156      5    T1022s1TS354-D1.pdb:A  SCOP d1az5a_
   31      0.9872       1.883       5.694     0.000   155    2    1           1    0    156      7    156      5    T1022s1TS354-D1.pdb:A  SCOP d1ivpa_
   32      0.9872     0.02521       4.216     0.000   155    2    1           1    0    156      7    156      5    T1022s1TS354-D1.pdb:A  SCOP d1jlda_
   33      0.9872    0.005757       4.737     0.000   155    2    1           1    0    156      7    156      6    T1022s1TS354-D1.pdb:A  SCOP d1qbsa_
   34      0.9872   2.143e-07       3.994     0.000   155    2    1           1    0    156      7    156      6    T1022s1TS354-D1.pdb:A  SCOP d1hsia_
   35      0.9872      0.1392       4.737     0.000   155    2    1           1    0    156      7    156      5    T1022s1TS354-D1.pdb:A  SCOP d2mipa_
   36      0.9872       1.872       5.694     0.000   155    2    1           1    0    156      7    156      5    T1022s1TS354-D1.pdb:A  SCOP d5upja_
   37      0.9872       1.601       5.479     0.000   155    2    1           1    0    156      7    156      5    T1022s1TS354-D1.pdb:A  SCOP d1idba_
   38      0.9745       2.588       4.584     0.000   154    2    1           1    0    156      7    156     10    T1022s1TS354-D1.pdb:A  SCOP d1xera_
   39      0.9745          -0       3.064     0.000   154    2    1           1    0    156      7    156     10    T1022s1TS354-D1.pdb:A  SCOP d1shwa_
   40      0.9619   0.0004662       2.154     0.000   153    2    1           1    0    156      7    156      4    T1022s1TS354-D1.pdb:A  SCOP d1n7ta_
   41      0.9619          -0       2.944     0.000   153    2    2           1    0    156      7    156     10    T1022s1TS354-D1.pdb:A  SCOP d1vhza_
   42      0.9581      0.0702       3.383     0.523   155    2    1      0.9806    0    156      7    156      7    T1022s1TS354-D1.pdb:A  SCOP d1t0ga_
   43      0.9494     0.01549       3.671     0.000   152    2    2           1    0    156      7    156      6    T1022s1TS354-D1.pdb:A  SCOP d1blja_
   44      0.9494   1.313e-06       3.822     0.000   152    2    2           1    0    156      7    156      8    T1022s1TS354-D1.pdb:A  SCOP d1blka_
   45      0.9453     0.01036        3.82     0.528   154    2    2      0.9805    0    156      7    156      9    T1022s1TS354-D1.pdb:A  SCOP d3hvpa_
   46      0.9369      0.4665       5.025     0.000   151    2    1           1    0    156      7    156      5    T1022s1TS354-D1.pdb:A  SCOP d1wjwa_
   47      0.9369   4.381e-10       2.851     0.000   151    2    1           1    0    156      7    156      6    T1022s1TS354-D1.pdb:A  SCOP d1rk8a_
   48      0.9246   9.679e-05        2.75     0.000   150    2    2           1    0    156      7    156      5    T1022s1TS354-D1.pdb:A  SCOP d2pnba_
   49      0.9246   9.679e-05        2.75     0.000   150    2    2           1    0    156      7    156      5    T1022s1TS354-D1.pdb:A  SCOP d2pnaa_
   50      0.9246          -0       2.501     0.000   150    2    2           1    0    156      7    156     10    T1022s1TS354-D1.pdb:A  SCOP d1tsja_
   51      0.9246   5.989e-06       3.542     0.000   150    2    1           1    0    156      7    156      9    T1022s1TS354-D1.pdb:A  SCOP d1fmba_
   52      0.9246   7.642e-07       3.439     0.000   150    2    1           1    0    156      7    156      9    T1022s1TS354-D1.pdb:A  SCOP d2fmba_
   53      0.9209          -0       1.615     0.527   152    2    2      0.9803    0    156      7    156      9    T1022s1TS354-D1.pdb:A  SCOP d1wjxa_
   54      0.9182          -0       3.492     0.000   149    2    2           1    0    156      7    155      9    T1022s1TS354-D1.pdb:A  SCOP d2fmla2
   55      0.9123          -0       3.786     0.000   149    2    3           1    0    156      7    156      9    T1022s1TS354-D1.pdb:A  SCOP d1bywa_
   56      0.9001    2.75e-11       2.937     0.000   148    2    3           1    0    156      7    156      9    T1022s1TS354-D1.pdb:A  SCOP d1l3ga_
   57      0.9001          -0      0.6498     0.000   148    2    1           1    0    156      7    156     10    T1022s1TS354-D1.pdb:A  SCOP d1o8pa_
   58      0.9001     0.02445       5.425     0.000   148    2    1           1    0    156      7    156      9    T1022s1TS354-D1.pdb:A  SCOP d1cx1a_
   59      0.9001          -0       3.556     0.000   148    2    1           1    0    156      7    156     10    T1022s1TS354-D1.pdb:A  SCOP d2ayha_
   60      0.9001   1.406e-13       3.836     0.000   148    2    1           1    0    156      7    156      6    T1022s1TS354-D1.pdb:A  SCOP d1wfia_
   61      0.9001          -0       2.252     0.000   148    2    1           1    0    156      7    156      8    T1022s1TS354-D1.pdb:A  SCOP d1ejfa_
   62      0.9001          -0       3.669     0.000   148    2    1           1    0    156      7    156      7    T1022s1TS354-D1.pdb:A  SCOP d4mon.3
   63      0.9001          -0       2.085     0.000   148    2    1           1    0    156      7    156      8    T1022s1TS354-D1.pdb:A  SCOP d1tcza_
   64      0.9001          -0       3.348     0.000   148    2    1           1    0    156      7    156      8    T1022s1TS354-D1.pdb:A  SCOP d1rlwa_
   65      0.9001          -0       2.689     0.000   148    2    1           1    0    156      7    156     10    T1022s1TS354-D1.pdb:A  SCOP d1u5xa_
   66      0.9001          -0      0.8544     0.000   148    2    1           1    0    156      7    156      8    T1022s1TS354-D1.pdb:A  SCOP d1bxwa_
   67      0.9001          -0        1.63     0.000   148    2    1           1    0    156      7    156      8    T1022s1TS354-D1.pdb:A  SCOP d1qjpa_
   68      0.9001          -0       3.523     0.000   148    3    1           1    0    156      7    156     15    T1022s1TS354-D1.pdb:A  SCOP d1h6ra_
   69      0.9001          -0        3.56     0.000   148    3    1           1    0    156      7    156     15    T1022s1TS354-D1.pdb:A  SCOP d2emoa_
   70      0.9001          -0       2.908     0.000   148    2    1           1    0    156      7    156      9    T1022s1TS354-D1.pdb:A  SCOP d3mspa_
   71      0.9001   5.111e-13       3.542     0.000   148    2    1           1    0    156      7    156      8    T1022s1TS354-D1.pdb:A  SCOP d1wfua_
   72      0.9001          -0  1.798e+308     0.000   148    3    1           1    0    156      7    156     13    T1022s1TS354-D1.pdb:A  SCOP d1gmla_
   73      0.9001          -0       3.621     0.000   148    2    1           1    0    156      7    156      9    T1022s1TS354-D1.pdb:A  SCOP d1ft3a_
   74      0.9001          -0       3.621     0.000   148    2    1           1    0    156      7    156      9    T1022s1TS354-D1.pdb:A  SCOP d1ft0a_
   75      0.9001          -0       4.474     0.000   148    2    1           1    0    156      7    156     10    T1022s1TS354-D1.pdb:A  SCOP d1rhoa_
   76      0.9001   9.916e-10       3.625     0.000   148    2    2           1    0    156      7    156      8    T1022s1TS354-D1.pdb:A  SCOP d1j0wa_
   77      0.9001          -0       2.979     0.000   148    2    1           1    0    156      7    156      9    T1022s1TS354-D1.pdb:A  SCOP d1k3ba_
   78      0.9001          -0       2.648     0.000   148    2    1           1    0    156      7    156      9    T1022s1TS354-D1.pdb:A  SCOP d1mm9a_
   79      0.9001          -0       2.648     0.000   148    2    1           1    0    156      7    156      9    T1022s1TS354-D1.pdb:A  SCOP d1rxha_
   80      0.9001          -0       2.648     0.000   148    2    1           1    0    156      7    156     10    T1022s1TS354-D1.pdb:A  SCOP d1stpa_
   81      0.9001   1.764e-05        3.75     0.000   148    2    1           1    0    156      7    156      5    T1022s1TS354-D1.pdb:A  SCOP d1ijca_
   82      0.9001          -0       2.336     0.000   148    2    1           1    0    156      7    156      5    T1022s1TS354-D1.pdb:A  SCOP d1cb9a_
   83      0.9001    1.19e-09        3.24     0.000   148    2    1           1    0    156      7    156      5    T1022s1TS354-D1.pdb:A  SCOP d2ctxa_
   84      0.9001          -0       2.175     0.000   148    2    1           1    0    156      7    156      5    T1022s1TS354-D1.pdb:A  SCOP d1cdta_
   85      0.9001          -0       2.336     0.000   148    2    1           1    0    156      7    156      6    T1022s1TS354-D1.pdb:A  SCOP d1w6ba_
   86      0.9001   1.764e-05        3.75     0.000   148    2    1           1    0    156      7    156      6    T1022s1TS354-D1.pdb:A  SCOP d1ntna_
   87      0.9001          -0       2.175     0.000   148    2    1           1    0    156      7    156      5    T1022s1TS354-D1.pdb:A  SCOP d1cxoa_
   88      0.9001          -0       2.175     0.000   148    2    1           1    0    156      7    156      5    T1022s1TS354-D1.pdb:A  SCOP d1cxna_
   89      0.9001   4.822e-16       2.808     0.000   148    2    1           1    0    156      7    156      5    T1022s1TS354-D1.pdb:A  SCOP d1ccqa_
   90      0.9001          -0       2.336     0.000   148    2    1           1    0    156      7    156      5    T1022s1TS354-D1.pdb:A  SCOP d1ffja_
   91      0.9001          -0       2.175     0.000   148    2    1           1    0    156      7    156      5    T1022s1TS354-D1.pdb:A  SCOP d2crta_
   92      0.9001          -0       2.313     0.000   148    2    1           1    0    156      7    156      6    T1022s1TS354-D1.pdb:A  SCOP d1wjja_
   93      0.9001          -0       3.571     0.000   148    2    1           1    0    156      7    156      9    T1022s1TS354-D1.pdb:A  SCOP d1k5ca_
   94      0.9001          -0       2.074     0.000   148    2    1           1    0    156      7    156      6    T1022s1TS354-D1.pdb:A  SCOP d1lm0a_
   95      0.9001          -0       2.794     0.000   148    2    1           1    0    156      7    156      7    T1022s1TS354-D1.pdb:A  SCOP d1maja_
   96      0.9001          -0      0.7611     0.000   148    2    2           1    0    156      7    156      5    T1022s1TS354-D1.pdb:A  SCOP d1mw4a_
   97      0.9001      0.1413       3.492     0.000   148    2    1           1    0    156      7    156      6    T1022s1TS354-D1.pdb:A  SCOP d1uhfa_
   98      0.9001     0.03694       2.272     0.000   148    2    1           1    0    156      7    156      2    T1022s1TS354-D1.pdb:A  SCOP d1qh2.1
   99      0.9001          -0       2.351     0.000   148    2    1           1    0    156      7    156      8    T1022s1TS354-D1.pdb:A  SCOP d1h1aa_
  100      0.9001          -0       1.846     0.000   148    3    1           1    0    156      7    156     15    T1022s1TS354-D1.pdb:A  SCOP d1pvxa_
  101      0.9001          -0       1.846     0.000   148    3    1           1    0    156      7    156     15    T1022s1TS354-D1.pdb:A  SCOP d1xnda_
  102      0.9001          -0       2.597     0.000   148    2    1           1    0    156      7    156      8    T1022s1TS354-D1.pdb:A  SCOP d1ah1a_
  103      0.9001          -0        3.05     0.000   148    2    1           1    0    156      7    156     10    T1022s1TS354-D1.pdb:A  SCOP d1mvea_
  104      0.9001          -0       2.382     0.000   148    2    1           1    0    156      7    156     10    T1022s1TS354-D1.pdb:A  SCOP d1maca_
  105      0.9001          -0       1.046     0.000   148    2    1           1    0    156      7    156      8    T1022s1TS354-D1.pdb:A  SCOP d1byha_
  106      0.9001          -0       2.648     0.000   148    2    1           1    0    156      7    156      9    T1022s1TS354-D1.pdb:A  SCOP d1swoa_
  107      0.9001          -0       2.648     0.000   148    2    1           1    0    156      7    156     10    T1022s1TS354-D1.pdb:A  SCOP d2izia_
  108      0.9001          -0       2.648     0.000   148    2    1           1    0    156      7    156     10    T1022s1TS354-D1.pdb:A  SCOP d2izaa_
  109      0.9001          -0       2.648     0.000   148    2    1           1    0    156      7    156      9    T1022s1TS354-D1.pdb:A  SCOP d2izka_
  110      0.9001          -0       2.648     0.000   148    2    1           1    0    156      7    156      9    T1022s1TS354-D1.pdb:A  SCOP d1nbxa_
  111      0.9001          -0       2.648     0.000   148    2    1           1    0    156      7    156      8    T1022s1TS354-D1.pdb:A  SCOP d1swda_
  112      0.9001          -0       2.648     0.000   148    2    1           1    0    156      7    156      9    T1022s1TS354-D1.pdb:A  SCOP d1df8a_
  113      0.9001          -0       2.648     0.000   148    2    1           1    0    156      7    156     10    T1022s1TS354-D1.pdb:A  SCOP d2rtaa_
  114      0.9001          -0       2.501     0.000   148    2    1           1    0    156      7    156     10    T1022s1TS354-D1.pdb:A  SCOP d1hqqa_
  115      0.9001          -0       2.648     0.000   148    2    1           1    0    156      7    156      8    T1022s1TS354-D1.pdb:A  SCOP d1srha_
  116      0.9001          -0       2.843     0.000   148    2    1           1    0    156      7    156      9    T1022s1TS354-D1.pdb:A  SCOP d1swra_
  117      0.9001          -0       2.843     0.000   148    2    1           1    0    156      7    156      9    T1022s1TS354-D1.pdb:A  SCOP d1swea_
  118      0.9001          -0       2.648     0.000   148    2    1           1    0    156      7    156      9    T1022s1TS354-D1.pdb:A  SCOP d1swaa_
  119      0.9001          -0       3.765     0.000   148    2    1           1    0    156      7    156      9    T1022s1TS354-D1.pdb:A  SCOP d1swca_
  120      0.9001          -0       2.648     0.000   148    2    1           1    0    156      7    156      9    T1022s1TS354-D1.pdb:A  SCOP d1nc9a_
  121      0.9001          -0       2.648     0.000   148    2    1           1    0    156      7    156      9    T1022s1TS354-D1.pdb:A  SCOP d1mk5a_
  122      0.9001          -0       3.765     0.000   148    2    1           1    0    156      7    156     10    T1022s1TS354-D1.pdb:A  SCOP d1swsa_
  123      0.9001          -0       3.476     0.000   148    2    1           1    0    156      7    156     10    T1022s1TS354-D1.pdb:A  SCOP d1hxla_
  124      0.9001          -0       2.648     0.000   148    2    1           1    0    156      7    156      9    T1022s1TS354-D1.pdb:A  SCOP d1rxka_
  125      0.9001          -0       2.648     0.000   148    2    1           1    0    156      7    156      9    T1022s1TS354-D1.pdb:A  SCOP d2rtka_
  126      0.9001          -0       3.597     0.000   148    2    1           1    0    156      7    156      9    T1022s1TS354-D1.pdb:A  SCOP d1rxja_
  127      0.9001          -0       2.648     0.000   148    2    1           1    0    156      7    156      9    T1022s1TS354-D1.pdb:A  SCOP d1kl4a_
  128      0.9001          -0       2.648     0.000   148    2    1           1    0    156      7    156      8    T1022s1TS354-D1.pdb:A  SCOP d1swqa_
  129      0.9001          -0       2.648     0.000   148    2    1           1    0    156      7    156      9    T1022s1TS354-D1.pdb:A  SCOP d1swha_
  130      0.9001          -0       2.648     0.000   148    2    1           1    0    156      7    156      9    T1022s1TS354-D1.pdb:A  SCOP d1kl3a_
  131      0.9001          -0       2.648     0.000   148    2    1           1    0    156      7    156      9    T1022s1TS354-D1.pdb:A  SCOP d1i9ha_
  132      0.9001          -0       2.648     0.000   148    2    1           1    0    156      7    156      9    T1022s1TS354-D1.pdb:A  SCOP d1swua_
  133      0.9001          -0       2.648     0.000   148    2    1           1    0    156      7    156      9    T1022s1TS354-D1.pdb:A  SCOP d1swba_
  134      0.9001          -0       2.648     0.000   148    2    1           1    0    156      7    156      8    T1022s1TS354-D1.pdb:A  SCOP d1swna_
  135      0.9001          -0       2.648     0.000   148    2    1           1    0    156      7    156      9    T1022s1TS354-D1.pdb:A  SCOP d1kffa_
  136      0.9001          -0       2.648     0.000   148    2    1           1    0    156      7    156     10    T1022s1TS354-D1.pdb:A  SCOP d2rtma_
  137      0.9001          -0       2.843     0.000   148    2    1           1    0    156      7    156      9    T1022s1TS354-D1.pdb:A  SCOP d1swpa_
  138      0.9001          -0       2.648     0.000   148    2    1           1    0    156      7    156      9    T1022s1TS354-D1.pdb:A  SCOP d1srja_
  139      0.9001          -0       3.597     0.000   148    2    1           1    0    156      7    156      9    T1022s1TS354-D1.pdb:A  SCOP d1nqma_
  140      0.9001          -0       2.843     0.000   148    2    1           1    0    156      7    156      9    T1022s1TS354-D1.pdb:A  SCOP d1mepa_
  141      0.9001          -0       2.843     0.000   148    2    1           1    0    156      7    156      9    T1022s1TS354-D1.pdb:A  SCOP d1swja_
  142      0.9001          -0       2.648     0.000   148    2    1           1    0    156      7    156      9    T1022s1TS354-D1.pdb:A  SCOP d1srea_
  143      0.9001          -0       2.648     0.000   148    2    1           1    0    156      7    156     10    T1022s1TS354-D1.pdb:A  SCOP d2izja_
  144      0.9001          -0       2.843     0.000   148    2    1           1    0    156      7    156      9    T1022s1TS354-D1.pdb:A  SCOP d1lcva_
  145      0.9001          -0       2.648     0.000   148    2    1           1    0    156      7    156      9    T1022s1TS354-D1.pdb:A  SCOP d1kl5a_
  146      0.9001          -0       2.648     0.000   148    2    1           1    0    156      7    156      9    T1022s1TS354-D1.pdb:A  SCOP d2rtla_
  147      0.9001          -0       2.648     0.000   148    2    1           1    0    156      7    156      9    T1022s1TS354-D1.pdb:A  SCOP d1swka_
  148      0.9001          -0       2.648     0.000   148    2    1           1    0    156      7    156      8    T1022s1TS354-D1.pdb:A  SCOP d1srfa_
  149      0.9001          -0       2.648     0.000   148    2    1           1    0    156      7    156      9    T1022s1TS354-D1.pdb:A  SCOP d1swla_
  150      0.9001          -0       2.648     0.000   148    2    1           1    0    156      7    156      9    T1022s1TS354-D1.pdb:A  SCOP d1n9ya_
  151      0.9001          -0       2.648     0.000   148    2    1           1    0    156      7    156      9    T1022s1TS354-D1.pdb:A  SCOP d1n9ma_
  152      0.9001          -0       2.648     0.000   148    2    1           1    0    156      7    156      8    T1022s1TS354-D1.pdb:A  SCOP d1n4ja_
  153      0.9001          -0  1.798e+308     0.000   148    3    1           1    0    156      7    156      6    T1022s1TS354-D1.pdb:A  SCOP d2bopa_
  154      0.9001          -0       2.648     0.000   148    2    1           1    0    156      7    156     10    T1022s1TS354-D1.pdb:A  SCOP d2izba_
  155      0.9001          -0       3.802     0.000   148    2    1           1    0    156      7    156      9    T1022s1TS354-D1.pdb:A  SCOP d1swta_
  156      0.9001          -0       2.648     0.000   148    2    1           1    0    156      7    156      9    T1022s1TS354-D1.pdb:A  SCOP d1n7ya_
  157      0.9001          -0       2.843     0.000   148    2    1           1    0    156      7    156      9    T1022s1TS354-D1.pdb:A  SCOP d1ndja_
  158      0.9001          -0       2.843     0.000   148    2    1           1    0    156      7    156      9    T1022s1TS354-D1.pdb:A  SCOP d1lcwa_
  159      0.9001          -0       2.843     0.000   148    2    1           1    0    156      7    156      8    T1022s1TS354-D1.pdb:A  SCOP d1lcza_
  160      0.9001          -0       2.648     0.000   148    2    1           1    0    156      7    156      9    T1022s1TS354-D1.pdb:A  SCOP d1srga_
  161      0.9001          -0       2.648     0.000   148    2    1           1    0    156      7    156      9    T1022s1TS354-D1.pdb:A  SCOP d2rtja_
  162      0.9001          -0       2.648     0.000   148    2    1           1    0    156      7    156     10    T1022s1TS354-D1.pdb:A  SCOP d1sria_
  163      0.9001          -0       2.843     0.000   148    2    1           1    0    156      7    156      9    T1022s1TS354-D1.pdb:A  SCOP d1n43a_
  164      0.9001          -0       2.648     0.000   148    2    1           1    0    156      7    156     10    T1022s1TS354-D1.pdb:A  SCOP d1ptsa_
  165      0.8879          -0       3.029     0.000   147    2    2           1    0    156      7    156      9    T1022s1TS354-D1.pdb:A  SCOP d1m58a_
  166      0.8879          -0       3.127     0.000   147    2    2           1    0    156      7    156      9    T1022s1TS354-D1.pdb:A  SCOP d1oi0a_
  167      0.8879          -0       2.986     0.000   147    2    2           1    0    156      7    156      7    T1022s1TS354-D1.pdb:A  SCOP d1vcca_
  168      0.8879          -0       4.438     0.000   147    2    2           1    0    156      7    156     10    T1022s1TS354-D1.pdb:A  SCOP d1tula_
  169      0.8879      0.3743       4.531     0.000   147    2    2           1    0    156      7    156      6    T1022s1TS354-D1.pdb:A  SCOP d1uila_
  170      0.8844          -0       1.798     0.533   149    2    3      0.9799    0    156      7    156     10    T1022s1TS354-D1.pdb:A  SCOP d1u7ia_
  171      0.8759          -0       1.518     0.000   146    2    3           1    0    156      7    156      7    T1022s1TS354-D1.pdb:A  SCOP d1rjha_
  172      0.8759          -0       1.645     0.000   146    2    3           1    0    156      7    156     10    T1022s1TS354-D1.pdb:A  SCOP d3ifba_
  173      0.8759          -0       3.341     0.000   146    3    3           1    0    156      7    156     15    T1022s1TS354-D1.pdb:A  SCOP d1pyo.1
  174      0.8759          -0       2.545     0.000   146    2    2           1    0    156      7    156      9    T1022s1TS354-D1.pdb:A  SCOP d1mb1a_
  175      0.8759          -0       1.885     0.000   146    2    4           1    0    156      7    156     10    T1022s1TS354-D1.pdb:A  SCOP d1iaqa_
  176      0.8743          -0       1.758     0.879   152    2    2      0.9803    0    156      7    156      7    T1022s1TS354-D1.pdb:A  SCOP d1n1aa_
  177      0.8723          -0       2.779     0.535   148    2    5      0.9797    0    156      7    156     10    T1022s1TS354-D1.pdb:A  SCOP d1mtla_
  178      0.8639   6.026e-09       3.078     0.000   145    2    2           1    0    156      7    156      8    T1022s1TS354-D1.pdb:A  SCOP d1hl6a_
  179      0.8639    4.69e-05       1.524     0.000   145    2    3           1    0    156      7    156      7    T1022s1TS354-D1.pdb:A  SCOP d1j57a_
  180      0.8639          -0       2.464     0.000   145    2    2           1    0    156      7    156     10    T1022s1TS354-D1.pdb:A  SCOP d1bwna_
  181      0.8639          -0       1.906     0.000   145    2    2           1    0    156      7    156     10    T1022s1TS354-D1.pdb:A  SCOP d1hyra_
  182      0.8639          -0        3.98     0.000   145    3    2           1    0    156      7    156     14    T1022s1TS354-D1.pdb:A  SCOP d1jssa_
  183      0.8639   3.906e-15       3.657     0.000   145    2    3           1    0    156      7    156      8    T1022s1TS354-D1.pdb:A  SCOP d1q7sa_
  184      0.8639   2.154e-06       4.673     0.000   145    2    3           1    0    156      7    156      9    T1022s1TS354-D1.pdb:A  SCOP d1bc4a_
  185      0.8639          -0       3.607     0.000   145    3    3           1    0    156      7    156     13    T1022s1TS354-D1.pdb:A  SCOP d1dj0a_
  186      0.8624   3.375e-16       3.887     0.000   143    2    2           1    0    156      7    152      9    T1022s1TS354-D1.pdb:A  SCOP d1jb9a1
  187      0.8624          -0       3.607     0.882   151    2    2      0.9801    0    156      7    156     10    T1022s1TS354-D1.pdb:A  SCOP d1bdya_
  188       0.861   0.0005459       3.681     0.531   147    2    2      0.9796    0    156      7    156      7    T1022s1TS354-D1.pdb:A  SCOP d1uhta_
  189       0.861          -0       1.957     0.531   147    2    2      0.9796    0    156      7    156      5    T1022s1TS354-D1.pdb:A  SCOP d1xt3a_
  190       0.861          -0      0.6056     0.531   147    2    2      0.9796    0    156      7    156     10    T1022s1TS354-D1.pdb:A  SCOP d1od3a_
  191       0.861          -0      0.6056     0.531   147    2    2      0.9796    0    156      7    156     10    T1022s1TS354-D1.pdb:A  SCOP d1o8sa_
  192       0.861          -0       2.055     0.531   147    2    2      0.9796    0    156      7    156      8    T1022s1TS354-D1.pdb:A  SCOP d1fl7a_
  193       0.861          -0      0.6398     0.531   147    2    2      0.9796    0    156      7    156     10    T1022s1TS354-D1.pdb:A  SCOP d1naea_
  194      0.8605    0.000855       4.233     0.536   147    2    2      0.9796    0    156      7    156     10    T1022s1TS354-D1.pdb:A  SCOP d1gmia_
  195      0.8605          -0       2.619     0.536   147    2    2      0.9796    0    156      7    156      9    T1022s1TS354-D1.pdb:A  SCOP d1uena_
  196      0.8604          -0       1.225     0.537   147    2    2      0.9796    0    156      7    156      8    T1022s1TS354-D1.pdb:A  SCOP d1i85a_
  197      0.8604          -0       2.523     0.537   147    2    2      0.9796    0    156      7    156      9    T1022s1TS354-D1.pdb:A  SCOP d1v76a_
  198      0.8604          -0       0.628     0.537   147    2    2      0.9796    0    156      7    156      9    T1022s1TS354-D1.pdb:A  SCOP d2cama_
  199      0.8604          -0      0.4554     0.537   147    2    2      0.9796    0    156      7    156      9    T1022s1TS354-D1.pdb:A  SCOP d1gu3a_
  200      0.8601          -0       2.129     0.540   147    2    2      0.9796    0    156      7    156      6    T1022s1TS354-D1.pdb:A  SCOP d1hc9a_
  201      0.8601          -0      0.8296     0.540   147    2    2      0.9796    0    156      7    156      6    T1022s1TS354-D1.pdb:A  SCOP d1k8oa_
  202      0.8601          -0       3.008     0.540   147    2    2      0.9796    0    156      7    156      8    T1022s1TS354-D1.pdb:A  SCOP d1td3a_
  203      0.8601          -0      0.5781     0.540   147    2    2      0.9796    0    156      7    156      7    T1022s1TS354-D1.pdb:A  SCOP d1td0a_
  204      0.8601          -0       3.008     0.540   147    2    2      0.9796    0    156      7    156      8    T1022s1TS354-D1.pdb:A  SCOP d1td4a_
  205      0.8601          -0      0.8296     0.540   147    2    2      0.9796    0    156      7    156      6    T1022s1TS354-D1.pdb:A  SCOP d1k8ma_
  206        0.86          -0      0.9695     0.540   147    3    4      0.9796    0    156      7    156     11    T1022s1TS354-D1.pdb:A  SCOP d1su9a_
  207      0.8521          -0       1.325     0.000   144    2    3           1    0    156      7    156     10    T1022s1TS354-D1.pdb:A  SCOP d1tn3a_
  208      0.8521    0.003579       3.492     0.000   144    2    2           1    0    156      7    156      9    T1022s1TS354-D1.pdb:A  SCOP d1bsea_
  209      0.8521          -0       1.565     0.000   144    2    2           1    0    156      7    156      9    T1022s1TS354-D1.pdb:A  SCOP d1h2da_
  210      0.8521          -0       4.009     0.000   144    2    1           1    0    156      7    156      9    T1022s1TS354-D1.pdb:A  SCOP d1qu9a_
  211      0.8521          -0       1.846     0.000   144    2    2           1    0    156      7    156      8    T1022s1TS354-D1.pdb:A  SCOP d1vkba_
  212      0.8491          -0       1.181     0.533   146    2    3      0.9795    0    156      7    156      8    T1022s1TS354-D1.pdb:A  SCOP d1e57a_
  213      0.8482          -0      0.9028     0.542   146    3    4      0.9795    0    156      7    156     11    T1022s1TS354-D1.pdb:A  SCOP d1st9a_
  214      0.8448          -0       3.015     0.000   142    2    3           1    0    156      7    153     10    T1022s1TS354-D1.pdb:A  SCOP d2p9pa1
  215      0.8403          -0       2.634     0.000   143    2    2           1    0    156      7    156      8    T1022s1TS354-D1.pdb:A  SCOP d1fhoa_
  216      0.8403    0.003579       3.492     0.000   143    2    2           1    0    156      7    156      9    T1022s1TS354-D1.pdb:A  SCOP d1rnba_
  217      0.8403    0.003579       3.492     0.000   143    2    2           1    0    156      7    156      9    T1022s1TS354-D1.pdb:A  SCOP d1bana_
  218      0.8403    0.003579       3.492     0.000   143    2    2           1    0    156      7    156      9    T1022s1TS354-D1.pdb:A  SCOP d1brga_
  219      0.8403    0.003579       3.492     0.000   143    2    2           1    0    156      7    156      9    T1022s1TS354-D1.pdb:A  SCOP d1baoa_
  220      0.8403    0.003579       3.492     0.000   143    2    2           1    0    156      7    156      9    T1022s1TS354-D1.pdb:A  SCOP d1bnea_
  221      0.8403    0.003579       3.492     0.000   143    2    2           1    0    156      7    156      9    T1022s1TS354-D1.pdb:A  SCOP d1bnia_
  222      0.8403    0.003579       3.492     0.000   143    2    2           1    0    156      7    156      9    T1022s1TS354-D1.pdb:A  SCOP d1b2ua_
  223      0.8403    0.003579       3.492     0.000   143    2    2           1    0    156      7    156      8    T1022s1TS354-D1.pdb:A  SCOP d1b3sa_
  224      0.8403    0.003579       3.492     0.000   143    2    2           1    0    156      7    156      9    T1022s1TS354-D1.pdb:A  SCOP d1bria_
  225      0.8403    0.003579       3.492     0.000   143    2    2           1    0    156      7    156      9    T1022s1TS354-D1.pdb:A  SCOP d1brka_
  226      0.8403    0.003579       3.492     0.000   143    2    2           1    0    156      7    156      9    T1022s1TS354-D1.pdb:A  SCOP d1brha_
  227      0.8403   1.174e-08       2.597     0.000   143    2    2           1    0    156      7    156      9    T1022s1TS354-D1.pdb:A  SCOP d1goua_
  228      0.8403          -0       2.508     0.000   143    2    2           1    0    156      7    156      9    T1022s1TS354-D1.pdb:A  SCOP d1jd1a_
  229      0.8403    0.003579       3.492     0.000   143    2    2           1    0    156      7    156      9    T1022s1TS354-D1.pdb:A  SCOP d1bnsa_
  230      0.8403          -0       2.358     0.000   143    2    2           1    0    156      7    156      9    T1022s1TS354-D1.pdb:A  SCOP d2rbia_
  231      0.8403   2.186e-13       3.198     0.000   143    2    3           1    0    156      7    156      6    T1022s1TS354-D1.pdb:A  SCOP d1sqea_
  232      0.8403    0.003579       3.492     0.000   143    2    2           1    0    156      7    156      9    T1022s1TS354-D1.pdb:A  SCOP d1brsa_
  233      0.8403          -0       2.043     0.000   143    2    3           1    0    156      7    156      7    T1022s1TS354-D1.pdb:A  SCOP d1q8ba_
  234      0.8403    0.003579       3.492     0.000   143    2    2           1    0    156      7    156      9    T1022s1TS354-D1.pdb:A  SCOP d1brja_
  235      0.8403    0.003579       3.492     0.000   143    2    2           1    0    156      7    156      9    T1022s1TS354-D1.pdb:A  SCOP d1bnga_
  236      0.8403    0.003579       3.492     0.000   143    2    2           1    0    156      7    156      9    T1022s1TS354-D1.pdb:A  SCOP d1bsba_
  237      0.8403    0.003579       3.492     0.000   143    2    2           1    0    156      7    156      9    T1022s1TS354-D1.pdb:A  SCOP d1bnja_
  238      0.8403    0.003579       3.492     0.000   143    2    2           1    0    156      7    156      9    T1022s1TS354-D1.pdb:A  SCOP d1bsaa_
  239      0.8403       4e-06        3.72     0.000   143    3    2           1    0    156      7    156     13    T1022s1TS354-D1.pdb:A  SCOP d2bmxa1
  240       0.837          -0       2.012     0.538   145    2    3      0.9793    0    156      7    156     10    T1022s1TS354-D1.pdb:A  SCOP d1bv8a_
  241      0.8368          -0       1.303     0.540   145    2    3      0.9793    0    156      7    156      6    T1022s1TS354-D1.pdb:A  SCOP d1uv7a_
  242      0.8365          -0       1.158     0.543   145    3    3      0.9793    0    156      7    156     13    T1022s1TS354-D1.pdb:A  SCOP d1lcsa_
  243      0.8286    0.003579       3.492     0.000   142    2    3           1    0    156      7    156      9    T1022s1TS354-D1.pdb:A  SCOP d1b2xa_
  244      0.8286    0.003579       3.492     0.000   142    2    3           1    0    156      7    156      8    T1022s1TS354-D1.pdb:A  SCOP d1fw7a_
  245      0.8286    0.003579       3.492     0.000   142    2    3           1    0    156      7    156      9    T1022s1TS354-D1.pdb:A  SCOP d1bsca_
  246      0.8286     0.04369       3.492     0.000   142    2    3           1    0    156      7    156      9    T1022s1TS354-D1.pdb:A  SCOP d1b21a_
  247      0.8286   1.174e-08       2.597     0.000   142    2    3           1    0    156      7    156      8    T1022s1TS354-D1.pdb:A  SCOP d1gova_
  248      0.8286    0.003579       3.492     0.000   142    2    3           1    0    156      7    156      9    T1022s1TS354-D1.pdb:A  SCOP d1b20a_
  249      0.8286     0.09328       4.645     0.000   142    2    2           1    0    156      7    156      6    T1022s1TS354-D1.pdb:A  SCOP d1mg9a_
  250      0.8286    0.003579       3.492     0.000   142    2    3           1    0    156      7    156      9    T1022s1TS354-D1.pdb:A  SCOP d1b2za_
  251      0.8286    0.003579       3.492     0.000   142    2    3           1    0    156      7    156      9    T1022s1TS354-D1.pdb:A  SCOP d1bsda_
  252      0.8286          -0       3.599     0.000   142    2    2           1    0    156      7    156      9    T1022s1TS354-D1.pdb:A  SCOP d1nq3a_
  253      0.8286          -0       3.057     0.000   142    2    2           1    0    156      7    156      9    T1022s1TS354-D1.pdb:A  SCOP d1qaha_
  254      0.8286          -0       2.008     0.000   142    2    3           1    0    156      7    156     10    T1022s1TS354-D1.pdb:A  SCOP d1u6la_
  255      0.8251          -0      0.4953     0.543   144    2    3      0.9792    0    156      7    156      9    T1022s1TS354-D1.pdb:A  SCOP d1keoa_
  256      0.8238          -0       1.494     0.755   146    2    3      0.9589    0    156      7    156      6    T1022s1TS354-D1.pdb:A  SCOP d1qfwa_
  257      0.8227          -0      0.5638     0.763   146    2    3      0.9589    0    156      7    156     10    T1022s1TS354-D1.pdb:A  SCOP d5tswa_
  258      0.8227          -0       1.403     0.763   146    2    3      0.9589    0    156      7    156     10    T1022s1TS354-D1.pdb:A  SCOP d2tnfa_
  259      0.8227          -0      0.8296     0.763   146    2    3      0.9589    0    156      7    156     10    T1022s1TS354-D1.pdb:A  SCOP d4tsva_
  260      0.8224          -0      0.5638     0.765   146    2    3      0.9589    0    156      7    156     10    T1022s1TS354-D1.pdb:A  SCOP d2rhea_
  261      0.8192   1.666e-07       2.721     1.252   153    2    1      0.9804    0    156      7    156      8    T1022s1TS354-D1.pdb:A  SCOP d1j1ha_
  262      0.8192   1.158e-13       2.164     1.252   153    3    1      0.9804    0    156      7    156      7    T1022s1TS354-D1.pdb:A  SCOP d1v5qa_
  263      0.8169   4.822e-17       3.467     0.000   141    2    2           1    0    156      7    156      9    T1022s1TS354-D1.pdb:A  SCOP d1onia_
  264      0.8169   0.0003189       4.014     0.000   141    2    3           1    0    156      7    156     10    T1022s1TS354-D1.pdb:A  SCOP d1maia_
  265      0.8169     0.04331       5.004     0.000   141    2    3           1    0    156      7    156      7    T1022s1TS354-D1.pdb:A  SCOP d1r9fa_
  266      0.8169          -0       3.233     0.000   141    2    3           1    0    156      7    156      9    T1022s1TS354-D1.pdb:A  SCOP d1odga_
  267      0.8135          -0       2.114     0.544   143    2    2       0.979    0    156      7    156      9    T1022s1TS354-D1.pdb:A  SCOP d1xrga_
  268      0.8134   9.643e-17       3.147     0.545   143    2    2       0.979    0    156      7    156      9    T1022s1TS354-D1.pdb:A  SCOP d1qd9a_
  269      0.8112          -0       1.662     0.847   146    2    2      0.9795    0    156      7    156      8    T1022s1TS354-D1.pdb:A  SCOP d1nysa_
  270      0.8069          -0        2.09     0.877   146    2    2      0.9795    0    156      7    156      6    T1022s1TS354-D1.pdb:A  SCOP d1iyva_
  271      0.8054          -0       1.662     0.000   140    2    2           1    0    156      7    156      9    T1022s1TS354-D1.pdb:A  SCOP d1otga_
  272      0.8054   1.331e-14       2.538     0.000   140    2    5           1    0    156      7    156      7    T1022s1TS354-D1.pdb:A  SCOP d1ny8a_
  273      0.8054   2.797e-15       3.212     0.000   140    2    3           1    0    156      7    156      7    T1022s1TS354-D1.pdb:A  SCOP d1r6ya_
  274      0.8054          -0       2.728     0.000   140    3    3           1    0    156      7    156     14    T1022s1TS354-D1.pdb:A  SCOP d1i51.1
  275      0.8041          -0       1.541     0.897   146    2    2      0.9795    0    156      7    156     10    T1022s1TS354-D1.pdb:A  SCOP d1blaa_
  276      0.8041          -0       1.541     0.897   146    2    2      0.9795    0    156      7    156     10    T1022s1TS354-D1.pdb:A  SCOP d1g9ea_
  277      0.8033   1.678e-14        2.32     0.902   146    2    2      0.9795    0    156      7    156      6    T1022s1TS354-D1.pdb:A  SCOP d1cdra_
  278      0.7993          -0        3.37     0.929   146    2    2      0.9795    0    156      7    156     10    T1022s1TS354-D1.pdb:A  SCOP d1jh5a_
  279      0.7992          -0       1.411     0.929   146    2    2      0.9795    0    156      7    156      5    T1022s1TS354-D1.pdb:A  SCOP d1nfaa_
  280      0.7992          -0      0.9383     0.929   146    2    2      0.9795    0    156      7    156      9    T1022s1TS354-D1.pdb:A  SCOP d1wfja_
  281      0.7948       0.325        2.93     0.885   145    2    3      0.9793    0    156      7    156      7    T1022s1TS354-D1.pdb:A  SCOP d1gd6a_
  282      0.7939          -0       2.919     0.000   139    2    3           1    0    156      7    156     10    T1022s1TS354-D1.pdb:A  SCOP d1vmfa_
  283      0.7939   4.822e-17       2.958     0.000   139    2    3           1    0    156      7    156      9    T1022s1TS354-D1.pdb:A  SCOP d1vsra_
  284      0.7939   2.797e-15       3.212     0.000   139    2    3           1    0    156      7    156      7    T1022s1TS354-D1.pdb:A  SCOP d1tuva_
  285      0.7939          -0       3.205     0.000   139    2    4           1    0    156      7    156      9    T1022s1TS354-D1.pdb:A  SCOP d2tbda_
  286      0.7939          -0       3.205     0.000   139    2    4           1    0    156      7    156      9    T1022s1TS354-D1.pdb:A  SCOP d1tbda_
  287      0.7927          -0      0.7161     0.899   145    2    4      0.9793    0    156      7    156      9    T1022s1TS354-D1.pdb:A  SCOP d1xnea_
  288      0.7911          -0       2.252     0.542   141    2    3      0.9787    0    156      7    156      5    T1022s1TS354-D1.pdb:A  SCOP d2ptla_
  289      0.7905          -0       1.995     0.548   141    3    6      0.9787    0    156      7    156     12    T1022s1TS354-D1.pdb:A  SCOP d1jfua_
  290      0.7905          -0       2.075     0.549   141    3    4      0.9787    0    156      7    156     14    T1022s1TS354-D1.pdb:A  SCOP d1boza_
  291      0.7905          -0       2.075     0.549   141    3    4      0.9787    0    156      7    156     15    T1022s1TS354-D1.pdb:A  SCOP d1pd9a_
  292      0.7847          -0       2.728     0.561   136    2    3      0.9779    0    156      7    146      8    T1022s1TS354-D1.pdb:A  SCOP d1gawa1
  293      0.7814          -0      0.5392     0.902   144    2    3      0.9792    0    156      7    156     10    T1022s1TS354-D1.pdb:A  SCOP d1nyca_
  294      0.7814          -0      0.8187     0.902   144    2    3      0.9792    0    156      7    156     10    T1022s1TS354-D1.pdb:A  SCOP d1qwxa_
  295      0.7794      0.2089       3.276     0.548   140    2    4      0.9786    0    156      7    156      6    T1022s1TS354-D1.pdb:A  SCOP d1i17a_
  296      0.7792          -0       1.242     0.550   140    2    5      0.9786    0    156      7    156     10    T1022s1TS354-D1.pdb:A  SCOP d1c7ka_
  297      0.7791          -0      0.3416     0.551   140    2    3      0.9786    0    156      7    156     10    T1022s1TS354-D1.pdb:A  SCOP d1inoa_
  298      0.7712    0.003904       4.209     0.000   137    2    3           1    0    156      7    156      8    T1022s1TS354-D1.pdb:A  SCOP d1ugja_
  299      0.7712          -0        1.75     0.000   137    2    3           1    0    156      7    156      7    T1022s1TS354-D1.pdb:A  SCOP d1iv0a_
  300      0.7712   3.718e-09       3.569     0.000   137    2    1           1    0    156      7    156      9    T1022s1TS354-D1.pdb:A  SCOP d1uefa_
  301      0.7712          -0       2.829     0.000   137    2    1           1    0    156      7    156      9    T1022s1TS354-D1.pdb:A  SCOP d1p5ta_
  302      0.7712          -0       1.414     0.000   137    2    2           1    0    156      7    156      8    T1022s1TS354-D1.pdb:A  SCOP d1kbca_
  303      0.7712          -0       1.436     0.000   137    2    4           1    0    156      7    156      9    T1022s1TS354-D1.pdb:A  SCOP d1tq1a_
  304      0.7699   9.791e-09       3.514     0.000   136    2    3           1    0    156      7    154     10    T1022s1TS354-D1.pdb:A  SCOP d1zwla1
  305      0.7699          -0       2.837     0.000   136    2    3           1    0    156      7    154     10    T1022s1TS354-D1.pdb:A  SCOP d1zwka1
  306      0.7682          -0     0.07013     1.059   145    3    3      0.9586    0    156      7    156     13    T1022s1TS354-D1.pdb:A  SCOP d1wbca_
  307      0.7679          -0       1.242     0.552   139    2    5      0.9784    0    156      7    156     10    T1022s1TS354-D1.pdb:A  SCOP d1kuha_
  308      0.7678          -0       2.075     0.553   139    3    4      0.9784    0    156      7    156     15    T1022s1TS354-D1.pdb:A  SCOP d1hfra_
  309      0.7678          -0       1.584     0.553   139    3    4      0.9784    0    156      7    156     14    T1022s1TS354-D1.pdb:A  SCOP d1s3ua_
  310      0.7678          -0       2.075     0.553   139    3    4      0.9784    0    156      7    156     15    T1022s1TS354-D1.pdb:A  SCOP d1hfpa_
  311      0.7678          -0      0.8066     0.553   139    3    4      0.9784    0    156      7    156     15    T1022s1TS354-D1.pdb:A  SCOP d1pdba_
  312      0.7678   7.181e-08       2.964     0.553   139    3    4      0.9784    0    156      7    156     15    T1022s1TS354-D1.pdb:A  SCOP d1prxa_
  313      0.7662          -0       1.774     0.933   143    2    3       0.986    0    156      7    156      7    T1022s1TS354-D1.pdb:A  SCOP d1n27a_
  314      0.7646          -0     0.06196     0.569   132    2    2      0.9773    0    156      7    141      8    T1022s1TS354-D1.pdb:A  SCOP d1p5va1
  315       0.764          -0        0.15     1.085   145    2    3      0.9586    0    156      7    156      9    T1022s1TS354-D1.pdb:A  SCOP d1b88a_
  316        0.76        1.01        4.36     0.000   136    2    1           1    0    156      7    156      5    T1022s1TS354-D1.pdb:A  SCOP d1mnma_
  317        0.76          -0       1.452     0.000   136    2    5           1    0    156      7    156      9    T1022s1TS354-D1.pdb:A  SCOP d1woua_
  318        0.76          -0        3.32     0.000   136    2    3           1    0    156      7    156     10    T1022s1TS354-D1.pdb:A  SCOP d1j00a_
  319       0.758          -0       1.766     0.653   139    2    3      0.9784    0    156      7    156      7    T1022s1TS354-D1.pdb:A  SCOP d1q4ra_
  320      0.7569          -0       0.373     0.553   138    2    4      0.9783    0    156      7    156     10    T1022s1TS354-D1.pdb:A  SCOP d1c6va_
  321      0.7567          -0       1.217     0.555   138    3    5      0.9783    0    156      7    156     15    T1022s1TS354-D1.pdb:A  SCOP d1mvta_
  322      0.7567          -0       1.217     0.555   138    3    5      0.9783    0    156      7    156     15    T1022s1TS354-D1.pdb:A  SCOP d1kmsa_
  323      0.7567          -0       2.381     0.555   138    3    5      0.9783    0    156      7    156     14    T1022s1TS354-D1.pdb:A  SCOP d1pd8a_
  324      0.7567          -0      0.8713     0.555   138    3    4      0.9783    0    156      7    156     15    T1022s1TS354-D1.pdb:A  SCOP d1ohja_
  325      0.7565          -0        1.29     0.557   138    2    5      0.9783    0    156      7    156      7    T1022s1TS354-D1.pdb:A  SCOP d1rjja_
  326      0.7557          -0       0.243     1.255   147    2    2      0.9864    0    156      7    156     10    T1022s1TS354-D1.pdb:A  SCOP d1pu5a_
  327      0.7557          -0       0.243     1.255   147    2    2      0.9864    0    156      7    156     10    T1022s1TS354-D1.pdb:A  SCOP d1tjja_
  328      0.7557          -0       0.243     1.255   147    2    2      0.9864    0    156      7    156     10    T1022s1TS354-D1.pdb:A  SCOP d2ag2a1
  329       0.753          -0       1.174     1.270   147    3    2      0.9796    0    156      7    156      6    T1022s1TS354-D1.pdb:A  SCOP d3ulla_
  330       0.753          -0       1.174     1.270   147    3    2      0.9796    0    156      7    156      6    T1022s1TS354-D1.pdb:A  SCOP d1s3oa_
  331      0.7521     0.01176       1.517     1.275   147    2    2      0.9796    0    156      7    156      4    T1022s1TS354-D1.pdb:A  SCOP d1qn0a_
  332        0.75          -0        2.26     1.169   145    2    2      0.9793    0    156      7    156      8    T1022s1TS354-D1.pdb:A  SCOP d1rlba_
  333        0.75          -0       1.917     1.169   145    2    2      0.9793    0    156      7    156      7    T1022s1TS354-D1.pdb:A  SCOP d1iyua_
  334      0.7489   2.041e-10       3.743     0.000   135    2    5           1    0    156      7    156      9    T1022s1TS354-D1.pdb:A  SCOP d1rpua_
  335      0.7489   1.392e-13       3.571     0.000   135    2    4           1    0    156      7    156     10    T1022s1TS354-D1.pdb:A  SCOP d1f3va_
  336      0.7489    6.75e-16       2.074     0.000   135    2    3           1    0    156      7    156      7    T1022s1TS354-D1.pdb:A  SCOP d1vmba_
  337      0.7458          -0      0.1987     0.555   137    2    4      0.9781    0    156      7    156     10    T1022s1TS354-D1.pdb:A  SCOP d1knga_
  338      0.7458          -0       1.047     0.555   137    2    4      0.9781    0    156      7    156     10    T1022s1TS354-D1.pdb:A  SCOP d1bl3a_
  339      0.7458          -0       1.047     0.555   137    2    4      0.9781    0    156      7    156     10    T1022s1TS354-D1.pdb:A  SCOP d1bi4a_
  340      0.7456          -0       2.381     0.557   137    3    5      0.9781    0    156      7    156     15    T1022s1TS354-D1.pdb:A  SCOP d1drfa_
  341      0.7456          -0      0.8713     0.557   137    3    5      0.9781    0    156      7    156     15    T1022s1TS354-D1.pdb:A  SCOP d1dhfa_
  342      0.7456          -0       2.381     0.557   137    3    5      0.9781    0    156      7    156     15    T1022s1TS354-D1.pdb:A  SCOP d1dlsa_
  343      0.7456          -0       1.217     0.557   137    3    5      0.9781    0    156      7    156     14    T1022s1TS354-D1.pdb:A  SCOP d1kmva_
  344      0.7456          -0       2.381     0.557   137    3    5      0.9781    0    156      7    156     14    T1022s1TS354-D1.pdb:A  SCOP d1mvsa_
  345       0.742     0.00732       4.451     0.000   130    2    3           1    0    156      7    146     10    T1022s1TS354-D1.pdb:A  SCOP d2f8aa1
  346      0.7407          -0       1.995     1.282   146    2    5      0.9658    0    156      7    156     10    T1022s1TS354-D1.pdb:A  SCOP d1mkaa_
  347        0.74          -0       1.638     1.228   145    2    2      0.9793    0    156      7    156      5    T1022s1TS354-D1.pdb:A  SCOP d1v8qa_
  348      0.7383          -0       2.082     0.000   131    2    2           1    0    156      7    149      9    T1022s1TS354-D1.pdb:A  SCOP d1udsa1
  349      0.7383          -0       2.082     0.000   131    2    2           1    0    156      7    149      8    T1022s1TS354-D1.pdb:A  SCOP d1udoa1
  350      0.7383          -0       2.082     0.000   131    2    2           1    0    156      7    149      9    T1022s1TS354-D1.pdb:A  SCOP d1udna1
  351       0.738     0.01915        1.87     1.352   147    2    3      0.9796    0    156      7    156      9    T1022s1TS354-D1.pdb:A  SCOP d1nhea_
  352      0.7345          -0       2.381     0.559   136    3    5      0.9779    0    156      7    156     14    T1022s1TS354-D1.pdb:A  SCOP d1dlra_
  353      0.7345          -0       2.381     0.559   136    3    5      0.9779    0    156      7    156     15    T1022s1TS354-D1.pdb:A  SCOP d1hfqa_
  354      0.7345          -0       1.806     0.559   136    3    5      0.9779    0    156      7    156     14    T1022s1TS354-D1.pdb:A  SCOP d1s3wa_
  355       0.733          -0      0.9599     0.943   140    3    4      0.9857    0    156      7    156      8    T1022s1TS354-D1.pdb:A  SCOP d1pfja_
  356       0.733     0.03476       2.795     0.943   140    3    3      0.9857    0    156      7    156      5    T1022s1TS354-D1.pdb:A  SCOP d1p1ea_
  357      0.7312          -0      0.7535     1.278   145    2    2      0.9793    0    156      7    156      9    T1022s1TS354-D1.pdb:A  SCOP d1sppa_
  358      0.7312    0.003017       3.326     1.278   145    2    2      0.9793    0    156      7    156      6    T1022s1TS354-D1.pdb:A  SCOP d1ujxa_
  359      0.7299          -0       1.725     1.285   145    3    2      0.9793    0    156      7    156     10    T1022s1TS354-D1.pdb:A  SCOP d1bvla_
  360      0.7299          -0       0.799     1.285   145    2    2      0.9793    0    156      7    156      6    T1022s1TS354-D1.pdb:A  SCOP d1wj3a_
  361      0.7289          -0       2.331     0.554   135    2    4      0.9778    0    156      7    155     10    T1022s1TS354-D1.pdb:A  SCOP d2a5la1
  362      0.7272     0.03517       2.019     1.357   146    2    3      0.9795    0    156      7    156      9    T1022s1TS354-D1.pdb:A  SCOP d1b9oa_
  363      0.7272     0.03517       2.019     1.357   146    2    3      0.9795    0    156      7    156     10    T1022s1TS354-D1.pdb:A  SCOP d1alca_
  364      0.7272     0.03517       2.019     1.357   146    2    3      0.9795    0    156      7    156     10    T1022s1TS354-D1.pdb:A  SCOP d1hmla_
  365      0.7272     0.02676       1.949     1.357   146    2    3      0.9795    0    156      7    156      9    T1022s1TS354-D1.pdb:A  SCOP d1hfxa_
  366      0.7272     0.02676       1.949     1.357   146    2    3      0.9795    0    156      7    156     10    T1022s1TS354-D1.pdb:A  SCOP d1nwga_
  367      0.7272     0.03517       2.019     1.357   146    2    3      0.9795    0    156      7    156      8    T1022s1TS354-D1.pdb:A  SCOP d1fkva_
  368      0.7272     0.03517       2.019     1.357   146    2    3      0.9795    0    156      7    156      8    T1022s1TS354-D1.pdb:A  SCOP d1hmka_
  369      0.7272    0.006684       1.949     1.357   146    2    3      0.9795    0    156      7    156      9    T1022s1TS354-D1.pdb:A  SCOP d1f6sa_
  370      0.7272    0.009824       2.019     1.357   146    2    3      0.9795    0    156      7    156      9    T1022s1TS354-D1.pdb:A  SCOP d1hfza_
  371      0.7272     0.03517       2.019     1.357   146    2    3      0.9795    0    156      7    156     10    T1022s1TS354-D1.pdb:A  SCOP d1nmma_
  372      0.7272     0.02676       1.949     1.357   146    2    3      0.9795    0    156      7    156     10    T1022s1TS354-D1.pdb:A  SCOP d1nf5a_
  373      0.7272     0.02676       1.949     1.357   146    2    3      0.9795    0    156      7    156     10    T1022s1TS354-D1.pdb:A  SCOP d1nkha_
  374      0.7272     0.02676       1.949     1.357   146    2    3      0.9795    0    156      7    156     10    T1022s1TS354-D1.pdb:A  SCOP d1nqia_
  375      0.7272     0.03517       2.019     1.357   146    2    3      0.9795    0    156      7    156     10    T1022s1TS354-D1.pdb:A  SCOP d1oqma_
  376      0.7272     0.03517       2.019     1.357   146    2    3      0.9795    0    156      7    156     10    T1022s1TS354-D1.pdb:A  SCOP d1o23a_
  377      0.7271          -0       1.638     0.000   130    2    3           1    0    156      7    149      9    T1022s1TS354-D1.pdb:A  SCOP d1udqa1
  378      0.7269   2.578e-10       3.779     0.000   133    2    3           1    0    156      7    156      8    T1022s1TS354-D1.pdb:A  SCOP d1ew4a_
  379      0.7269   3.082e-07       3.616     0.000   133    2    3           1    0    156      7    156      9    T1022s1TS354-D1.pdb:A  SCOP d1f9ma_
  380      0.7269          -0       2.958     0.000   133    2    4           1    0    156      7    156     10    T1022s1TS354-D1.pdb:A  SCOP d1cw0a_
  381      0.7269          -0       2.449     0.000   133    2    4           1    0    156      7    156     10    T1022s1TS354-D1.pdb:A  SCOP d1nnra_
  382      0.7269          -0       3.184     0.000   133    2    3           1    0    156      7    156     10    T1022s1TS354-D1.pdb:A  SCOP d1assa_
  383      0.7251          -0      0.6208     0.924   139    2    4      0.9784    0    156      7    156      9    T1022s1TS354-D1.pdb:A  SCOP d1xmta_
  384      0.7238          -0       1.154     0.559   135    2    4      0.9778    0    156      7    156     10    T1022s1TS354-D1.pdb:A  SCOP d1exqa_
  385      0.7238          -0       1.047     0.559   135    2    4      0.9778    0    156      7    156     10    T1022s1TS354-D1.pdb:A  SCOP d2itga_
  386      0.7238          -0       1.154     0.559   135    2    4      0.9778    0    156      7    156     10    T1022s1TS354-D1.pdb:A  SCOP d1itga_
  387      0.7238   9.691e-15       1.184     0.559   135    2    5      0.9778    0    156      7    156     10    T1022s1TS354-D1.pdb:A  SCOP d1hyza_
  388      0.7236          -0      0.8713     0.561   135    3    5      0.9778    0    156      7    156     15    T1022s1TS354-D1.pdb:A  SCOP d8dfra_
  389      0.7236          -0      0.8713     0.561   135    3    5      0.9778    0    156      7    156     15    T1022s1TS354-D1.pdb:A  SCOP d1dr1a_
  390      0.7236          -0      0.8713     0.561   135    3    5      0.9778    0    156      7    156     15    T1022s1TS354-D1.pdb:A  SCOP d1dr3a_
  391      0.7236          -0      0.8713     0.561   135    3    5      0.9778    0    156      7    156     15    T1022s1TS354-D1.pdb:A  SCOP d1dr2a_
  392      0.7236          -0      0.8713     0.561   135    3    5      0.9778    0    156      7    156     15    T1022s1TS354-D1.pdb:A  SCOP d1dr4a_
  393      0.7222          -0     0.03445     1.272   144    2    3      0.9583    0    156      7    156     10    T1022s1TS354-D1.pdb:A  SCOP d1blda_
  394      0.7192          -0     0.08183     1.290   144    2    3      0.9792    0    156      7    156      8    T1022s1TS354-D1.pdb:A  SCOP d1nhca_
  395      0.7183          -0     0.04492     1.236   143    2    4       0.958    0    156      7    156      8    T1022s1TS354-D1.pdb:A  SCOP d3vuba_
  396      0.7183          -0     0.04492     1.236   143    2    4       0.958    0    156      7    156      8    T1022s1TS354-D1.pdb:A  SCOP d4vuba_
  397      0.7183          -0     0.04492     1.236   143    2    4       0.958    0    156      7    156      8    T1022s1TS354-D1.pdb:A  SCOP d2vuba_
  398      0.7175   0.0005619       1.597     1.050   140    2    3      0.9786    0    156      7    156      7    T1022s1TS354-D1.pdb:A  SCOP d1oy7a_
  399      0.7175   0.0005619       1.597     1.050   140    2    3      0.9786    0    156      7    156      7    T1022s1TS354-D1.pdb:A  SCOP d1oxqa_
  400      0.7175    0.003713       1.854     1.050   140    2    3      0.9786    0    156      7    156      7    T1022s1TS354-D1.pdb:A  SCOP d1oxna_
  401      0.7175   6.764e-05       1.597     1.050   140    2    3      0.9786    0    156      7    156      8    T1022s1TS354-D1.pdb:A  SCOP d1tw6a_
  402      0.7164     0.03517       2.019     1.361   145    2    3      0.9793    0    156      7    156     10    T1022s1TS354-D1.pdb:A  SCOP d1a4va_
  403      0.7164          -0       1.484     1.362   145    2    2      0.9793    0    156      7    156      7    T1022s1TS354-D1.pdb:A  SCOP d1tfpa_
  404      0.7164          -0       2.776     1.362   145    2    2      0.9793    0    156      7    156      8    T1022s1TS354-D1.pdb:A  SCOP d1ie4a_
  405      0.7164          -0       1.001     1.362   145    2    2      0.9793    0    156      7    156      9    T1022s1TS354-D1.pdb:A  SCOP d1a1xa_
  406      0.7164          -0       0.373     1.362   145    2    2      0.9793    0    156      7    156      9    T1022s1TS354-D1.pdb:A  SCOP d1qtua_
  407       0.716          -0      0.5362     0.000   132    2    5           1    0    156      7    156      9    T1022s1TS354-D1.pdb:A  SCOP d1okda_
  408       0.716    2.42e-14       3.506     0.000   132    2    3           1    0    156      7    156      8    T1022s1TS354-D1.pdb:A  SCOP d1soya_
  409       0.716          -0       2.213     0.000   132    2    4           1    0    156      7    156      7    T1022s1TS354-D1.pdb:A  SCOP d1naqa_
  410       0.716          -0       0.557     0.000   132    2    4           1    0    156      7    156     10    T1022s1TS354-D1.pdb:A  SCOP d1qk8a_
  411      0.7145          -0        2.32     0.658   135    2    3      0.9704    0    156      7    156      8    T1022s1TS354-D1.pdb:A  SCOP d1o1wa_
  412      0.7129          -0      0.3489     0.561   134    2    5      0.9776    0    156      7    156     10    T1022s1TS354-D1.pdb:A  SCOP d1biza_
  413      0.7129          -0       1.154     0.561   134    2    5      0.9776    0    156      7    156     10    T1022s1TS354-D1.pdb:A  SCOP d1b92a_
  414      0.7129          -0       1.154     0.561   134    2    5      0.9776    0    156      7    156     10    T1022s1TS354-D1.pdb:A  SCOP d1b9da_
  415      0.7129          -0       2.419     0.561   134    2    4      0.9776    0    156      7    156     10    T1022s1TS354-D1.pdb:A  SCOP d1p3ra_
  416      0.7129          -0       2.419     0.561   134    2    4      0.9776    0    156      7    156     10    T1022s1TS354-D1.pdb:A  SCOP d1m7ea_
  417      0.7126          -0       3.485     0.565   134    2    4      0.9776    0    156      7    156      9    T1022s1TS354-D1.pdb:A  SCOP d1iq6a_
  418      0.7114          -0      0.1116     1.334   144    2    3      0.9583    0    156      7    156     10    T1022s1TS354-D1.pdb:A  SCOP d1xaua_
  419       0.711          -0      0.8219     1.391   145    2    2      0.9793    0    156      7    156      9    T1022s1TS354-D1.pdb:A  SCOP d1stma_
  420       0.711          -0       2.757     1.391   145    2    2      0.9793    0    156      7    156      8    T1022s1TS354-D1.pdb:A  SCOP d1wfta_
  421      0.7106          -0      0.2748     0.791   136    2    5      0.9559    0    156      7    156     10    T1022s1TS354-D1.pdb:A  SCOP d1bhla_
  422      0.7105          -0       1.185     0.792   136    2    5      0.9559    0    156      7    156     10    T1022s1TS354-D1.pdb:A  SCOP d1v4la_
  423      0.7099          -0       1.941     0.944   131    2    3      0.9771    0    156      7    141     10    T1022s1TS354-D1.pdb:A  SCOP d1esva1
  424      0.7077          -0       1.878     0.586   123    2    2      0.9756    0    156      7    132      9    T1022s1TS354-D1.pdb:A  SCOP d2cswa1
  425      0.7064          -0       1.646     0.909   137    2    4      0.9781    0    156      7    156      8    T1022s1TS354-D1.pdb:A  SCOP d1gz2a_
  426      0.7057          -0       2.012     1.366   144    2    3      0.9792    0    156      7    156      9    T1022s1TS354-D1.pdb:A  SCOP d1sn5a_
  427      0.7057          -0       2.012     1.366   144    2    3      0.9792    0    156      7    156      8    T1022s1TS354-D1.pdb:A  SCOP d1sn2a_
  428      0.7057          -0       1.726     1.366   144    2    3      0.9792    0    156      7    156      8    T1022s1TS354-D1.pdb:A  SCOP d1e4ha_
  429      0.7057          -0       1.726     1.366   144    2    3      0.9792    0    156      7    156      8    T1022s1TS354-D1.pdb:A  SCOP d1e5aa_
  430      0.7057          -0       1.726     1.366   144    2    3      0.9792    0    156      7    156      8    T1022s1TS354-D1.pdb:A  SCOP d1e3fa_
  431      0.7057          -0       1.726     1.366   144    2    3      0.9792    0    156      7    156      8    T1022s1TS354-D1.pdb:A  SCOP d1tz8a_
  432      0.7057          -0       2.012     1.366   144    2    3      0.9792    0    156      7    156      8    T1022s1TS354-D1.pdb:A  SCOP d1bz8a_
  433      0.7052          -0      0.4006     0.000   131    2    5           1    0    156      7    156     10    T1022s1TS354-D1.pdb:A  SCOP d1ewxa_
  434      0.7052          -0       2.721     0.000   131    3    5           1    0    156      7    156     13    T1022s1TS354-D1.pdb:A  SCOP d1ef7a_
  435      0.7049          -0       1.896     0.944   131    2    3      0.9771    0    156      7    142     10    T1022s1TS354-D1.pdb:A  SCOP d1h1va1
  436      0.7036          -0       2.154     0.948   130    2    3      0.9769    0    156      7    140      9    T1022s1TS354-D1.pdb:A  SCOP d2a5xa1
  437      0.7033          -0       2.366     0.665   134    2    3      0.9776    0    156      7    156      9    T1022s1TS354-D1.pdb:A  SCOP d1xqaa_
  438      0.7022          -0       1.154     0.563   133    2    5      0.9774    0    156      7    156     10    T1022s1TS354-D1.pdb:A  SCOP d1hyva_
  439       0.702          -0      0.9123     0.822   127    2    3      0.9528    0    156      7    137     10    T1022s1TS354-D1.pdb:A  SCOP d1pgsa1
  440         0.7          -0     0.04719     1.398   144    3    3      0.9583    0    156      7    156     14    T1022s1TS354-D1.pdb:A  SCOP d4wbca_
  441         0.7          -0     0.04719     1.398   144    3    3      0.9583    0    156      7    156     14    T1022s1TS354-D1.pdb:A  SCOP d2wbca_
  442      0.6998          -0      0.1191     0.794   135    3    6      0.9556    0    156      7    156     11    T1022s1TS354-D1.pdb:A  SCOP d1qs4a_
  443      0.6993          -0       2.301     1.035   138    3    3      0.9783    0    156      7    156     10    T1022s1TS354-D1.pdb:A  SCOP d1rlha_
  444      0.6979          -0      0.6571     1.298   142    2    5      0.9789    0    156      7    156      9    T1022s1TS354-D1.pdb:A  SCOP d1s04a_
  445      0.6961          -0       2.851     1.189   140    2    3      0.9786    0    156      7    156      6    T1022s1TS354-D1.pdb:A  SCOP d1wd0a_
  446      0.6961          -0       2.851     1.189   140    2    3      0.9786    0    156      7    156      6    T1022s1TS354-D1.pdb:A  SCOP d1azpa_
  447      0.6952          -0       2.012     1.371   143    2    3       0.979    0    156      7    156      8    T1022s1TS354-D1.pdb:A  SCOP d1icta_
  448      0.6952          -0       1.726     1.371   143    2    3       0.979    0    156      7    156      8    T1022s1TS354-D1.pdb:A  SCOP d2paba_
  449      0.6952          -0       2.776     1.371   143    2    3       0.979    0    156      7    156      8    T1022s1TS354-D1.pdb:A  SCOP d1kgja_
  450      0.6952          -0        2.37     1.371   143    2    3       0.979    0    156      7    156      8    T1022s1TS354-D1.pdb:A  SCOP d1gkea_
  451      0.6944   3.414e-11       4.152     0.000   130    2    3           1    0    156      7    156     10    T1022s1TS354-D1.pdb:A  SCOP d1to0a_
  452      0.6939          -0        1.56     0.000   127    2    3           1    0    156      7    149      9    T1022s1TS354-D1.pdb:A  SCOP d1e3pa3
  453      0.6923          -0       1.941     0.951   129    2    3      0.9767    0    156      7    140      9    T1022s1TS354-D1.pdb:A  SCOP d2q31a1
  454      0.6923          -0       3.551     0.000   126    3    3           1    0    156      7    147     13    T1022s1TS354-D1.pdb:A  SCOP d2hqva1
  455      0.6923   6.104e-13       4.581     0.000   108    2    0           1    0    156      7    108     10    T1022s1TS354-D1.pdb:A  SCOP d1z8ga2
  456      0.6916   3.102e-13       1.242     1.445   144    2    2      0.9792    0    156      7    156      5    T1022s1TS354-D1.pdb:A  SCOP d1tpna_
  457      0.6914          -0       0.679     0.565   132    2    7      0.9773    0    156      7    156     10    T1022s1TS354-D1.pdb:A  SCOP d1heya_
  458      0.6909          -0       2.105     0.000   117    2    3           1    0    156      7    127     10    T1022s1TS354-D1.pdb:A  SCOP d1n39a2
  459      0.6909          -0       2.105     0.000   117    2    3           1    0    156      7    127     10    T1022s1TS354-D1.pdb:A  SCOP d1hu0a2
  460      0.6909          -0       2.105     0.000   117    2    3           1    0    156      7    127     10    T1022s1TS354-D1.pdb:A  SCOP d1ebma2
  461      0.6909          -0       2.105     0.000   117    2    3           1    0    156      7    127     10    T1022s1TS354-D1.pdb:A  SCOP d1fn7a2
  462      0.6909          -0       2.105     0.000   117    2    3           1    0    156      7    127     10    T1022s1TS354-D1.pdb:A  SCOP d1lwwa2
  463      0.6909          -0       2.105     0.000   117    2    3           1    0    156      7    127     10    T1022s1TS354-D1.pdb:A  SCOP d1lwva2
  464      0.6909          -0       2.105     0.000   117    2    3           1    0    156      7    127     10    T1022s1TS354-D1.pdb:A  SCOP d1lwya2
  465       0.688          -0        1.83     1.044   137    2    2      0.9781    0    156      7    156      6    T1022s1TS354-D1.pdb:A  SCOP d1wk2a_
  466      0.6877   1.938e-14       3.836     0.000   119    2    5           1    0    156      7    132      9    T1022s1TS354-D1.pdb:A  SCOP d1x53a1
  467      0.6858          -0      0.9599     1.477   144    2    3      0.9583    0    156      7    156      8    T1022s1TS354-D1.pdb:A  SCOP d1iika_
  468      0.6858          -0      0.9599     1.477   144    2    3      0.9583    0    156      7    156      8    T1022s1TS354-D1.pdb:A  SCOP d1dvya_
  469      0.6858          -0      0.9599     1.477   144    2    3      0.9583    0    156      7    156      8    T1022s1TS354-D1.pdb:A  SCOP d1iiia_
  470      0.6858          -0      0.9599     1.477   144    2    3      0.9583    0    156      7    156      8    T1022s1TS354-D1.pdb:A  SCOP d2trya_
  471      0.6858          -0      0.9599     1.477   144    2    3      0.9583    0    156      7    156      8    T1022s1TS354-D1.pdb:A  SCOP d1thca_
  472      0.6858          -0      0.9599     1.477   144    2    3      0.9583    0    156      7    156      8    T1022s1TS354-D1.pdb:A  SCOP d1ttca_
  473      0.6858          -0      0.9599     1.477   144    2    3      0.9583    0    156      7    156      8    T1022s1TS354-D1.pdb:A  SCOP d1tlma_
  474      0.6858          -0      0.9599     1.477   144    2    3      0.9583    0    156      7    156      8    T1022s1TS354-D1.pdb:A  SCOP d1tsha_
  475      0.6858          -0      0.9599     1.477   144    2    3      0.9583    0    156      7    156      8    T1022s1TS354-D1.pdb:A  SCOP d2trha_
  476      0.6858          -0      0.9599     1.477   144    2    3      0.9583    0    156      7    156      8    T1022s1TS354-D1.pdb:A  SCOP d1tyra_
  477      0.6858          -0      0.9599     1.477   144    2    3      0.9583    0    156      7    156      8    T1022s1TS354-D1.pdb:A  SCOP d1ttaa_
  478      0.6856          -0       2.851     1.193   139    2    3      0.9784    0    156      7    156      6    T1022s1TS354-D1.pdb:A  SCOP d1azqa_
  479      0.6856          -0        2.32     1.193   139    2    3      0.9784    0    156      7    156      6    T1022s1TS354-D1.pdb:A  SCOP d1wd1a_
  480      0.6838          -0      0.5362     0.000   129    2    5           1    0    156      7    156     10    T1022s1TS354-D1.pdb:A  SCOP d1o73a_
  481      0.6838          -0      0.9227     0.000   129    2    3           1    0    156      7    156      9    T1022s1TS354-D1.pdb:A  SCOP d1r1ma_
  482      0.6838          -0       0.557     0.000   129    2    5           1    0    156      7    156     10    T1022s1TS354-D1.pdb:A  SCOP d1o85a_
  483      0.6833          -0     0.03847     1.076   137    2    4      0.9489    0    156      7    156      9    T1022s1TS354-D1.pdb:A  SCOP d1tuwa_
  484      0.6828          -0       2.648     0.000   114    2    1           1    0    156      7    122      8    T1022s1TS354-D1.pdb:A  SCOP d2bc3a1
  485      0.6812          -0        1.46     0.955   128    2    3      0.9766    0    156      7    140      9    T1022s1TS354-D1.pdb:A  SCOP d1y64a1
  486      0.6809          -0     0.02211     1.159   138    2    4      0.9493    0    156      7    156      9    T1022s1TS354-D1.pdb:A  SCOP d1m1fa_
  487      0.6809          -0       1.964     0.567   131    2    4      0.9771    0    156      7    156     10    T1022s1TS354-D1.pdb:A  SCOP d1s7ia_
  488      0.6805          -0       2.358     0.571   131    2    5      0.9771    0    156      7    156     10    T1022s1TS354-D1.pdb:A  SCOP d1nxva_
  489      0.6805          -0       2.358     0.571   131    2    5      0.9771    0    156      7    156     10    T1022s1TS354-D1.pdb:A  SCOP d1nxta_
  490      0.6805          -0       2.358     0.571   131    2    5      0.9771    0    156      7    156     10    T1022s1TS354-D1.pdb:A  SCOP d1nxxa_
  491      0.6799   1.056e-08       2.336     1.800   150    2    2        0.98    0    156      7    156      6    T1022s1TS354-D1.pdb:A  SCOP d1o4ha_
  492      0.6799          -0       2.336     1.800   150    2    2        0.98    0    156      7    156      7    T1022s1TS354-D1.pdb:A  SCOP d1o42a_
  493      0.6799          -0       2.336     1.800   150    2    2        0.98    0    156      7    156      7    T1022s1TS354-D1.pdb:A  SCOP d1o4oa_
  494      0.6799          -0       2.336     1.800   150    2    2        0.98    0    156      7    156      7    T1022s1TS354-D1.pdb:A  SCOP d1o47a_
