<html><head></head><body><pre style="word-wrap: break-word; white-space: pre-wrap;"> PDBe Fold v2.59. (src3) 14 Apr 2014 result file.

                   RESULT SUMMARY

   ##      Q-score      P-score     Z-score   RMSD    Nalgn Nsse Ngaps Seq-%     Nmd Nres-Q Nsse-Q Nres-T Nsse-T Query Target
    1      0.9224          -0      0.6411     0.000    97    2    4           1    0    101      7    101     10    T1021s3TS043-D2.pdb:A  SCOP d1lsxa_
    2      0.9224          -0      0.6411     0.000    97    2    4           1    0    101      7    101     10    T1021s3TS043-D2.pdb:A  SCOP d1lt0a_
    3      0.9224          -0      0.6411     0.000    97    2    4           1    0    101      7    101     10    T1021s3TS043-D2.pdb:A  SCOP d1dp8a_
    4      0.9224          -0      0.6411     0.000    97    2    4           1    0    101      7    101     10    T1021s3TS043-D2.pdb:A  SCOP d1dp9a_
    5      0.9224          -0      0.6411     0.000    97    2    4           1    0    101      7    101     10    T1021s3TS043-D2.pdb:A  SCOP d1lswa_
    6      0.9224          -0      0.6411     0.000    97    2    4           1    0    101      7    101     10    T1021s3TS043-D2.pdb:A  SCOP d1dp6a_
    7      0.9224          -0      0.6411     0.000    97    2    4           1    0    101      7    101     10    T1021s3TS043-D2.pdb:A  SCOP d1drma_
    8      0.9224          -0      0.6411     0.000    97    2    4           1    0    101      7    101     10    T1021s3TS043-D2.pdb:A  SCOP d1y28a_
    9      0.9224          -0      0.6411     0.000    97    2    4           1    0    101      7    101     10    T1021s3TS043-D2.pdb:A  SCOP d1lsva_
   10      0.8847      0.6273       3.628     0.000    95    2    1           1    0    101      7    101      4    T1021s3TS043-D2.pdb:A  SCOP d1eoqa_
   11      0.8662          -0  1.798e+308     0.000    94    3    2           1    0    101      7    101     14    T1021s3TS043-D2.pdb:A  SCOP d2euga_
   12      0.8297          -0  1.798e+308     0.000    92    2    3           1    0    101      7    101      9    T1021s3TS043-D2.pdb:A  SCOP d1kafa_
   13      0.8118          -0  1.798e+308     0.000    91    2    3           1    0    101      7    101     10    T1021s3TS043-D2.pdb:A  SCOP d1hyza_
   14      0.8118          -0  1.798e+308     0.000    91    2    3           1    0    101      7    101     10    T1021s3TS043-D2.pdb:A  SCOP d1b92a_
   15      0.8118          -0  1.798e+308     0.000    91    2    3           1    0    101      7    101     10    T1021s3TS043-D2.pdb:A  SCOP d1b9fa_
   16      0.8118          -0  1.798e+308     0.000    91    2    3           1    0    101      7    101     10    T1021s3TS043-D2.pdb:A  SCOP d1b9da_
   17      0.8118          -0  1.798e+308     0.000    91    2    3           1    0    101      7    101     10    T1021s3TS043-D2.pdb:A  SCOP d1hyva_
   18      0.8118          -0  1.798e+308     0.000    91    2    3           1    0    101      7    101     10    T1021s3TS043-D2.pdb:A  SCOP d1exqa_
   19       0.794          -0  1.798e+308     0.000    90    2    3           1    0    101      7    101     10    T1021s3TS043-D2.pdb:A  SCOP d1bl3a_
   20       0.794          -0       3.262     0.000    90    2    2           1    0    101      7    101      9    T1021s3TS043-D2.pdb:A  SCOP d1wida_
   21      0.7843          -0       2.396     0.000    89    2    2           1    0    101      7    100      9    T1021s3TS043-D2.pdb:A  SCOP d2fo1a2
   22      0.7824    0.002913       4.709     0.000    88    2    2           1    0    101      7     98      9    T1021s3TS043-D2.pdb:A  SCOP d7mdha2
   23      0.7526    0.003083       3.931     0.000    77    3    1           1    0    101      7     78      7    T1021s3TS043-D2.pdb:A  SCOP d1l2fa2
   24       0.742          -0       1.298     0.000    87    3    2           1    0    101      7    101     14    T1021s3TS043-D2.pdb:A  SCOP d1cawa_
   25      0.7354          -0       1.958     0.000    84    2    3           1    0    101      7     95      6    T1021s3TS043-D2.pdb:A  SCOP d1gr0a2
   26       0.725          -0  1.798e+308     0.000    86    2    2           1    0    101      7    101      5    T1021s3TS043-D2.pdb:A  SCOP d1avsa_
   27       0.725          -0  1.798e+308     0.000    86    2    2           1    0    101      7    101      9    T1021s3TS043-D2.pdb:A  SCOP d1axja_
   28       0.725          -0  1.798e+308     0.000    86    2    2           1    0    101      7    101      7    T1021s3TS043-D2.pdb:A  SCOP d1bu3a_
   29       0.725          -0  1.798e+308     0.000    86    2    2           1    0    101      7    101      9    T1021s3TS043-D2.pdb:A  SCOP d1s3pa_
   30       0.725          -0  1.798e+308     0.000    86    2    2           1    0    101      7    101      5    T1021s3TS043-D2.pdb:A  SCOP d1tnqa_
   31       0.725          -0  1.798e+308     0.000    86    2    2           1    0    101      7    101      6    T1021s3TS043-D2.pdb:A  SCOP d1trfa_
   32       0.725          -0  1.798e+308     0.000    86    2    2           1    0    101      7    101      6    T1021s3TS043-D2.pdb:A  SCOP d2pasa_
   33       0.725          -0  1.798e+308     0.000    86    2    2           1    0    101      7    101      6    T1021s3TS043-D2.pdb:A  SCOP d1mnla_
   34       0.725          -0  1.798e+308     0.000    86    2    2           1    0    101      7    101      4    T1021s3TS043-D2.pdb:A  SCOP d1fw4a_
   35       0.725          -0  1.798e+308     0.000    86    2    2           1    0    101      7    101     10    T1021s3TS043-D2.pdb:A  SCOP d1nb0a_
   36       0.725          -0  1.798e+308     0.000    86    3    2           1    0    101      7    101      9    T1021s3TS043-D2.pdb:A  SCOP d1hzea_
   37       0.725          -0  1.798e+308     0.000    86    2    2           1    0    101      7    101      8    T1021s3TS043-D2.pdb:A  SCOP d1qiwa_
   38       0.725          -0  1.798e+308     0.000    86    2    2           1    0    101      7    101      4    T1021s3TS043-D2.pdb:A  SCOP d1rtoa_
   39       0.725          -0  1.798e+308     0.000    86    3    2           1    0    101      7    101     11    T1021s3TS043-D2.pdb:A  SCOP d2bfha_
   40       0.725          -0  1.798e+308     0.000    86    3    2           1    0    101      7    101     11    T1021s3TS043-D2.pdb:A  SCOP d1bfga_
   41       0.725          -0  1.798e+308     0.000    86    2    2           1    0    101      7    101      8    T1021s3TS043-D2.pdb:A  SCOP d1dmoa_
   42       0.725          -0  1.798e+308     0.000    86    2    2           1    0    101      7    101     10    T1021s3TS043-D2.pdb:A  SCOP d1wfra_
   43       0.725          -0  1.798e+308     0.000    86    2    2           1    0    101      7    101     10    T1021s3TS043-D2.pdb:A  SCOP d1kf8a_
   44       0.725          -0  1.798e+308     0.000    86    2    2           1    0    101      7    101     10    T1021s3TS043-D2.pdb:A  SCOP d1agia_
   45       0.725          -0  1.798e+308     0.000    86    2    2           1    0    101      7    101     10    T1021s3TS043-D2.pdb:A  SCOP d1gioa_
   46       0.725          -0  1.798e+308     0.000    86    2    2           1    0    101      7    101      5    T1021s3TS043-D2.pdb:A  SCOP d1luka_
   47       0.725          -0  1.798e+308     0.000    86    2    2           1    0    101      7    101      5    T1021s3TS043-D2.pdb:A  SCOP d1nera_
   48       0.725          -0  1.798e+308     0.000    86    2    2           1    0    101      7    101      5    T1021s3TS043-D2.pdb:A  SCOP d1neqa_
   49       0.725          -0  1.798e+308     0.000    86    2    2           1    0    101      7    101      5    T1021s3TS043-D2.pdb:A  SCOP d1stua_
   50       0.725          -0  1.798e+308     0.000    86    2    2           1    0    101      7    101      4    T1021s3TS043-D2.pdb:A  SCOP d1l1ma_
   51       0.725          -0  1.798e+308     0.000    86    2    2           1    0    101      7    101      9    T1021s3TS043-D2.pdb:A  SCOP d1tp6a_
   52       0.725          -0  1.798e+308     0.000    86    2    2           1    0    101      7    101      5    T1021s3TS043-D2.pdb:A  SCOP d1hq1a_
   53       0.725          -0  1.798e+308     0.000    86    3    2           1    0    101      7    101      7    T1021s3TS043-D2.pdb:A  SCOP d1rpya_
   54       0.725          -0  1.798e+308     0.000    86    2    2           1    0    101      7    101      7    T1021s3TS043-D2.pdb:A  SCOP d1ptfa_
   55       0.725          -0  1.798e+308     0.000    86    3    2           1    0    101      7    101      7    T1021s3TS043-D2.pdb:A  SCOP d1opda_
   56       0.725          -0  1.798e+308     0.000    86    2    2           1    0    101      7    101      5    T1021s3TS043-D2.pdb:A  SCOP d1huma_
   57       0.725          -0  1.798e+308     0.000    86    3    2           1    0    101      7    101      7    T1021s3TS043-D2.pdb:A  SCOP d1pcha_
   58       0.725          -0  1.798e+308     0.000    86    2    2           1    0    101      7    101      5    T1021s3TS043-D2.pdb:A  SCOP d1huna_
   59       0.725          -0  1.798e+308     0.000    86    2    2           1    0    101      7    101      5    T1021s3TS043-D2.pdb:A  SCOP d1ksma_
   60       0.725          -0  1.798e+308     0.000    86    2    2           1    0    101      7    101      7    T1021s3TS043-D2.pdb:A  SCOP d1jwda_
   61       0.725          -0  1.798e+308     0.000    86    3    2           1    0    101      7    101      9    T1021s3TS043-D2.pdb:A  SCOP d1gy6a_
   62       0.725          -0  1.798e+308     0.000    86    2    2           1    0    101      7    101      6    T1021s3TS043-D2.pdb:A  SCOP d1k9pa_
   63       0.725          -0  1.798e+308     0.000    86    2    2           1    0    101      7    101      7    T1021s3TS043-D2.pdb:A  SCOP d1r57a_
   64       0.725          -0  1.798e+308     0.000    86    2    2           1    0    101      7    101      4    T1021s3TS043-D2.pdb:A  SCOP d1ig4a_
   65       0.725          -0  1.798e+308     0.000    86    2    2           1    0    101      7    101      6    T1021s3TS043-D2.pdb:A  SCOP d1wjja_
   66       0.725          -0  1.798e+308     0.000    86    2    2           1    0    101      7    101      8    T1021s3TS043-D2.pdb:A  SCOP d1krta_
   67       0.725          -0  1.798e+308     0.000    86    2    2           1    0    101      7    101      7    T1021s3TS043-D2.pdb:A  SCOP d1jora_
   68       0.725          -0  1.798e+308     0.000    86    2    2           1    0    101      7    101      9    T1021s3TS043-D2.pdb:A  SCOP d1tqoa_
   69       0.725          -0  1.798e+308     0.000    86    2    2           1    0    101      7    101      9    T1021s3TS043-D2.pdb:A  SCOP d1ey7a_
   70       0.725          -0  1.798e+308     0.000    86    2    2           1    0    101      7    101      9    T1021s3TS043-D2.pdb:A  SCOP d1ak7a_
   71       0.725          -0  1.798e+308     0.000    86    2    2           1    0    101      7    101      9    T1021s3TS043-D2.pdb:A  SCOP d1syga_
   72       0.725          -0  1.798e+308     0.000    86    2    2           1    0    101      7    101     10    T1021s3TS043-D2.pdb:A  SCOP d1kf2a_
   73       0.725          -0  1.798e+308     0.000    86    2    2           1    0    101      7    101      6    T1021s3TS043-D2.pdb:A  SCOP d1e17a_
   74       0.725          -0  1.798e+308     0.000    86    2    2           1    0    101      7    101      8    T1021s3TS043-D2.pdb:A  SCOP d1td4a_
   75       0.725          -0  1.798e+308     0.000    86    3    2           1    0    101      7    101     10    T1021s3TS043-D2.pdb:A  SCOP d1kf3a_
   76       0.725          -0  1.798e+308     0.000    86    3    2           1    0    101      7    101     13    T1021s3TS043-D2.pdb:A  SCOP d1l1da_
   77       0.725          -0  1.798e+308     0.000    86    2    2           1    0    101      7    101     10    T1021s3TS043-D2.pdb:A  SCOP d1n02a_
   78       0.725          -0  1.798e+308     0.000    86    2    2           1    0    101      7    101      5    T1021s3TS043-D2.pdb:A  SCOP d1tuza_
   79       0.725          -0  1.798e+308     0.000    86    2    2           1    0    101      7    101      9    T1021s3TS043-D2.pdb:A  SCOP d1syea_
   80       0.725          -0       2.947     0.000    86    3    2           1    0    101      7    101     12    T1021s3TS043-D2.pdb:A  SCOP d1dy2a_
   81       0.725          -0  1.798e+308     0.000    86    3    2           1    0    101      7    101     12    T1021s3TS043-D2.pdb:A  SCOP d1pnea_
   82       0.725          -0  1.798e+308     0.000    86    2    2           1    0    101      7    101      9    T1021s3TS043-D2.pdb:A  SCOP d1vqca_
   83       0.725          -0  1.798e+308     0.000    86    2    2           1    0    101      7    101      9    T1021s3TS043-D2.pdb:A  SCOP d1vqda_
   84       0.725          -0  1.798e+308     0.000    86    3    2           1    0    101      7    101     10    T1021s3TS043-D2.pdb:A  SCOP d1kf5a_
   85       0.725          -0  1.798e+308     0.000    86    3    2           1    0    101      7    101     14    T1021s3TS043-D2.pdb:A  SCOP d1rf8a_
   86       0.725          -0  1.798e+308     0.000    86    2    2           1    0    101      7    101     10    T1021s3TS043-D2.pdb:A  SCOP d1kf4a_
   87       0.725          -0  1.798e+308     0.000    86    2    2           1    0    101      7    101      8    T1021s3TS043-D2.pdb:A  SCOP d1soya_
   88       0.725          -0  1.798e+308     0.000    86    2    2           1    0    101      7    101      9    T1021s3TS043-D2.pdb:A  SCOP d1vqja_
   89       0.725          -0  1.798e+308     0.000    86    2    2           1    0    101      7    101      5    T1021s3TS043-D2.pdb:A  SCOP d1j2xa_
   90       0.725          -0  1.798e+308     0.000    86    2    2           1    0    101      7    101      9    T1021s3TS043-D2.pdb:A  SCOP d1vqha_
   91       0.725          -0  1.798e+308     0.000    86    2    2           1    0    101      7    101      8    T1021s3TS043-D2.pdb:A  SCOP d2bbna_
   92       0.725          -0  1.798e+308     0.000    86    2    2           1    0    101      7    101      9    T1021s3TS043-D2.pdb:A  SCOP d1vqia_
   93       0.725          -0  1.798e+308     0.000    86    2    2           1    0    101      7    101      9    T1021s3TS043-D2.pdb:A  SCOP d1vqga_
   94       0.725          -0  1.798e+308     0.000    86    2    2           1    0    101      7    101      3    T1021s3TS043-D2.pdb:A  SCOP d1gzia_
   95       0.725          -0  1.798e+308     0.000    86    2    2           1    0    101      7    101      7    T1021s3TS043-D2.pdb:A  SCOP d2hdca_
   96       0.725          -0  1.798e+308     0.000    86    2    2           1    0    101      7    101      4    T1021s3TS043-D2.pdb:A  SCOP d2hipa_
   97       0.725          -0  1.798e+308     0.000    86    2    2           1    0    101      7    101      4    T1021s3TS043-D2.pdb:A  SCOP d1otfa_
   98       0.725          -0  1.798e+308     0.000    86    2    2           1    0    101      7    101      9    T1021s3TS043-D2.pdb:A  SCOP d1gkha_
   99       0.725          -0  1.798e+308     0.000    86    2    2           1    0    101      7    101      9    T1021s3TS043-D2.pdb:A  SCOP d1gvpa_
  100       0.725          -0  1.798e+308     0.000    86    3    2           1    0    101      7    101     11    T1021s3TS043-D2.pdb:A  SCOP d4cyha_
  101       0.725          -0  1.798e+308     0.000    86    3    2           1    0    101      7    101     11    T1021s3TS043-D2.pdb:A  SCOP d3cyha_
  102       0.725          -0  1.798e+308     0.000    86    3    2           1    0    101      7    101     11    T1021s3TS043-D2.pdb:A  SCOP d2cyha_
  103       0.725          -0  1.798e+308     0.000    86    3    2           1    0    101      7    101     11    T1021s3TS043-D2.pdb:A  SCOP d2cpla_
  104       0.725          -0  1.798e+308     0.000    86    2    2           1    0    101      7    101     10    T1021s3TS043-D2.pdb:A  SCOP d1stpa_
  105       0.725          -0  1.798e+308     0.000    86    2    2           1    0    101      7    101     10    T1021s3TS043-D2.pdb:A  SCOP d2izia_
  106       0.725          -0  1.798e+308     0.000    86    2    2           1    0    101      7    101      9    T1021s3TS043-D2.pdb:A  SCOP d1srja_
  107       0.725          -0  1.798e+308     0.000    86    2    2           1    0    101      7    101     10    T1021s3TS043-D2.pdb:A  SCOP d2izja_
  108       0.725          -0  1.798e+308     0.000    86    3    2           1    0    101      7    101     13    T1021s3TS043-D2.pdb:A  SCOP d1o8va_
  109       0.725          -0  1.798e+308     0.000    86    3    2           1    0    101      7    101      6    T1021s3TS043-D2.pdb:A  SCOP d1dtja_
  110       0.725          -0  1.798e+308     0.000    86    2    2           1    0    101      7    101      7    T1021s3TS043-D2.pdb:A  SCOP d1aela_
  111       0.725          -0  1.798e+308     0.000    86    2    2           1    0    101      7    101      4    T1021s3TS043-D2.pdb:A  SCOP d1a57a_
  112       0.725          -0  1.798e+308     0.000    86    2    2           1    0    101      7    101      5    T1021s3TS043-D2.pdb:A  SCOP d1s7za_
  113       0.725          -0  1.798e+308     0.000    86    2    2           1    0    101      7    101      4    T1021s3TS043-D2.pdb:A  SCOP d1q1va_
  114       0.725          -0  1.798e+308     0.000    86    2    2           1    0    101      7    101      8    T1021s3TS043-D2.pdb:A  SCOP d1nr3a_
  115       0.725          -0  1.798e+308     0.000    86    2    2           1    0    101      7    101     10    T1021s3TS043-D2.pdb:A  SCOP d1iiua_
  116       0.725          -0  1.798e+308     0.000    86    2    2           1    0    101      7    101      8    T1021s3TS043-D2.pdb:A  SCOP d2bida_
  117       0.725          -0  1.798e+308     0.000    86    2    2           1    0    101      7    101      4    T1021s3TS043-D2.pdb:A  SCOP d1vdla_
  118       0.725          -0  1.798e+308     0.000    86    2    2           1    0    101      7    101     10    T1021s3TS043-D2.pdb:A  SCOP d1jyda_
  119       0.725          -0  1.798e+308     0.000    86    3    2           1    0    101      7    101      6    T1021s3TS043-D2.pdb:A  SCOP d1iyva_
  120       0.725          -0  1.798e+308     0.000    86    2    2           1    0    101      7    101     10    T1021s3TS043-D2.pdb:A  SCOP d1ge6a_
  121       0.725          -0  1.798e+308     0.000    86    2    2           1    0    101      7    101      9    T1021s3TS043-D2.pdb:A  SCOP d1k7aa_
  122       0.725          -0  1.798e+308     0.000    86    2    2           1    0    101      7    101      4    T1021s3TS043-D2.pdb:A  SCOP d1hkta_
  123       0.725          -0  1.798e+308     0.000    86    2    2           1    0    101      7    101      9    T1021s3TS043-D2.pdb:A  SCOP d1o0ha_
  124       0.725          -0  1.798e+308     0.000    86    3    2           1    0    101      7    101      6    T1021s3TS043-D2.pdb:A  SCOP d1bdoa_
  125       0.725          -0  1.798e+308     0.000    86    2    2           1    0    101      7    101      7    T1021s3TS043-D2.pdb:A  SCOP d1gtfa_
  126       0.725          -0  1.798e+308     0.000    86    2    2           1    0    101      7    101     10    T1021s3TS043-D2.pdb:A  SCOP d1vj2a_
  127       0.725          -0  1.798e+308     0.000    86    3    2           1    0    101      7    101     13    T1021s3TS043-D2.pdb:A  SCOP d1qy4a_
  128       0.725          -0  1.798e+308     0.000    86    3    2           1    0    101      7    101     13    T1021s3TS043-D2.pdb:A  SCOP d1qxja_
  129       0.725          -0  1.798e+308     0.000    86    3    2           1    0    101      7    101     13    T1021s3TS043-D2.pdb:A  SCOP d1qxra_
  130       0.725          -0  1.798e+308     0.000    86    2    2           1    0    101      7    101      8    T1021s3TS043-D2.pdb:A  SCOP d1nhca_
  131       0.725          -0  1.798e+308     0.000    86    2    2           1    0    101      7    101      8    T1021s3TS043-D2.pdb:A  SCOP d3ayka_
  132       0.725          -0  1.798e+308     0.000    86    2    2           1    0    101      7    101      8    T1021s3TS043-D2.pdb:A  SCOP d4ayka_
  133       0.725          -0  1.798e+308     0.000    86    2    2           1    0    101      7    101      3    T1021s3TS043-D2.pdb:A  SCOP d1gjxa_
  134       0.725          -0  1.798e+308     0.000    86    2    2           1    0    101      7    101      3    T1021s3TS043-D2.pdb:A  SCOP d1k9ra_
  135       0.725          -0  1.798e+308     0.000    86    3    2           1    0    101      7    101      8    T1021s3TS043-D2.pdb:A  SCOP d1oqja_
  136       0.725          -0  1.798e+308     0.000    86    2    2           1    0    101      7    101      9    T1021s3TS043-D2.pdb:A  SCOP d1o0fa_
  137       0.725          -0  1.798e+308     0.000    86    3    2           1    0    101      7    101     11    T1021s3TS043-D2.pdb:A  SCOP d5cyha_
  138       0.725          -0  1.798e+308     0.000    86    2    2           1    0    101      7    101      6    T1021s3TS043-D2.pdb:A  SCOP d1scfa_
  139       0.725          -0  1.798e+308     0.000    86    2    2           1    0    101      7    101      9    T1021s3TS043-D2.pdb:A  SCOP d1bc4a_
  140       0.725          -0  1.798e+308     0.000    86    3    2           1    0    101      7    101      9    T1021s3TS043-D2.pdb:A  SCOP d1m58a_
  141       0.725          -0  1.798e+308     0.000    86    2    2           1    0    101      7    101      5    T1021s3TS043-D2.pdb:A  SCOP d1py2a_
  142       0.725          -0  1.798e+308     0.000    86    2    2           1    0    101      7    101      5    T1021s3TS043-D2.pdb:A  SCOP d1kzka_
  143       0.725          -0  1.798e+308     0.000    86    2    2           1    0    101      7    101      9    T1021s3TS043-D2.pdb:A  SCOP d1wjxa_
  144       0.725          -0  1.798e+308     0.000    86    2    2           1    0    101      7    101      9    T1021s3TS043-D2.pdb:A  SCOP d1k8ha_
  145       0.725          -0  1.798e+308     0.000    86    2    2           1    0    101      7    101      5    T1021s3TS043-D2.pdb:A  SCOP d1ayda_
  146       0.725          -0  1.798e+308     0.000    86    2    2           1    0    101      7    101     10    T1021s3TS043-D2.pdb:A  SCOP d1hi3a_
  147       0.725          -0  1.798e+308     0.000    86    2    2           1    0    101      7    101     10    T1021s3TS043-D2.pdb:A  SCOP d1hi5a_
  148       0.725          -0  1.798e+308     0.000    86    2    2           1    0    101      7    101     10    T1021s3TS043-D2.pdb:A  SCOP d1hi4a_
  149       0.725          -0  1.798e+308     0.000    86    3    2           1    0    101      7    101     10    T1021s3TS043-D2.pdb:A  SCOP d1kf7a_
  150       0.725          -0  1.798e+308     0.000    86    2    2           1    0    101      7    101      2    T1021s3TS043-D2.pdb:A  SCOP d1l6ea_
  151       0.725          -0  1.798e+308     0.000    86    2    2           1    0    101      7    101      2    T1021s3TS043-D2.pdb:A  SCOP d1g2ya_
  152       0.725          -0  1.798e+308     0.000    86    2    2           1    0    101      7    101      7    T1021s3TS043-D2.pdb:A  SCOP d1bfia_
  153       0.725          -0  1.798e+308     0.000    86    2    2           1    0    101      7    101      4    T1021s3TS043-D2.pdb:A  SCOP d1poua_
  154       0.725          -0  1.798e+308     0.000    86    2    2           1    0    101      7    101     10    T1021s3TS043-D2.pdb:A  SCOP d1un3a_
  155       0.725          -0  1.798e+308     0.000    86    2    2           1    0    101      7    101     10    T1021s3TS043-D2.pdb:A  SCOP d1k5ba_
  156       0.725          -0  1.798e+308     0.000    86    2    2           1    0    101      7    101     10    T1021s3TS043-D2.pdb:A  SCOP d1k5aa_
  157       0.725          -0  1.798e+308     0.000    86    2    2           1    0    101      7    101      6    T1021s3TS043-D2.pdb:A  SCOP d1nwba_
  158       0.725          -0  1.798e+308     0.000    86    2    2           1    0    101      7    101      9    T1021s3TS043-D2.pdb:A  SCOP d1afua_
  159       0.725          -0  1.798e+308     0.000    86    2    2           1    0    101      7    101      8    T1021s3TS043-D2.pdb:A  SCOP d1ddva_
  160       0.725          -0  1.798e+308     0.000    86    2    2           1    0    101      7    101      8    T1021s3TS043-D2.pdb:A  SCOP d1i2ha_
  161       0.725          -0  1.798e+308     0.000    86    2    2           1    0    101      7    101      8    T1021s3TS043-D2.pdb:A  SCOP d1evha_
  162       0.725          -0  1.798e+308     0.000    86    2    2           1    0    101      7    101      9    T1021s3TS043-D2.pdb:A  SCOP d1uefa_
  163       0.725          -0  1.798e+308     0.000    86    3    2           1    0    101      7    101     11    T1021s3TS043-D2.pdb:A  SCOP d1nu2a_
  164       0.725          -0  1.798e+308     0.000    86    3    2           1    0    101      7    101     11    T1021s3TS043-D2.pdb:A  SCOP d1ntva_
  165       0.725          -0  1.798e+308     0.000    86    2    2           1    0    101      7    101     10    T1021s3TS043-D2.pdb:A  SCOP d1n3ha_
  166       0.725          -0  1.798e+308     0.000    86    2    2           1    0    101      7    101      8    T1021s3TS043-D2.pdb:A  SCOP d1unpa_
  167       0.725          -0  1.798e+308     0.000    86    2    2           1    0    101      7    101      8    T1021s3TS043-D2.pdb:A  SCOP d1unra_
  168       0.725          -0  1.798e+308     0.000    86    2    2           1    0    101      7    101      8    T1021s3TS043-D2.pdb:A  SCOP d1fhoa_
  169       0.725          -0  1.798e+308     0.000    86    2    2           1    0    101      7    101      3    T1021s3TS043-D2.pdb:A  SCOP d1i11a_
  170       0.725          -0  1.798e+308     0.000    86    2    2           1    0    101      7    101      8    T1021s3TS043-D2.pdb:A  SCOP d1ur6a_
  171       0.725          -0  1.798e+308     0.000    86    2    2           1    0    101      7    101     10    T1021s3TS043-D2.pdb:A  SCOP d1btka_
  172       0.725          -0  1.798e+308     0.000    86    2    2           1    0    101      7    101      8    T1021s3TS043-D2.pdb:A  SCOP d1wjma_
  173       0.725          -0  1.798e+308     0.000    86    2    2           1    0    101      7    101      9    T1021s3TS043-D2.pdb:A  SCOP d1pu3a_
  174       0.725          -0  1.798e+308     0.000    86    2    2           1    0    101      7    101      7    T1021s3TS043-D2.pdb:A  SCOP d2gmfa_
  175       0.725          -0  1.798e+308     0.000    86    2    2           1    0    101      7    101      8    T1021s3TS043-D2.pdb:A  SCOP d1iara_
  176       0.725          -0  1.798e+308     0.000    86    2    2           1    0    101      7    101     10    T1021s3TS043-D2.pdb:A  SCOP d1xpna_
  177       0.725          -0      0.7193     0.000    86    2    2           1    0    101      7    101     10    T1021s3TS043-D2.pdb:A  SCOP d1qxya_
  178       0.725          -0      0.7193     0.000    86    2    2           1    0    101      7    101     10    T1021s3TS043-D2.pdb:A  SCOP d1qxwa_
  179       0.725          -0  1.798e+308     0.000    86    2    2           1    0    101      7    101      8    T1021s3TS043-D2.pdb:A  SCOP d1gpxa_
  180       0.725          -0  1.798e+308     0.000    86    3    2           1    0    101      7    101      8    T1021s3TS043-D2.pdb:A  SCOP d1iuea_
  181       0.725          -0  1.798e+308     0.000    86    3    2           1    0    101      7    101      8    T1021s3TS043-D2.pdb:A  SCOP d1a70a_
  182       0.725          -0  1.798e+308     0.000    86    2    2           1    0    101      7    101      6    T1021s3TS043-D2.pdb:A  SCOP d1pwja_
  183       0.725          -0  1.798e+308     0.000    86    2    2           1    0    101      7    101      6    T1021s3TS043-D2.pdb:A  SCOP d1wgha_
  184       0.725          -0  1.798e+308     0.000    86    2    2           1    0    101      7    101      8    T1021s3TS043-D2.pdb:A  SCOP d1pfda_
  185       0.725          -0  1.798e+308     0.000    86    2    2           1    0    101      7    101      9    T1021s3TS043-D2.pdb:A  SCOP d1s1ja_
  186       0.725          -0  1.798e+308     0.000    86    2    2           1    0    101      7    101     10    T1021s3TS043-D2.pdb:A  SCOP d1to4a_
  187       0.725          -0  1.798e+308     0.000    86    2    2           1    0    101      7    101     10    T1021s3TS043-D2.pdb:A  SCOP d1sdya_
  188       0.725          -0  1.798e+308     0.000    86    2    2           1    0    101      7    101      8    T1021s3TS043-D2.pdb:A  SCOP d1srda_
  189       0.725          -0  1.798e+308     0.000    86    2    2           1    0    101      7    101     10    T1021s3TS043-D2.pdb:A  SCOP d1spda_
  190       0.725          -0  1.798e+308     0.000    86    2    2           1    0    101      7    101     10    T1021s3TS043-D2.pdb:A  SCOP d1n19a_
  191       0.725          -0  1.798e+308     0.000    86    2    2           1    0    101      7    101     10    T1021s3TS043-D2.pdb:A  SCOP d1ptza_
  192       0.725          -0  1.798e+308     0.000    86    2    2           1    0    101      7    101      8    T1021s3TS043-D2.pdb:A  SCOP d1edua_
  193       0.725          -0  1.798e+308     0.000    86    2    2           1    0    101      7    101      9    T1021s3TS043-D2.pdb:A  SCOP d1hzla_
  194       0.725          -0  1.798e+308     0.000    86    2    2           1    0    101      7    101      9    T1021s3TS043-D2.pdb:A  SCOP d1ujka_
  195       0.725          -0  1.798e+308     0.000    86    2    2           1    0    101      7    101     10    T1021s3TS043-D2.pdb:A  SCOP d1hzka_
  196       0.725          -0  1.798e+308     0.000    86    2    2           1    0    101      7    101      9    T1021s3TS043-D2.pdb:A  SCOP d2azaa_
  197       0.725          -0  1.798e+308     0.000    86    2    2           1    0    101      7    101     10    T1021s3TS043-D2.pdb:A  SCOP d2cbpa_
  198       0.725          -0  1.798e+308     0.000    86    3    2           1    0    101      7    101      8    T1021s3TS043-D2.pdb:A  SCOP d1pmya_
  199       0.725          -0  1.798e+308     0.000    86    2    2           1    0    101      7    101      5    T1021s3TS043-D2.pdb:A  SCOP d3gb1a_
  200       0.725          -0  1.798e+308     0.000    86    2    2           1    0    101      7    101      9    T1021s3TS043-D2.pdb:A  SCOP d2b3ia_
  201       0.725          -0  1.798e+308     0.000    86    2    2           1    0    101      7    101      8    T1021s3TS043-D2.pdb:A  SCOP d1nina_
  202       0.725          -0  1.798e+308     0.000    86    2    2           1    0    101      7    101      6    T1021s3TS043-D2.pdb:A  SCOP d1aana_
  203       0.725          -0  1.798e+308     0.000    86    2    2           1    0    101      7    101      6    T1021s3TS043-D2.pdb:A  SCOP d1aaja_
  204       0.725          -0  1.798e+308     0.000    86    2    2           1    0    101      7    101      7    T1021s3TS043-D2.pdb:A  SCOP d1mg4a_
  205       0.725          -0  1.798e+308     0.000    86    2    2           1    0    101      7    101      6    T1021s3TS043-D2.pdb:A  SCOP d2raca_
  206       0.725          -0  1.798e+308     0.000    86    2    2           1    0    101      7    101     10    T1021s3TS043-D2.pdb:A  SCOP d1ewja_
  207       0.725          -0  1.798e+308     0.000    86    2    2           1    0    101      7    101      6    T1021s3TS043-D2.pdb:A  SCOP d1aaca_
  208       0.725          -0  1.798e+308     0.000    86    2    2           1    0    101      7    101      6    T1021s3TS043-D2.pdb:A  SCOP d1bxaa_
  209       0.725          -0  1.798e+308     0.000    86    2    2           1    0    101      7    101      6    T1021s3TS043-D2.pdb:A  SCOP d1sf5a_
  210       0.725          -0  1.798e+308     0.000    86    2    2           1    0    101      7    101      7    T1021s3TS043-D2.pdb:A  SCOP d1sf3a_
  211       0.725          -0  1.798e+308     0.000    86    2    2           1    0    101      7    101      6    T1021s3TS043-D2.pdb:A  SCOP d1sfha_
  212       0.725          -0  1.798e+308     0.000    86    2    2           1    0    101      7    101      6    T1021s3TS043-D2.pdb:A  SCOP d2aita_
  213       0.725          -0  1.798e+308     0.000    86    2    2           1    0    101      7    101      6    T1021s3TS043-D2.pdb:A  SCOP d3aita_
  214       0.725          -0  1.798e+308     0.000    86    2    2           1    0    101      7    101      6    T1021s3TS043-D2.pdb:A  SCOP d1ok0a_
  215       0.725          -0  1.798e+308     0.000    86    2    2           1    0    101      7    101      9    T1021s3TS043-D2.pdb:A  SCOP d1n2ma_
  216       0.725          -0  1.798e+308     0.000    86    2    2           1    0    101      7    101      7    T1021s3TS043-D2.pdb:A  SCOP d1a9va_
  217       0.725          -0  1.798e+308     0.000    86    2    2           1    0    101      7    101      9    T1021s3TS043-D2.pdb:A  SCOP d1xwva_
  218       0.725          -0  1.798e+308     0.000    86    3    2           1    0    101      7    101      9    T1021s3TS043-D2.pdb:A  SCOP d1ckva_
  219       0.725          -0  1.798e+308     0.000    86    2    2           1    0    101      7    101      8    T1021s3TS043-D2.pdb:A  SCOP d1mc2a_
  220       0.725          -0  1.798e+308     0.000    86    2    2           1    0    101      7    101     10    T1021s3TS043-D2.pdb:A  SCOP d2moba_
  221       0.725          -0  1.798e+308     0.000    86    2    2           1    0    101      7    101      7    T1021s3TS043-D2.pdb:A  SCOP d1tnma_
  222       0.725          -0  1.798e+308     0.000    86    3    2           1    0    101      7    101      5    T1021s3TS043-D2.pdb:A  SCOP d3p2pa_
  223       0.725          -0  1.798e+308     0.000    86    2    2           1    0    101      7    101      6    T1021s3TS043-D2.pdb:A  SCOP d1vd2a_
  224       0.725          -0  1.798e+308     0.000    86    2    2           1    0    101      7    101      5    T1021s3TS043-D2.pdb:A  SCOP d1wgya_
  225       0.725          -0  1.798e+308     0.000    86    2    2           1    0    101      7    101      6    T1021s3TS043-D2.pdb:A  SCOP d1pqsa_
  226       0.725          -0  1.798e+308     0.000    86    2    2           1    0    101      7    101      7    T1021s3TS043-D2.pdb:A  SCOP d1oeya_
  227       0.725          -0  1.798e+308     0.000    86    2    2           1    0    101      7    101      8    T1021s3TS043-D2.pdb:A  SCOP d1m1qa_
  228       0.725          -0  1.798e+308     0.000    86    2    2           1    0    101      7    101      7    T1021s3TS043-D2.pdb:A  SCOP d1m1pa_
  229       0.725          -0  1.798e+308     0.000    86    2    2           1    0    101      7    101      9    T1021s3TS043-D2.pdb:A  SCOP d4lvea_
  230       0.725          -0  1.798e+308     0.000    86    2    2           1    0    101      7    101      9    T1021s3TS043-D2.pdb:A  SCOP d1ieha_
  231       0.725          -0  1.798e+308     0.000    86    2    2           1    0    101      7    101     10    T1021s3TS043-D2.pdb:A  SCOP d1g9ea_
  232       0.725          -0  1.798e+308     0.000    86    3    2           1    0    101      7    101     11    T1021s3TS043-D2.pdb:A  SCOP d1mvfa_
  233       0.725          -0  1.798e+308     0.000    86    3    2           1    0    101      7    101     11    T1021s3TS043-D2.pdb:A  SCOP d1cd0a_
  234       0.725          -0  1.798e+308     0.000    86    2    2           1    0    101      7    101     10    T1021s3TS043-D2.pdb:A  SCOP d2cd0a_
  235       0.725          -0  1.798e+308     0.000    86    2    2           1    0    101      7    101      9    T1021s3TS043-D2.pdb:A  SCOP d1ncoa_
  236       0.725          -0  1.798e+308     0.000    86    3    2           1    0    101      7    101     15    T1021s3TS043-D2.pdb:A  SCOP d1r4ba_
  237       0.725          -0  1.798e+308     0.000    86    2    2           1    0    101      7    101     10    T1021s3TS043-D2.pdb:A  SCOP d2mcma_
  238       0.725          -0  1.798e+308     0.000    86    2    2           1    0    101      7    101      6    T1021s3TS043-D2.pdb:A  SCOP d1q2za_
  239       0.725          -0  1.798e+308     0.000    86    3    2           1    0    101      7    101      7    T1021s3TS043-D2.pdb:A  SCOP d2cjoa_
  240       0.725          -0  1.798e+308     0.000    86    2    2           1    0    101      7    101      8    T1021s3TS043-D2.pdb:A  SCOP d1offa_
  241       0.725          -0  1.798e+308     0.000    86    2    2           1    0    101      7    101      8    T1021s3TS043-D2.pdb:A  SCOP d1t23a_
  242       0.725          -0  1.798e+308     0.000    86    2    2           1    0    101      7    101      7    T1021s3TS043-D2.pdb:A  SCOP d1tm9a_
  243       0.725          -0  1.798e+308     0.000    86    2    2           1    0    101      7    101      7    T1021s3TS043-D2.pdb:A  SCOP d1uc6a_
  244       0.725          -0  1.798e+308     0.000    86    3    2           1    0    101      7    101      8    T1021s3TS043-D2.pdb:A  SCOP d1gnua_
  245       0.725          -0  1.798e+308     0.000    86    2    2           1    0    101      7    101      7    T1021s3TS043-D2.pdb:A  SCOP d1bpva_
  246       0.725          -0  1.798e+308     0.000    86    2    2           1    0    101      7    101      7    T1021s3TS043-D2.pdb:A  SCOP d1ttfa_
  247       0.725          -0  1.798e+308     0.000    86    2    2           1    0    101      7    101      7    T1021s3TS043-D2.pdb:A  SCOP d1ttga_
  248       0.725          -0  1.798e+308     0.000    86    2    2           1    0    101      7    101      7    T1021s3TS043-D2.pdb:A  SCOP d2fnba_
  249       0.725          -0  1.798e+308     0.000    86    2    2           1    0    101      7    101      7    T1021s3TS043-D2.pdb:A  SCOP d1ksra_
  250       0.725          -0  1.798e+308     0.000    86    2    2           1    0    101      7    101     10    T1021s3TS043-D2.pdb:A  SCOP d1ap7a_
  251       0.725          -0  1.798e+308     0.000    86    2    2           1    0    101      7    101      7    T1021s3TS043-D2.pdb:A  SCOP d1mh8a_
  252       0.725          -0  1.798e+308     0.000    86    2    2           1    0    101      7    101      5    T1021s3TS043-D2.pdb:A  SCOP d1c1ja_
  253       0.725          -0  1.798e+308     0.000    86    3    2           1    0    101      7    101      8    T1021s3TS043-D2.pdb:A  SCOP d1njka_
  254       0.725          -0  1.798e+308     0.000    86    3    2           1    0    101      7    101      8    T1021s3TS043-D2.pdb:A  SCOP d3vuba_
  255       0.725          -0  1.798e+308     0.000    86    3    2           1    0    101      7    101      5    T1021s3TS043-D2.pdb:A  SCOP d1qp3a_
  256       0.725          -0  1.798e+308     0.000    86    3    2           1    0    101      7    101      8    T1021s3TS043-D2.pdb:A  SCOP d1n5ba_
  257       0.725          -0  1.798e+308     0.000    86    2    2           1    0    101      7    101      3    T1021s3TS043-D2.pdb:A  SCOP d1guwa_
  258       0.725          -0  1.798e+308     0.000    86    2    2           1    0    101      7    101      9    T1021s3TS043-D2.pdb:A  SCOP d1veta_
  259       0.725          -0  1.798e+308     0.000    86    3    2           1    0    101      7    101     10    T1021s3TS043-D2.pdb:A  SCOP d1u55a_
  260       0.725          -0  1.798e+308     0.000    86    2    2           1    0    101      7    101     10    T1021s3TS043-D2.pdb:A  SCOP d1u56a_
  261       0.725          -0  1.798e+308     0.000    86    2    2           1    0    101      7    101      5    T1021s3TS043-D2.pdb:A  SCOP d1oota_
  262       0.725          -0  1.798e+308     0.000    86    2    2           1    0    101      7    101      9    T1021s3TS043-D2.pdb:A  SCOP d1puqa_
  263       0.725          -0  1.798e+308     0.000    86    2    2           1    0    101      7    101      8    T1021s3TS043-D2.pdb:A  SCOP d1pusa_
  264       0.725          -0  1.798e+308     0.000    86    2    2           1    0    101      7    101      8    T1021s3TS043-D2.pdb:A  SCOP d1bb9a_
  265       0.725          -0  1.798e+308     0.000    86    2    2           1    0    101      7    101      9    T1021s3TS043-D2.pdb:A  SCOP d1xsca_
  266       0.725          -0  1.798e+308     0.000    86    2    2           1    0    101      7    101      6    T1021s3TS043-D2.pdb:A  SCOP d1upha_
  267       0.725          -0  1.798e+308     0.000    86    2    2           1    0    101      7    101      6    T1021s3TS043-D2.pdb:A  SCOP d2pnia_
  268       0.725          -0  1.798e+308     0.000    86    2    2           1    0    101      7    101      5    T1021s3TS043-D2.pdb:A  SCOP d1awoa_
  269       0.725          -0  1.798e+308     0.000    86    2    2           1    0    101      7    101      4    T1021s3TS043-D2.pdb:A  SCOP d1neba_
  270       0.725          -0  1.798e+308     0.000    86    3    2           1    0    101      7    101      5    T1021s3TS043-D2.pdb:A  SCOP d1m30a_
  271       0.725          -0  1.798e+308     0.000    86    3    2           1    0    101      7    101      9    T1021s3TS043-D2.pdb:A  SCOP d1rfsa_
  272       0.725          -0  1.798e+308     0.000    86    2    2           1    0    101      7    101      9    T1021s3TS043-D2.pdb:A  SCOP d1f3ha_
  273       0.725          -0  1.798e+308     0.000    86    2    2           1    0    101      7    101     10    T1021s3TS043-D2.pdb:A  SCOP d1mvea_
  274       0.725          -0  1.798e+308     0.000    86    2    2           1    0    101      7    101      9    T1021s3TS043-D2.pdb:A  SCOP d1eyda_
  275       0.725          -0  1.798e+308     0.000    86    2    2           1    0    101      7    101     10    T1021s3TS043-D2.pdb:A  SCOP d1pfla_
  276       0.725          -0  1.798e+308     0.000    86    2    2           1    0    101      7    101      9    T1021s3TS043-D2.pdb:A  SCOP d1tt2a_
  277       0.725          -0  1.798e+308     0.000    86    2    2           1    0    101      7    101      9    T1021s3TS043-D2.pdb:A  SCOP d1snoa_
  278       0.725          -0  1.798e+308     0.000    86    2    2           1    0    101      7    101      9    T1021s3TS043-D2.pdb:A  SCOP d1ey4a_
  279       0.725          -0  1.798e+308     0.000    86    2    2           1    0    101      7    101      6    T1021s3TS043-D2.pdb:A  SCOP d1fgpa_
  280       0.725          -0  1.798e+308     0.000    86    2    2           1    0    101      7    101      8    T1021s3TS043-D2.pdb:A  SCOP d1vkaa_
  281       0.725          -0  1.798e+308     0.000    86    2    2           1    0    101      7    101      5    T1021s3TS043-D2.pdb:A  SCOP d1v5ka_
  282       0.725          -0  1.798e+308     0.000    86    3    2           1    0    101      7    101     12    T1021s3TS043-D2.pdb:A  SCOP d1gsxa_
  283       0.725          -0  1.798e+308     0.000    86    2    2           1    0    101      7    101      6    T1021s3TS043-D2.pdb:A  SCOP d1ttva_
  284       0.725          -0  1.798e+308     0.000    86    2    2           1    0    101      7    101      7    T1021s3TS043-D2.pdb:A  SCOP d1v5la_
  285       0.725          -0  1.798e+308     0.000    86    2    2           1    0    101      7    101      7    T1021s3TS043-D2.pdb:A  SCOP d1uhpa_
  286       0.725          -0  1.798e+308     0.000    86    2    2           1    0    101      7    101      8    T1021s3TS043-D2.pdb:A  SCOP d3phya_
  287       0.725          -0  1.798e+308     0.000    86    2    2           1    0    101      7    101      7    T1021s3TS043-D2.pdb:A  SCOP d1uewa_
  288       0.725          -0  1.798e+308     0.000    86    2    2           1    0    101      7    101      5    T1021s3TS043-D2.pdb:A  SCOP d1wjta_
  289       0.725          -0  1.798e+308     0.000    86    2    2           1    0    101      7    101      7    T1021s3TS043-D2.pdb:A  SCOP d1ihja_
  290       0.725          -0  1.798e+308     0.000    86    2    2           1    0    101      7    101      2    T1021s3TS043-D2.pdb:A  SCOP d1smza_
  291       0.725          -0  1.798e+308     0.000    86    2    2           1    0    101      7    101     10    T1021s3TS043-D2.pdb:A  SCOP d1ub4a_
  292       0.725          -0  1.798e+308     0.000    86    3    2           1    0    101      7    101      8    T1021s3TS043-D2.pdb:A  SCOP d4vuba_
  293       0.725          -0  1.798e+308     0.000    86    2    2           1    0    101      7    101      6    T1021s3TS043-D2.pdb:A  SCOP d1a1wa_
  294       0.725          -0  1.798e+308     0.000    86    2    2           1    0    101      7    101      7    T1021s3TS043-D2.pdb:A  SCOP d1wgva_
  295       0.725          -0  1.798e+308     0.000    86    2    2           1    0    101      7    101      6    T1021s3TS043-D2.pdb:A  SCOP d1c15a_
  296       0.725          -0  1.798e+308     0.000    86    2    2           1    0    101      7    101      8    T1021s3TS043-D2.pdb:A  SCOP d1c01a_
  297       0.725          -0  1.798e+308     0.000    86    2    2           1    0    101      7    101      6    T1021s3TS043-D2.pdb:A  SCOP d1bt0a_
  298       0.725          -0  1.798e+308     0.000    86    2    2           1    0    101      7    101      6    T1021s3TS043-D2.pdb:A  SCOP d1iyfa_
  299       0.725          -0  1.798e+308     0.000    86    3    2           1    0    101      7    101     12    T1021s3TS043-D2.pdb:A  SCOP d1lb5a_
  300       0.725          -0  1.798e+308     0.000    86    2    2           1    0    101      7    101      9    T1021s3TS043-D2.pdb:A  SCOP d1bfxa_
  301       0.725          -0  1.798e+308     0.000    86    3    2           1    0    101      7    101     12    T1021s3TS043-D2.pdb:A  SCOP d1lb6a_
  302       0.725          -0  1.798e+308     0.000    86    2    2           1    0    101      7    101      8    T1021s3TS043-D2.pdb:A  SCOP d1cxya_
  303       0.725      0.4223       3.903     0.000    86    3    2           1    0    101      7    101      8    T1021s3TS043-D2.pdb:A  SCOP d1byna_
  304       0.725   0.0007357       3.746     0.000    86    3    2           1    0    101      7    101      9    T1021s3TS043-D2.pdb:A  SCOP d1rsya_
  305       0.725          -0  1.798e+308     0.000    86    2    2           1    0    101      7    101     10    T1021s3TS043-D2.pdb:A  SCOP d1gmia_
  306       0.725          -0  1.798e+308     0.000    86    2    2           1    0    101      7    101      9    T1021s3TS043-D2.pdb:A  SCOP d1sp0a_
  307       0.725          -0  1.798e+308     0.000    86    2    2           1    0    101      7    101     10    T1021s3TS043-D2.pdb:A  SCOP d1shwa_
  308       0.725          -0  1.798e+308     0.000    86    2    2           1    0    101      7    101     10    T1021s3TS043-D2.pdb:A  SCOP d2cuaa_
  309       0.725          -0  1.798e+308     0.000    86    3    2           1    0    101      7    101     12    T1021s3TS043-D2.pdb:A  SCOP d1cura_
  310       0.725          -0  1.798e+308     0.000    86    2    2           1    0    101      7    101      8    T1021s3TS043-D2.pdb:A  SCOP d1azua_
  311       0.725          -0  1.798e+308     0.000    86    2    2           1    0    101      7    101      9    T1021s3TS043-D2.pdb:A  SCOP d1xb8a_
  312       0.725          -0  1.798e+308     0.000    86    2    2           1    0    101      7    101     10    T1021s3TS043-D2.pdb:A  SCOP d1azca_
  313       0.725   9.763e-09       2.012     0.000    86    2    2           1    0    101      7    101      7    T1021s3TS043-D2.pdb:A  SCOP d1mzka_
  314       0.725          -0  1.798e+308     0.000    86    2    2           1    0    101      7    101      5    T1021s3TS043-D2.pdb:A  SCOP d1gdca_
  315       0.725          -0  1.798e+308     0.000    86    2    2           1    0    101      7    101     10    T1021s3TS043-D2.pdb:A  SCOP d1g6ga_
  316       0.725          -0  1.798e+308     0.000    86    2    2           1    0    101      7    101      7    T1021s3TS043-D2.pdb:A  SCOP d1m59a_
  317       0.725          -0  1.798e+308     0.000    86    2    2           1    0    101      7    101      7    T1021s3TS043-D2.pdb:A  SCOP d1ehba_
  318       0.725   3.895e-06        3.17     0.000    86    2    2           1    0    101      7    101     10    T1021s3TS043-D2.pdb:A  SCOP d1kd7a_
  319       0.725          -0  1.798e+308     0.000    86    2    2           1    0    101      7    101     10    T1021s3TS043-D2.pdb:A  SCOP d5tswa_
  320       0.725          -0  1.798e+308     0.000    86    2    2           1    0    101      7    101      8    T1021s3TS043-D2.pdb:A  SCOP d1pm4a_
  321       0.725          -0  1.798e+308     0.000    86    2    2           1    0    101      7    101      9    T1021s3TS043-D2.pdb:A  SCOP d1xoya_
  322       0.725          -0  1.798e+308     0.000    86    2    2           1    0    101      7    101      8    T1021s3TS043-D2.pdb:A  SCOP d1sh4a_
  323       0.725          -0  1.798e+308     0.000    86    3    2           1    0    101      7    101      6    T1021s3TS043-D2.pdb:A  SCOP d1f9ja_
  324       0.725          -0  1.798e+308     0.000    86    2    2           1    0    101      7    101      8    T1021s3TS043-D2.pdb:A  SCOP d1icca_
  325       0.725          -0  1.798e+308     0.000    86    2    2           1    0    101      7    101      6    T1021s3TS043-D2.pdb:A  SCOP d1g6ja_
  326       0.725          -0  1.798e+308     0.000    86    2    2           1    0    101      7    101      7    T1021s3TS043-D2.pdb:A  SCOP d1fuxa_
  327       0.725          -0  1.798e+308     0.000    86    2    2           1    0    101      7    101      5    T1021s3TS043-D2.pdb:A  SCOP d1puza_
  328       0.725          -0  1.798e+308     0.000    86    2    2           1    0    101      7    101      7    T1021s3TS043-D2.pdb:A  SCOP d1vi3a_
  329       0.725          -0  1.798e+308     0.000    86    2    2           1    0    101      7    101      8    T1021s3TS043-D2.pdb:A  SCOP d1fjja_
  330       0.725          -0  1.798e+308     0.000    86    2    2           1    0    101      7    101      6    T1021s3TS043-D2.pdb:A  SCOP d1icha_
  331       0.725          -0  1.798e+308     0.000    86    2    2           1    0    101      7    101      6    T1021s3TS043-D2.pdb:A  SCOP d1ib7a_
  332       0.725          -0  1.798e+308     0.000    86    2    2           1    0    101      7    101      9    T1021s3TS043-D2.pdb:A  SCOP d1v95a_
  333       0.725          -0  1.798e+308     0.000    86    2    2           1    0    101      7    101      8    T1021s3TS043-D2.pdb:A  SCOP d1glia_
  334       0.725          -0  1.798e+308     0.000    86    2    2           1    0    101      7    101      8    T1021s3TS043-D2.pdb:A  SCOP d1lfla_
  335       0.725          -0  1.798e+308     0.000    86    2    2           1    0    101      7    101      8    T1021s3TS043-D2.pdb:A  SCOP d1hgba_
  336       0.725          -0  1.798e+308     0.000    86    4    2           1    0    101      7    101     12    T1021s3TS043-D2.pdb:A  SCOP d1rw1a_
  337       0.725          -0  1.798e+308     0.000    86    2    2           1    0    101      7    101     10    T1021s3TS043-D2.pdb:A  SCOP d1knga_
  338       0.725          -0  1.798e+308     0.000    86    2    2           1    0    101      7    101      8    T1021s3TS043-D2.pdb:A  SCOP d1do1a_
  339       0.725          -0  1.798e+308     0.000    86    2    2           1    0    101      7    101      7    T1021s3TS043-D2.pdb:A  SCOP d1lraa_
  340       0.725          -0  1.798e+308     0.000    86    2    2           1    0    101      7    101      8    T1021s3TS043-D2.pdb:A  SCOP d1fdha_
  341       0.725          -0  1.798e+308     0.000    86    3    2           1    0    101      7    101     13    T1021s3TS043-D2.pdb:A  SCOP d1oc3a_
  342       0.725          -0  1.798e+308     0.000    86    2    2           1    0    101      7    101     10    T1021s3TS043-D2.pdb:A  SCOP d1o85a_
  343       0.725          -0  1.798e+308     0.000    86    2    2           1    0    101      7    101      6    T1021s3TS043-D2.pdb:A  SCOP d1rwua_
  344       0.725          -0  1.798e+308     0.000    86    2    2           1    0    101      7    101      9    T1021s3TS043-D2.pdb:A  SCOP d1wika_
  345       0.725          -0  1.798e+308     0.000    86    2    2           1    0    101      7    101      8    T1021s3TS043-D2.pdb:A  SCOP d1sena_
  346       0.725          -0  1.798e+308     0.000    86    2    2           1    0    101      7    101      7    T1021s3TS043-D2.pdb:A  SCOP d2dhba_
  347       0.725          -0  1.798e+308     0.000    86    3    2           1    0    101      7    101      7    T1021s3TS043-D2.pdb:A  SCOP d1r7ha_
  348       0.725          -0  1.798e+308     0.000    86    2    2           1    0    101      7    101      8    T1021s3TS043-D2.pdb:A  SCOP d2pgha_
  349       0.725          -0  1.798e+308     0.000    86    2    2           1    0    101      7    101      8    T1021s3TS043-D2.pdb:A  SCOP d1cioa_
  350       0.725          -0  1.798e+308     0.000    86    2    2           1    0    101      7    101     10    T1021s3TS043-D2.pdb:A  SCOP d1eqma_
  351       0.725          -0  1.798e+308     0.000    86    2    2           1    0    101      7    101      9    T1021s3TS043-D2.pdb:A  SCOP d1ex8a_
  352       0.725          -0  1.798e+308     0.000    86    2    2           1    0    101      7    101      8    T1021s3TS043-D2.pdb:A  SCOP d4hhba_
  353       0.725          -0  1.798e+308     0.000    86    2    2           1    0    101      7    101      7    T1021s3TS043-D2.pdb:A  SCOP d1bbba_
  354       0.725          -0  1.798e+308     0.000    86    2    2           1    0    101      7    101      8    T1021s3TS043-D2.pdb:A  SCOP d1o1wa_
  355       0.725          -0  1.798e+308     0.000    86    2    2           1    0    101      7    101      8    T1021s3TS043-D2.pdb:A  SCOP d1dxva_
  356       0.725          -0  1.798e+308     0.000    86    2    2           1    0    101      7    101      9    T1021s3TS043-D2.pdb:A  SCOP d1rcha_
  357       0.725          -0  1.798e+308     0.000    86    2    2           1    0    101      7    101      7    T1021s3TS043-D2.pdb:A  SCOP d4bira_
  358       0.725          -0  1.798e+308     0.000    86    2    2           1    0    101      7    101      8    T1021s3TS043-D2.pdb:A  SCOP d3hhba_
  359       0.725          -0  1.798e+308     0.000    86    2    2           1    0    101      7    101      8    T1021s3TS043-D2.pdb:A  SCOP d1vwta_
  360       0.725          -0  1.798e+308     0.000    86    2    2           1    0    101      7    101     10    T1021s3TS043-D2.pdb:A  SCOP d1ob9a_
  361       0.725          -0  1.798e+308     0.000    86    2    2           1    0    101      7    101      4    T1021s3TS043-D2.pdb:A  SCOP d1cdqa_
  362       0.725          -0  1.798e+308     0.000    86    3    2           1    0    101      7    101      7    T1021s3TS043-D2.pdb:A  SCOP d2aaea_
  363       0.725          -0  1.798e+308     0.000    86    2    2           1    0    101      7    101      7    T1021s3TS043-D2.pdb:A  SCOP d1g02a_
  364       0.725          -0  1.798e+308     0.000    86    2    2           1    0    101      7    101      9    T1021s3TS043-D2.pdb:A  SCOP d1odga_
  365       0.725          -0  1.798e+308     0.000    86    2    2           1    0    101      7    101     10    T1021s3TS043-D2.pdb:A  SCOP d1cw0a_
  366       0.725          -0  1.798e+308     0.000    86    2    2           1    0    101      7    101      8    T1021s3TS043-D2.pdb:A  SCOP d2mbwa_
  367       0.725          -0  1.798e+308     0.000    86    2    2           1    0    101      7    101      9    T1021s3TS043-D2.pdb:A  SCOP d1vsra_
  368       0.725          -0  1.798e+308     0.000    86    2    2           1    0    101      7    101      9    T1021s3TS043-D2.pdb:A  SCOP d1gn0a_
  369       0.725          -0  1.798e+308     0.000    86    2    2           1    0    101      7    101      9    T1021s3TS043-D2.pdb:A  SCOP d1gmxa_
  370       0.725          -0  1.798e+308     0.000    86    3    2           1    0    101      7    101      9    T1021s3TS043-D2.pdb:A  SCOP d1frja_
  371       0.725          -0  1.798e+308     0.000    86    2    2           1    0    101      7    101      8    T1021s3TS043-D2.pdb:A  SCOP d1jw8a_
  372       0.725          -0  1.798e+308     0.000    86    3    2           1    0    101      7    101     14    T1021s3TS043-D2.pdb:A  SCOP d152la_
  373       0.725          -0  1.798e+308     0.000    86    2    2           1    0    101      7    101     10    T1021s3TS043-D2.pdb:A  SCOP d1j7ga_
  374       0.725          -0  1.798e+308     0.000    86    2    2           1    0    101      7    101     10    T1021s3TS043-D2.pdb:A  SCOP d1ix5a_
  375       0.725          -0  1.798e+308     0.000    86    2    2           1    0    101      7    101      6    T1021s3TS043-D2.pdb:A  SCOP d1r4ya_
  376       0.725          -0       1.125     0.000    86    3    2           1    0    101      7    101     14    T1021s3TS043-D2.pdb:A  SCOP d1thea_
  377       0.725          -0       1.125     0.000    86    3    2           1    0    101      7    101     14    T1021s3TS043-D2.pdb:A  SCOP d1ctea_
  378       0.725          -0  1.798e+308     0.000    86    2    2           1    0    101      7    101      7    T1021s3TS043-D2.pdb:A  SCOP d1jnta_
  379       0.725          -0  1.798e+308     0.000    86    2    2           1    0    101      7    101      7    T1021s3TS043-D2.pdb:A  SCOP d1rfla_
  380       0.725          -0       1.125     0.000    86    3    2           1    0    101      7    101     15    T1021s3TS043-D2.pdb:A  SCOP d1cpja_
  381       0.725          -0  1.798e+308     0.000    86    2    2           1    0    101      7    101     10    T1021s3TS043-D2.pdb:A  SCOP d1ky3a_
  382       0.725          -0  1.798e+308     0.000    86    2    2           1    0    101      7    101      6    T1021s3TS043-D2.pdb:A  SCOP d1w6ba_
  383       0.725          -0  1.798e+308     0.000    86    2    2           1    0    101      7    101      8    T1021s3TS043-D2.pdb:A  SCOP d1jnsa_
  384       0.725          -0  1.798e+308     0.000    86    2    2           1    0    101      7    101      8    T1021s3TS043-D2.pdb:A  SCOP d1naza_
  385       0.725          -0       1.125     0.000    86    3    2           1    0    101      7    101     15    T1021s3TS043-D2.pdb:A  SCOP d1qdqa_
  386       0.725          -0  1.798e+308     0.000    86    2    2           1    0    101      7    101      8    T1021s3TS043-D2.pdb:A  SCOP d1grxa_
  387       0.725          -0  1.798e+308     0.000    86    2    2           1    0    101      7    101      8    T1021s3TS043-D2.pdb:A  SCOP d1pbxa_
  388       0.725          -0  1.798e+308     0.000    86    2    2           1    0    101      7    101      7    T1021s3TS043-D2.pdb:A  SCOP d1de1a_
  389       0.725          -0  1.798e+308     0.000    86    3    2           1    0    101      7    101      7    T1021s3TS043-D2.pdb:A  SCOP d1auda_
  390       0.725          -0  1.798e+308     0.000    86    2    2           1    0    101      7    101      7    T1021s3TS043-D2.pdb:A  SCOP d1aaza_
  391       0.725          -0  1.798e+308     0.000    86    2    2           1    0    101      7    101      9    T1021s3TS043-D2.pdb:A  SCOP d1xw9a_
  392       0.725          -0  1.798e+308     0.000    86    2    2           1    0    101      7    101      9    T1021s3TS043-D2.pdb:A  SCOP d1xfla_
  393       0.725          -0  1.798e+308     0.000    86    2    2           1    0    101      7    101      9    T1021s3TS043-D2.pdb:A  SCOP d1trva_
  394       0.725          -0  1.798e+308     0.000    86    2    2           1    0    101      7    101      9    T1021s3TS043-D2.pdb:A  SCOP d1trwa_
  395       0.725          -0  1.798e+308     0.000    86    2    2           1    0    101      7    101      5    T1021s3TS043-D2.pdb:A  SCOP d2crta_
  396       0.725          -0  1.798e+308     0.000    86    2    2           1    0    101      7    101      8    T1021s3TS043-D2.pdb:A  SCOP d1uc3a_
  397       0.725          -0  1.798e+308     0.000    86    2    2           1    0    101      7    101      9    T1021s3TS043-D2.pdb:A  SCOP d1cqha_
  398       0.725          -0  1.798e+308     0.000    86    2    2           1    0    101      7    101      9    T1021s3TS043-D2.pdb:A  SCOP d1cqga_
  399       0.725          -0  1.798e+308     0.000    86    2    2           1    0    101      7    101      8    T1021s3TS043-D2.pdb:A  SCOP d1vrka_
  400       0.725          -0  1.798e+308     0.000    86    2    2           1    0    101      7    101     10    T1021s3TS043-D2.pdb:A  SCOP d1faaa_
  401       0.725          -0  1.798e+308     0.000    86    2    2           1    0    101      7    101      8    T1021s3TS043-D2.pdb:A  SCOP d1alla_
  402       0.725          -0  1.798e+308     0.000    86    2    2           1    0    101      7    101      9    T1021s3TS043-D2.pdb:A  SCOP d1keba_
  403       0.725          -0  1.798e+308     0.000    86    2    2           1    0    101      7    101      8    T1021s3TS043-D2.pdb:A  SCOP d1n9fa_
  404       0.725          -0  1.798e+308     0.000    86    2    2           1    0    101      7    101      8    T1021s3TS043-D2.pdb:A  SCOP d2mgda_
  405       0.725          -0  1.798e+308     0.000    86    2    2           1    0    101      7    101      9    T1021s3TS043-D2.pdb:A  SCOP d1mloa_
  406       0.725          -0  1.798e+308     0.000    86    2    2           1    0    101      7    101      8    T1021s3TS043-D2.pdb:A  SCOP d1mlma_
  407       0.725          -0  1.798e+308     0.000    86    3    2           1    0    101      7    101     13    T1021s3TS043-D2.pdb:A  SCOP d1wpna_
  408       0.725          -0  1.798e+308     0.000    86    2    2           1    0    101      7    101      8    T1021s3TS043-D2.pdb:A  SCOP d1do7a_
  409       0.725          -0  1.798e+308     0.000    86    2    2           1    0    101      7    101      4    T1021s3TS043-D2.pdb:A  SCOP d1ijva_
  410       0.725          -0  1.798e+308     0.000    86    2    2           1    0    101      7    101      8    T1021s3TS043-D2.pdb:A  SCOP d1obma_
  411       0.725          -0  1.798e+308     0.000    86    2    2           1    0    101      7    101      8    T1021s3TS043-D2.pdb:A  SCOP d1mlua_
  412       0.725          -0  1.798e+308     0.000    86    2    2           1    0    101      7    101      8    T1021s3TS043-D2.pdb:A  SCOP d1o16a_
  413       0.725          -0  1.798e+308     0.000    86    2    2           1    0    101      7    101      8    T1021s3TS043-D2.pdb:A  SCOP d1j52a_
  414       0.725          -0  1.798e+308     0.000    86    2    2           1    0    101      7    101      8    T1021s3TS043-D2.pdb:A  SCOP d1mgna_
  415       0.725          -0  1.798e+308     0.000    86    2    2           1    0    101      7    101      8    T1021s3TS043-D2.pdb:A  SCOP d111ma_
  416       0.725          -0  1.798e+308     0.000    86    2    2           1    0    101      7    101      8    T1021s3TS043-D2.pdb:A  SCOP d2mgma_
  417       0.725          -0  1.798e+308     0.000    86    2    2           1    0    101      7    101      8    T1021s3TS043-D2.pdb:A  SCOP d1moaa_
  418       0.725          -0  1.798e+308     0.000    86    2    2           1    0    101      7    101      8    T1021s3TS043-D2.pdb:A  SCOP d1mlra_
  419       0.725          -0  1.798e+308     0.000    86    2    2           1    0    101      7    101      8    T1021s3TS043-D2.pdb:A  SCOP d1mlka_
  420       0.725          -0  1.798e+308     0.000    86    2    2           1    0    101      7    101      8    T1021s3TS043-D2.pdb:A  SCOP d1mlna_
  421       0.725          -0  1.798e+308     0.000    86    2    2           1    0    101      7    101      8    T1021s3TS043-D2.pdb:A  SCOP d1luea_
  422       0.725          -0  1.798e+308     0.000    86    2    2           1    0    101      7    101      8    T1021s3TS043-D2.pdb:A  SCOP d1cika_
  423       0.725          -0  1.798e+308     0.000    86    2    2           1    0    101      7    101      8    T1021s3TS043-D2.pdb:A  SCOP d1n9ia_
  424       0.725          -0  1.798e+308     0.000    86    2    2           1    0    101      7    101      8    T1021s3TS043-D2.pdb:A  SCOP d2spma_
  425       0.725          -0  1.798e+308     0.000    86    2    2           1    0    101      7    101      8    T1021s3TS043-D2.pdb:A  SCOP d1mlla_
  426       0.725          -0  1.798e+308     0.000    86    2    2           1    0    101      7    101      8    T1021s3TS043-D2.pdb:A  SCOP d2spla_
  427       0.725          -0  1.798e+308     0.000    86    2    2           1    0    101      7    101      8    T1021s3TS043-D2.pdb:A  SCOP d1myma_
  428       0.725          -0  1.798e+308     0.000    86    3    2           1    0    101      7    101      7    T1021s3TS043-D2.pdb:A  SCOP d1bnra_
  429       0.725          -0  1.798e+308     0.000    86    2    2           1    0    101      7    101      8    T1021s3TS043-D2.pdb:A  SCOP d1do4a_
  430       0.725          -0  1.798e+308     0.000    86    2    2           1    0    101      7    101      8    T1021s3TS043-D2.pdb:A  SCOP d1ltwa_
  431       0.725          -0  1.798e+308     0.000    86    2    2           1    0    101      7    101      8    T1021s3TS043-D2.pdb:A  SCOP d1mlsa_
  432       0.725          -0  1.798e+308     0.000    86    2    2           1    0    101      7    101      8    T1021s3TS043-D2.pdb:A  SCOP d109ma_
  433       0.725          -0  1.798e+308     0.000    86    2    2           1    0    101      7    101      8    T1021s3TS043-D2.pdb:A  SCOP d1fcsa_
  434       0.725          -0  1.798e+308     0.000    86    2    2           1    0    101      7    101      8    T1021s3TS043-D2.pdb:A  SCOP d1ofja_
  435       0.725          -0  1.798e+308     0.000    86    2    2           1    0    101      7    101      8    T1021s3TS043-D2.pdb:A  SCOP d1ch9a_
  436       0.725          -0  1.798e+308     0.000    86    2    2           1    0    101      7    101      8    T1021s3TS043-D2.pdb:A  SCOP d2spna_
  437       0.725          -0  1.798e+308     0.000    86    2    2           1    0    101      7    101      8    T1021s3TS043-D2.pdb:A  SCOP d1f63a_
  438       0.725          -0  1.798e+308     0.000    86    2    2           1    0    101      7    101      8    T1021s3TS043-D2.pdb:A  SCOP d1co8a_
  439       0.725          -0  1.798e+308     0.000    86    2    2           1    0    101      7    101      6    T1021s3TS043-D2.pdb:A  SCOP d1cc8a_
  440       0.725          -0  1.798e+308     0.000    86    2    2           1    0    101      7    101      8    T1021s3TS043-D2.pdb:A  SCOP d2mgha_
  441       0.725          -0  1.798e+308     0.000    86    2    2           1    0    101      7    101      8    T1021s3TS043-D2.pdb:A  SCOP d2mgaa_
  442       0.725          -0  1.798e+308     0.000    86    2    2           1    0    101      7    101      8    T1021s3TS043-D2.pdb:A  SCOP d112ma_
  443       0.725          -0  1.798e+308     0.000    86    2    2           1    0    101      7    101      8    T1021s3TS043-D2.pdb:A  SCOP d1irca_
  444       0.725          -0  1.798e+308     0.000    86    2    2           1    0    101      7    101      8    T1021s3TS043-D2.pdb:A  SCOP d108ma_
  445       0.725          -0  1.798e+308     0.000    86    2    2           1    0    101      7    101      7    T1021s3TS043-D2.pdb:A  SCOP d1mbsa_
  446       0.725          -0  1.798e+308     0.000    86    2    2           1    0    101      7    101     10    T1021s3TS043-D2.pdb:A  SCOP d1f2ha_
  447       0.725          -0  1.798e+308     0.000    86    2    2           1    0    101      7    101      7    T1021s3TS043-D2.pdb:A  SCOP d1kp6a_
  448       0.725          -0  1.798e+308     0.000    86    2    2           1    0    101      7    101      8    T1021s3TS043-D2.pdb:A  SCOP d1npga_
  449       0.725          -0  1.798e+308     0.000    86    2    2           1    0    101      7    101      8    T1021s3TS043-D2.pdb:A  SCOP d1eo1a_
  450       0.725          -0  1.798e+308     0.000    86    2    2           1    0    101      7    101      5    T1021s3TS043-D2.pdb:A  SCOP d1ovya_
  451       0.725          -0  1.798e+308     0.000    86    2    2           1    0    101      7    101     10    T1021s3TS043-D2.pdb:A  SCOP d1hjra_
  452       0.725          -0  1.798e+308     0.000    86    2    2           1    0    101      7    101      8    T1021s3TS043-D2.pdb:A  SCOP d1npfa_
  453       0.725          -0  1.798e+308     0.000    86    2    2           1    0    101      7    101      9    T1021s3TS043-D2.pdb:A  SCOP d1fvaa_
  454       0.725          -0  1.798e+308     0.000    86    2    2           1    0    101      7    101      8    T1021s3TS043-D2.pdb:A  SCOP d1azia_
  455       0.725          -0  1.798e+308     0.000    86    2    2           1    0    101      7    101      9    T1021s3TS043-D2.pdb:A  SCOP d1rb0a_
  456       0.725          -0  1.798e+308     0.000    86    3    2           1    0    101      7    101     10    T1021s3TS043-D2.pdb:A  SCOP d1ru2a_
  457       0.725          -0  1.798e+308     0.000    86    2    2           1    0    101      7    101      8    T1021s3TS043-D2.pdb:A  SCOP d1mlga_
  458       0.725          -0  1.798e+308     0.000    86    2    2           1    0    101      7    101      8    T1021s3TS043-D2.pdb:A  SCOP d1cp0a_
  459       0.725          -0  1.798e+308     0.000    86    2    2           1    0    101      7    101      8    T1021s3TS043-D2.pdb:A  SCOP d1moda_
  460       0.725          -0  1.798e+308     0.000    86    2    2           1    0    101      7    101      8    T1021s3TS043-D2.pdb:A  SCOP d1n9xa_
  461       0.725          -0  1.798e+308     0.000    86    2    2           1    0    101      7    101      8    T1021s3TS043-D2.pdb:A  SCOP d106ma_
  462       0.725          -0  1.798e+308     0.000    86    2    2           1    0    101      7    101      8    T1021s3TS043-D2.pdb:A  SCOP d1mlja_
  463       0.725          -0  1.798e+308     0.000    86    2    2           1    0    101      7    101      8    T1021s3TS043-D2.pdb:A  SCOP d1moca_
  464       0.725          -0  1.798e+308     0.000    86    2    2           1    0    101      7    101      5    T1021s3TS043-D2.pdb:A  SCOP d1afja_
  465       0.725          -0  1.798e+308     0.000    86    2    2           1    0    101      7    101      4    T1021s3TS043-D2.pdb:A  SCOP d1ryqa_
  466       0.725          -0  1.798e+308     0.000    86    2    2           1    0    101      7    101      8    T1021s3TS043-D2.pdb:A  SCOP d2mgia_
  467       0.725          -0  1.798e+308     0.000    86    2    2           1    0    101      7    101      6    T1021s3TS043-D2.pdb:A  SCOP d1fvqa_
  468       0.725          -0  1.798e+308     0.000    86    2    2           1    0    101      7    101      9    T1021s3TS043-D2.pdb:A  SCOP d2mgja_
  469       0.725          -0  1.798e+308     0.000    86    2    2           1    0    101      7    101      8    T1021s3TS043-D2.pdb:A  SCOP d103ma_
  470       0.725          -0  1.798e+308     0.000    86    2    2           1    0    101      7    101      3    T1021s3TS043-D2.pdb:A  SCOP d1dgza_
  471       0.725          -0  1.798e+308     0.000    86    2    2           1    0    101      7    101      9    T1021s3TS043-D2.pdb:A  SCOP d1b0va_
  472       0.725          -0  1.798e+308     0.000    86    2    2           1    0    101      7    101      4    T1021s3TS043-D2.pdb:A  SCOP d1dfea_
  473       0.725          -0  1.798e+308     0.000    86    2    2           1    0    101      7    101      8    T1021s3TS043-D2.pdb:A  SCOP d1ch5a_
  474       0.725          -0  1.798e+308     0.000    86    2    2           1    0    101      7    101      2    T1021s3TS043-D2.pdb:A  SCOP d1tbna_
  475       0.725          -0  1.798e+308     0.000    86    2    2           1    0    101      7    101     10    T1021s3TS043-D2.pdb:A  SCOP d1dcka_
  476       0.725          -0  1.798e+308     0.000    86    2    2           1    0    101      7    101      6    T1021s3TS043-D2.pdb:A  SCOP d1iuja_
  477       0.725          -0  1.798e+308     0.000    86    2    2           1    0    101      7    101      2    T1021s3TS043-D2.pdb:A  SCOP d1tboa_
  478       0.725          -0  1.798e+308     0.000    86    2    2           1    0    101      7    101      9    T1021s3TS043-D2.pdb:A  SCOP d1eiwa_
  479       0.725          -0  1.798e+308     0.000    86    2    2           1    0    101      7    101      9    T1021s3TS043-D2.pdb:A  SCOP d1c7fa_
  480       0.725          -0  1.798e+308     0.000    86    2    2           1    0    101      7    101     10    T1021s3TS043-D2.pdb:A  SCOP d1xs0a_
  481       0.725          -0  1.798e+308     0.000    86    2    2           1    0    101      7    101      9    T1021s3TS043-D2.pdb:A  SCOP d1c7ea_
  482       0.725          -0  1.798e+308     0.000    86    3    2           1    0    101      7    101      9    T1021s3TS043-D2.pdb:A  SCOP d1i22a_
  483       0.725          -0  1.798e+308     0.000    86    2    2           1    0    101      7    101      9    T1021s3TS043-D2.pdb:A  SCOP d1oboa_
  484       0.725          -0  1.798e+308     0.000    86    2    2           1    0    101      7    101     10    T1021s3TS043-D2.pdb:A  SCOP d1flva_
  485       0.725          -0  1.798e+308     0.000    86    2    2           1    0    101      7    101      5    T1021s3TS043-D2.pdb:A  SCOP d1i5ta_
  486       0.725          -0  1.798e+308     0.000    86    3    2           1    0    101      7    101      5    T1021s3TS043-D2.pdb:A  SCOP d1msza_
  487       0.725          -0  1.798e+308     0.000    86    2    2           1    0    101      7    101     10    T1021s3TS043-D2.pdb:A  SCOP d1o4va_
  488       0.725          -0  1.798e+308     0.000    86    2    2           1    0    101      7    101      7    T1021s3TS043-D2.pdb:A  SCOP d1xbwa_
  489       0.725          -0  1.798e+308     0.000    86    2    2           1    0    101      7    101      6    T1021s3TS043-D2.pdb:A  SCOP d1mwqa_
  490       0.725          -0  1.798e+308     0.000    86    2    2           1    0    101      7    101      4    T1021s3TS043-D2.pdb:A  SCOP d1yfca_
  491       0.725          -0  1.798e+308     0.000    86    2    2           1    0    101      7    101      6    T1021s3TS043-D2.pdb:A  SCOP d1je3a_
  492       0.725          -0  1.798e+308     0.000    86    2    2           1    0    101      7    101      4    T1021s3TS043-D2.pdb:A  SCOP d1bq8a_
  493       0.725          -0  1.798e+308     0.000    86    2    2           1    0    101      7    101      5    T1021s3TS043-D2.pdb:A  SCOP d2ycca_
  494       0.725          -0  1.798e+308     0.000    86    3    2           1    0    101      7    101     13    T1021s3TS043-D2.pdb:A  SCOP d1tfua_
