<html><head></head><body><pre style="word-wrap: break-word; white-space: pre-wrap;"> PDBe Fold v2.59. (src3) 14 Apr 2014 result file.

                   RESULT SUMMARY

   ##      Q-score      P-score     Z-score   RMSD    Nalgn Nsse Ngaps Seq-%     Nmd Nres-Q Nsse-Q Nres-T Nsse-T Query Target
    1      0.8802     0.07516       4.023     0.000   167    2    3           1    0    178      8    178      7    T1021s3TS197-D1.pdb:A  SCOP d1ak6a_
    2      0.8593   7.591e-13       2.972     0.000   165    2    4           1    0    178      8    178      7    T1021s3TS197-D1.pdb:A  SCOP d1vjha_
    3      0.8386          -0        2.93     0.000   163    2    6           1    0    178      8    178     10    T1021s3TS197-D1.pdb:A  SCOP d1b00a_
    4      0.8181          -0       2.772     0.000   161    2    5           1    0    178      8    178      8    T1021s3TS197-D1.pdb:A  SCOP d1s28a_
    5      0.8181          -0       3.589     0.000   161    2    3           1    0    178      8    178     10    T1021s3TS197-D1.pdb:A  SCOP d1usna_
    6       0.808          -0       2.374     0.000   160    2    3           1    0    178      8    178     10    T1021s3TS197-D1.pdb:A  SCOP d1xs0a_
    7      0.7879          -0       3.071     0.000   158    2    3           1    0    178      8    178      9    T1021s3TS197-D1.pdb:A  SCOP d1qbea_
    8      0.7879   1.398e-15       3.127     0.000   158    2    4           1    0    178      8    178      8    T1021s3TS197-D1.pdb:A  SCOP d1ttwa_
    9       0.778      0.1234       3.643     0.000   157    2    3           1    0    178      8    178      5    T1021s3TS197-D1.pdb:A  SCOP d1qkfa_
   10       0.778      0.1811       3.643     0.000   157    2    3           1    0    178      8    178      4    T1021s3TS197-D1.pdb:A  SCOP d1qkha_
   11       0.778       1.095       5.324     0.000   157    2    3           1    0    178      8    178      7    T1021s3TS197-D1.pdb:A  SCOP d1dwna_
   12      0.7681      0.7448        4.85     0.000   156    2    3           1    0    178      8    178      6    T1021s3TS197-D1.pdb:A  SCOP d1q60a_
   13      0.7608       0.621       4.979     0.000   143    2    3           1    0    178      8    151     10    T1021s3TS197-D1.pdb:A  SCOP d1zdna1
   14      0.7583     0.04943       2.972     0.000   155    2    4           1    0    178      8    178      6    T1021s3TS197-D1.pdb:A  SCOP d1qdwa_
   15      0.7583   9.496e-11       3.499     0.000   155    2    3           1    0    178      8    178      9    T1021s3TS197-D1.pdb:A  SCOP d1tp6a_
   16      0.7583     0.03507       2.972     0.000   155    2    4           1    0    178      8    178      7    T1021s3TS197-D1.pdb:A  SCOP d1dsxa_
   17      0.7583      0.2141       3.973     0.000   155    2    4           1    0    178      8    178      7    T1021s3TS197-D1.pdb:A  SCOP d1q48a_
   18      0.7583          -0       2.449     0.000   155    2    7           1    0    178      8    178     10    T1021s3TS197-D1.pdb:A  SCOP d1dbwa_
   19      0.7583          -0       2.449     0.000   155    2    7           1    0    178      8    178     10    T1021s3TS197-D1.pdb:A  SCOP d1dcka_
   20      0.7583          -0       2.604     0.000   155    2    7           1    0    178      8    178     10    T1021s3TS197-D1.pdb:A  SCOP d1d5wa_
   21      0.7583   1.814e-05       3.204     0.000   155    2    5           1    0    178      8    178     10    T1021s3TS197-D1.pdb:A  SCOP d1nxoa_
   22      0.7583          -0        2.93     0.000   155    2    6           1    0    178      8    178      9    T1021s3TS197-D1.pdb:A  SCOP d1mb0a_
   23      0.7583   1.446e-16       3.099     0.000   155    2    6           1    0    178      8    178      9    T1021s3TS197-D1.pdb:A  SCOP d1m5ua_
   24      0.7583          -0        2.93     0.000   155    2    6           1    0    178      8    178     10    T1021s3TS197-D1.pdb:A  SCOP d1mava_
   25      0.7552    0.000367       2.824     0.520   157    2    7      0.9809    0    178      8    178      9    T1021s3TS197-D1.pdb:A  SCOP d2fspa_
   26      0.7552          -0       1.949     0.520   157    2    8      0.9809    0    178      8    178      9    T1021s3TS197-D1.pdb:A  SCOP d1krxa_
   27      0.7485   2.372e-14        2.35     0.000   154    3    5           1    0    178      8    178      8    T1021s3TS197-D1.pdb:A  SCOP d1f7sa_
   28      0.7485     0.06934       2.389     0.000   154    2    9           1    0    178      8    178     10    T1021s3TS197-D1.pdb:A  SCOP d1ctra_
   29      0.7485          -0        3.24     0.000   154    2    4           1    0    178      8    178      9    T1021s3TS197-D1.pdb:A  SCOP d1k3ea_
   30      0.7485   3.332e-13       3.915     0.000   154    2    5           1    0    178      8    178     10    T1021s3TS197-D1.pdb:A  SCOP d1nxsa_
   31      0.7485          -0        2.93     0.000   154    2    7           1    0    178      8    178     10    T1021s3TS197-D1.pdb:A  SCOP d1mb3a_
   32      0.7485    0.001001       2.915     0.000   154    2    3           1    0    178      8    178      5    T1021s3TS197-D1.pdb:A  SCOP d1ekza_
   33      0.7485          -0       1.972     0.915   161    2    5      0.9814    0    178      8    178     10    T1021s3TS197-D1.pdb:A  SCOP d1uuza_
   34      0.7388   3.332e-13       3.915     0.000   153    2    5           1    0    178      8    178     10    T1021s3TS197-D1.pdb:A  SCOP d1nxwa_
   35      0.7388   1.649e-05       3.514     0.000   153    2    5           1    0    178      8    178     10    T1021s3TS197-D1.pdb:A  SCOP d1nxxa_
   36      0.7388   3.332e-13       3.915     0.000   153    2    5           1    0    178      8    178     10    T1021s3TS197-D1.pdb:A  SCOP d1nxva_
   37      0.7388   3.332e-13       3.915     0.000   153    2    5           1    0    178      8    178     10    T1021s3TS197-D1.pdb:A  SCOP d1nxta_
   38      0.7388          -0       3.718     0.000   153    3    5           1    0    178      8    178     14    T1021s3TS197-D1.pdb:A  SCOP d1bsfa_
   39      0.7363          -0       2.085     0.518   155    2    7      0.9806    0    178      8    178      9    T1021s3TS197-D1.pdb:A  SCOP d1q8ga_
   40      0.7359    0.006524       3.361     0.523   155    2    7      0.9806    0    178      8    178     10    T1021s3TS197-D1.pdb:A  SCOP d1peya_
   41      0.7359   7.781e-08       2.757     0.523   155    2    7      0.9806    0    178      8    178      9    T1021s3TS197-D1.pdb:A  SCOP d1fspa_
   42      0.7358          -0       2.012     0.524   155    2    7      0.9806    0    178      8    178      9    T1021s3TS197-D1.pdb:A  SCOP d1j56a_
   43      0.7292          -0        1.67     0.000   152    2    5           1    0    178      8    178     10    T1021s3TS197-D1.pdb:A  SCOP d1i1da_
   44      0.7292          -0       3.528     0.000   152    2    4           1    0    178      8    178     10    T1021s3TS197-D1.pdb:A  SCOP d1xrka_
   45      0.7292   3.385e-14        4.03     0.000   152    2    4           1    0    178      8    178     10    T1021s3TS197-D1.pdb:A  SCOP d1ewja_
   46      0.7292          -0        1.67     0.000   152    2    5           1    0    178      8    178     10    T1021s3TS197-D1.pdb:A  SCOP d1i21a_
   47      0.7292          -0       1.794     0.000   152    2    3           1    0    178      8    178      9    T1021s3TS197-D1.pdb:A  SCOP d1j80.1
   48      0.7292          -0       1.794     0.000   152    2    3           1    0    178      8    178      9    T1021s3TS197-D1.pdb:A  SCOP d1d5d.1
   49      0.7292          -0       1.794     0.000   152    3    3           1    0    178      8    178     10    T1021s3TS197-D1.pdb:A  SCOP d1j81.1
   50      0.7292          -0       1.794     0.000   152    3    3           1    0    178      8    178     10    T1021s3TS197-D1.pdb:A  SCOP d1j82.1
   51      0.7292          -0       1.794     0.000   152    3    3           1    0    178      8    178     10    T1021s3TS197-D1.pdb:A  SCOP d1j7z.1
   52      0.7292          -0       1.794     0.000   152    3    3           1    0    178      8    178     10    T1021s3TS197-D1.pdb:A  SCOP d1d5h.1
   53      0.7292          -0       1.794     0.000   152    2    3           1    0    178      8    178      9    T1021s3TS197-D1.pdb:A  SCOP d1d5e.1
   54      0.7292          -0       1.794     0.000   152    3    3           1    0    178      8    178     10    T1021s3TS197-D1.pdb:A  SCOP d1cjr.1
   55      0.7292          -0       1.794     0.000   152    2    3           1    0    178      8    178      9    T1021s3TS197-D1.pdb:A  SCOP d1cjq.1
   56      0.7292      0.1565        3.56     0.000   152    2    4           1    0    178      8    178      8    T1021s3TS197-D1.pdb:A  SCOP d1msca_
   57      0.7292          -0       2.506     0.000   152    2    5           1    0    178      8    178     10    T1021s3TS197-D1.pdb:A  SCOP d1cqaa_
   58      0.7292   3.815e-08       3.204     0.000   152    2    5           1    0    178      8    178     10    T1021s3TS197-D1.pdb:A  SCOP d1nxpa_
   59      0.7263     0.01515       3.485     0.525   154    2    7      0.9805    0    178      8    178     10    T1021s3TS197-D1.pdb:A  SCOP d1srra_
   60      0.7196          -0       3.528     0.000   151    2    4           1    0    178      8    178     10    T1021s3TS197-D1.pdb:A  SCOP d1byla_
   61      0.7174   2.563e-10       2.477     0.518   153    2    4      0.9804    0    178      8    178     10    T1021s3TS197-D1.pdb:A  SCOP d1wfsa_
   62      0.7174   5.116e-14       2.331     0.518   153    2    4      0.9804    0    178      8    178     10    T1021s3TS197-D1.pdb:A  SCOP d1v6fa_
   63      0.7167   4.918e-10       1.097     0.527   153    2    4      0.9804    0    178      8    178      4    T1021s3TS197-D1.pdb:A  SCOP d1mita_
   64      0.7101   2.687e-06       4.559     0.000   150    2    4           1    0    178      8    178     10    T1021s3TS197-D1.pdb:A  SCOP d1ipia_
   65      0.7101   4.203e-08       4.616     0.000   150    2    4           1    0    178      8    178      9    T1021s3TS197-D1.pdb:A  SCOP d1xqaa_
   66      0.7101   0.0007277       4.687     0.000   150    2    5           1    0    178      8    178     10    T1021s3TS197-D1.pdb:A  SCOP d1nnra_
   67      0.7101   1.625e-05       3.653     0.000   150    3    3           1    0    178      8    178     11    T1021s3TS197-D1.pdb:A  SCOP d1pzsa_
   68      0.7101   1.272e-12         3.7     0.000   150    2    5           1    0    178      8    178      9    T1021s3TS197-D1.pdb:A  SCOP d1uzxa_
   69      0.7101   6.256e-10       2.144     0.000   150    2    8           1    0    178      8    178      9    T1021s3TS197-D1.pdb:A  SCOP d1buoa_
   70      0.7078    0.009145       3.977     0.522   152    2    5      0.9803    0    178      8    178      8    T1021s3TS197-D1.pdb:A  SCOP d1jyoa_
   71      0.7072   2.492e-12      0.9071     0.529   152    2    4      0.9803    0    178      8    178      4    T1021s3TS197-D1.pdb:A  SCOP d1tina_
   72      0.7072   9.297e-09        2.16     0.529   152    2    5      0.9803    0    178      8    178      5    T1021s3TS197-D1.pdb:A  SCOP d1ayaa_
   73      0.7008   9.026e-08       2.396     0.929   156    2    4      0.9808    0    178      8    178      6    T1021s3TS197-D1.pdb:A  SCOP d1kq1a_
   74      0.7007          -0       1.073     0.000   149    2    4           1    0    178      8    178     10    T1021s3TS197-D1.pdb:A  SCOP d1ddma_
   75      0.7007   7.977e-07       2.757     0.000   149    2    4           1    0    178      8    178      6    T1021s3TS197-D1.pdb:A  SCOP d1gh8a_
   76      0.7007     0.03073       3.476     0.000   149    3    5           1    0    178      8    178      7    T1021s3TS197-D1.pdb:A  SCOP d1xk8a_
   77      0.6984          -0       2.244     0.523   151    2    5      0.9801    0    178      8    178      9    T1021s3TS197-D1.pdb:A  SCOP d1jn5a_
   78      0.6915    8.17e-12       2.019     0.932   155    2    4      0.9806    0    178      8    178      6    T1021s3TS197-D1.pdb:A  SCOP d1hk9a_
   79      0.6915   1.354e-09       2.198     0.932   155    2    4      0.9806    0    178      8    178      6    T1021s3TS197-D1.pdb:A  SCOP d1kq2a_
   80      0.6913          -0  1.798e+308     0.000   148    2    3           1    0    178      8    178     10    T1021s3TS197-D1.pdb:A  SCOP d1s9pa_
   81      0.6913   0.0007151       2.986     0.000   148    2    3           1    0    178      8    178      7    T1021s3TS197-D1.pdb:A  SCOP d1x9la_
   82      0.6913          -0      0.5203     0.000   148    3    3           1    0    178      8    178     13    T1021s3TS197-D1.pdb:A  SCOP d1hcba_
   83      0.6913          -0       3.247     0.000   148    3    3           1    0    178      8    178     15    T1021s3TS197-D1.pdb:A  SCOP d1n3pa_
   84      0.6913          -0       3.247     0.000   148    3    3           1    0    178      8    178     15    T1021s3TS197-D1.pdb:A  SCOP d1q8va_
   85      0.6913          -0       1.778     0.000   148    3    3           1    0    178      8    178     15    T1021s3TS197-D1.pdb:A  SCOP d1sfya_
   86      0.6913          -0       1.778     0.000   148    3    3           1    0    178      8    178     15    T1021s3TS197-D1.pdb:A  SCOP d2sbaa_
   87      0.6913          -0        1.71     0.000   148    2    3           1    0    178      8    178     10    T1021s3TS197-D1.pdb:A  SCOP d2cd0a_
   88      0.6913    0.002464       3.456     0.000   148    2    4           1    0    178      8    178      7    T1021s3TS197-D1.pdb:A  SCOP d1j57a_
   89      0.6913   3.796e-08       2.604     0.000   148    2    5           1    0    178      8    178      7    T1021s3TS197-D1.pdb:A  SCOP d1btaa_
   90      0.6913    0.001756       2.837     0.000   148    2    6           1    0    178      8    178      5    T1021s3TS197-D1.pdb:A  SCOP d1u2ma_
   91      0.6913          -0       1.988     0.000   148    3    3           1    0    178      8    178     14    T1021s3TS197-D1.pdb:A  SCOP d1kdq.1
   92      0.6913          -0       1.988     0.000   148    3    3           1    0    178      8    178     15    T1021s3TS197-D1.pdb:A  SCOP d1uhb.1
   93      0.6913          -0       1.988     0.000   148    3    3           1    0    178      8    178     15    T1021s3TS197-D1.pdb:A  SCOP d1aks.1
   94      0.6913   2.434e-06        1.87     0.000   148    2    3           1    0    178      8    178      8    T1021s3TS197-D1.pdb:A  SCOP d1ujta_
   95      0.6913   3.796e-08       2.604     0.000   148    2    5           1    0    178      8    178      7    T1021s3TS197-D1.pdb:A  SCOP d1btba_
   96      0.6913          -0      0.8544     0.000   148    3    3           1    0    178      8    178     14    T1021s3TS197-D1.pdb:A  SCOP d1v9ea_
   97      0.6913          -0       1.622     0.000   148    3    3           1    0    178      8    178     13    T1021s3TS197-D1.pdb:A  SCOP d1j9wa_
   98      0.6913          -0      0.5203     0.000   148    3    3           1    0    178      8    178     12    T1021s3TS197-D1.pdb:A  SCOP d2fw4a1
   99      0.6913          -0       3.669     0.000   148    3    3           1    0    178      8    178     15    T1021s3TS197-D1.pdb:A  SCOP d1g8wa_
  100      0.6913     0.04542       2.919     0.000   148    2    3           1    0    178      8    178     10    T1021s3TS197-D1.pdb:A  SCOP d1guia_
  101      0.6913          -0  1.798e+308     0.000   148    2    3           1    0    178      8    178     10    T1021s3TS197-D1.pdb:A  SCOP d1u5za_
  102      0.6913          -0      0.5203     0.000   148    3    3           1    0    178      8    178     13    T1021s3TS197-D1.pdb:A  SCOP d1azma_
  103      0.6913          -0      0.5203     0.000   148    3    3           1    0    178      8    178     12    T1021s3TS197-D1.pdb:A  SCOP d1jv0a_
  104      0.6913          -0      0.5203     0.000   148    3    3           1    0    178      8    178     12    T1021s3TS197-D1.pdb:A  SCOP d1czma_
  105      0.6913          -0      0.5203     0.000   148    3    3           1    0    178      8    178     13    T1021s3TS197-D1.pdb:A  SCOP d1bzma_
  106      0.6913          -0       2.717     0.000   148    3    3           1    0    178      8    178     15    T1021s3TS197-D1.pdb:A  SCOP d1fnza_
  107      0.6913          -0      0.5203     0.000   148    3    3           1    0    178      8    178     12    T1021s3TS197-D1.pdb:A  SCOP d1crma_
  108      0.6913          -0      0.5203     0.000   148    3    3           1    0    178      8    178     13    T1021s3TS197-D1.pdb:A  SCOP d1huga_
  109      0.6913          -0      0.5203     0.000   148    3    3           1    0    178      8    178     12    T1021s3TS197-D1.pdb:A  SCOP d2caba_
  110      0.6913          -0       2.717     0.000   148    3    3           1    0    178      8    178     15    T1021s3TS197-D1.pdb:A  SCOP d1fnya_
  111      0.6913          -0      0.5203     0.000   148    3    3           1    0    178      8    178     13    T1021s3TS197-D1.pdb:A  SCOP d1fsna_
  112      0.6913          -0      0.5203     0.000   148    3    3           1    0    178      8    178     12    T1021s3TS197-D1.pdb:A  SCOP d1hvaa_
  113      0.6913   2.293e-06       2.612     0.000   148    2    4           1    0    178      8    178      8    T1021s3TS197-D1.pdb:A  SCOP d1odea_
  114      0.6864          -0       1.885     0.660   151    2    5      0.9934    0    178      8    178      7    T1021s3TS197-D1.pdb:A  SCOP d1pqna_
  115      0.6859          -0      0.5203     0.000   147    3    3           1    0    178      8    177     13    T1021s3TS197-D1.pdb:A  SCOP d2nn7a1
  116      0.6859          -0      0.5203     0.000   147    3    3           1    0    178      8    177     13    T1021s3TS197-D1.pdb:A  SCOP d2nn1a1
  117      0.6859          -0      0.5203     0.000   147    3    3           1    0    178      8    177     12    T1021s3TS197-D1.pdb:A  SCOP d2foya1
  118      0.6859          -0      0.5203     0.000   147    3    3           1    0    178      8    177     12    T1021s3TS197-D1.pdb:A  SCOP d2nmxa1
  119       0.682     0.07162       2.728     0.000   147    2    8           1    0    178      8    178      8    T1021s3TS197-D1.pdb:A  SCOP d1qtxa_
  120       0.682          -0        3.12     0.000   147    2    5           1    0    178      8    178      9    T1021s3TS197-D1.pdb:A  SCOP d1tq8a_
  121       0.682          -0       1.574     0.000   147    3    4           1    0    178      8    178     11    T1021s3TS197-D1.pdb:A  SCOP d1w39a_
  122       0.682   9.806e-07       2.779     0.000   147    2    5           1    0    178      8    178      7    T1021s3TS197-D1.pdb:A  SCOP d1a19a_
  123       0.682   0.0006675       2.915     0.000   147    2    5           1    0    178      8    178      6    T1021s3TS197-D1.pdb:A  SCOP d1ab7a_
  124      0.6792          -0       2.426     0.534   149    2    8      0.9799    0    178      8    178     10    T1021s3TS197-D1.pdb:A  SCOP d1tmya_
  125      0.6728          -0       3.341     0.000   146    2    5           1    0    178      8    178     10    T1021s3TS197-D1.pdb:A  SCOP d2foxa_
  126      0.6728          -0       3.341     0.000   146    2    5           1    0    178      8    178     10    T1021s3TS197-D1.pdb:A  SCOP d3nlla_
  127      0.6728   4.354e-07       2.685     0.000   146    2    5           1    0    178      8    178      6    T1021s3TS197-D1.pdb:A  SCOP d1uhza_
  128        0.67          -0       2.426     0.536   148    2    8      0.9797    0    178      8    178     10    T1021s3TS197-D1.pdb:A  SCOP d3tmya_
  129      0.6679          -0       1.854     0.664   149    2    5      0.9933    0    178      8    178      8    T1021s3TS197-D1.pdb:A  SCOP d1qgva_
  130      0.6636          -0       3.341     0.000   145    2    5           1    0    178      8    178     10    T1021s3TS197-D1.pdb:A  SCOP d5nlla_
  131      0.6636          -0       3.341     0.000   145    2    5           1    0    178      8    178     10    T1021s3TS197-D1.pdb:A  SCOP d1flaa_
  132      0.6636          -0       3.341     0.000   145    2    5           1    0    178      8    178     10    T1021s3TS197-D1.pdb:A  SCOP d2fdxa_
  133      0.6636          -0       3.341     0.000   145    2    5           1    0    178      8    178     10    T1021s3TS197-D1.pdb:A  SCOP d2flva_
  134      0.6636          -0       3.341     0.000   145    2    5           1    0    178      8    178     10    T1021s3TS197-D1.pdb:A  SCOP d5nula_
  135      0.6636   4.999e-08       2.389     0.000   145    2    4           1    0    178      8    178      8    T1021s3TS197-D1.pdb:A  SCOP d2chsa_
  136      0.6636          -0       2.358     0.000   145    2    6           1    0    178      8    178     10    T1021s3TS197-D1.pdb:A  SCOP d1udma_
  137      0.6636          -0      0.5203     0.000   145    3    4           1    0    178      8    178     14    T1021s3TS197-D1.pdb:A  SCOP d1flja_
  138      0.6636          -0      0.8095     0.000   145    3    5           1    0    178      8    178     15    T1021s3TS197-D1.pdb:A  SCOP d1g8ta_
  139      0.6636       1.252       3.675     0.000   145    2    4           1    0    178      8    178      7    T1021s3TS197-D1.pdb:A  SCOP d1fx3a_
  140      0.6636       1.905       4.292     0.000   145    2    4           1    0    178      8    178      7    T1021s3TS197-D1.pdb:A  SCOP d1ozba_
  141      0.6636      0.3222       4.041     0.000   145    2    7           1    0    178      8    178      8    T1021s3TS197-D1.pdb:A  SCOP d1lnwa_
  142      0.6636    0.001946       4.044     0.000   145    2    7           1    0    178      8    178      8    T1021s3TS197-D1.pdb:A  SCOP d1jgsa_
  143      0.6636          -0       3.341     0.000   145    2    5           1    0    178      8    178     10    T1021s3TS197-D1.pdb:A  SCOP d5ulla_
  144      0.6636          -0       3.341     0.000   145    2    5           1    0    178      8    178     10    T1021s3TS197-D1.pdb:A  SCOP d1flna_
  145      0.6636          -0       3.341     0.000   145    2    5           1    0    178      8    178     10    T1021s3TS197-D1.pdb:A  SCOP d2fvxa_
  146      0.6636          -0       2.389     0.000   145    2    4           1    0    178      8    178      9    T1021s3TS197-D1.pdb:A  SCOP d1dbfa_
  147      0.6636          -0       3.341     0.000   145    2    5           1    0    178      8    178     10    T1021s3TS197-D1.pdb:A  SCOP d4nula_
  148      0.6636          -0       3.341     0.000   145    2    5           1    0    178      8    178     10    T1021s3TS197-D1.pdb:A  SCOP d1fvxa_
  149      0.6636          -0       3.341     0.000   145    2    5           1    0    178      8    178     10    T1021s3TS197-D1.pdb:A  SCOP d4nlla_
  150      0.6636          -0       3.341     0.000   145    2    5           1    0    178      8    178     10    T1021s3TS197-D1.pdb:A  SCOP d1flda_
  151      0.6614   3.325e-08       2.937     0.530   147    2    4      0.9796    0    178      8    178      9    T1021s3TS197-D1.pdb:A  SCOP d1c3ha_
  152      0.6614   1.288e-10       2.937     0.530   147    2    4      0.9796    0    178      8    178      8    T1021s3TS197-D1.pdb:A  SCOP d1c28a_
  153      0.6614          -0       1.052     0.530   147    3    4      0.9796    0    178      8    178     12    T1021s3TS197-D1.pdb:A  SCOP d1fata_
  154      0.6608       0.174       2.501     0.537   147    2    4      0.9796    0    178      8    178      5    T1021s3TS197-D1.pdb:A  SCOP d1m3ca_
  155      0.6608      0.1857       2.531     0.537   147    2    4      0.9796    0    178      8    178      5    T1021s3TS197-D1.pdb:A  SCOP d1b07a_
  156      0.6608     0.01672       1.885     0.537   147    2    4      0.9796    0    178      8    178      5    T1021s3TS197-D1.pdb:A  SCOP d1m3ba_
  157      0.6608          -0       1.214     0.537   147    3    4      0.9796    0    178      8    178     14    T1021s3TS197-D1.pdb:A  SCOP d1buia_
  158      0.6592      0.1837        3.72     0.662   148    3    5      0.9865    0    178      8    178     11    T1021s3TS197-D1.pdb:A  SCOP d1q9ua_
  159      0.6548   3.584e-11       1.137     0.944   151    2    4      0.9801    0    178      8    178      6    T1021s3TS197-D1.pdb:A  SCOP d1vpfa_
  160      0.6548          -0       1.137     0.944   151    2    4      0.9801    0    178      8    178      7    T1021s3TS197-D1.pdb:A  SCOP d1mkka_
  161      0.6545   3.127e-10       2.389     0.000   144    2    5           1    0    178      8    178      8    T1021s3TS197-D1.pdb:A  SCOP d2chta_
  162      0.6545   3.127e-10       2.389     0.000   144    2    5           1    0    178      8    178      8    T1021s3TS197-D1.pdb:A  SCOP d1coma_
  163      0.6545          -0       3.341     0.000   144    2    5           1    0    178      8    178     10    T1021s3TS197-D1.pdb:A  SCOP d6nula_
  164      0.6545          -0       2.799     0.000   144    2    4           1    0    178      8    178      8    T1021s3TS197-D1.pdb:A  SCOP d1izla_
  165      0.6545          -0       3.341     0.000   144    2    5           1    0    178      8    178     10    T1021s3TS197-D1.pdb:A  SCOP d2faxa_
  166      0.6522   4.822e-17       2.213     0.532   146    2    6      0.9795    0    178      8    178     10    T1021s3TS197-D1.pdb:A  SCOP d1ry9a_
  167      0.6522          -0       2.328     0.532   146    2    5      0.9795    0    178      8    178     10    T1021s3TS197-D1.pdb:A  SCOP d1vhaa_
  168      0.6522          -0       2.328     0.532   146    2    5      0.9795    0    178      8    178     10    T1021s3TS197-D1.pdb:A  SCOP d1vh8a_
  169      0.6519   1.218e-05       1.957     0.537   146    2    5      0.9863    0    178      8    178      5    T1021s3TS197-D1.pdb:A  SCOP d1ovya_
  170      0.6517          -0       1.214     0.539   146    3    5      0.9795    0    178      8    178     15    T1021s3TS197-D1.pdb:A  SCOP d1g2ma_
  171      0.6511          -0       2.736     0.903   150    2    5        0.98    0    178      8    178     10    T1021s3TS197-D1.pdb:A  SCOP d1fl9a_
  172      0.6497      0.1619       3.608     0.669   147    2    4      0.9932    0    178      8    178     10    T1021s3TS197-D1.pdb:A  SCOP d1oula_
  173      0.6458          -0       2.456     0.947   150    2    8        0.98    0    178      8    178     10    T1021s3TS197-D1.pdb:A  SCOP d1qmpa_
  174      0.6454   0.0001138       3.298     0.000   143    2    5           1    0    178      8    178      6    T1021s3TS197-D1.pdb:A  SCOP d1udva_
  175      0.6454   2.269e-05       2.244     0.000   143    2    4           1    0    178      8    178      5    T1021s3TS197-D1.pdb:A  SCOP d1stua_
  176      0.6434          -0       2.699     0.531   145    3    5      0.9793    0    178      8    178     15    T1021s3TS197-D1.pdb:A  SCOP d1ooea_
  177      0.6429          -0       1.935     0.539   145    3    7      0.9862    0    178      8    178      9    T1021s3TS197-D1.pdb:A  SCOP d1cfya_
  178      0.6427          -0       2.059     0.541   145    2    6      0.9793    0    178      8    178      9    T1021s3TS197-D1.pdb:A  SCOP d1nn7a_
  179      0.6368          -0       1.774     0.950   149    2    5      0.9799    0    178      8    178      6    T1021s3TS197-D1.pdb:A  SCOP d1q5ya_
  180      0.6368   9.258e-15      0.5362     0.950   149    2    5      0.9799    0    178      8    178      3    T1021s3TS197-D1.pdb:A  SCOP d1egla_
  181      0.6368          -0      0.5362     0.950   149    2    5      0.9799    0    178      8    178      4    T1021s3TS197-D1.pdb:A  SCOP d1dwma_
  182      0.6364          -0       2.623     0.000   142    2    4           1    0    178      8    178      9    T1021s3TS197-D1.pdb:A  SCOP d1n13.1
  183      0.6364          -0       2.623     0.000   142    2    4           1    0    178      8    178      7    T1021s3TS197-D1.pdb:A  SCOP d1k1ga_
  184      0.6364          -0      0.5203     0.000   142    3    4           1    0    178      8    178     12    T1021s3TS197-D1.pdb:A  SCOP d1dmxa_
  185      0.6364          -0       2.623     0.000   142    2    4           1    0    178      8    178      9    T1021s3TS197-D1.pdb:A  SCOP d1mt1.1
  186      0.6339          -0       1.097     0.540   144    2    9      0.9861    0    178      8    178     10    T1021s3TS197-D1.pdb:A  SCOP d1r28a_
  187      0.6333   0.0005809       1.177     0.748   146    2    5      0.9589    0    178      8    178      5    T1021s3TS197-D1.pdb:A  SCOP d1m30a_
  188      0.6332          -0      0.3775     0.909   148    3    5      0.9797    0    178      8    178     14    T1021s3TS197-D1.pdb:A  SCOP d1vb2a_
  189      0.6325          -0      0.9983     0.552   139    3    4      0.9784    0    178      8    166     15    T1021s3TS197-D1.pdb:A  SCOP d2f91a1
  190      0.6303          -0      0.3548     1.067   150    2    6      0.9667    0    178      8    178      9    T1021s3TS197-D1.pdb:A  SCOP d1mm4a_
  191      0.6297      0.2201       4.338     0.696   145    3    5      0.9931    0    178      8    178     13    T1021s3TS197-D1.pdb:A  SCOP d1c9ka_
  192      0.6296          -0       1.854     0.697   145    2    7      0.9931    0    178      8    178      9    T1021s3TS197-D1.pdb:A  SCOP d1rlga_
  193      0.6275          -0       1.949     0.000   141    2    4           1    0    178      8    178      8    T1021s3TS197-D1.pdb:A  SCOP d1w4ua_
  194      0.6275          -0      0.5203     0.000   141    3    4           1    0    178      8    178     12    T1021s3TS197-D1.pdb:A  SCOP d1fsqa_
  195      0.6275     0.03064       2.901     0.000   141    2    5           1    0    178      8    178      4    T1021s3TS197-D1.pdb:A  SCOP d1egwa_
  196      0.6275   0.0001362        3.65     0.000   141    2    7           1    0    178      8    178      9    T1021s3TS197-D1.pdb:A  SCOP d1wpba_
  197      0.6275     0.00397       4.495     0.000   141    2    5           1    0    178      8    178      9    T1021s3TS197-D1.pdb:A  SCOP d1r67a_
  198      0.6275          -0      0.5203     0.000   141    3    4           1    0    178      8    178     12    T1021s3TS197-D1.pdb:A  SCOP d1fsra_
  199      0.6275          -0      0.5203     0.000   141    3    4           1    0    178      8    178     12    T1021s3TS197-D1.pdb:A  SCOP d1g6va_
  200      0.6275          -0       1.846     0.000   141    2    7           1    0    178      8    178      9    T1021s3TS197-D1.pdb:A  SCOP d1h6ha_
  201      0.6275          -0      0.5203     0.000   141    3    4           1    0    178      8    178     12    T1021s3TS197-D1.pdb:A  SCOP d1dmya_
  202      0.6275          -0      0.5203     0.000   141    3    4           1    0    178      8    178     12    T1021s3TS197-D1.pdb:A  SCOP d1fr7a_
  203      0.6275     0.07058       3.071     0.000   141    2    9           1    0    178      8    178     10    T1021s3TS197-D1.pdb:A  SCOP d1jbaa_
  204      0.6275     0.03152       3.036     0.000   141    2    5           1    0    178      8    178      4    T1021s3TS197-D1.pdb:A  SCOP d1c7ua_
  205      0.6255    0.001448       2.152     1.331   154    2    4      0.9805    0    178      8    178      6    T1021s3TS197-D1.pdb:A  SCOP d1ucia_
  206      0.6255   7.612e-05       2.152     1.331   154    2    4      0.9805    0    178      8    178      7    T1021s3TS197-D1.pdb:A  SCOP d1t2ha_
  207      0.6255    0.001448       2.152     1.331   154    2    4      0.9805    0    178      8    178      6    T1021s3TS197-D1.pdb:A  SCOP d1ucja_
  208      0.6255    0.001448       2.152     1.331   154    2    4      0.9805    0    178      8    178      6    T1021s3TS197-D1.pdb:A  SCOP d1ucla_
  209      0.6255    0.001448       2.152     1.331   154    2    4      0.9805    0    178      8    178      6    T1021s3TS197-D1.pdb:A  SCOP d1ucka_
  210       0.625          -0       1.395     0.542   143    2    6       0.986    0    178      8    178      9    T1021s3TS197-D1.pdb:A  SCOP d1eiwa_
  211      0.6239          -0       1.419     0.546   138    3    3      0.9783    0    178      8    166     12    T1021s3TS197-D1.pdb:A  SCOP d1hqna1
  212      0.6201          -0       1.419     0.546   138    3    3      0.9783    0    178      8    167     12    T1021s3TS197-D1.pdb:A  SCOP d1cjda1
  213      0.6192          -0       2.426     0.956   147    2    8      0.9796    0    178      8    178     10    T1021s3TS197-D1.pdb:A  SCOP d1dz3a_
  214      0.6186   1.262e-08       2.213     0.000   140    2    4           1    0    178      8    178      5    T1021s3TS197-D1.pdb:A  SCOP d1a67a_
  215      0.6186          -0        2.32     0.000   140    2    3           1    0    178      8    178      9    T1021s3TS197-D1.pdb:A  SCOP d1ne8a_
  216      0.6186          -0       2.085     0.000   140    2    6           1    0    178      8    178     10    T1021s3TS197-D1.pdb:A  SCOP d1hkqa_
  217      0.6186          -0       2.396     0.000   140    3    5           1    0    178      8    178     15    T1021s3TS197-D1.pdb:A  SCOP d1vjua_
  218      0.6182          -0       2.105     0.629   143    2    5       0.972    0    178      8    178      9    T1021s3TS197-D1.pdb:A  SCOP d1k2aa_
  219      0.6156          -0      0.4507     0.915   146    3    4      0.9795    0    178      8    178     15    T1021s3TS197-D1.pdb:A  SCOP d1sbfa_
  220      0.6118    0.001399       3.485     0.703   143    2    7       0.979    0    178      8    178      9    T1021s3TS197-D1.pdb:A  SCOP d1pdoa_
  221      0.6104          -0       2.374     0.000   117    2    2           1    0    178      8    126      9    T1021s3TS197-D1.pdb:A  SCOP d1rlda2
  222      0.6098          -0       2.027     0.000   139    2    8           1    0    178      8    178      9    T1021s3TS197-D1.pdb:A  SCOP d1cs3a_
  223      0.6098      0.4436       3.811     0.000   139    2    4           1    0    178      8    178      8    T1021s3TS197-D1.pdb:A  SCOP d1mvaa_
  224      0.6098      0.4436       3.811     0.000   139    2    4           1    0    178      8    178      8    T1021s3TS197-D1.pdb:A  SCOP d1frsa_
  225      0.6098   0.0006788       2.779     0.000   139    2    8           1    0    178      8    178      8    T1021s3TS197-D1.pdb:A  SCOP d1ckka_
  226      0.6094          -0       2.105     0.631   142    2    5      0.9718    0    178      8    178      9    T1021s3TS197-D1.pdb:A  SCOP d1gqva_
  227      0.6058          -0      0.3723     0.927   145    3    5      0.9793    0    178      8    178     13    T1021s3TS197-D1.pdb:A  SCOP d4sbva_
  228      0.6016          -0       1.988     0.963   145    2    6      0.9793    0    178      8    178      9    T1021s3TS197-D1.pdb:A  SCOP d1jbba_
  229      0.6015          -0      0.6136     1.218   149    2    5      0.9799    0    178      8    178      9    T1021s3TS197-D1.pdb:A  SCOP d1h2ca_
  230      0.6011          -0      0.2278     0.000   138    2    6           1    0    178      8    178      8    T1021s3TS197-D1.pdb:A  SCOP d1njka_
  231      0.6011    0.008577       3.449     0.000   138    2    4           1    0    178      8    178      8    T1021s3TS197-D1.pdb:A  SCOP d1aj5a_
  232      0.6011   2.671e-05       2.972     0.000   138    2    5           1    0    178      8    178      7    T1021s3TS197-D1.pdb:A  SCOP d1ty4a_
  233      0.6011      0.4063       4.172     0.000   138    2    7           1    0    178      8    178     10    T1021s3TS197-D1.pdb:A  SCOP d1j23a_
  234      0.6011          -0      0.9698     0.000   138    2    6           1    0    178      8    178      6    T1021s3TS197-D1.pdb:A  SCOP d1nxia_
  235      0.6011      0.4063       4.172     0.000   138    2    7           1    0    178      8    178     10    T1021s3TS197-D1.pdb:A  SCOP d1j22a_
  236      0.6007   6.461e-15       1.941     0.633   141    2    4      0.9716    0    178      8    178      7    T1021s3TS197-D1.pdb:A  SCOP d1uela_
  237      0.5977          -0      0.7086     0.925   144    2    5      0.9792    0    178      8    178      7    T1021s3TS197-D1.pdb:A  SCOP d1ulra_
  238       0.597          -0        1.98     0.678   141    2    8      0.9858    0    178      8    178     10    T1021s3TS197-D1.pdb:A  SCOP d1krwa_
  239       0.597    6.62e-09       2.597     0.678   141    2    5      0.9858    0    178      8    178      7    T1021s3TS197-D1.pdb:A  SCOP d1h75a_
  240      0.5957     0.07012       3.958     0.000   124    2    2           1    0    178      8    145     10    T1021s3TS197-D1.pdb:A  SCOP d1a3qa2
  241      0.5953   8.674e-05       2.282     1.205   148    2    6      0.9865    0    178      8    178      7    T1021s3TS197-D1.pdb:A  SCOP d1wfza_
  242      0.5938   0.0008884       4.692     1.273   149    3    7      0.9799    0    178      8    178     12    T1021s3TS197-D1.pdb:A  SCOP d1xkra_
  243      0.5924      0.3891        4.15     0.000   137    2    7           1    0    178      8    178     10    T1021s3TS197-D1.pdb:A  SCOP d1j24a_
  244      0.5924   7.406e-08       2.692     0.000   137    2    6           1    0    178      8    178      8    T1021s3TS197-D1.pdb:A  SCOP d1nx3a_
  245      0.5924          -0        2.26     0.000   137    2    5           1    0    178      8    178     10    T1021s3TS197-D1.pdb:A  SCOP d1flva_
  246      0.5924   1.688e-08       2.575     0.000   137    2    6           1    0    178      8    178      8    T1021s3TS197-D1.pdb:A  SCOP d1nx0a_
  247      0.5924   2.167e-07       2.692     0.000   137    2    6           1    0    178      8    178      8    T1021s3TS197-D1.pdb:A  SCOP d1nx2a_
  248      0.5924          -0       1.949     0.000   137    2    5           1    0    178      8    178      9    T1021s3TS197-D1.pdb:A  SCOP d1y6la_
  249      0.5924      0.3891        4.15     0.000   137    2    7           1    0    178      8    178     10    T1021s3TS197-D1.pdb:A  SCOP d1j25a_
  250       0.592   4.332e-10      0.3915     0.636   140    2    4      0.9714    0    178      8    178      5    T1021s3TS197-D1.pdb:A  SCOP d1gb1a_
  251       0.592          -0      0.3915     0.636   140    2    4      0.9714    0    178      8    178      5    T1021s3TS197-D1.pdb:A  SCOP d2gb1a_
  252       0.591          -0       2.361     0.978   139    3    4      0.9856    0    178      8    166     15    T1021s3TS197-D1.pdb:A  SCOP d2gv6a1
  253      0.5901   4.822e-17       2.396     1.299   149    2    5      0.9799    0    178      8    178      6    T1021s3TS197-D1.pdb:A  SCOP d2ifea_
  254      0.5884   9.559e-13       1.885     0.680   140    2    5      0.9857    0    178      8    178      6    T1021s3TS197-D1.pdb:A  SCOP d1i3za_
  255      0.5884   3.336e-11       2.438     0.680   140    2    8      0.9857    0    178      8    178     10    T1021s3TS197-D1.pdb:A  SCOP d1vkka_
  256      0.5871   3.546e-07       3.922     0.000   117    2    4           1    0    178      8    131     10    T1021s3TS197-D1.pdb:A  SCOP d2a1va1
  257       0.586          -0       2.538     0.000   116    2    3           1    0    178      8    129     10    T1021s3TS197-D1.pdb:A  SCOP d1bxna2
  258      0.5857   3.134e-15       2.901     0.711   140    2    5      0.9786    0    178      8    178     10    T1021s3TS197-D1.pdb:A  SCOP d1a98a_
  259       0.585    6.75e-16       3.085     0.618   139    2    6      0.9784    0    178      8    178      9    T1021s3TS197-D1.pdb:A  SCOP d1kq6a_
  260      0.5849   4.822e-17       1.819     0.888   125    2    4       0.944    0    178      8    138     10    T1021s3TS197-D1.pdb:A  SCOP d1es6a1
  261      0.5838    0.003419        3.42     0.000   136    2    4           1    0    178      8    178      6    T1021s3TS197-D1.pdb:A  SCOP d1it4a_
  262      0.5838          -0       2.396     0.000   136    2    5           1    0    178      8    178     10    T1021s3TS197-D1.pdb:A  SCOP d1rcfa_
  263      0.5834          -0      0.3853     0.638   139    2    4      0.9712    0    178      8    178      5    T1021s3TS197-D1.pdb:A  SCOP d3gb1a_
  264      0.5824          -0       1.185     1.352   149    2    7      0.9799    0    178      8    178      9    T1021s3TS197-D1.pdb:A  SCOP d2fx2a_
  265      0.5824          -0       1.204     1.352   149    2    6      0.9799    0    178      8    178      9    T1021s3TS197-D1.pdb:A  SCOP d1akwa_
  266      0.5824          -0       0.746     1.352   149    2    4      0.9799    0    178      8    178     10    T1021s3TS197-D1.pdb:A  SCOP d1qwxa_
  267      0.5824          -0      0.8559     1.352   149    2    7      0.9799    0    178      8    178      9    T1021s3TS197-D1.pdb:A  SCOP d1wswa_
  268      0.5819    0.000427       3.232     0.918   142    2    5      0.9859    0    178      8    178      9    T1021s3TS197-D1.pdb:A  SCOP d1sdsa_
  269      0.5816     0.05497       3.779     0.548   138    2    6      0.9783    0    178      8    178      7    T1021s3TS197-D1.pdb:A  SCOP d1sjra_
  270      0.5813   3.871e-08       2.301     1.745   157    2    4      0.9809    0    178      8    178      8    T1021s3TS197-D1.pdb:A  SCOP d1qiba_
  271      0.5813          -0       2.366     1.745   157    2    4      0.9809    0    178      8    178      9    T1021s3TS197-D1.pdb:A  SCOP d1qiaa_
  272      0.5813   3.871e-08       2.301     1.745   157    2    4      0.9809    0    178      8    178      8    T1021s3TS197-D1.pdb:A  SCOP d1cqra_
  273      0.5813          -0       2.366     1.745   157    2    4      0.9809    0    178      8    178     10    T1021s3TS197-D1.pdb:A  SCOP d2usna_
  274      0.5813          -0       2.366     1.745   157    2    4      0.9809    0    178      8    178      9    T1021s3TS197-D1.pdb:A  SCOP d1b8ya_
  275      0.5813   4.822e-16       2.221     1.745   157    2    4      0.9809    0    178      8    178      8    T1021s3TS197-D1.pdb:A  SCOP d1qica_
  276      0.5813          -0       2.366     1.745   157    2    4      0.9809    0    178      8    178      9    T1021s3TS197-D1.pdb:A  SCOP d1g4ka_
  277      0.5813          -0       2.366     1.745   157    2    4      0.9809    0    178      8    178      8    T1021s3TS197-D1.pdb:A  SCOP d1cxva_
  278      0.5813          -0       2.366     1.745   157    2    4      0.9809    0    178      8    178      9    T1021s3TS197-D1.pdb:A  SCOP d1d8ma_
  279      0.5813   8.395e-10       2.301     1.745   157    2    4      0.9809    0    178      8    178      9    T1021s3TS197-D1.pdb:A  SCOP d1biwa_
  280      0.5813   9.123e-14       2.366     1.745   157    2    4      0.9809    0    178      8    178      8    T1021s3TS197-D1.pdb:A  SCOP d1ciza_
  281      0.5813          -0       2.366     1.745   157    2    4      0.9809    0    178      8    178      9    T1021s3TS197-D1.pdb:A  SCOP d1c3ia_
  282      0.5813          -0       2.366     1.745   157    2    4      0.9809    0    178      8    178      9    T1021s3TS197-D1.pdb:A  SCOP d1oo9a_
  283      0.5813   8.395e-10       2.301     1.745   157    2    4      0.9809    0    178      8    178      9    T1021s3TS197-D1.pdb:A  SCOP d1g05a_
  284      0.5813   9.123e-14       2.366     1.745   157    2    4      0.9809    0    178      8    178      8    T1021s3TS197-D1.pdb:A  SCOP d1c8ta_
  285      0.5813   3.871e-08       2.301     1.745   157    2    4      0.9809    0    178      8    178      8    T1021s3TS197-D1.pdb:A  SCOP d1b3da_
  286      0.5813          -0       2.366     1.745   157    2    4      0.9809    0    178      8    178      9    T1021s3TS197-D1.pdb:A  SCOP d1d8fa_
  287      0.5813          -0       2.366     1.745   157    2    4      0.9809    0    178      8    178      8    T1021s3TS197-D1.pdb:A  SCOP d1bqoa_
  288      0.5813          -0       2.366     1.745   157    2    4      0.9809    0    178      8    178      8    T1021s3TS197-D1.pdb:A  SCOP d1slna_
  289      0.5813   9.123e-14       2.366     1.745   157    2    4      0.9809    0    178      8    178      8    T1021s3TS197-D1.pdb:A  SCOP d1caqa_
  290      0.5813          -0       2.366     1.745   157    2    4      0.9809    0    178      8    178      8    T1021s3TS197-D1.pdb:A  SCOP d1d5ja_
  291      0.5813   3.871e-08       2.301     1.745   157    2    4      0.9809    0    178      8    178      8    T1021s3TS197-D1.pdb:A  SCOP d1g49a_
  292      0.5813          -0       2.366     1.745   157    2    4      0.9809    0    178      8    178      9    T1021s3TS197-D1.pdb:A  SCOP d1ueaa_
  293      0.5813   9.123e-14       2.366     1.745   157    2    4      0.9809    0    178      8    178      8    T1021s3TS197-D1.pdb:A  SCOP d1hfsa_
  294      0.5813   3.871e-08       2.301     1.745   157    2    4      0.9809    0    178      8    178      8    T1021s3TS197-D1.pdb:A  SCOP d1hy7a_
  295      0.5813   3.871e-08       2.301     1.745   157    2    4      0.9809    0    178      8    178      8    T1021s3TS197-D1.pdb:A  SCOP d1d7xa_
  296      0.5808          -0       1.725     0.851   141    3    6      0.9858    0    178      8    178     15    T1021s3TS197-D1.pdb:A  SCOP d1dhra_
  297      0.5808          -0       1.725     0.851   141    3    6      0.9858    0    178      8    178     15    T1021s3TS197-D1.pdb:A  SCOP d1dira_
  298      0.5798   6.584e-09       2.597     0.683   139    2    6      0.9856    0    178      8    178      7    T1021s3TS197-D1.pdb:A  SCOP d1r7ha_
  299      0.5752    0.001756       3.356     0.000   135    2    4           1    0    178      8    178      8    T1021s3TS197-D1.pdb:A  SCOP d1dvia_
  300      0.5752    0.006286        2.93     0.000   135    2    7           1    0    178      8    178      8    T1021s3TS197-D1.pdb:A  SCOP d2bbma_
  301      0.5752          -0       2.396     0.000   135    2    5           1    0    178      8    178     10    T1021s3TS197-D1.pdb:A  SCOP d1dx9a_
  302      0.5752   4.818e-05       2.801     0.000   135    2    7           1    0    178      8    178      8    T1021s3TS197-D1.pdb:A  SCOP d1lina_
  303      0.5752          -0       1.347     0.000   135    2    5           1    0    178      8    178      8    T1021s3TS197-D1.pdb:A  SCOP d1k3sa_
  304      0.5741          -0      0.5362     1.184   145    2    4      0.9793    0    178      8    178      9    T1021s3TS197-D1.pdb:A  SCOP d1uena_
  305       0.574          -0     0.07587     0.837   140    2    5      0.9571    0    178      8    178      6    T1021s3TS197-D1.pdb:A  SCOP d1bt0a_
  306       0.574          -0     0.07587     0.837   140    2    5      0.9571    0    178      8    178      6    T1021s3TS197-D1.pdb:A  SCOP d1d3za_
  307       0.574          -0     0.07587     0.837   140    2    5      0.9571    0    178      8    178      6    T1021s3TS197-D1.pdb:A  SCOP d1ubia_
  308       0.574          -0     0.07587     0.837   140    2    5      0.9571    0    178      8    178      6    T1021s3TS197-D1.pdb:A  SCOP d1ubqa_
  309       0.574          -0     0.07587     0.837   140    2    5      0.9571    0    178      8    178      5    T1021s3TS197-D1.pdb:A  SCOP d1aara_
  310      0.5739          -0       1.298     1.357   148    2    6      0.9797    0    178      8    178      9    T1021s3TS197-D1.pdb:A  SCOP d5fx2a_
  311      0.5739          -0       1.185     1.357   148    2    7      0.9797    0    178      8    178      9    T1021s3TS197-D1.pdb:A  SCOP d3fx2a_
  312      0.5739          -0       1.185     1.357   148    2    7      0.9797    0    178      8    178      9    T1021s3TS197-D1.pdb:A  SCOP d1akqa_
  313      0.5724          -0       2.808     0.000   132    2    9           1    0    178      8    171     10    T1021s3TS197-D1.pdb:A  SCOP d2g03a1
  314      0.5713          -0       2.113     0.685   138    2    5      0.9855    0    178      8    178      6    T1021s3TS197-D1.pdb:A  SCOP d1nh9a_
  315      0.5713   9.903e-11        2.29     0.685   138    2    5      0.9855    0    178      8    178      7    T1021s3TS197-D1.pdb:A  SCOP d1ka7a_
  316      0.5713   2.662e-12       2.685     0.685   138    2    5      0.9855    0    178      8    178      9    T1021s3TS197-D1.pdb:A  SCOP d1oi0a_
  317      0.5713   2.188e-07       1.718     0.685   138    2    6      0.9855    0    178      8    178      6    T1021s3TS197-D1.pdb:A  SCOP d1cwea_
  318      0.5713   6.508e-11       1.718     0.685   138    2    6      0.9855    0    178      8    178      6    T1021s3TS197-D1.pdb:A  SCOP d1shaa_
  319      0.5713   8.802e-10       1.718     0.685   138    2    6      0.9855    0    178      8    178      5    T1021s3TS197-D1.pdb:A  SCOP d1shba_
  320      0.5713   6.508e-11       1.718     0.685   138    2    6      0.9855    0    178      8    178      6    T1021s3TS197-D1.pdb:A  SCOP d1skja_
  321      0.5713   8.802e-10       1.718     0.685   138    2    6      0.9855    0    178      8    178      5    T1021s3TS197-D1.pdb:A  SCOP d1bkla_
  322      0.5713   4.822e-17       2.074     0.685   138    2    5      0.9855    0    178      8    178      6    T1021s3TS197-D1.pdb:A  SCOP d1nfha_
  323      0.5695   2.345e-12       1.941     1.387   148    2    5      0.9797    0    178      8    178      6    T1021s3TS197-D1.pdb:A  SCOP d1whza_
  324      0.5684          -0       1.153     1.286   146    2    6      0.9795    0    178      8    178      9    T1021s3TS197-D1.pdb:A  SCOP d1l2wa_
  325      0.5667   1.977e-07       2.213     0.000   134    2    8           1    0    178      8    178      8    T1021s3TS197-D1.pdb:A  SCOP d1qiwa_
  326      0.5667    0.001017       2.801     0.000   134    2    7           1    0    178      8    178      8    T1021s3TS197-D1.pdb:A  SCOP d1iq5a_
  327      0.5667          -0       2.641     0.000   134    2    4           1    0    178      8    178     10    T1021s3TS197-D1.pdb:A  SCOP d1hjra_
  328      0.5667    0.001401       2.865     0.000   134    2    6           1    0    178      8    178      5    T1021s3TS197-D1.pdb:A  SCOP d1n6ja_
  329      0.5666          -0      0.9462     0.828   139    2    7      0.9856    0    178      8    178      8    T1021s3TS197-D1.pdb:A  SCOP d1ljua_
  330      0.5656          -0       1.204     1.361   147    2    6      0.9796    0    178      8    178      9    T1021s3TS197-D1.pdb:A  SCOP d1akra_
  331      0.5656          -0       1.185     1.361   147    2    7      0.9796    0    178      8    178      9    T1021s3TS197-D1.pdb:A  SCOP d1i1oa_
  332      0.5656          -0       1.185     1.361   147    2    7      0.9796    0    178      8    178      9    T1021s3TS197-D1.pdb:A  SCOP d1wsba_
  333      0.5656          -0      0.6571     1.361   147    2    7      0.9796    0    178      8    178      9    T1021s3TS197-D1.pdb:A  SCOP d1f4pa_
  334      0.5655          -0       1.972     1.361   147    2    7      0.9796    0    178      8    178      9    T1021s3TS197-D1.pdb:A  SCOP d1jasa_
  335      0.5632   0.0001529       2.244     1.013   141    2    4      0.9787    0    178      8    178      5    T1021s3TS197-D1.pdb:A  SCOP d1uw1a_
  336      0.5632          -0       1.893     1.013   141    2    7      0.9787    0    178      8    178      9    T1021s3TS197-D1.pdb:A  SCOP d2rsla_
  337      0.5628   2.615e-07       2.531     0.687   137    2    6      0.9854    0    178      8    178      7    T1021s3TS197-D1.pdb:A  SCOP d1ttza_
  338      0.5602          -0       1.306     0.719   137    2    7      0.9781    0    178      8    178      9    T1021s3TS197-D1.pdb:A  SCOP d1uc7a_
  339      0.5583   2.629e-05       2.937     0.000   133    2    8           1    0    178      8    178      8    T1021s3TS197-D1.pdb:A  SCOP d1qs7a_
  340      0.5573          -0        2.19     0.000   117    2    4           1    0    178      8    138     10    T1021s3TS197-D1.pdb:A  SCOP d1zv2a1
  341      0.5573          -0       1.185     1.366   146    2    7      0.9795    0    178      8    178      9    T1021s3TS197-D1.pdb:A  SCOP d1j8qa_
  342      0.5573          -0       1.185     1.366   146    2    7      0.9795    0    178      8    178      9    T1021s3TS197-D1.pdb:A  SCOP d1j9ea_
  343      0.5573          -0       1.185     1.366   146    2    7      0.9795    0    178      8    178      9    T1021s3TS197-D1.pdb:A  SCOP d1xyva_
  344      0.5573          -0       1.115     1.366   146    2    7      0.9795    0    178      8    178      9    T1021s3TS197-D1.pdb:A  SCOP d1azla_
  345      0.5573          -0       1.115     1.366   146    2    7      0.9795    0    178      8    178      9    T1021s3TS197-D1.pdb:A  SCOP d1akta_
  346      0.5573          -0       1.185     1.366   146    2    7      0.9795    0    178      8    178      9    T1021s3TS197-D1.pdb:A  SCOP d1xt6a_
  347      0.5573          -0       1.185     1.366   146    2    7      0.9795    0    178      8    178      9    T1021s3TS197-D1.pdb:A  SCOP d1c7fa_
  348      0.5572          -0       1.972     1.366   146    2    7      0.9795    0    178      8    178      9    T1021s3TS197-D1.pdb:A  SCOP d1q34a_
  349      0.5558          -0       1.933     0.936   139    2    5      0.9784    0    178      8    178     10    T1021s3TS197-D1.pdb:A  SCOP d1knga_
  350      0.5545   6.071e-10        2.29     0.690   136    2    6      0.9853    0    178      8    178      6    T1021s3TS197-D1.pdb:A  SCOP d1d4ta_
  351      0.5545   9.339e-13       1.885     0.690   136    2    6      0.9853    0    178      8    178      6    T1021s3TS197-D1.pdb:A  SCOP d1d4wa_
  352      0.5545   8.802e-10       1.718     0.690   136    2    6      0.9853    0    178      8    178      5    T1021s3TS197-D1.pdb:A  SCOP d1spra_
  353      0.5545   8.802e-10       1.718     0.690   136    2    6      0.9853    0    178      8    178      5    T1021s3TS197-D1.pdb:A  SCOP d1bkma_
  354      0.5545   8.802e-10       1.718     0.690   136    2    6      0.9853    0    178      8    178      5    T1021s3TS197-D1.pdb:A  SCOP d1fbza_
  355      0.5545   5.825e-08       1.925     0.690   136    2    6      0.9853    0    178      8    178      5    T1021s3TS197-D1.pdb:A  SCOP d1ijra_
  356      0.5544          -0       1.718     0.690   136    2    6      0.9853    0    178      8    178      7    T1021s3TS197-D1.pdb:A  SCOP d1rjaa_
  357      0.5544          -0        2.56     0.690   136    2    8      0.9853    0    178      8    178      9    T1021s3TS197-D1.pdb:A  SCOP d1ra4a_
  358      0.5535   0.0002454       1.941     1.736   153    2    4      0.9804    0    178      8    178      6    T1021s3TS197-D1.pdb:A  SCOP d1rsna_
  359      0.5535    0.001213       2.129     1.736   153    2    4      0.9804    0    178      8    178      6    T1021s3TS197-D1.pdb:A  SCOP d1gmqa_
  360      0.5535     0.09549       2.085     1.736   153    2    4      0.9804    0    178      8    178      6    T1021s3TS197-D1.pdb:A  SCOP d1boxa_
  361      0.5535    0.001213       2.129     1.736   153    2    4      0.9804    0    178      8    178      6    T1021s3TS197-D1.pdb:A  SCOP d1gmpa_
  362      0.5535   0.0002454       1.941     1.736   153    2    4      0.9804    0    178      8    178      6    T1021s3TS197-D1.pdb:A  SCOP d1rgfa_
  363      0.5535    0.001213       2.129     1.736   153    2    4      0.9804    0    178      8    178      6    T1021s3TS197-D1.pdb:A  SCOP d1rgha_
  364      0.5535   0.0002454       1.941     1.736   153    2    4      0.9804    0    178      8    178      6    T1021s3TS197-D1.pdb:A  SCOP d1rgga_
  365      0.5535    0.001213       2.129     1.736   153    2    4      0.9804    0    178      8    178      6    T1021s3TS197-D1.pdb:A  SCOP d1rgea_
  366      0.5533          -0      0.2738     1.340   145    2    4      0.9793    0    178      8    178     10    T1021s3TS197-D1.pdb:A  SCOP d1a34a_
  367      0.5519     0.00021       1.081     0.721   136    2    5      0.9779    0    178      8    178      4    T1021s3TS197-D1.pdb:A  SCOP d1mr4a_
  368      0.5508          -0      0.9695     1.301   144    3    7      0.9583    0    178      8    178     10    T1021s3TS197-D1.pdb:A  SCOP d1wfra_
  369      0.5499          -0      0.9462     0.000   132    2    7           1    0    178      8    178      9    T1021s3TS197-D1.pdb:A  SCOP d1d1qa_
  370      0.5499   2.284e-06       2.801     0.000   132    2    7           1    0    178      8    178      8    T1021s3TS197-D1.pdb:A  SCOP d1iwqa_
  371       0.549          -0       1.185     1.370   145    2    7      0.9793    0    178      8    178      9    T1021s3TS197-D1.pdb:A  SCOP d1c7ea_
  372       0.549          -0      0.0385     1.371   145    2    4      0.9793    0    178      8    178     10    T1021s3TS197-D1.pdb:A  SCOP d1ajoa_
  373       0.549          -0       1.972     1.371   145    2    7      0.9793    0    178      8    178      9    T1021s3TS197-D1.pdb:A  SCOP d1ayza_
  374      0.5489          -0       1.184     1.371   145    2    5      0.9793    0    178      8    178     10    T1021s3TS197-D1.pdb:A  SCOP d1p4ma_
  375      0.5489          -0      0.8746     0.845   137    2    6      0.9489    0    178      8    178      8    T1021s3TS197-D1.pdb:A  SCOP d1ur6a_
  376      0.5462          -0      0.1011     1.336   144    3    5      0.9583    0    178      8    178     11    T1021s3TS197-D1.pdb:A  SCOP d1gv9a_
  377      0.5461   4.619e-12       1.678     0.692   135    2    6      0.9852    0    178      8    178      6    T1021s3TS197-D1.pdb:A  SCOP d1spsa_
  378      0.5461          -0        1.67     0.692   135    2    6      0.9852    0    178      8    178      7    T1021s3TS197-D1.pdb:A  SCOP d1o4ja_
  379      0.5461   7.903e-14        1.67     0.692   135    2    6      0.9852    0    178      8    178      6    T1021s3TS197-D1.pdb:A  SCOP d1o4pa_
  380      0.5461          -0       2.582     0.693   135    2    6      0.9852    0    178      8    178     10    T1021s3TS197-D1.pdb:A  SCOP d1nvja_
  381      0.5454          -0       1.121     1.742   152    2    4      0.9803    0    178      8    178      9    T1021s3TS197-D1.pdb:A  SCOP d1dyna_
  382      0.5454          -0       1.121     1.742   152    2    4      0.9803    0    178      8    178      8    T1021s3TS197-D1.pdb:A  SCOP d2dyna_
  383      0.5436          -0       1.411     0.724   135    2    6      0.9778    0    178      8    178      7    T1021s3TS197-D1.pdb:A  SCOP d1aaza_
  384      0.5436          -0       1.411     0.724   135    2    6      0.9778    0    178      8    178      7    T1021s3TS197-D1.pdb:A  SCOP d1abaa_
  385      0.5436    0.001136       2.441     0.976   138    2    7      0.9783    0    178      8    178      8    T1021s3TS197-D1.pdb:A  SCOP d1l7za_
  386      0.5416   0.0002184       1.775     0.000   131    2    8           1    0    178      8    178      9    T1021s3TS197-D1.pdb:A  SCOP d1myfa_
  387      0.5416   0.0006556       3.463     0.000   131    2    7           1    0    178      8    178      9    T1021s3TS197-D1.pdb:A  SCOP d1j4na_
  388      0.5416   1.311e-05       2.747     0.000   131    2    5           1    0    178      8    178      9    T1021s3TS197-D1.pdb:A  SCOP d1hn4a_
  389      0.5401          -0      0.8682     0.566   132    2    8      0.9773    0    178      8    175     10    T1021s3TS197-D1.pdb:A  SCOP d2tmga2
  390      0.5383   5.455e-10       2.389     1.024   138    2    7      0.9783    0    178      8    178      8    T1021s3TS197-D1.pdb:A  SCOP d1qnda_
  391      0.5379          -0        2.26     0.695   134    2    7      0.9851    0    178      8    178      9    T1021s3TS197-D1.pdb:A  SCOP d1ti3a_
  392      0.5379          -0       1.557     0.695   134    2    6      0.9851    0    178      8    178      9    T1021s3TS197-D1.pdb:A  SCOP d1xfla_
  393      0.5379   2.062e-10       1.678     0.695   134    2    6      0.9851    0    178      8    178      5    T1021s3TS197-D1.pdb:A  SCOP d3hcka_
  394      0.5379   6.555e-07        2.29     0.695   134    2    6      0.9851    0    178      8    178      5    T1021s3TS197-D1.pdb:A  SCOP d1ayda_
  395      0.5379   6.306e-07        2.09     0.695   134    2    6      0.9851    0    178      8    178      5    T1021s3TS197-D1.pdb:A  SCOP d1ayba_
  396      0.5379   6.306e-07        2.09     0.695   134    2    6      0.9851    0    178      8    178      5    T1021s3TS197-D1.pdb:A  SCOP d1ayca_
  397      0.5354   4.822e-17       2.678     1.849   153    2    3      0.9804    0    178      8    178      8    T1021s3TS197-D1.pdb:A  SCOP d1jana_
  398      0.5354   9.643e-17       2.678     1.849   153    2    3      0.9804    0    178      8    178      8    T1021s3TS197-D1.pdb:A  SCOP d1jh1a_
  399      0.5354   9.643e-17       2.678     1.849   153    2    3      0.9804    0    178      8    178      8    T1021s3TS197-D1.pdb:A  SCOP d1a85a_
  400      0.5354   4.822e-17       2.678     1.849   153    2    3      0.9804    0    178      8    178      8    T1021s3TS197-D1.pdb:A  SCOP d1i76a_
  401      0.5354   9.643e-17       2.678     1.849   153    2    3      0.9804    0    178      8    178      8    T1021s3TS197-D1.pdb:A  SCOP d1a86a_
  402      0.5354   9.643e-17       2.678     1.849   153    2    3      0.9804    0    178      8    178      8    T1021s3TS197-D1.pdb:A  SCOP d1jaqa_
  403      0.5354   4.822e-17       2.678     1.849   153    2    3      0.9804    0    178      8    178      8    T1021s3TS197-D1.pdb:A  SCOP d1i73a_
  404      0.5354   4.822e-17       2.678     1.849   153    2    3      0.9804    0    178      8    178      8    T1021s3TS197-D1.pdb:A  SCOP d1bzsa_
  405      0.5354   9.643e-17       2.678     1.849   153    2    3      0.9804    0    178      8    178      8    T1021s3TS197-D1.pdb:A  SCOP d1jaoa_
  406      0.5354   9.643e-17       2.678     1.849   153    2    3      0.9804    0    178      8    178      8    T1021s3TS197-D1.pdb:A  SCOP d1japa_
  407      0.5354   9.643e-17       2.678     1.849   153    2    3      0.9804    0    178      8    178      8    T1021s3TS197-D1.pdb:A  SCOP d1mmba_
  408      0.5353   9.643e-17       1.702     0.726   134    2    6      0.9776    0    178      8    178      7    T1021s3TS197-D1.pdb:A  SCOP d1o4oa_
  409      0.5342          -0       1.373     1.254   141    3    5      0.9787    0    178      8    178     15    T1021s3TS197-D1.pdb:A  SCOP d1j5wa_
  410      0.5337   6.911e-08       1.525     1.257   141    2    7      0.9787    0    178      8    178      8    T1021s3TS197-D1.pdb:A  SCOP d1ngka_
  411      0.5334          -0       1.935     0.000   130    2    5           1    0    178      8    178     10    T1021s3TS197-D1.pdb:A  SCOP d1fr5a_
  412      0.5334        0.06       4.474     0.000   130    2    5           1    0    178      8    178     10    T1021s3TS197-D1.pdb:A  SCOP d1t5pa_
  413      0.5334      0.2057        3.82     0.000   130    2    8           1    0    178      8    178     10    T1021s3TS197-D1.pdb:A  SCOP d2sasa_
  414      0.5334          -0      0.7914     0.000   130    2    7           1    0    178      8    178      9    T1021s3TS197-D1.pdb:A  SCOP d1d1pa_
  415      0.5334   3.101e-12       1.838     0.840   135    2    6      0.9852    0    178      8    178      6    T1021s3TS197-D1.pdb:A  SCOP d1qfna_
  416      0.5331    0.006801        2.19     1.484   145    2    5      0.9793    0    178      8    178      9    T1021s3TS197-D1.pdb:A  SCOP d1ak7a_
  417      0.5326          -0       1.105     1.435   144    3    5      0.9792    0    178      8    178     15    T1021s3TS197-D1.pdb:A  SCOP d1bita_
  418      0.5326          -0       1.105     1.435   144    3    5      0.9792    0    178      8    178     15    T1021s3TS197-D1.pdb:A  SCOP d1fxya_
  419      0.5326          -0       1.105     1.435   144    3    5      0.9792    0    178      8    178     15    T1021s3TS197-D1.pdb:A  SCOP d1gi6a_
  420      0.5326          -0       1.105     1.435   144    3    5      0.9792    0    178      8    178     15    T1021s3TS197-D1.pdb:A  SCOP d1xuga_
  421      0.5326          -0       1.105     1.435   144    3    5      0.9792    0    178      8    178     15    T1021s3TS197-D1.pdb:A  SCOP d1o3ga_
  422      0.5326          -0       1.105     1.435   144    3    5      0.9792    0    178      8    178     15    T1021s3TS197-D1.pdb:A  SCOP d1a0ja_
  423      0.5326          -0       1.105     1.435   144    3    5      0.9792    0    178      8    178     15    T1021s3TS197-D1.pdb:A  SCOP d1o3ea_
  424      0.5326          -0       1.105     1.435   144    3    5      0.9792    0    178      8    178     15    T1021s3TS197-D1.pdb:A  SCOP d1o3la_
  425      0.5326          -0       1.105     1.435   144    3    5      0.9792    0    178      8    178     15    T1021s3TS197-D1.pdb:A  SCOP d1o3fa_
  426      0.5326          -0       1.105     1.435   144    3    5      0.9792    0    178      8    178     15    T1021s3TS197-D1.pdb:A  SCOP d1c5qa_
  427      0.5326          -0       1.105     1.435   144    3    5      0.9792    0    178      8    178     15    T1021s3TS197-D1.pdb:A  SCOP d1trma_
  428      0.5322    0.003647       1.393     1.825   152    2    5      0.9605    0    178      8    178      6    T1021s3TS197-D1.pdb:A  SCOP d1ay7a_
  429      0.5312          -0      0.4359     0.564   132    2    8      0.9848    0    178      8    178      9    T1021s3TS197-D1.pdb:A  SCOP d1dg9a_
  430      0.5312          -0     0.08721     0.564   132    3    6      0.9848    0    178      8    178      6    T1021s3TS197-D1.pdb:A  SCOP d1h0ya_
  431       0.531          -0      0.3024     0.567   132    2    7      0.9773    0    178      8    178      8    T1021s3TS197-D1.pdb:A  SCOP d1rzwa_
  432       0.531          -0       1.209     1.090   138    2    8      0.9783    0    178      8    178     10    T1021s3TS197-D1.pdb:A  SCOP d1c4wa_
  433      0.5298          -0        2.09     0.696   133    2    5       0.985    0    178      8    178      9    T1021s3TS197-D1.pdb:A  SCOP d1tofa_
  434      0.5297          -0        1.67     0.697   133    2    6       0.985    0    178      8    178      6    T1021s3TS197-D1.pdb:A  SCOP d1o4ha_
  435      0.5297          -0        2.09     0.698   133    2    7       0.985    0    178      8    178     10    T1021s3TS197-D1.pdb:A  SCOP d1m2fa_
  436      0.5296   0.0001848       2.102     1.752   150    2    8        0.98    0    178      8    178     10    T1021s3TS197-D1.pdb:A  SCOP d1f4va_
  437      0.5288          -0      0.5431     1.236   140    2    7      0.9857    0    178      8    178      7    T1021s3TS197-D1.pdb:A  SCOP d1r6ya_
  438      0.5284      0.7885       4.209     0.000   111    2    5           1    0    178      8    131      6    T1021s3TS197-D1.pdb:A  SCOP d1hc1a1
  439      0.5276    0.005001       1.702     1.471   144    2    4      0.9792    0    178      8    178      5    T1021s3TS197-D1.pdb:A  SCOP d1exka_
  440      0.5276          -0       1.574     0.724   133    3    7      0.9925    0    178      8    178     14    T1021s3TS197-D1.pdb:A  SCOP d1vq2a_
  441      0.5272          -0       1.097     0.729   133    2    6      0.9774    0    178      8    178      7    T1021s3TS197-D1.pdb:A  SCOP d1de1a_
  442      0.5272          -0       1.097     0.729   133    2    6      0.9774    0    178      8    178      7    T1021s3TS197-D1.pdb:A  SCOP d1de2a_
  443      0.5261          -0      0.9777     1.258   140    2    4      0.9786    0    178      8    178     10    T1021s3TS197-D1.pdb:A  SCOP d1u7ia_
  444      0.5252          -0       2.779     0.000   129    2    7           1    0    178      8    178     10    T1021s3TS197-D1.pdb:A  SCOP d1bl3a_
  445      0.5247          -0       1.972     1.385   142    2    6      0.9789    0    178      8    178      9    T1021s3TS197-D1.pdb:A  SCOP d2aaka_
  446      0.5246          -0      0.6833     1.440   143    3    5       0.979    0    178      8    178     15    T1021s3TS197-D1.pdb:A  SCOP d1m9ua_
  447      0.5246          -0       1.105     1.440   143    3    5       0.979    0    178      8    178     15    T1021s3TS197-D1.pdb:A  SCOP d1gl1a_
  448       0.523          -0      0.4359     0.566   131    2    8      0.9847    0    178      8    178      9    T1021s3TS197-D1.pdb:A  SCOP d1pnta_
  449      0.5228          -0      0.4507     0.949   135    2    5      0.9778    0    178      8    178      8    T1021s3TS197-D1.pdb:A  SCOP d1bjxa_
  450      0.5228          -0      0.4507     0.949   135    2    5      0.9778    0    178      8    178      8    T1021s3TS197-D1.pdb:A  SCOP d2bjxa_
  451      0.5228          -0       1.209     1.095   137    2    8      0.9781    0    178      8    178     10    T1021s3TS197-D1.pdb:A  SCOP d5chya_
  452      0.5224          -0       1.209     1.098   137    2    8      0.9781    0    178      8    178     10    T1021s3TS197-D1.pdb:A  SCOP d1ehca_
  453      0.5221          -0       1.217     1.031   136    2    8      0.9779    0    178      8    178     10    T1021s3TS197-D1.pdb:A  SCOP d1jbea_
  454      0.5208          -0      0.4953     1.240   139    2    7      0.9856    0    178      8    178      7    T1021s3TS197-D1.pdb:A  SCOP d1tuva_
  455      0.5171          -0       1.525     0.847   133    2    7       0.985    0    178      8    178      8    T1021s3TS197-D1.pdb:A  SCOP d1egoa_
  456      0.5171   0.0009197       1.685     0.000   128    2    8           1    0    178      8    178      8    T1021s3TS197-D1.pdb:A  SCOP d105ma_
  457      0.5171   0.0009197       1.685     0.000   128    2    8           1    0    178      8    178      8    T1021s3TS197-D1.pdb:A  SCOP d1dwta_
  458      0.5171   1.619e-07       1.625     0.000   128    2    8           1    0    178      8    178      9    T1021s3TS197-D1.pdb:A  SCOP d1vxba_
  459      0.5171   1.136e-07       1.685     0.000   128    2    8           1    0    178      8    178      8    T1021s3TS197-D1.pdb:A  SCOP d1dwsa_
  460      0.5171   0.0009197       1.685     0.000   128    2    8           1    0    178      8    178      8    T1021s3TS197-D1.pdb:A  SCOP d1npga_
  461      0.5171   0.0009197       1.685     0.000   128    2    8           1    0    178      8    178      8    T1021s3TS197-D1.pdb:A  SCOP d1dwra_
  462      0.5171   0.0009197       1.685     0.000   128    2    8           1    0    178      8    178      8    T1021s3TS197-D1.pdb:A  SCOP d1npfa_
  463      0.5171          -0       0.731     0.000   128    2    8           1    0    178      8    178      8    T1021s3TS197-D1.pdb:A  SCOP d1bija_
  464      0.5171   2.673e-08       1.444     0.000   128    2    8           1    0    178      8    178      8    T1021s3TS197-D1.pdb:A  SCOP d1ufpa_
  465      0.5171   1.617e-08       2.597     0.000   128    2    9           1    0    178      8    178      9    T1021s3TS197-D1.pdb:A  SCOP d1ea3a_
  466      0.5166          -0      0.1542     1.390   141    2    5      0.9787    0    178      8    178     10    T1021s3TS197-D1.pdb:A  SCOP d1nb9a_
  467      0.5138          -0       2.574     0.963   134    3    7      0.9776    0    178      8    178     13    T1021s3TS197-D1.pdb:A  SCOP d1v3ya_
  468      0.5135          -0       1.838     0.703   131    2    7      0.9847    0    178      8    178      8    T1021s3TS197-D1.pdb:A  SCOP d1kota_
  469      0.5135          -0       1.081     0.703   131    2    6      0.9847    0    178      8    178      5    T1021s3TS197-D1.pdb:A  SCOP d1p8ga_
  470      0.5127          -0      0.5711     1.420   141    2    7      0.9787    0    178      8    178      7    T1021s3TS197-D1.pdb:A  SCOP d1xbwa_
  471      0.5124          -0      0.2968     1.366   140    2    5      0.9786    0    178      8    178      9    T1021s3TS197-D1.pdb:A  SCOP d1h2da_
  472      0.5116   2.464e-14       2.336     1.428   141    2    4      0.9787    0    178      8    178      8    T1021s3TS197-D1.pdb:A  SCOP d1t23a_
  473       0.511          -0      0.9462     0.735   131    2    6      0.9771    0    178      8    178      5    T1021s3TS197-D1.pdb:A  SCOP d1osda_
  474      0.5091   4.371e-08       2.986     0.000   127    2    7           1    0    178      8    178      8    T1021s3TS197-D1.pdb:A  SCOP d1w92a_
  475      0.5091   9.824e-07       3.149     0.000   127    2    7           1    0    178      8    178      8    T1021s3TS197-D1.pdb:A  SCOP d1q1fa_
  476      0.5091   0.0009197       1.685     0.000   127    2    8           1    0    178      8    178      8    T1021s3TS197-D1.pdb:A  SCOP d1wlaa_
  477      0.5091   0.0009197       1.685     0.000   127    2    8           1    0    178      8    178      8    T1021s3TS197-D1.pdb:A  SCOP d1xcha_
  478      0.5091          -0       1.113     0.000   127    2    7           1    0    178      8    178      9    T1021s3TS197-D1.pdb:A  SCOP d1oz9a_
  479      0.5091   0.0009197       1.685     0.000   127    2    8           1    0    178      8    178      8    T1021s3TS197-D1.pdb:A  SCOP d1jp8a_
  480      0.5091   9.038e-05       3.071     0.000   127    2    8           1    0    178      8    178      8    T1021s3TS197-D1.pdb:A  SCOP d1fqya_
  481      0.5091    0.002114       1.775     0.000   127    2    8           1    0    178      8    178      8    T1021s3TS197-D1.pdb:A  SCOP d1ymca_
  482      0.5091   6.928e-07       1.775     0.000   127    2    8           1    0    178      8    178      8    T1021s3TS197-D1.pdb:A  SCOP d1ymaa_
  483      0.5088          -0       2.396     0.659   130    2    6      0.9692    0    178      8    178      7    T1021s3TS197-D1.pdb:A  SCOP d1si9a_
  484      0.5088          -0       2.396     0.659   130    2    6      0.9692    0    178      8    178      7    T1021s3TS197-D1.pdb:A  SCOP d1tr0a_
  485      0.5087          -0      0.1542     1.395   140    2    6      0.9786    0    178      8    178      9    T1021s3TS197-D1.pdb:A  SCOP d1q9sa_
  486       0.508      0.0796       3.499     0.000   108    2    4           1    0    178      8    129      6    T1021s3TS197-D1.pdb:A  SCOP d1ruoa2
  487      0.5064          -0       1.105     1.106   135    2    9      0.9778    0    178      8    178     10    T1021s3TS197-D1.pdb:A  SCOP d3chya_
  488       0.506          -0       1.217     1.039   134    2    8      0.9776    0    178      8    178     10    T1021s3TS197-D1.pdb:A  SCOP d1ab6a_
  489       0.506          -0       1.113     1.039   134    2    9      0.9776    0    178      8    178     10    T1021s3TS197-D1.pdb:A  SCOP d2chea_
  490       0.506          -0      0.9935     1.770   147    2    9      0.9796    0    178      8    178      9    T1021s3TS197-D1.pdb:A  SCOP d1djma_
  491      0.5046          -0       2.545     0.000   121    2    6           1    0    178      8    163     10    T1021s3TS197-D1.pdb:A  SCOP d1h74a1
  492      0.5031          -0       1.137     0.736   130    2    6      0.9769    0    178      8    178     10    T1021s3TS197-D1.pdb:A  SCOP d1tsja_
  493       0.503   3.423e-15       1.017     0.737   130    2    5      0.9769    0    178      8    178      5    T1021s3TS197-D1.pdb:A  SCOP d1sb6a_
  494      0.5014          -0       1.001     1.800   147    2    5      0.9796    0    178      8    178      7    T1021s3TS197-D1.pdb:A  SCOP d1wg1a_
