<html><head></head><body><pre style="word-wrap: break-word; white-space: pre-wrap;"> PDBe Fold v2.59. (src3) 14 Apr 2014 result file.

                   RESULT SUMMARY

   ##      Q-score      P-score     Z-score   RMSD    Nalgn Nsse Ngaps Seq-%     Nmd Nres-Q Nsse-Q Nres-T Nsse-T Query Target
    1      0.8593   9.041e-08       3.015     0.000   165    2    3           1    0    178      6    178      7    T1021s3TS498-D1.pdb:A  SCOP d1vjha_
    2      0.8489   1.231e-05       2.738     0.000   164    2    2           1    0    178      6    178      9    T1021s3TS498-D1.pdb:A  SCOP d1h2ca_
    3      0.8386       0.242       4.744     0.000   163    2    3           1    0    178      6    178      7    T1021s3TS498-D1.pdb:A  SCOP d1fx3a_
    4      0.8283      0.1207       3.327     0.000   162    2    4           1    0    178      6    178      9    T1021s3TS498-D1.pdb:A  SCOP d1l2wa_
    5      0.8181     0.01219       2.729     0.000   161    2    4           1    0    178      6    178      8    T1021s3TS498-D1.pdb:A  SCOP d1jyaa_
    6       0.808      0.1028       4.001     0.000   160    2    3           1    0    178      6    178     10    T1021s3TS498-D1.pdb:A  SCOP d1xs0a_
    7      0.7979          -0       1.957     0.000   159    2    3           1    0    178      6    178      9    T1021s3TS498-D1.pdb:A  SCOP d1h2da_
    8      0.7979       1.661       4.087     0.000   159    3    3           1    0    178      6    178      8    T1021s3TS498-D1.pdb:A  SCOP d1ttwa_
    9      0.7979      0.1673       4.009     0.000   159    2    3           1    0    178      6    178      9    T1021s3TS498-D1.pdb:A  SCOP d1kafa_
   10      0.7879      0.4498       3.312     0.000   158    2    3           1    0    178      6    178      6    T1021s3TS498-D1.pdb:A  SCOP d1i3za_
   11       0.778      0.4959       3.485     0.000   157    2    3           1    0    178      6    178      7    T1021s3TS498-D1.pdb:A  SCOP d1ka7a_
   12      0.7681          -0        2.59     0.000   156    2    5           1    0    178      6    178      9    T1021s3TS498-D1.pdb:A  SCOP d2pvia_
   13      0.7681          -0       2.627     0.000   156    2    5           1    0    178      6    178      9    T1021s3TS498-D1.pdb:A  SCOP d1pvia_
   14      0.7681       1.738        4.16     0.000   156    3    3           1    0    178      6    178      7    T1021s3TS498-D1.pdb:A  SCOP d1dwna_
   15      0.7681          -0        2.59     0.000   156    2    5           1    0    178      6    178      8    T1021s3TS498-D1.pdb:A  SCOP d1f0oa_
   16      0.7681      0.1376       3.485     0.000   156    2    4           1    0    178      6    178      6    T1021s3TS498-D1.pdb:A  SCOP d1m27a_
   17      0.7681      0.3462       3.226     0.000   156    2    4           1    0    178      6    178      6    T1021s3TS498-D1.pdb:A  SCOP d1ka6a_
   18      0.7583          -0        2.59     0.000   155    2    5           1    0    178      6    178      9    T1021s3TS498-D1.pdb:A  SCOP d1k0za_
   19      0.7583      0.6219       2.802     0.000   155    2    5           1    0    178      6    178      9    T1021s3TS498-D1.pdb:A  SCOP d1akua_
   20      0.7583          -0        2.59     0.000   155    2    5           1    0    178      6    178      9    T1021s3TS498-D1.pdb:A  SCOP d1eyua_
   21      0.7583          -0        2.59     0.000   155    2    5           1    0    178      6    178      8    T1021s3TS498-D1.pdb:A  SCOP d3pvia_
   22      0.7583      0.4959       3.485     0.000   155    2    4           1    0    178      6    178      6    T1021s3TS498-D1.pdb:A  SCOP d1d4ta_
   23      0.7583          -0        2.59     0.000   155    2    6           1    0    178      6    178      9    T1021s3TS498-D1.pdb:A  SCOP d1pvua_
   24      0.7549       1.224       3.504     0.524   157    3    4      0.9809    0    178      6    178      9    T1021s3TS498-D1.pdb:A  SCOP d1gava_
   25      0.7485          -0       2.441     0.000   154    2    7           1    0    178      6    178     10    T1021s3TS498-D1.pdb:A  SCOP d1vkka_
   26      0.7485   8.226e-08         3.7     0.000   154    2    6           1    0    178      6    178      9    T1021s3TS498-D1.pdb:A  SCOP d1q8ga_
   27      0.7419     0.03317       2.967     0.000   135    2    1           1    0    178      6    138     10    T1021s3TS498-D1.pdb:A  SCOP d1es6a1
   28      0.7388       0.126       5.199     0.000   153    2    3           1    0    178      6    178     10    T1021s3TS498-D1.pdb:A  SCOP d1wfsa_
   29      0.7388      0.2552       3.305     0.000   153    2    4           1    0    178      6    178      5    T1021s3TS498-D1.pdb:A  SCOP d1ayba_
   30      0.7388      0.4768       4.151     0.000   153    2    3           1    0    178      6    178     10    T1021s3TS498-D1.pdb:A  SCOP d1v6fa_
   31      0.7388      0.1675       2.972     0.000   153    2    4           1    0    178      6    178      5    T1021s3TS498-D1.pdb:A  SCOP d1lkna_
   32      0.7388      0.2552       3.305     0.000   153    2    4           1    0    178      6    178      5    T1021s3TS498-D1.pdb:A  SCOP d1ayca_
   33      0.7388       0.344       3.485     0.000   153    2    4           1    0    178      6    178      5    T1021s3TS498-D1.pdb:A  SCOP d1ayda_
   34      0.7388    1.77e-09       3.879     0.000   153    2    6           1    0    178      6    178      9    T1021s3TS498-D1.pdb:A  SCOP d1q8xa_
   35      0.7355          -0       1.065     0.527   155    2    5      0.9806    0    178      6    178     10    T1021s3TS498-D1.pdb:A  SCOP d1xn5a_
   36      0.7293   0.0001837       2.292     0.534   145    2    4      0.9793    0    178      6    157      9    T1021s3TS498-D1.pdb:A  SCOP d2f4wa1
   37      0.7292    0.006801       2.411     0.000   152    2    7           1    0    178      6    178      9    T1021s3TS498-D1.pdb:A  SCOP d1r29a_
   38      0.7292       1.732       4.181     0.000   152    2    3           1    0    178      6    178      5    T1021s3TS498-D1.pdb:A  SCOP d1xu0a_
   39      0.7292   2.597e-05       2.947     0.000   152    2    4           1    0    178      6    178      6    T1021s3TS498-D1.pdb:A  SCOP d1e87a_
   40      0.7292   2.597e-05       2.947     0.000   152    2    4           1    0    178      6    178      6    T1021s3TS498-D1.pdb:A  SCOP d1fm5a_
   41      0.7196   7.682e-12       2.105     0.000   151    2    3           1    0    178      6    178      8    T1021s3TS498-D1.pdb:A  SCOP d2msba_
   42      0.7196   5.593e-15       2.121     0.000   151    2    6           1    0    178      6    178      9    T1021s3TS498-D1.pdb:A  SCOP d1h56a_
   43      0.7196   1.353e-10       2.105     0.000   151    2    3           1    0    178      6    178      7    T1021s3TS498-D1.pdb:A  SCOP d1msba_
   44      0.7196    0.002891       1.896     0.000   151    2    5           1    0    178      6    178      9    T1021s3TS498-D1.pdb:A  SCOP d1xyva_
   45      0.7196   3.783e-08       1.785     0.000   151    2    5           1    0    178      6    178     10    T1021s3TS498-D1.pdb:A  SCOP d1i12a_
   46      0.7196     0.01628       2.685     0.000   151    2    6           1    0    178      6    178      8    T1021s3TS498-D1.pdb:A  SCOP d1rk9a_
   47      0.7196   2.199e-09       2.206     0.000   151    2    5           1    0    178      6    178     10    T1021s3TS498-D1.pdb:A  SCOP d1cqaa_
   48      0.7173   3.664e-15      0.5392     0.520   153    2    5      0.9804    0    178      6    178     10    T1021s3TS498-D1.pdb:A  SCOP d1sria_
   49      0.7173   3.664e-15      0.5392     0.520   153    2    5      0.9804    0    178      6    178     10    T1021s3TS498-D1.pdb:A  SCOP d1ptsa_
   50      0.7101       0.428       3.043     0.000   150    2    7           1    0    178      6    178      8    T1021s3TS498-D1.pdb:A  SCOP d1cm4a_
   51      0.7101   0.0008554       1.745     0.000   150    2    5           1    0    178      6    178      9    T1021s3TS498-D1.pdb:A  SCOP d1xyya_
   52      0.7101   4.158e-05       2.434     0.000   150    2    5           1    0    178      6    178      9    T1021s3TS498-D1.pdb:A  SCOP d2fx2a_
   53      0.7101    0.003374       3.578     0.000   150    2    5           1    0    178      6    178      8    T1021s3TS498-D1.pdb:A  SCOP d1jnsa_
   54      0.7101   0.0008554       1.745     0.000   150    2    5           1    0    178      6    178      9    T1021s3TS498-D1.pdb:A  SCOP d1wsba_
   55      0.7101      0.6445       3.968     0.000   150    2    6           1    0    178      6    178      8    T1021s3TS498-D1.pdb:A  SCOP d1ih5a_
   56      0.7101   0.0008554       1.745     0.000   150    2    5           1    0    178      6    178      9    T1021s3TS498-D1.pdb:A  SCOP d1i1oa_
   57      0.7007   2.528e-07       2.074     0.000   149    2    5           1    0    178      6    178      9    T1021s3TS498-D1.pdb:A  SCOP d5fx2a_
   58      0.7007          -0       1.847     0.000   149    2    5           1    0    178      6    178      9    T1021s3TS498-D1.pdb:A  SCOP d1dzaa_
   59      0.7007        1.36       5.317     0.000   149    2    3           1    0    178      6    178      5    T1021s3TS498-D1.pdb:A  SCOP d1bv4a_
   60      0.7007      0.3034       3.043     0.000   149    2    7           1    0    178      6    178      8    T1021s3TS498-D1.pdb:A  SCOP d1cdma_
   61      0.7007   2.754e-07       3.858     0.000   149    2    6           1    0    178      6    178      9    T1021s3TS498-D1.pdb:A  SCOP d1vkca_
   62      0.7007   4.484e-06        2.26     0.000   149    2    5           1    0    178      6    178      9    T1021s3TS498-D1.pdb:A  SCOP d1akqa_
   63      0.7007    8.83e-07        2.56     0.000   149    2    4           1    0    178      6    178      6    T1021s3TS498-D1.pdb:A  SCOP d1gh8a_
   64      0.7007   4.484e-06        2.26     0.000   149    2    5           1    0    178      6    178      9    T1021s3TS498-D1.pdb:A  SCOP d3fx2a_
   65      0.7007   4.484e-06        2.26     0.000   149    2    5           1    0    178      6    178      9    T1021s3TS498-D1.pdb:A  SCOP d1j9ga_
   66      0.7007      0.1308       4.059     0.000   149    2    5           1    0    178      6    178      7    T1021s3TS498-D1.pdb:A  SCOP d1xk8a_
   67      0.7007   8.438e-14        2.26     0.000   149    2    5           1    0    178      6    178      9    T1021s3TS498-D1.pdb:A  SCOP d4fx2a_
   68      0.6975    0.001319       1.925     0.534   151    3    4      0.9801    0    178      6    178     10    T1021s3TS498-D1.pdb:A  SCOP d1unaa_
   69      0.6913          -0  1.798e+308     0.000   148    2    3           1    0    178      6    178     10    T1021s3TS498-D1.pdb:A  SCOP d1hj1a_
   70      0.6913          -0  1.798e+308     0.000   148    2    3           1    0    178      6    178      7    T1021s3TS498-D1.pdb:A  SCOP d1k9ja_
   71      0.6913          -0  1.798e+308     0.000   148    2    3           1    0    178      6    178      7    T1021s3TS498-D1.pdb:A  SCOP d1r6ja_
   72      0.6913          -0  1.798e+308     0.000   148    2    3           1    0    178      6    178      7    T1021s3TS498-D1.pdb:A  SCOP d1sl5a_
   73      0.6913      0.4431       3.621     0.000   148    2    3           1    0    178      6    178      7    T1021s3TS498-D1.pdb:A  SCOP d1uema_
   74      0.6913          -0  1.798e+308     0.000   148    2    3           1    0    178      6    178      9    T1021s3TS498-D1.pdb:A  SCOP d1l8ra_
   75      0.6913          -0  1.798e+308     0.000   148    2    3           1    0    178      6    178      9    T1021s3TS498-D1.pdb:A  SCOP d1oboa_
   76      0.6913          -0  1.798e+308     0.000   148    2    3           1    0    178      6    178      8    T1021s3TS498-D1.pdb:A  SCOP d1svya_
   77      0.6913          -0  1.798e+308     0.000   148    2    3           1    0    178      6    178      9    T1021s3TS498-D1.pdb:A  SCOP d1cwta_
   78      0.6913   4.091e-09        2.29     0.000   148    2    3           1    0    178      6    178      8    T1021s3TS498-D1.pdb:A  SCOP d1qjpa_
   79      0.6913          -0  1.798e+308     0.000   148    3    3           1    0    178      6    178     14    T1021s3TS498-D1.pdb:A  SCOP d1atza_
   80      0.6913          -0  1.798e+308     0.000   148    2    3           1    0    178      6    178      5    T1021s3TS498-D1.pdb:A  SCOP d1nrva_
   81      0.6913          -0  1.798e+308     0.000   148    2    3           1    0    178      6    178      9    T1021s3TS498-D1.pdb:A  SCOP d3rpba_
   82      0.6913          -0      0.7811     0.000   148    3    3           1    0    178      6    178     15    T1021s3TS498-D1.pdb:A  SCOP d1fiba_
   83      0.6913   4.484e-06        2.26     0.000   148    2    5           1    0    178      6    178      9    T1021s3TS498-D1.pdb:A  SCOP d1f4pa_
   84      0.6913          -0  1.798e+308     0.000   148    2    3           1    0    178      6    178      8    T1021s3TS498-D1.pdb:A  SCOP d1paqa_
   85      0.6913          -0  1.798e+308     0.000   148    4    3           1    0    178      6    178     16    T1021s3TS498-D1.pdb:A  SCOP d1nrfa_
   86      0.6913          -0  1.798e+308     0.000   148    3    3           1    0    178      6    178     15    T1021s3TS498-D1.pdb:A  SCOP d1i58a_
   87      0.6913          -0  1.798e+308     0.000   148    2    3           1    0    178      6    178     10    T1021s3TS498-D1.pdb:A  SCOP d1k5wa_
   88      0.6913          -0  1.798e+308     0.000   148    2    3           1    0    178      6    178     10    T1021s3TS498-D1.pdb:A  SCOP d1fhwa_
   89      0.6913          -0  1.798e+308     0.000   148    2    3           1    0    178      6    178      6    T1021s3TS498-D1.pdb:A  SCOP d1mfla_
   90      0.6913          -0  1.798e+308     0.000   148    2    3           1    0    178      6    178      7    T1021s3TS498-D1.pdb:A  SCOP d1vhia_
   91      0.6913          -0  1.798e+308     0.000   148    2    3           1    0    178      6    178      9    T1021s3TS498-D1.pdb:A  SCOP d1hkxa_
   92      0.6913          -0  1.798e+308     0.000   148    2    3           1    0    178      6    178      9    T1021s3TS498-D1.pdb:A  SCOP d1cwra_
   93      0.6913          -0  1.798e+308     0.000   148    2    3           1    0    178      6    178      9    T1021s3TS498-D1.pdb:A  SCOP d1ckra_
   94      0.6913          -0  1.798e+308     0.000   148    2    3           1    0    178      6    178      7    T1021s3TS498-D1.pdb:A  SCOP d1wwca_
   95      0.6913          -0  1.798e+308     0.000   148    3    3           1    0    178      6    178     12    T1021s3TS498-D1.pdb:A  SCOP d1uowa_
   96      0.6913          -0  1.798e+308     0.000   148    3    3           1    0    178      6    178     13    T1021s3TS498-D1.pdb:A  SCOP d1noba_
   97      0.6913          -0  1.798e+308     0.000   148    3    3           1    0    178      6    178     15    T1021s3TS498-D1.pdb:A  SCOP d1gwza_
   98      0.6913   4.484e-06        2.26     0.000   148    2    5           1    0    178      6    178      9    T1021s3TS498-D1.pdb:A  SCOP d1wswa_
   99      0.6913          -0  1.798e+308     0.000   148    2    3           1    0    178      6    178     10    T1021s3TS498-D1.pdb:A  SCOP d1ae9a_
  100      0.6913          -0       1.508     0.000   148    2    5           1    0    178      6    178      9    T1021s3TS498-D1.pdb:A  SCOP d1skoa_
  101      0.6913          -0      0.2748     0.000   148    2    3           1    0    178      6    178      9    T1021s3TS498-D1.pdb:A  SCOP d1ezua_
  102      0.6913          -0       1.686     0.000   148    2    3           1    0    178      6    178      8    T1021s3TS498-D1.pdb:A  SCOP d1xe0a_
  103      0.6913      0.5894       4.431     0.000   148    2    4           1    0    178      6    178      6    T1021s3TS498-D1.pdb:A  SCOP d1nfja_
  104      0.6913          -0  1.798e+308     0.000   148    3    3           1    0    178      6    178      9    T1021s3TS498-D1.pdb:A  SCOP d1qb0a_
  105      0.6913          -0        1.27     0.000   148    2    3           1    0    178      6    178     10    T1021s3TS498-D1.pdb:A  SCOP d1ajoa_
  106      0.6913          -0  1.798e+308     0.000   148    2    3           1    0    178      6    178      7    T1021s3TS498-D1.pdb:A  SCOP d1v74a_
  107      0.6913          -0  1.798e+308     0.000   148    2    3           1    0    178      6    178      5    T1021s3TS498-D1.pdb:A  SCOP d1msza_
  108      0.6913          -0  1.798e+308     0.000   148    2    3           1    0    178      6    178      8    T1021s3TS498-D1.pdb:A  SCOP d1mc2a_
  109      0.6913          -0  1.798e+308     0.000   148    2    3           1    0    178      6    178      9    T1021s3TS498-D1.pdb:A  SCOP d1cwsa_
  110      0.6913          -0  1.798e+308     0.000   148    2    3           1    0    178      6    178     10    T1021s3TS498-D1.pdb:A  SCOP d1s7ma_
  111      0.6913          -0  1.798e+308     0.000   148    2    3           1    0    178      6    178      8    T1021s3TS498-D1.pdb:A  SCOP d1egia_
  112      0.6913          -0  1.798e+308     0.000   148    2    3           1    0    178      6    178      9    T1021s3TS498-D1.pdb:A  SCOP d1egga_
  113      0.6913          -0  1.798e+308     0.000   148    2    3           1    0    178      6    178      5    T1021s3TS498-D1.pdb:A  SCOP d1onva_
  114      0.6892   9.648e-14       2.174     0.523   150    2    5      0.9867    0    178      6    178      9    T1021s3TS498-D1.pdb:A  SCOP d1cfya_
  115      0.6882          -0      0.4167     0.536   150    2    5        0.98    0    178      6    178      9    T1021s3TS498-D1.pdb:A  SCOP d1zdia_
  116      0.6882          -0      0.4167     0.536   150    2    5        0.98    0    178      6    178      9    T1021s3TS498-D1.pdb:A  SCOP d1aq3a_
  117      0.6882          -0      0.4167     0.536   150    2    5        0.98    0    178      6    178      9    T1021s3TS498-D1.pdb:A  SCOP d2ms2a_
  118      0.6882          -0      0.4167     0.536   150    2    5        0.98    0    178      6    178      9    T1021s3TS498-D1.pdb:A  SCOP d1aq4a_
  119      0.6882          -0      0.4167     0.536   150    2    5        0.98    0    178      6    178      9    T1021s3TS498-D1.pdb:A  SCOP d1msta_
  120      0.6882          -0      0.4167     0.536   150    2    5        0.98    0    178      6    178      9    T1021s3TS498-D1.pdb:A  SCOP d6msfa_
  121      0.6882          -0      0.4167     0.536   150    2    5        0.98    0    178      6    178      9    T1021s3TS498-D1.pdb:A  SCOP d1mvba_
  122       0.682     0.06402       3.219     0.000   147    2    5           1    0    178      6    178      9    T1021s3TS498-D1.pdb:A  SCOP d1tq8a_
  123       0.682      0.4579        3.24     0.000   147    2    4           1    0    178      6    178      7    T1021s3TS498-D1.pdb:A  SCOP d4fxca_
  124       0.682   4.484e-06        2.26     0.000   147    2    5           1    0    178      6    178      9    T1021s3TS498-D1.pdb:A  SCOP d1xt6a_
  125       0.682   4.484e-06        2.26     0.000   147    2    5           1    0    178      6    178      9    T1021s3TS498-D1.pdb:A  SCOP d1akva_
  126       0.682   8.489e-06       1.153     0.000   147    2    3           1    0    178      6    178      7    T1021s3TS498-D1.pdb:A  SCOP d1mjva_
  127       0.682   4.484e-06        2.26     0.000   147    2    5           1    0    178      6    178      9    T1021s3TS498-D1.pdb:A  SCOP d1j8qa_
  128       0.682   4.074e-07       2.074     0.000   147    2    5           1    0    178      6    178      9    T1021s3TS498-D1.pdb:A  SCOP d1fx1a_
  129       0.682   1.674e-10       1.574     0.000   147    3    5           1    0    178      6    178     11    T1021s3TS498-D1.pdb:A  SCOP d1ufya_
  130       0.682   1.674e-10       1.574     0.000   147    3    5           1    0    178      6    178      8    T1021s3TS498-D1.pdb:A  SCOP d1ui9a_
  131       0.682   4.484e-06        2.26     0.000   147    2    5           1    0    178      6    178      9    T1021s3TS498-D1.pdb:A  SCOP d1j9ea_
  132      0.6789          -0      0.4167     0.538   149    2    5      0.9799    0    178      6    178      9    T1021s3TS498-D1.pdb:A  SCOP d1zdha_
  133      0.6789      0.1462        2.38     0.538   149    3    5      0.9799    0    178      6    178     10    T1021s3TS498-D1.pdb:A  SCOP d1fr5a_
  134      0.6728          -0       1.755     0.000   146    2    5           1    0    178      6    178      6    T1021s3TS498-D1.pdb:A  SCOP d1nxia_
  135      0.6728     0.03943       2.105     0.000   146    2    4           1    0    178      6    178      8    T1021s3TS498-D1.pdb:A  SCOP d1gkca_
  136      0.6728     0.03943       2.105     0.000   146    2    4           1    0    178      6    178      8    T1021s3TS498-D1.pdb:A  SCOP d1gkda_
  137      0.6697   1.879e-10       1.413     0.540   148    3    5      0.9797    0    178      6    178      8    T1021s3TS498-D1.pdb:A  SCOP d1msca_
  138      0.6643          -0       1.393     0.866   151    2    3      0.9868    0    178      6    178     10    T1021s3TS498-D1.pdb:A  SCOP d1aqba_
  139      0.6636          -0       1.086     0.000   145    3    4           1    0    178      6    178      9    T1021s3TS498-D1.pdb:A  SCOP d1dbfa_
  140      0.6636    0.001682       1.371     0.000   145    2    4           1    0    178      6    178      8    T1021s3TS498-D1.pdb:A  SCOP d1eofa_
  141      0.6636     0.04046       2.718     0.000   145    2    9           1    0    178      6    178      8    T1021s3TS498-D1.pdb:A  SCOP d1xa5a_
  142      0.6617          -0       2.612     0.525   147    3    6      0.9796    0    178      6    178     13    T1021s3TS498-D1.pdb:A  SCOP d1cbya_
  143      0.6615   6.928e-07       2.965     0.528   147    2    4      0.9864    0    178      6    178      8    T1021s3TS498-D1.pdb:A  SCOP d1g90a_
  144      0.6613          -0      0.2082     0.531   147    2    4      0.9796    0    178      6    178     10    T1021s3TS498-D1.pdb:A  SCOP d2rtaa_
  145      0.6613          -0      0.2082     0.531   147    2    4      0.9796    0    178      6    178      9    T1021s3TS498-D1.pdb:A  SCOP d1srga_
  146      0.6613          -0      0.2082     0.531   147    2    4      0.9796    0    178      6    178      9    T1021s3TS498-D1.pdb:A  SCOP d2izka_
  147      0.6613          -0      0.2082     0.531   147    2    4      0.9796    0    178      6    178      9    T1021s3TS498-D1.pdb:A  SCOP d1rxka_
  148      0.6613          -0      0.2082     0.531   147    2    4      0.9796    0    178      6    178      9    T1021s3TS498-D1.pdb:A  SCOP d1n9ya_
  149      0.6613          -0     0.07882     0.531   147    2    4      0.9796    0    178      6    178      9    T1021s3TS498-D1.pdb:A  SCOP d2rtka_
  150      0.6613          -0      0.2082     0.531   147    2    4      0.9796    0    178      6    178      9    T1021s3TS498-D1.pdb:A  SCOP d1swba_
  151      0.6613          -0      0.2082     0.531   147    2    4      0.9796    0    178      6    178      9    T1021s3TS498-D1.pdb:A  SCOP d1swla_
  152      0.6613          -0      0.2082     0.531   147    2    4      0.9796    0    178      6    178      9    T1021s3TS498-D1.pdb:A  SCOP d1kffa_
  153      0.6613          -0      0.2082     0.531   147    2    4      0.9796    0    178      6    178      9    T1021s3TS498-D1.pdb:A  SCOP d1kl4a_
  154      0.6613          -0      0.2082     0.531   147    2    4      0.9796    0    178      6    178      9    T1021s3TS498-D1.pdb:A  SCOP d1swha_
  155      0.6613          -0      0.2082     0.531   147    2    4      0.9796    0    178      6    178      8    T1021s3TS498-D1.pdb:A  SCOP d1srfa_
  156      0.6613   0.0003486       1.885     0.531   147    2    4      0.9796    0    178      6    178      8    T1021s3TS498-D1.pdb:A  SCOP d1byha_
  157      0.6613          -0      0.2082     0.531   147    2    4      0.9796    0    178      6    178     10    T1021s3TS498-D1.pdb:A  SCOP d2izba_
  158      0.6613          -0      0.2082     0.531   147    2    4      0.9796    0    178      6    178     10    T1021s3TS498-D1.pdb:A  SCOP d2rtma_
  159      0.6613          -0      0.2082     0.531   147    2    4      0.9796    0    178      6    178      9    T1021s3TS498-D1.pdb:A  SCOP d1df8a_
  160      0.6613          -0      0.2082     0.531   147    2    4      0.9796    0    178      6    178      9    T1021s3TS498-D1.pdb:A  SCOP d2rtja_
  161      0.6613          -0      0.2082     0.531   147    2    4      0.9796    0    178      6    178     10    T1021s3TS498-D1.pdb:A  SCOP d2izaa_
  162      0.6613   1.073e-11       1.885     0.531   147    2    4      0.9796    0    178      6    178     10    T1021s3TS498-D1.pdb:A  SCOP d1glha_
  163      0.6613          -0     0.09778     0.531   147    2    4      0.9796    0    178      6    178     10    T1021s3TS498-D1.pdb:A  SCOP d2izia_
  164      0.6613          -0      0.2082     0.531   147    2    4      0.9796    0    178      6    178      9    T1021s3TS498-D1.pdb:A  SCOP d1kl3a_
  165      0.6613          -0      0.2082     0.531   147    2    4      0.9796    0    178      6    178      9    T1021s3TS498-D1.pdb:A  SCOP d1kl5a_
  166      0.6613   1.073e-11       1.885     0.531   147    2    4      0.9796    0    178      6    178      9    T1021s3TS498-D1.pdb:A  SCOP d1gbga_
  167      0.6613          -0      0.2082     0.531   147    2    4      0.9796    0    178      6    178      9    T1021s3TS498-D1.pdb:A  SCOP d2rtla_
  168      0.6613          -0      0.2082     0.531   147    2    4      0.9796    0    178      6    178      8    T1021s3TS498-D1.pdb:A  SCOP d1srha_
  169      0.6613   1.073e-11       1.885     0.531   147    2    4      0.9796    0    178      6    178     10    T1021s3TS498-D1.pdb:A  SCOP d2ayha_
  170      0.6566     0.05033       2.434     1.290   157    2    4      0.9809    0    178      6    178      6    T1021s3TS498-D1.pdb:A  SCOP d2ifea_
  171      0.6545     0.01829       3.664     0.000   144    2    7           1    0    178      6    178      8    T1021s3TS498-D1.pdb:A  SCOP d1ckka_
  172      0.6545          -0       1.209     0.000   144    2    5           1    0    178      6    178     10    T1021s3TS498-D1.pdb:A  SCOP d1i21a_
  173      0.6545          -0       1.209     0.000   144    2    5           1    0    178      6    178     10    T1021s3TS498-D1.pdb:A  SCOP d1i1da_
  174      0.6545      0.1455       3.043     0.000   144    2    7           1    0    178      6    178      8    T1021s3TS498-D1.pdb:A  SCOP d1cm1a_
  175      0.6545   7.259e-08       1.925     0.000   144    2    4           1    0    178      6    178      5    T1021s3TS498-D1.pdb:A  SCOP d1stua_
  176      0.6454     0.02883       3.085     0.000   143    2    5           1    0    178      6    178      6    T1021s3TS498-D1.pdb:A  SCOP d1udva_
  177      0.6454     0.01824       3.492     0.000   143    2    7           1    0    178      6    178      8    T1021s3TS498-D1.pdb:A  SCOP d2bbma_
  178      0.6454          -0       1.613     0.000   143    2    7           1    0    178      6    178      9    T1021s3TS498-D1.pdb:A  SCOP d1h6ha_
  179      0.6454       1.713       5.068     0.000   143    2    6           1    0    178      6    178     10    T1021s3TS498-D1.pdb:A  SCOP d1y9ia_
  180      0.6401      0.1388       1.557     0.923   149    2    6      0.9799    0    178      6    178      8    T1021s3TS498-D1.pdb:A  SCOP d1hzma_
  181      0.6364    0.003916       2.634     0.000   142    2    6           1    0    178      6    178      9    T1021s3TS498-D1.pdb:A  SCOP d1iu9a_
  182      0.6364     0.09065       2.479     0.000   142    2    4           1    0    178      6    178      7    T1021s3TS498-D1.pdb:A  SCOP d1euba_
  183      0.6364    0.004683       3.671     0.000   142    2    7           1    0    178      6    178      8    T1021s3TS498-D1.pdb:A  SCOP d1iq5a_
  184      0.6364          -0       1.105     0.000   142    2    5           1    0    178      6    178     10    T1021s3TS498-D1.pdb:A  SCOP d1hkaa_
  185      0.6364          -0       0.679     0.000   142    2    4           1    0    178      6    178     10    T1021s3TS498-D1.pdb:A  SCOP d1p4ma_
  186      0.6364          -0       0.679     0.000   142    2    4           1    0    178      6    178     10    T1021s3TS498-D1.pdb:A  SCOP d1nb0a_
  187      0.6364          -0        2.32     0.000   142    2    5           1    0    178      6    178      9    T1021s3TS498-D1.pdb:A  SCOP d1hq2a_
  188       0.636          -0       1.001     0.000   129    2    2           1    0    178      6    147      9    T1021s3TS498-D1.pdb:A  SCOP d1ph1a1
  189       0.636          -0       1.001     0.000   129    2    2           1    0    178      6    147      9    T1021s3TS498-D1.pdb:A  SCOP d1ph6a1
  190       0.636          -0       1.001     0.000   129    2    2           1    0    178      6    147      8    T1021s3TS498-D1.pdb:A  SCOP d1phja1
  191      0.6357          -0       1.339     0.629   145    2    6      0.9724    0    178      6    178      8    T1021s3TS498-D1.pdb:A  SCOP d1h1ha_
  192      0.6304          -0       1.001     0.000   128    2    2           1    0    178      6    146      9    T1021s3TS498-D1.pdb:A  SCOP d1ph4a1
  193      0.6304          -0       1.001     0.000   128    2    2           1    0    178      6    146      8    T1021s3TS498-D1.pdb:A  SCOP d1jb7a1
  194      0.6304    0.004082       1.876     0.000   128    2    2           1    0    178      6    146      9    T1021s3TS498-D1.pdb:A  SCOP d1yc6a1
  195      0.6304          -0       1.001     0.000   128    2    2           1    0    178      6    146      8    T1021s3TS498-D1.pdb:A  SCOP d1ph5a1
  196      0.6304          -0       1.001     0.000   128    2    2           1    0    178      6    146      8    T1021s3TS498-D1.pdb:A  SCOP d1ph7a1
  197      0.6304          -0       1.001     0.000   128    2    2           1    0    178      6    146     10    T1021s3TS498-D1.pdb:A  SCOP d1kixa1
  198      0.6304          -0       1.001     0.000   128    2    2           1    0    178      6    146      9    T1021s3TS498-D1.pdb:A  SCOP d1ph9a1
  199      0.6304          -0       1.001     0.000   128    2    2           1    0    178      6    146      9    T1021s3TS498-D1.pdb:A  SCOP d1pa6a1
  200      0.6304          -0       1.001     0.000   128    2    2           1    0    178      6    146      9    T1021s3TS498-D1.pdb:A  SCOP d1ph3a1
  201      0.6304          -0       1.001     0.000   128    2    2           1    0    178      6    146      8    T1021s3TS498-D1.pdb:A  SCOP d1ph2a1
  202      0.6304          -0       1.001     0.000   128    2    2           1    0    178      6    146      9    T1021s3TS498-D1.pdb:A  SCOP d1ph8a1
  203      0.6275          -0        3.74     0.000   141    2    4           1    0    178      6    178     10    T1021s3TS498-D1.pdb:A  SCOP d1qxwa_
  204      0.6275       0.108       3.757     0.000   141    2    7           1    0    178      6    178      9    T1021s3TS498-D1.pdb:A  SCOP d1wpba_
  205      0.6275          -0      0.7086     0.000   141    2    5           1    0    178      6    178      9    T1021s3TS498-D1.pdb:A  SCOP d1n2ma_
  206      0.6255          -0      0.8746     0.535   143    2    6       0.986    0    178      6    178      6    T1021s3TS498-D1.pdb:A  SCOP d1b64a_
  207      0.6249          -0       1.001     0.000   127    2    2           1    0    178      6    145      7    T1021s3TS498-D1.pdb:A  SCOP d1otca1
  208      0.6187      0.1675       3.457     1.212   151    3    6      0.9801    0    178      6    178      9    T1021s3TS498-D1.pdb:A  SCOP d1k3ea_
  209      0.6186      0.1182       2.881     0.000   140    2    4           1    0    178      6    178      6    T1021s3TS498-D1.pdb:A  SCOP d1huua_
  210      0.6186          -0        2.32     0.000   140    2    5           1    0    178      6    178     10    T1021s3TS498-D1.pdb:A  SCOP d1raoa_
  211      0.6186   4.468e-10       1.225     0.000   140    2    3           1    0    178      6    178      9    T1021s3TS498-D1.pdb:A  SCOP d1ne8a_
  212      0.6179   1.606e-14       1.925     0.633   143    2    6       0.972    0    178      6    178      9    T1021s3TS498-D1.pdb:A  SCOP d1k2aa_
  213       0.614          -0      0.3253     0.928   146    2    4      0.9863    0    178      6    178      8    T1021s3TS498-D1.pdb:A  SCOP d1nepa_
  214        0.61          -0       1.514     1.215   150    2    3        0.98    0    178      6    178     10    T1021s3TS498-D1.pdb:A  SCOP d1iiua_
  215      0.6098     0.01846       3.671     0.000   139    2    7           1    0    178      6    178      8    T1021s3TS498-D1.pdb:A  SCOP d1cdla_
  216      0.6098          -0        2.32     0.000   139    2    5           1    0    178      6    178      9    T1021s3TS498-D1.pdb:A  SCOP d1rb0a_
  217      0.6095   0.0001222       2.464     0.000   135    2    5           1    0    178      6    168     10    T1021s3TS498-D1.pdb:A  SCOP d1d5ra2
  218      0.6091          -0       1.909     0.635   142    2    4      0.9718    0    178      6    178     10    T1021s3TS498-D1.pdb:A  SCOP d1c0ba_
  219      0.6011    1.56e-08       2.183     0.000   138    2    6           1    0    178      6    178      8    T1021s3TS498-D1.pdb:A  SCOP d1ouza_
  220      0.6011     0.03904       3.836     0.000   138    2    7           1    0    178      6    178      8    T1021s3TS498-D1.pdb:A  SCOP d1qs7a_
  221      0.6011       0.111       3.213     0.000   138    2    7           1    0    178      6    178      8    T1021s3TS498-D1.pdb:A  SCOP d1mxea_
  222      0.6011     0.01846       3.671     0.000   138    2    7           1    0    178      6    178      8    T1021s3TS498-D1.pdb:A  SCOP d1vrka_
  223      0.5946    0.003241       3.198     0.000   126    2    3           1    0    178      6    150      9    T1021s3TS498-D1.pdb:A  SCOP d2f4za1
  224      0.5933          -0      0.2278     0.889   143    2    6       0.986    0    178      6    178      7    T1021s3TS498-D1.pdb:A  SCOP d1w2ia_
  225       0.593          -0       1.242     0.000   122    2    3           1    0    178      6    141     10    T1021s3TS498-D1.pdb:A  SCOP d1mzza1
  226      0.5924          -0        2.32     0.000   137    2    6           1    0    178      6    178     10    T1021s3TS498-D1.pdb:A  SCOP d1ru2a_
  227      0.5924          -0      0.2228     0.000   137    2    6           1    0    178      6    178      9    T1021s3TS498-D1.pdb:A  SCOP d1ex8a_
  228      0.5924    1.56e-08       2.183     0.000   137    2    6           1    0    178      6    178      8    T1021s3TS498-D1.pdb:A  SCOP d1owga_
  229      0.5924     3.3e-08       2.479     0.000   137    2    5           1    0    178      6    178     10    T1021s3TS498-D1.pdb:A  SCOP d1shca_
  230      0.5924          -0       0.845     0.000   137    2    5           1    0    178      6    178      7    T1021s3TS498-D1.pdb:A  SCOP d2acya_
  231      0.5864          -0    0.003393     1.325   149    2    6      0.9597    0    178      6    178      6    T1021s3TS498-D1.pdb:A  SCOP d1iv7a_
  232      0.5864          -0    0.003393     1.325   149    2    6      0.9597    0    178      6    178      6    T1021s3TS498-D1.pdb:A  SCOP d1iv9a_
  233      0.5862          -0       1.242     0.000   120    2    2           1    0    178      6    138     10    T1021s3TS498-D1.pdb:A  SCOP d2dy2a1
  234      0.5841      0.2073       3.894     0.972   143    3    4       0.979    0    178      6    178     11    T1021s3TS498-D1.pdb:A  SCOP d1q9ua_
  235      0.5838   2.261e-05       3.015     0.000   136    2    8           1    0    178      6    178      8    T1021s3TS498-D1.pdb:A  SCOP d1a29a_
  236      0.5838          -0      0.4152     0.000   136    2    7           1    0    178      6    178      8    T1021s3TS498-D1.pdb:A  SCOP d1s5ka_
  237      0.5838          -0      0.7923     0.000   136    4    7           1    0    178      6    178     19    T1021s3TS498-D1.pdb:A  SCOP d1iysa_
  238      0.5838     0.05961       2.005     0.000   136    3    5           1    0    178      6    178      8    T1021s3TS498-D1.pdb:A  SCOP d1k3sa_
  239      0.5838    1.56e-08       2.183     0.000   136    2    6           1    0    178      6    178      8    T1021s3TS498-D1.pdb:A  SCOP d1ihfa_
  240      0.5838   0.0002034       3.212     0.000   136    2    8           1    0    178      6    178      8    T1021s3TS498-D1.pdb:A  SCOP d1niwa_
  241      0.5838          -0      0.2228     0.000   136    2    6           1    0    178      6    178      9    T1021s3TS498-D1.pdb:A  SCOP d1f9ha_
  242      0.5838    1.56e-08       2.183     0.000   136    2    6           1    0    178      6    178      8    T1021s3TS498-D1.pdb:A  SCOP d1owfa_
  243      0.5838          -0      0.2228     0.000   136    2    6           1    0    178      6    178      9    T1021s3TS498-D1.pdb:A  SCOP d1q0na_
  244      0.5834          -0       1.242     0.000   121    2    4           1    0    178      6    141     10    T1021s3TS498-D1.pdb:A  SCOP d1mzya1
  245      0.5831   5.518e-10       1.893     0.641   139    2    7      0.9712    0    178      6    178     10    T1021s3TS498-D1.pdb:A  SCOP d3nlla_
  246      0.5831   5.518e-10       1.893     0.641   139    2    7      0.9712    0    178      6    178     10    T1021s3TS498-D1.pdb:A  SCOP d2foxa_
  247      0.5807     0.04724       2.262     0.000   119    2    2           1    0    178      6    137     10    T1021s3TS498-D1.pdb:A  SCOP d1phma1
  248      0.5807   0.0001973       2.456     0.000   119    2    2           1    0    178      6    137     10    T1021s3TS498-D1.pdb:A  SCOP d1sdwa1
  249      0.5807   0.0002846       2.456     0.000   119    2    2           1    0    178      6    137      9    T1021s3TS498-D1.pdb:A  SCOP d1yipa1
  250      0.5795          -0      0.2379     0.940   142    2    6      0.9859    0    178      6    178      7    T1021s3TS498-D1.pdb:A  SCOP d1tz0a_
  251      0.5752          -0      0.2228     0.000   135    2    6           1    0    178      6    178      9    T1021s3TS498-D1.pdb:A  SCOP d1kbra_
  252      0.5746   5.518e-10       1.893     0.644   138    2    7       0.971    0    178      6    178     10    T1021s3TS498-D1.pdb:A  SCOP d1flaa_
  253      0.5746   5.518e-10       1.893     0.644   138    2    7       0.971    0    178      6    178     10    T1021s3TS498-D1.pdb:A  SCOP d5nula_
  254      0.5746   5.518e-10       1.893     0.644   138    2    7       0.971    0    178      6    178     10    T1021s3TS498-D1.pdb:A  SCOP d2fdxa_
  255      0.5746   5.518e-10       1.893     0.644   138    2    7       0.971    0    178      6    178     10    T1021s3TS498-D1.pdb:A  SCOP d1fvxa_
  256      0.5746   5.518e-10       1.893     0.644   138    2    7       0.971    0    178      6    178     10    T1021s3TS498-D1.pdb:A  SCOP d4nula_
  257      0.5746   5.518e-10       1.893     0.644   138    2    7       0.971    0    178      6    178     10    T1021s3TS498-D1.pdb:A  SCOP d1flda_
  258      0.5746   5.518e-10       1.893     0.644   138    2    7       0.971    0    178      6    178     10    T1021s3TS498-D1.pdb:A  SCOP d2fvxa_
  259      0.5746   5.518e-10       1.893     0.644   138    2    7       0.971    0    178      6    178     10    T1021s3TS498-D1.pdb:A  SCOP d5ulla_
  260      0.5746   5.518e-10       1.893     0.644   138    2    7       0.971    0    178      6    178     10    T1021s3TS498-D1.pdb:A  SCOP d5nlla_
  261      0.5746   5.518e-10       1.893     0.644   138    2    7       0.971    0    178      6    178     10    T1021s3TS498-D1.pdb:A  SCOP d2flva_
  262      0.5746   5.518e-10       1.893     0.644   138    2    7       0.971    0    178      6    178     10    T1021s3TS498-D1.pdb:A  SCOP d1flna_
  263      0.5746   5.518e-10       1.893     0.644   138    2    7       0.971    0    178      6    178     10    T1021s3TS498-D1.pdb:A  SCOP d4nlla_
  264      0.5697   0.0002846       2.456     0.000   117    2    2           1    0    178      6    135      9    T1021s3TS498-D1.pdb:A  SCOP d1yi9a1
  265      0.5679          -0        1.79     0.000   133    2    7           1    0    178      6    175     10    T1021s3TS498-D1.pdb:A  SCOP d2tmga2
  266      0.5673          -0     0.03445     1.236   145    2    4      0.9793    0    178      6    178      9    T1021s3TS498-D1.pdb:A  SCOP d1r75a_
  267      0.5668          -0       1.209     0.000   118    2    4           1    0    178      6    138     10    T1021s3TS498-D1.pdb:A  SCOP d2dwsa1
  268      0.5667          -0      0.2228     0.000   134    2    6           1    0    178      6    178      9    T1021s3TS498-D1.pdb:A  SCOP d1ru1a_
  269      0.5667          -0      0.2228     0.000   134    2    6           1    0    178      6    178      9    T1021s3TS498-D1.pdb:A  SCOP d1rtza_
  270      0.5667       0.523       3.644     0.000   134    2    7           1    0    178      6    178      8    T1021s3TS498-D1.pdb:A  SCOP d1fqya_
  271      0.5667    2.58e-07       2.471     0.000   134    2    8           1    0    178      6    178      8    T1021s3TS498-D1.pdb:A  SCOP d1qiwa_
  272      0.5667          -0      0.4295     0.000   134    2    7           1    0    178      6    178      8    T1021s3TS498-D1.pdb:A  SCOP d1s3za_
  273      0.5667   6.455e-09       2.144     0.000   134    2    5           1    0    178      6    178      6    T1021s3TS498-D1.pdb:A  SCOP d1mula_
  274      0.5667          -0       0.557     0.000   134    2    7           1    0    178      6    178     10    T1021s3TS498-D1.pdb:A  SCOP d1u0da_
  275      0.5667   4.029e-05       2.965     0.000   134    2    7           1    0    178      6    178      8    T1021s3TS498-D1.pdb:A  SCOP d1qiva_
  276      0.5667          -0      0.2228     0.000   134    2    6           1    0    178      6    178     10    T1021s3TS498-D1.pdb:A  SCOP d1g4ca_
  277      0.5667     0.02392       2.213     0.000   134    2    6           1    0    178      6    178      8    T1021s3TS498-D1.pdb:A  SCOP d1s4ka_
  278      0.5667          -0       1.525     0.000   134    2    5           1    0    178      6    178      6    T1021s3TS498-D1.pdb:A  SCOP d1x7va_
  279      0.5661    0.003868       2.805     0.646   137    3    4      0.9708    0    178      6    178      7    T1021s3TS498-D1.pdb:A  SCOP d1squa_
  280      0.5661   5.518e-10       1.893     0.646   137    2    7      0.9708    0    178      6    178     10    T1021s3TS498-D1.pdb:A  SCOP d6nula_
  281      0.5661   5.518e-10       1.893     0.646   137    2    7      0.9708    0    178      6    178     10    T1021s3TS498-D1.pdb:A  SCOP d2faxa_
  282      0.5661   2.192e-05       2.553     0.647   137    2    7      0.9708    0    178      6    178      8    T1021s3TS498-D1.pdb:A  SCOP d2bbna_
  283      0.5657    3.67e-11      0.9887     0.837   139    3    5      0.9496    0    178      6    178     10    T1021s3TS498-D1.pdb:A  SCOP d1knga_
  284      0.5638    2.75e-09       2.641     0.000   131    2    9           1    0    178      6    171     10    T1021s3TS498-D1.pdb:A  SCOP d2g03a1
  285      0.5637          -0        1.63     1.263   145    2    5      0.9724    0    178      6    178      9    T1021s3TS498-D1.pdb:A  SCOP d1on0a_
  286      0.5623          -0        1.83     1.587   151    2    6      0.9801    0    178      6    178     10    T1021s3TS498-D1.pdb:A  SCOP d1j7ja_
  287      0.5593   8.716e-07       2.986     0.000   127    2    7           1    0    178      6    162     10    T1021s3TS498-D1.pdb:A  SCOP d2fxaa1
  288      0.5587        0.56       3.588     0.982   140    3    6      0.9786    0    178      6    178     11    T1021s3TS498-D1.pdb:A  SCOP d1j3ma_
  289      0.5531   0.0002846       2.456     0.000   114    2    2           1    0    178      6    132      9    T1021s3TS498-D1.pdb:A  SCOP d1yjka1
  290      0.5499   2.324e-06       3.015     0.000   132    2    7           1    0    178      6    178      8    T1021s3TS498-D1.pdb:A  SCOP d1iwqa_
  291      0.5499          -0       1.782     0.000   132    2    7           1    0    178      6    178     10    T1021s3TS498-D1.pdb:A  SCOP d1iaqa_
  292      0.5499          -0       5.713     0.000   132    4    6           1    0    178      6    178     17    T1021s3TS498-D1.pdb:A  SCOP d1q2pa_
  293      0.5459          -0       1.846     1.222   142    2    4      0.9718    0    178      6    178     10    T1021s3TS498-D1.pdb:A  SCOP d1kf2a_
  294      0.5459          -0       1.846     1.222   142    2    4      0.9718    0    178      6    178     10    T1021s3TS498-D1.pdb:A  SCOP d1kf3a_
  295      0.5459          -0       1.846     1.222   142    2    4      0.9718    0    178      6    178     10    T1021s3TS498-D1.pdb:A  SCOP d1kf7a_
  296      0.5459          -0       1.846     1.222   142    2    4      0.9718    0    178      6    178     10    T1021s3TS498-D1.pdb:A  SCOP d1kf5a_
  297      0.5424          -0      0.9028     1.363   144    3    6      0.9514    0    178      6    178      9    T1021s3TS498-D1.pdb:A  SCOP d1ufha_
  298      0.5416          -0       5.713     0.000   131    4    6           1    0    178      6    178     17    T1021s3TS498-D1.pdb:A  SCOP d1onga_
  299      0.5416   2.887e-07       2.438     0.000   131    2    7           1    0    178      6    178      9    T1021s3TS498-D1.pdb:A  SCOP d1kz4a_
  300      0.5416   2.887e-07       2.438     0.000   131    2    7           1    0    178      6    178      9    T1021s3TS498-D1.pdb:A  SCOP d1kz6a_
  301      0.5416   1.331e-06       2.516     0.000   131    2    7           1    0    178      6    178      9    T1021s3TS498-D1.pdb:A  SCOP d1kyva_
  302      0.5416   2.887e-07       2.438     0.000   131    2    7           1    0    178      6    178      9    T1021s3TS498-D1.pdb:A  SCOP d1kz9a_
  303      0.5416   2.887e-07       2.438     0.000   131    2    8           1    0    178      6    178      9    T1021s3TS498-D1.pdb:A  SCOP d1kyya_
  304      0.5416   2.887e-07       2.438     0.000   131    2    8           1    0    178      6    178      9    T1021s3TS498-D1.pdb:A  SCOP d1kyxa_
  305      0.5355       1.038       3.504     0.900   136    2    5      0.9779    0    178      6    178      7    T1021s3TS498-D1.pdb:A  SCOP d1rgxa_
  306      0.5334      0.1796       3.128     0.000   130    2    8           1    0    178      6    178      8    T1021s3TS498-D1.pdb:A  SCOP d1edua_
  307      0.5334   1.331e-06       2.516     0.000   130    2    8           1    0    178      6    178      9    T1021s3TS498-D1.pdb:A  SCOP d1kz1a_
  308      0.5334       1.098       5.386     0.000   130    2    6           1    0    178      6    178      8    T1021s3TS498-D1.pdb:A  SCOP d1oj6a_
  309      0.5334          -0      0.7611     0.000   130    2    8           1    0    178      6    178      8    T1021s3TS498-D1.pdb:A  SCOP d1bija_
  310      0.5334     0.02069       3.858     0.000   130    2    9           1    0    178      6    178      8    T1021s3TS498-D1.pdb:A  SCOP d1q80a_
  311      0.5333          -0        1.71     0.841   135    2    7      0.9926    0    178      6    178      7    T1021s3TS498-D1.pdb:A  SCOP d1ozba_
  312      0.5317          -0    0.001822     1.388   143    2    5       0.965    0    178      6    178      3    T1021s3TS498-D1.pdb:A  SCOP d1nyua_
  313      0.5317          -0    0.001822     1.388   143    2    5       0.965    0    178      6    178      8    T1021s3TS498-D1.pdb:A  SCOP d1nysa_
  314      0.5262          -0      0.4686     1.257   140    2    7      0.9786    0    178      6    178      7    T1021s3TS498-D1.pdb:A  SCOP d1r6ya_
  315       0.526   0.0001126       4.273     0.000   106    2    3           1    0    178      6    120     10    T1021s3TS498-D1.pdb:A  SCOP d2g8ua1
  316      0.5252          -0       1.842     0.000   129    2    7           1    0    178      6    178      7    T1021s3TS498-D1.pdb:A  SCOP d1ty4a_
  317      0.5252          -0       4.358     0.000   129    4    6           1    0    178      6    178     17    T1021s3TS498-D1.pdb:A  SCOP d1xpba_
  318      0.5252      0.8309        5.06     0.000   129    2    6           1    0    178      6    178      8    T1021s3TS498-D1.pdb:A  SCOP d1w92a_
  319      0.5215          -0       1.846     1.235   139    2    5      0.9712    0    178      6    178     10    T1021s3TS498-D1.pdb:A  SCOP d3rspa_
  320      0.5182          -0      0.4231     1.261   139    2    7      0.9784    0    178      6    178      7    T1021s3TS498-D1.pdb:A  SCOP d1tuva_
  321      0.5171    5.54e-08       3.191     0.000   128    2    5           1    0    178      6    178      8    T1021s3TS498-D1.pdb:A  SCOP d1j5ua_
  322      0.5171     0.05933        3.47     0.000   128    2    6           1    0    178      6    178      8    T1021s3TS498-D1.pdb:A  SCOP d1gcwa_
  323      0.5171          -0  1.798e+308     0.000   128    4    8           1    0    178      6    178     17    T1021s3TS498-D1.pdb:A  SCOP d1jtda_
  324      0.5171          -0       4.358     0.000   128    4    6           1    0    178      6    178     17    T1021s3TS498-D1.pdb:A  SCOP d1esua_
  325      0.5171          -0       1.508     0.000   128    3    8           1    0    178      6    178     11    T1021s3TS498-D1.pdb:A  SCOP d1j6ra_
  326      0.5171      0.4874       5.074     0.000   128    2    7           1    0    178      6    178      9    T1021s3TS498-D1.pdb:A  SCOP d1ej3a_
  327      0.5171    0.001066       1.645     0.000   128    2    8           1    0    178      6    178      9    T1021s3TS498-D1.pdb:A  SCOP d1mnha_
  328      0.5171       1.098       5.386     0.000   128    2    6           1    0    178      6    178      8    T1021s3TS498-D1.pdb:A  SCOP d1q1fa_
  329      0.5166          -0      0.3489     0.661   131    2    7      0.9695    0    178      6    178      9    T1021s3TS498-D1.pdb:A  SCOP d1s60a_
  330      0.5119   0.0004744       4.501     0.000   105    2    3           1    0    178      6    121     10    T1021s3TS498-D1.pdb:A  SCOP d2g8fa1
  331      0.5115          -0       1.584     1.255   138    2    6      0.9855    0    178      6    178      9    T1021s3TS498-D1.pdb:A  SCOP d1mjha_
  332      0.5091       1.458       5.406     0.000   127    2    5           1    0    178      6    178      7    T1021s3TS498-D1.pdb:A  SCOP d1gdia_
  333      0.5091       1.458       5.406     0.000   127    2    5           1    0    178      6    178      7    T1021s3TS498-D1.pdb:A  SCOP d1gdka_
  334      0.5091   1.653e-10       1.972     0.000   127    2    8           1    0    178      6    178      8    T1021s3TS498-D1.pdb:A  SCOP d1ebta_
  335      0.5064   0.0004744       4.501     0.000   104    2    3           1    0    178      6    120     10    T1021s3TS498-D1.pdb:A  SCOP d2g8ka1
  336      0.5064   0.0004744       4.501     0.000   104    2    3           1    0    178      6    120     10    T1021s3TS498-D1.pdb:A  SCOP d2g8ha1
  337      0.5041          -0       2.336     2.047   153    2    3      0.9804    0    178      6    178     10    T1021s3TS498-D1.pdb:A  SCOP d1cyqa_
  338      0.5034   5.159e-15      0.1188     0.827   131    2    5      0.9847    0    178      6    178      7    T1021s3TS498-D1.pdb:A  SCOP d1rh7a_
  339      0.5034   9.691e-15       2.221     0.827   131    2    7      0.9847    0    178      6    178      8    T1021s3TS498-D1.pdb:A  SCOP d1gnua_
  340      0.5034     0.03533       2.343     0.000   112    2    3           1    0    178      6    140      8    T1021s3TS498-D1.pdb:A  SCOP d1ohda1
  341      0.5034     0.03533       2.343     0.000   112    2    3           1    0    178      6    140      8    T1021s3TS498-D1.pdb:A  SCOP d1ohca1
  342      0.5011       1.458       5.406     0.000   126    2    5           1    0    178      6    178      7    T1021s3TS498-D1.pdb:A  SCOP d1gdja_
  343      0.5011       1.458       5.406     0.000   126    2    5           1    0    178      6    178      7    T1021s3TS498-D1.pdb:A  SCOP d2gdma_
  344      0.5011   0.0001598       1.524     0.000   126    2    8           1    0    178      6    178      9    T1021s3TS498-D1.pdb:A  SCOP d1lhsa_
  345      0.5011   0.0001783       2.336     0.000   126    2    7           1    0    178      6    178      9    T1021s3TS498-D1.pdb:A  SCOP d1myfa_
  346      0.5005          -0     0.02536     1.458   140    2    7      0.9786    0    178      6    178      9    T1021s3TS498-D1.pdb:A  SCOP d1ahqa_
  347      0.4996   6.085e-09       2.229     0.562   128    2    5      0.9766    0    178      6    178     10    T1021s3TS498-D1.pdb:A  SCOP d2araa_
  348      0.4974          -0     0.06118     1.637   143    3    5       0.979    0    178      6    178     14    T1021s3TS498-D1.pdb:A  SCOP d1hixa_
  349      0.4963          -0       2.456     1.362   123    2    3      0.9675    0    178      6    142      9    T1021s3TS498-D1.pdb:A  SCOP d1ykwa2
  350      0.4955   9.691e-15       2.221     0.830   130    2    7      0.9846    0    178      6    178      8    T1021s3TS498-D1.pdb:A  SCOP d1kjta_
  351      0.4944     0.03499       2.343     0.000   111    2    3           1    0    178      6    140      9    T1021s3TS498-D1.pdb:A  SCOP d1ohea1
  352      0.4944          -0      0.2694     0.927   131    2    7      0.9847    0    178      6    178      7    T1021s3TS498-D1.pdb:A  SCOP d1lxna_
  353      0.4932     0.02598       2.374     0.000   125    2    6           1    0    178      6    178      7    T1021s3TS498-D1.pdb:A  SCOP d1f6ha_
  354      0.4932    0.001177       2.486     0.000   125    2    7           1    0    178      6    178      6    T1021s3TS498-D1.pdb:A  SCOP d1s7oa_
  355      0.4932     0.01144       3.599     0.000   125    2    9           1    0    178      6    178     10    T1021s3TS498-D1.pdb:A  SCOP d2sasa_
  356      0.4932      0.0432       3.492     0.000   125    2    7           1    0    178      6    178      7    T1021s3TS498-D1.pdb:A  SCOP d1it2a_
  357      0.4932   0.0001236       3.657     0.000   125    2    7           1    0    178      6    178      9    T1021s3TS498-D1.pdb:A  SCOP d1ejba_
  358      0.4932     0.01075       3.628     0.000   125    2    6           1    0    178      6    178      8    T1021s3TS498-D1.pdb:A  SCOP d1lj9a_
  359      0.4924          -0       2.343     1.622   142    2    6      0.9718    0    178      6    178     10    T1021s3TS498-D1.pdb:A  SCOP d1m5xa_
  360      0.4911   4.822e-17       1.484     1.033   117    2    4      0.9744    0    178      6    140      9    T1021s3TS498-D1.pdb:A  SCOP d1y64a1
  361      0.4897          -0      0.6208     1.642   142    2    5      0.9789    0    178      6    178      7    T1021s3TS498-D1.pdb:A  SCOP d1ulra_
  362      0.4872      0.3776       4.202     0.000   109    2    6           1    0    178      6    137      8    T1021s3TS498-D1.pdb:A  SCOP d2fbha1
  363      0.4862    0.007508       3.429     1.717   143    2    5       0.972    0    178      6    178      7    T1021s3TS498-D1.pdb:A  SCOP d1p1la_
  364      0.4853       1.617       5.572     0.000   124    2    4           1    0    178      6    178      7    T1021s3TS498-D1.pdb:A  SCOP d1gdla_
  365      0.4835   5.393e-11      0.4752     1.306   135    2    4      0.9704    0    178      6    178      8    T1021s3TS498-D1.pdb:A  SCOP d1mmpa_
  366      0.4835   5.393e-11      0.4752     1.306   135    2    4      0.9704    0    178      6    178      8    T1021s3TS498-D1.pdb:A  SCOP d1mnca_
  367      0.4835   5.393e-11      0.4752     1.306   135    2    4      0.9704    0    178      6    178      8    T1021s3TS498-D1.pdb:A  SCOP d1cgea_
  368      0.4835   5.393e-11      0.4752     1.306   135    2    4      0.9704    0    178      6    178      8    T1021s3TS498-D1.pdb:A  SCOP d1rmza_
  369      0.4835   5.393e-11      0.4752     1.306   135    2    4      0.9704    0    178      6    178      8    T1021s3TS498-D1.pdb:A  SCOP d966ca_
  370      0.4834          -0      0.1761     1.480   138    2    6      0.9203    0    178      6    178      7    T1021s3TS498-D1.pdb:A  SCOP d1l2ma_
  371      0.4818      0.0567        3.75     0.000   108    2    3           1    0    178      6    136     10    T1021s3TS498-D1.pdb:A  SCOP d2fr5a1
  372        0.48          -0       1.597     1.917   137    2    4      0.9781    0    178      6    156     10    T1021s3TS498-D1.pdb:A  SCOP d2htia1
  373      0.4785          -0    0.007196     0.938   129    2    9       0.938    0    178      6    178      8    T1021s3TS498-D1.pdb:A  SCOP d1c20a_
  374      0.4783     0.08218       3.879     0.000   108    2    3           1    0    178      6    137     10    T1021s3TS498-D1.pdb:A  SCOP d2fr6a1
  375      0.4775          -0      0.9935     0.000   123    2    9           1    0    178      6    178      8    T1021s3TS498-D1.pdb:A  SCOP d1la6a_
  376      0.4775    2.67e-11       1.573     0.000   123    2    9           1    0    178      6    178      7    T1021s3TS498-D1.pdb:A  SCOP d1bina_
  377      0.4775          -0      0.6571     0.000   123    2    8           1    0    178      6    178      8    T1021s3TS498-D1.pdb:A  SCOP d2pgha_
  378      0.4757   8.468e-05       2.175     1.045   130    2    8      0.9692    0    178      6    178      7    T1021s3TS498-D1.pdb:A  SCOP d1ezya_
  379      0.4745          -0      0.7385     1.261   133    2    4      0.9699    0    178      6    178      8    T1021s3TS498-D1.pdb:A  SCOP d1s5ua_
  380      0.4739   4.822e-17      0.3791     1.607   139    2    5      0.9856    0    178      6    178      6    T1021s3TS498-D1.pdb:A  SCOP d1no8a_
  381      0.4733   1.409e-12       2.545     1.392   135    3    6      0.9778    0    178      6    178     12    T1021s3TS498-D1.pdb:A  SCOP d1eava_
  382      0.4732          -0       1.878     0.914   128    2    5      0.9766    0    178      6    178     10    T1021s3TS498-D1.pdb:A  SCOP d1h5ba_
  383      0.4698    1.94e-10       1.972     0.000   122    2    6           1    0    178      6    178      9    T1021s3TS498-D1.pdb:A  SCOP d1ew6a_
  384      0.4698   4.059e-07        2.09     0.000   122    2   10           1    0    178      6    178      8    T1021s3TS498-D1.pdb:A  SCOP d1i3ea_
  385      0.4698   3.062e-09       1.909     0.000   122    2    9           1    0    178      6    178      9    T1021s3TS498-D1.pdb:A  SCOP d1cbla_
  386      0.4698        0.02       2.901     0.000   122    2    7           1    0    178      6    178      7    T1021s3TS498-D1.pdb:A  SCOP d1lh3a_
  387      0.4698        0.02       2.901     0.000   122    2    7           1    0    178      6    178      7    T1021s3TS498-D1.pdb:A  SCOP d2lh3a_
  388      0.4698        0.02       2.901     0.000   122    2    7           1    0    178      6    178      7    T1021s3TS498-D1.pdb:A  SCOP d2lh5a_
  389      0.4698        0.02       2.901     0.000   122    2    7           1    0    178      6    178      7    T1021s3TS498-D1.pdb:A  SCOP d1lh5a_
  390      0.4698    1.94e-10       1.972     0.000   122    2    6           1    0    178      6    178      9    T1021s3TS498-D1.pdb:A  SCOP d1ewaa_
  391      0.4698          -0      0.8527     0.000   122    2    9           1    0    178      6    178      8    T1021s3TS498-D1.pdb:A  SCOP d1t1na_
  392      0.4698          -0      0.8527     0.000   122    2    9           1    0    178      6    178      8    T1021s3TS498-D1.pdb:A  SCOP d1pbxa_
  393      0.4698          -0      0.6571     0.000   122    2    7           1    0    178      6    178      8    T1021s3TS498-D1.pdb:A  SCOP d1hcoa_
  394      0.4698          -0      0.9149     0.000   122    2    9           1    0    178      6    178      8    T1021s3TS498-D1.pdb:A  SCOP d1s5ya_
  395      0.4698     0.03495       3.442     0.000   122    2    6           1    0    178      6    178      7    T1021s3TS498-D1.pdb:A  SCOP d1cg5a_
  396      0.4698   7.031e-07       2.074     0.000   122    2    7           1    0    178      6    178      8    T1021s3TS498-D1.pdb:A  SCOP d1npga_
  397      0.4698   0.0003097       1.524     0.000   122    2    9           1    0    178      6    178      8    T1021s3TS498-D1.pdb:A  SCOP d1lhta_
  398      0.4698   7.031e-07       2.074     0.000   122    2    7           1    0    178      6    178      8    T1021s3TS498-D1.pdb:A  SCOP d1npfa_
  399      0.4697          -0       1.057     1.010   110    2    4      0.9818    0    178      6    130     10    T1021s3TS498-D1.pdb:A  SCOP d1vr8a1
  400      0.4693   2.501e-08       3.029     0.677   125    2    6       0.968    0    178      6    178      8    T1021s3TS498-D1.pdb:A  SCOP d1h4za_
  401      0.4693          -0      0.1584     0.677   125    2    6       0.968    0    178      6    178      7    T1021s3TS498-D1.pdb:A  SCOP d1lxja_
  402      0.4644          -0      0.6571     0.843   126    2    5      0.9841    0    178      6    178      9    T1021s3TS498-D1.pdb:A  SCOP d1kj2a_
  403      0.4629   0.0002149       1.554     1.026   128    3    4      0.9766    0    178      6    178      4    T1021s3TS498-D1.pdb:A  SCOP d1pu1a_
  404      0.4622          -0       1.161     1.592   137    2    5      0.9781    0    178      6    178      6    T1021s3TS498-D1.pdb:A  SCOP d1n3ga_
  405      0.4621          -0      0.8527     0.000   121    2    9           1    0    178      6    178      8    T1021s3TS498-D1.pdb:A  SCOP d1hbha_
  406      0.4621     0.02393       3.356     0.000   121    2    6           1    0    178      6    178      7    T1021s3TS498-D1.pdb:A  SCOP d1gcva_
  407      0.4621      0.1284       3.722     0.000   121    2    9           1    0    178      6    178      8    T1021s3TS498-D1.pdb:A  SCOP d1cbma_
  408      0.4621          -0       0.373     0.000   121    2    8           1    0    178      6    178      7    T1021s3TS498-D1.pdb:A  SCOP d2dhba_
  409      0.4621          -0      0.9698     0.000   121    2    9           1    0    178      6    178      8    T1021s3TS498-D1.pdb:A  SCOP d1v4xa_
  410      0.4621   2.256e-06       2.074     0.000   121    2    7           1    0    178      6    178      9    T1021s3TS498-D1.pdb:A  SCOP d1mnka_
  411      0.4621   7.031e-07       2.074     0.000   121    2    7           1    0    178      6    178      8    T1021s3TS498-D1.pdb:A  SCOP d1nz3a_
  412      0.4621   7.031e-07       2.074     0.000   121    2    7           1    0    178      6    178      8    T1021s3TS498-D1.pdb:A  SCOP d1nz5a_
  413      0.4621   1.421e-05       2.198     0.000   121    2    7           1    0    178      6    178      9    T1021s3TS498-D1.pdb:A  SCOP d1mnia_
  414      0.4621   2.256e-06       2.074     0.000   121    2    7           1    0    178      6    178      8    T1021s3TS498-D1.pdb:A  SCOP d1nz4a_
  415      0.4621   3.106e-10       2.634     0.000   121    2    9           1    0    178      6    178      9    T1021s3TS498-D1.pdb:A  SCOP d1el4a_
  416      0.4621   7.031e-07       2.074     0.000   121    2    7           1    0    178      6    178      8    T1021s3TS498-D1.pdb:A  SCOP d1iopa_
  417      0.4621   2.256e-06       2.074     0.000   121    2    7           1    0    178      6    178      8    T1021s3TS498-D1.pdb:A  SCOP d1ebca_
  418      0.4621   3.948e-05       2.275     0.000   121    2    6           1    0    178      6    178      8    T1021s3TS498-D1.pdb:A  SCOP d1tesa_
  419      0.4621          -0      0.9541     0.000   121    2    8           1    0    178      6    178     10    T1021s3TS498-D1.pdb:A  SCOP d1j00a_
  420      0.4597       0.866       3.987     0.000    90    2    2           1    0    178      6     99      9    T1021s3TS498-D1.pdb:A  SCOP d2nrha2
  421       0.458          -0      0.3978     1.572   136    2    4      0.9779    0    178      6    178     10    T1021s3TS498-D1.pdb:A  SCOP d1uxla_
  422       0.458          -0      0.3978     1.572   136    2    4      0.9779    0    178      6    178     10    T1021s3TS498-D1.pdb:A  SCOP d1azva_
  423       0.458          -0      0.3978     1.572   136    2    4      0.9779    0    178      6    178      9    T1021s3TS498-D1.pdb:A  SCOP d1p1va_
  424      0.4574   1.599e-09       3.081     1.155   129    2    7      0.9845    0    178      6    178     10    T1021s3TS498-D1.pdb:A  SCOP d1t9ia_
  425      0.4572      0.5557        4.26     1.733   139    2    5      0.9712    0    178      6    178      7    T1021s3TS498-D1.pdb:A  SCOP d1ukua_
  426       0.457          -0       2.328     1.526   135    2    6      0.9556    0    178      6    178     10    T1021s3TS498-D1.pdb:A  SCOP d1p0za_
  427      0.4567          -0      0.6353     1.786   140    2    8      0.9571    0    178      6    178      8    T1021s3TS498-D1.pdb:A  SCOP d1l7za_
  428      0.4566   6.847e-15       2.419     1.688   138    4    5       0.971    0    178      6    178     15    T1021s3TS498-D1.pdb:A  SCOP d1j5wa_
  429      0.4566          -0       1.734     1.688   138    2    4       0.971    0    178      6    178     10    T1021s3TS498-D1.pdb:A  SCOP d1fa7a_
  430      0.4566          -0       1.734     1.688   138    2    4       0.971    0    178      6    178     10    T1021s3TS498-D1.pdb:A  SCOP d1f9za_
  431      0.4565          -0      0.3195     1.018   127    2    7      0.9685    0    178      6    178     10    T1021s3TS498-D1.pdb:A  SCOP d1biza_
  432      0.4564          -0      0.8746     1.019   127    2    7      0.9685    0    178      6    178     10    T1021s3TS498-D1.pdb:A  SCOP d1bl3a_
  433      0.4554   0.0001303       1.686     1.030   127    2    5      0.9764    0    178      6    178      7    T1021s3TS498-D1.pdb:A  SCOP d1uw4a_
  434      0.4548   5.587e-05        3.69     1.285   128    3    5      0.9688    0    178      6    171     11    T1021s3TS498-D1.pdb:A  SCOP d2gm3a1
  435      0.4545   3.948e-05       2.275     0.000   120    2    6           1    0    178      6    178      8    T1021s3TS498-D1.pdb:A  SCOP d1jw8a_
  436      0.4545          -0      0.7914     0.000   120    2    8           1    0    178      6    178      8    T1021s3TS498-D1.pdb:A  SCOP d1hbra_
  437      0.4545   2.256e-06       2.074     0.000   120    2    7           1    0    178      6    178      8    T1021s3TS498-D1.pdb:A  SCOP d1bzpa_
  438      0.4545   2.256e-06       2.074     0.000   120    2    7           1    0    178      6    178      8    T1021s3TS498-D1.pdb:A  SCOP d1bzra_
  439      0.4545   2.256e-06       2.074     0.000   120    2    7           1    0    178      6    178      9    T1021s3TS498-D1.pdb:A  SCOP d2cmma_
  440      0.4545   2.256e-06       2.074     0.000   120    2    7           1    0    178      6    178      8    T1021s3TS498-D1.pdb:A  SCOP d1bvda_
  441      0.4545   2.256e-06       2.074     0.000   120    2    7           1    0    178      6    178      9    T1021s3TS498-D1.pdb:A  SCOP d1bz6a_
  442      0.4545          -0      0.6208     0.000   120    2    8           1    0    178      6    178      8    T1021s3TS498-D1.pdb:A  SCOP d1haca_
  443      0.4545          -0      0.6571     0.000   120    2    8           1    0    178      6    178      8    T1021s3TS498-D1.pdb:A  SCOP d1g09a_
  444      0.4545          -0      0.6571     0.000   120    2    8           1    0    178      6    178      8    T1021s3TS498-D1.pdb:A  SCOP d1mkoa_
  445      0.4545          -0      0.6571     0.000   120    2    8           1    0    178      6    178      8    T1021s3TS498-D1.pdb:A  SCOP d1yg5a_
  446      0.4545          -0      0.7611     0.000   120    2    8           1    0    178      6    178      8    T1021s3TS498-D1.pdb:A  SCOP d1y22a_
  447      0.4495   3.106e-10       2.634     0.000   119    2    9           1    0    178      6    177      9    T1021s3TS498-D1.pdb:A  SCOP d1sl9a1
  448      0.4493   1.557e-06       2.456     0.849   124    2    5      0.9839    0    178      6    178      7    T1021s3TS498-D1.pdb:A  SCOP d1xvsa_
  449      0.4493   8.962e-05       2.736     0.849   124    2    5      0.9839    0    178      6    178      7    T1021s3TS498-D1.pdb:A  SCOP d1tzaa_
  450      0.4489          -0      0.7611     1.537   134    2    5      0.9552    0    178      6    178      7    T1021s3TS498-D1.pdb:A  SCOP d1a9va_
  451      0.4489          -0      0.7611     1.537   134    2    5      0.9552    0    178      6    178      9    T1021s3TS498-D1.pdb:A  SCOP d1xwva_
  452      0.4478    7.44e-06       3.113     1.034   126    2    5      0.9762    0    178      6    178      7    T1021s3TS498-D1.pdb:A  SCOP d1r9pa_
  453      0.4469   2.256e-06       2.074     0.000   119    2    7           1    0    178      6    178      8    T1021s3TS498-D1.pdb:A  SCOP d1bvca_
  454      0.4469          -0      0.6571     0.000   119    2    8           1    0    178      6    178      8    T1021s3TS498-D1.pdb:A  SCOP d2hbda_
  455      0.4469          -0      0.6065     0.000   119    2    8           1    0    178      6    178      8    T1021s3TS498-D1.pdb:A  SCOP d1neja_
  456      0.4469          -0       1.081     0.000   119    2    9           1    0    178      6    178      7    T1021s3TS498-D1.pdb:A  SCOP d1spga_
  457      0.4469          -0      0.6065     0.000   119    2    8           1    0    178      6    178      8    T1021s3TS498-D1.pdb:A  SCOP d1yena_
  458      0.4469          -0      0.6571     0.000   119    2    6           1    0    178      6    178      8    T1021s3TS498-D1.pdb:A  SCOP d2hcoa_
  459      0.4469          -0      0.6065     0.000   119    2    8           1    0    178      6    178      8    T1021s3TS498-D1.pdb:A  SCOP d1shra_
  460      0.4469   3.106e-10       2.634     0.000   119    2    9           1    0    178      6    178      9    T1021s3TS498-D1.pdb:A  SCOP d1qv0a_
  461      0.4469          -0      0.7086     0.000   119    2    8           1    0    178      6    178      8    T1021s3TS498-D1.pdb:A  SCOP d1uiwa_
  462      0.4469          -0      0.7535     0.000   119    2    9           1    0    178      6    178      8    T1021s3TS498-D1.pdb:A  SCOP d1baba_
  463      0.4469          -0      0.6571     0.000   119    2    8           1    0    178      6    178      8    T1021s3TS498-D1.pdb:A  SCOP d2mhba_
  464      0.4469   4.988e-06       2.471     0.000   119    2    9           1    0    178      6    178      9    T1021s3TS498-D1.pdb:A  SCOP d2lhba_
  465      0.4469          -0      0.6571     0.000   119    2    8           1    0    178      6    178      8    T1021s3TS498-D1.pdb:A  SCOP d1fsxa_
  466      0.4469   3.106e-10       2.634     0.000   119    2    9           1    0    178      6    178      9    T1021s3TS498-D1.pdb:A  SCOP d1jf0a_
  467      0.4451     0.01644       2.321     2.273   149    3    4      0.9866    0    178      6    178      9    T1021s3TS498-D1.pdb:A  SCOP d1qbea_
  468      0.4444          -0       1.846     1.280   129    2    5       0.969    0    178      6    178     10    T1021s3TS498-D1.pdb:A  SCOP d1s7ia_
  469      0.4437          -0      0.3114     1.737   137    3    6      0.9489    0    178      6    178      7    T1021s3TS498-D1.pdb:A  SCOP d1qyna_
  470      0.4418       1.167       4.828     0.853   123    2    6      0.9837    0    178      6    178      9    T1021s3TS498-D1.pdb:A  SCOP d1wuba_
  471      0.4395          -0      0.6571     0.000   118    2    8           1    0    178      6    178      8    T1021s3TS498-D1.pdb:A  SCOP d3hhba_
  472      0.4395          -0      0.6571     0.000   118    2    8           1    0    178      6    178      8    T1021s3TS498-D1.pdb:A  SCOP d1c7ba_
  473      0.4395          -0      0.6571     0.000   118    2    8           1    0    178      6    178      8    T1021s3TS498-D1.pdb:A  SCOP d1qi8a_
  474      0.4395          -0      0.6571     0.000   118    2    8           1    0    178      6    178      8    T1021s3TS498-D1.pdb:A  SCOP d1xz2a_
  475      0.4395          -0      0.6571     0.000   118    2    8           1    0    178      6    178      8    T1021s3TS498-D1.pdb:A  SCOP d1glia_
  476      0.4395          -0      0.6571     0.000   118    2    8           1    0    178      6    178      8    T1021s3TS498-D1.pdb:A  SCOP d1vwta_
  477      0.4395          -0      0.6571     0.000   118    2    8           1    0    178      6    178      8    T1021s3TS498-D1.pdb:A  SCOP d1y0da_
  478      0.4395          -0      0.6571     0.000   118    2    8           1    0    178      6    178      8    T1021s3TS498-D1.pdb:A  SCOP d1hbaa_
  479      0.4395          -0      0.4103     0.000   118    2    8           1    0    178      6    178      8    T1021s3TS498-D1.pdb:A  SCOP d1hhoa_
  480      0.4395          -0      0.6571     0.000   118    2    8           1    0    178      6    178      8    T1021s3TS498-D1.pdb:A  SCOP d1coha_
  481      0.4395          -0      0.6571     0.000   118    2    8           1    0    178      6    178      8    T1021s3TS498-D1.pdb:A  SCOP d1buwa_
  482      0.4395          -0      0.6571     0.000   118    2    8           1    0    178      6    178      8    T1021s3TS498-D1.pdb:A  SCOP d1hbba_
  483      0.4395          -0      0.6571     0.000   118    2    8           1    0    178      6    178      8    T1021s3TS498-D1.pdb:A  SCOP d1xzva_
  484      0.4395          -0      0.6571     0.000   118    2    8           1    0    178      6    178      8    T1021s3TS498-D1.pdb:A  SCOP d1gzxa_
  485      0.4395          -0      0.6571     0.000   118    2    8           1    0    178      6    178      8    T1021s3TS498-D1.pdb:A  SCOP d1xxta_
  486      0.4395          -0      0.6571     0.000   118    2    8           1    0    178      6    178      8    T1021s3TS498-D1.pdb:A  SCOP d1a0za_
  487      0.4395          -0      0.6571     0.000   118    2    8           1    0    178      6    178      8    T1021s3TS498-D1.pdb:A  SCOP d1o1ka_
  488      0.4395          -0      0.6571     0.000   118    2    8           1    0    178      6    178      8    T1021s3TS498-D1.pdb:A  SCOP d1y7da_
  489      0.4395          -0      0.6571     0.000   118    2    8           1    0    178      6    178      8    T1021s3TS498-D1.pdb:A  SCOP d1y31a_
  490      0.4395          -0      0.6571     0.000   118    2    8           1    0    178      6    178      8    T1021s3TS498-D1.pdb:A  SCOP d1j7sa_
  491      0.4395          -0      0.6571     0.000   118    2    8           1    0    178      6    178      8    T1021s3TS498-D1.pdb:A  SCOP d1dkea_
  492      0.4395          -0      0.6571     0.000   118    2    8           1    0    178      6    178      8    T1021s3TS498-D1.pdb:A  SCOP d1xy0a_
  493      0.4395          -0      0.6571     0.000   118    2    8           1    0    178      6    178      8    T1021s3TS498-D1.pdb:A  SCOP d1xyea_
  494      0.4395          -0      0.6571     0.000   118    2    8           1    0    178      6    178      8    T1021s3TS498-D1.pdb:A  SCOP d1y0aa_
