<html xmlns="http://www.w3.org/1999/xhtml"><head></head><body><pre style="word-wrap: break-word; white-space: pre-wrap;"> PDBe Fold v2.59. (src3) 14 Apr 2014 result file.

                   RESULT SUMMARY

   ##      Q-score      P-score     Z-score   RMSD    Nalgn Nsse Ngaps Seq-%     Nmd Nres-Q Nsse-Q Nres-T Nsse-T Query Target
    1           1       12.04       10.23     0.000    53    3    0           1    0     53      3     53      3    SCOP d1ogbb1  SCOP d1h0gb1
    2           1       12.04       10.23     0.000    53    3    0           1    0     53      3     53      3    SCOP d1ogbb1  SCOP d1e6nb1
    3           1       12.04       10.23     0.000    53    3    0           1    0     53      3     53      3    SCOP d1ogbb1  SCOP d1oggb1
    4           1       7.578       8.037     0.000    53    3    0           1    0     53      3     53      3    SCOP d1ogbb1  SCOP d1e6rb1
    5           1       12.04       10.23     0.000    53    3    0           1    0     53      3     53      3    SCOP d1ogbb1  SCOP d1h0ib1
    6           1       12.04       10.23     0.000    53    3    0           1    0     53      3     53      3    SCOP d1ogbb1  SCOP d1ur8b1
    7           1       12.04       10.23     0.000    53    3    0           1    0     53      3     53      3    SCOP d1ogbb1  SCOP d1e6zb1
    8           1       12.04       10.23     0.000    53    3    0           1    0     53      3     53      3    SCOP d1ogbb1  SCOP d1ur9b1
    9           1       12.04       10.23     0.000    53    3    0           1    0     53      3     53      3    SCOP d1ogbb1  SCOP d1gpfb1
   10           1       12.04       10.23     0.000    53    3    0           1    0     53      3     53      3    SCOP d1ogbb1  SCOP d1e15b1
   11           1       12.04       10.23     0.000    53    3    0           1    0     53      3     53      3    SCOP d1ogbb1  SCOP d1goib1
   12           1       12.04       10.23     0.000    53    3    0           1    0     53      3     53      3    SCOP d1ogbb1  SCOP d1e6pb1
   13           1       12.04       10.23     0.000    53    3    0           1    0     53      3     53      3    SCOP d1ogbb1  SCOP d1o6ib1
   14           1       12.04       10.23     0.000    53    3    0           1    0     53      3     53      3    SCOP d1ogbb1  SCOP d1ogbb1
   15      0.9223       9.325        8.96     0.758    52    3    0           1    0     53      3     52      3    SCOP d1ogbb1  SCOP d1ogba1
   16      0.9223       9.325        8.96     0.758    52    3    0           1    0     53      3     52      3    SCOP d1ogbb1  SCOP d1ogga1
   17      0.9223       9.325        8.96     0.758    52    3    0           1    0     53      3     52      3    SCOP d1ogbb1  SCOP d1e6ra1
   18      0.9223       9.325        8.96     0.758    52    3    0           1    0     53      3     52      3    SCOP d1ogbb1  SCOP d1h0ia1
   19      0.9223       9.325        8.96     0.758    52    3    0           1    0     53      3     52      3    SCOP d1ogbb1  SCOP d1e6pa1
   20      0.9223       9.325        8.96     0.758    52    3    0           1    0     53      3     52      3    SCOP d1ogbb1  SCOP d1ur8a1
   21      0.9223       9.325        8.96     0.758    52    3    0           1    0     53      3     52      3    SCOP d1ogbb1  SCOP d1h0ga1
   22      0.9223       9.325        8.96     0.758    52    3    0           1    0     53      3     52      3    SCOP d1ogbb1  SCOP d1e6za1
   23      0.9223       9.325        8.96     0.758    52    3    0           1    0     53      3     52      3    SCOP d1ogbb1  SCOP d1o6ia1
   24      0.9223       9.325        8.96     0.758    52    3    0           1    0     53      3     52      3    SCOP d1ogbb1  SCOP d1ur9a1
   25      0.9223       9.325        8.96     0.758    52    3    0           1    0     53      3     52      3    SCOP d1ogbb1  SCOP d1gpfa1
   26      0.9223       9.325        8.96     0.758    52    3    0           1    0     53      3     52      3    SCOP d1ogbb1  SCOP d1e6na1
   27      0.9223       9.325        8.96     0.758    52    3    0           1    0     53      3     52      3    SCOP d1ogbb1  SCOP d1e15a1
   28      0.9223       9.325        8.96     0.758    52    3    0           1    0     53      3     52      3    SCOP d1ogbb1  SCOP d1goia1
   29      0.1312    0.000207       0.515     4.035    25    3    3        0.04    0     53      3     32      3    SCOP d1ogbb1  SCOP d1yrrb1
   30     0.06046   7.292e-12     0.07494     6.077    39    3    6     0.07692    0     53      3     93      4    SCOP d1ogbb1  SCOP d1wz0a1
   31     0.05963     0.01244      0.9599     5.265    19    3    2     0.05263    0     53      3     28      3    SCOP d1ogbb1  SCOP d2dyfa1
   32      0.0546   1.046e-14     0.03873     6.427    29    3    4     0.03448    0     53      3     52      4    SCOP d1ogbb1  SCOP d2dnva1
   33     0.04476   2.112e-11     0.08404     5.574    26    3    4     0.03846    0     53      3     64      3    SCOP d1ogbb1  SCOP d1e2wa2
   34     0.04368    0.002086      0.7098     4.432    19    3    3     0.05263    0     53      3     49      4    SCOP d1ogbb1  SCOP d1z1ga1
   35     0.04316    4.11e-07      0.2386     6.229    27    3    4     0.03704    0     53      3     60      3    SCOP d1ogbb1  SCOP d1c1za4
   36     0.04017    0.003036      0.7547     3.991    17    3    3     0.05882    0     53      3     49      4    SCOP d1ogbb1  SCOP d1z1gb1
   37     0.03796   3.287e-11      0.3245     6.717    22    3    3      0.1364    0     53      3     40      4    SCOP d1ogbb1  SCOP d1ft4b3
   38     0.03695   9.732e-06      0.3445     5.689    21    3    1           0    0     53      3     49      4    SCOP d1ogbb1  SCOP d1z1ba1
   39     0.03341   4.822e-17      0.1479     6.459    23    3    3     0.08696    0     53      3     53      4    SCOP d1ogbb1  SCOP d1skub2
   40      0.0333          -0      0.1269     4.946    19    3    3     0.05263    0     53      3     55      4    SCOP d1ogbb1  SCOP d1x27a1
   41      0.0333          -0     0.08721     5.794    24    3    5     0.08333    0     53      3     69      4    SCOP d1ogbb1  SCOP d1ov3a2
   42     0.03314   1.904e-05      0.3791     6.093    21    3    2     0.04762    0     53      3     49      4    SCOP d1ogbb1  SCOP d1z1bb1
   43     0.03239          -0     0.09378     5.041    19    3    3      0.1053    0     53      3     55      4    SCOP d1ogbb1  SCOP d1x27b1
   44     0.03057   2.687e-07      0.2273     6.791    25    3    3        0.08    0     53      3     63      4    SCOP d1ogbb1  SCOP d1ov3b1
   45     0.02968   6.819e-11     0.09378     6.374    23    3    3     0.04348    0     53      3     61      4    SCOP d1ogbb1  SCOP d2hcib1
   46     0.02848   2.946e-10      0.3721     5.112    18    3    3      0.1111    0     53      3     55      4    SCOP d1ogbb1  SCOP d1rjra1
   47     0.02848   2.946e-10      0.3721     5.112    18    3    3      0.1111    0     53      3     55      4    SCOP d1ogbb1  SCOP d1rk5a1
   48     0.02848   2.946e-10      0.3721     5.112    18    3    3      0.1111    0     53      3     55      4    SCOP d1ogbb1  SCOP d1v51a1
   49     0.02848   2.946e-10      0.3721     5.112    18    3    3      0.1111    0     53      3     55      4    SCOP d1ogbb1  SCOP d1v4ya1
   50     0.02848   2.946e-10      0.3721     5.112    18    3    3      0.1111    0     53      3     55      4    SCOP d1ogbb1  SCOP d1m7ja1
   51     0.02848   2.946e-10      0.3721     5.112    18    3    3      0.1111    0     53      3     55      4    SCOP d1ogbb1  SCOP d1rjpa1
   52     0.02848   2.946e-10      0.3721     5.112    18    3    3      0.1111    0     53      3     55      4    SCOP d1ogbb1  SCOP d1rk6a1
   53     0.02848   2.946e-10      0.3721     5.112    18    3    3      0.1111    0     53      3     55      4    SCOP d1ogbb1  SCOP d1rjqa1
   54     0.02831   1.866e-07      0.1661     7.356    22    3    3     0.04545    0     53      3     46      3    SCOP d1ogbb1  SCOP d1mmaa1
   55     0.02797          -0     0.08093     6.740    23    3    4     0.04348    0     53      3     59      4    SCOP d1ogbb1  SCOP d1g40b4
   56     0.02796    0.004713      0.8095     4.582    20    3    3         0.1    0     53      3     81      3    SCOP d1ogbb1  SCOP d1cdja2
   57     0.02764   1.071e-11       0.305     5.315    24    3    4     0.08333    0     53      3     95      4    SCOP d1ogbb1  SCOP d1p9ma2
   58     0.02742    7.99e-09      0.1568     6.618    18    3    2      0.1111    0     53      3     38      4    SCOP d1ogbb1  SCOP d1eg4a3
   59     0.02742    7.99e-09      0.1568     6.618    18    3    2      0.1111    0     53      3     38      4    SCOP d1ogbb1  SCOP d1eg3a3
   60     0.02632    1.35e-15      0.1804     6.131    19    3    2      0.1053    0     53      3     50      4    SCOP d1ogbb1  SCOP d1lwha1
   61     0.02628   2.496e-11     0.08404     6.204    21    3    4     0.04762    0     53      3     60      3    SCOP d1ogbb1  SCOP d1quba4
   62     0.02626          -0     0.03152     6.619    21    3    3     0.04762    0     53      3     54      4    SCOP d1ogbb1  SCOP d1lcka1
   63     0.02603   1.307e-07      0.2111     6.078    18    3    2           0    0     53      3     46      4    SCOP d1ogbb1  SCOP d1o6wa2
   64     0.02525   2.893e-15     0.03501     6.560    21    3    3     0.04762    0     53      3     57      3    SCOP d1ogbb1  SCOP d1hfha2
   65     0.02389   3.163e-14      0.2164     6.463    20    3    3           0    0     53      3     56      4    SCOP d1ogbb1  SCOP d1zuua1
   66      0.0237          -0     0.08093     7.476    25    3    3        0.16    0     53      3     69      4    SCOP d1ogbb1  SCOP d1ov3b2
   67     0.02271   6.924e-08      0.1954     6.084    20    3    3        0.05    0     53      3     65      4    SCOP d1ogbb1  SCOP d1ov3a1
   68     0.02166    6.75e-15     0.02246     7.506    20    3    4        0.15    0     53      3     48      3    SCOP d1ogbb1  SCOP d1kqma1
   69     0.02122   2.622e-08      0.4912     4.460    19    3    3     0.05263    0     53      3    100      4    SCOP d1ogbb1  SCOP d1m71b2
   70     0.02097      0.1134       1.514     3.548    16    3    3       0.125    0     53      3     96      4    SCOP d1ogbb1  SCOP d2ckba2
   71     0.01976   4.209e-08      0.1853     6.670    19    3    3     0.05263    0     53      3     58      4    SCOP d1ogbb1  SCOP d1ng2a1
   72     0.01881          -0      0.0638     7.226    20    3    2         0.1    0     53      3     59      4    SCOP d1ogbb1  SCOP d1g40a4
   73     0.01863   2.397e-08       0.123     5.865    20    3    2        0.05    0     53      3     84      4    SCOP d1ogbb1  SCOP d2fgga1
   74     0.01824   2.179e-14      0.0427     6.236    18    3    3     0.05556    0     53      3     63      3    SCOP d1ogbb1  SCOP d1hcza2
   75     0.01824   2.179e-14      0.0427     6.236    18    3    3     0.05556    0     53      3     63      3    SCOP d1ogbb1  SCOP d1ctma2
   76     0.01814   1.307e-07      0.2111     5.333    16    3    2      0.0625    0     53      3     64      3    SCOP d1ogbb1  SCOP d1q90a2
   77     0.01799   1.709e-06      0.2799     5.908    20    3    3        0.05    0     53      3     86      4    SCOP d1ogbb1  SCOP d1t38a2
   78     0.01793   3.687e-07      0.2386     5.374    16    3    2       0.125    0     53      3     64      3    SCOP d1ogbb1  SCOP d1ewha2
   79     0.01789   5.038e-08      0.1903     6.201    15    3    2           0    0     53      3     45      3    SCOP d1ogbb1  SCOP d2dara2
   80     0.01754   5.263e-07      0.2443     6.263    17    3    3           0    0     53      3     58      4    SCOP d1ogbb1  SCOP d1ueca1
   81     0.01707          -0     0.01867     8.129    20    3    4        0.05    0     53      3     53      4    SCOP d1ogbb1  SCOP d2h3eb2
   82     0.01707          -0     0.01867     8.129    20    3    4        0.05    0     53      3     53      4    SCOP d1ogbb1  SCOP d1tthb2
   83     0.01645   7.115e-07      0.2559     6.133    17    3    3     0.05882    0     53      3     64      3    SCOP d1ogbb1  SCOP d1e2wb2
   84     0.01644   3.231e-06       0.305     5.339    14    3    2     0.07143    0     53      3     54      4    SCOP d1ogbb1  SCOP d1nuib2
   85     0.01632    0.003333      0.7638     5.861    15    3    2           0    0     53      3     54      3    SCOP d1ogbb1  SCOP d1pjub2
   86     0.01579   9.643e-17     0.02526     6.483    22    3    4           0    0     53      3    102      4    SCOP d1ogbb1  SCOP d1fn4b2
   87     0.01579   5.586e-07        0.25     6.742    18    3    2     0.05556    0     53      3     64      3    SCOP d1ogbb1  SCOP d1e2zb2
   88      0.0156   4.246e-11     0.09046     6.831    15    3    3      0.1333    0     53      3     44      4    SCOP d1ogbb1  SCOP d1jx2a1
   89     0.01545    0.002514      0.7367     5.930    15    3    2           0    0     53      3     56      3    SCOP d1ogbb1  SCOP d1pjua2
   90     0.01508   4.822e-17     0.02246     6.683    18    3    2     0.05556    0     53      3     68      4    SCOP d1ogbb1  SCOP d2fhta1
   91     0.01507   4.822e-17     0.02246     6.744    18    3    2     0.05556    0     53      3     67      4    SCOP d1ogbb1  SCOP d2fj2b1
   92     0.01483          -0      0.0175     6.299    17    3    2     0.05882    0     53      3     68      4    SCOP d1ogbb1  SCOP d2bdna1
   93     0.01472          -0     0.05617     6.172    14    3    3           0    0     53      3     48      4    SCOP d1ogbb1  SCOP d1kk7a1
   94     0.01467   1.044e-13     0.04914     6.578    17    3    2      0.1176    0     53      3     64      3    SCOP d1ogbb1  SCOP d1e2va2
   95     0.01467   1.044e-13     0.04914     6.578    17    3    2      0.1176    0     53      3     64      3    SCOP d1ogbb1  SCOP d1cfma2
   96     0.01467   1.044e-13     0.04914     6.578    17    3    2      0.1176    0     53      3     64      3    SCOP d1ogbb1  SCOP d1e2za2
   97     0.01359     1.1e-08      0.1614     6.029    14    3    3     0.07143    0     53      3     54      4    SCOP d1ogbb1  SCOP d1nuia2
   98     0.01341          -0     0.01988     7.611    24    3    4           0    0     53      3    109      4    SCOP d1ogbb1  SCOP d2coza1
   99     0.01318          -0     0.02987     7.049    27    3    4           0    0     53      3    160      4    SCOP d1ogbb1  SCOP d2cp6a1
  100     0.01307   5.712e-08      0.1903     7.956    16    3    2           0    0     53      3     46      3    SCOP d1ogbb1  SCOP d1br4a1
  101     0.01307    5.67e-14      0.1479     7.956    16    3    2           0    0     53      3     46      4    SCOP d1ogbb1  SCOP d1br1a1
  102     0.01215   1.464e-13     0.05141     8.963    21    3    5     0.09524    0     53      3     69      4    SCOP d1ogbb1  SCOP d1i8tb2
  103     0.01195          -0     0.01533     7.661    18    3    3     0.05556    0     53      3     68      4    SCOP d1ogbb1  SCOP d2fj2a1
  104     0.01178          -0     0.05141     6.656    14    3    2     0.07143    0     53      3     53      4    SCOP d1ogbb1  SCOP d1wlpb1
  105     0.01154   2.062e-09      0.1351     6.738    14    3    3     0.07143    0     53      3     53      4    SCOP d1ogbb1  SCOP d5at1b2
  106     0.01033    1.88e-15     0.03324     8.257    18    3    2           0    0     53      3     69      4    SCOP d1ogbb1  SCOP d1i8ta2
  107    0.009501          -0    0.002851    10.411    17    3    3     0.05882    0     53      3     44      3    SCOP d1ogbb1  SCOP d1o9aa1
  108    0.007441    4.06e-14      0.1436     5.927    31    3    4           0    0     53      3    497      4    SCOP d1ogbb1  SCOP d1g5va_
  109    0.006558   1.097e-05      0.3513     5.384    27    3    5     0.07407    0     53      3    497      3    SCOP d1ogbb1  SCOP d1k81a_
  110    0.006527          -0    0.001951     7.425    35    3    7     0.02857    0     53      3    497      4    SCOP d1ogbb1  SCOP d1napa_
  111    0.006246   5.379e-05        0.43     5.557    27    3    4     0.07407    0     53      3    497      3    SCOP d1ogbb1  SCOP d1auua_
  112     0.00612          -0    0.002226     9.308    18    3    3           0    0     53      3     94      4    SCOP d1ogbb1  SCOP d1cz4a2
  113      0.0061          -0     0.09046     5.642    27    3    4     0.07407    0     53      3    497      4    SCOP d1ogbb1  SCOP d1abqa_
  114    0.005907   2.955e-07      0.5804     5.211    25    3    5           0    0     53      3    497      4    SCOP d1ogbb1  SCOP d1wfwa_
  115    0.005784   0.0005208      0.5804     5.829    27    3    3      0.1111    0     53      3    498      3    SCOP d1ogbb1  SCOP d1auub_
  116    0.005697   6.295e-10      0.1191     5.893    27    3    3     0.03704    0     53      3    497      3    SCOP d1ogbb1  SCOP d1k9qa_
  117    0.005568   2.601e-13     0.05375     5.978    27    3    5      0.1481    0     53      3    497      4    SCOP d1ogbb1  SCOP d1j8ia_
  118     0.00556   1.696e-09       0.131     6.533    29    3    3      0.1034    0     53      3    497      3    SCOP d1ogbb1  SCOP d1mkna_
  119     0.00552   5.661e-11     0.09378     6.287    28    3    3     0.03571    0     53      3    497      4    SCOP d1ogbb1  SCOP d2hcca_
  120    0.005461   3.032e-10     0.07205    10.313    16    3    2       0.125    0     53      3     69      4    SCOP d1ogbb1  SCOP d1wama2
  121    0.005355   0.0005622      0.5888     5.557    25    3    3        0.12    0     53      3    497      4    SCOP d1ogbb1  SCOP d2soba_
  122    0.005321   3.766e-08      0.1853     6.149    27    3    4     0.03704    0     53      3    497      3    SCOP d1ogbb1  SCOP d1kbfa_
  123    0.005321   3.766e-08      0.1853     6.149    27    3    4     0.03704    0     53      3    497      3    SCOP d1ogbb1  SCOP d1kbea_
  124    0.005243          -0     0.07205     5.921    26    3    4     0.07692    0     53      3    497      4    SCOP d1ogbb1  SCOP d1rgja_
  125    0.005169   0.0005183      0.5804     5.392    24    3    3     0.08333    0     53      3    497      4    SCOP d1ogbb1  SCOP d1kjka_
  126    0.005135   7.496e-05      0.3721     5.118    23    3    4     0.04348    0     53      3    497      4    SCOP d1ogbb1  SCOP d1wgga_
  127    0.005074   5.476e-12     0.07205     6.043    26    3    5     0.03846    0     53      3    497      4    SCOP d1ogbb1  SCOP d1ssoa_
  128    0.005026   9.108e-05      0.4602     4.580    21    3    4           0    0     53      3    497      4    SCOP d1ogbb1  SCOP d1dqca_
  129    0.004985    0.000456      0.5721     4.607    21    3    4      0.1429    0     53      3    497      4    SCOP d1ogbb1  SCOP d1dfea_
  130    0.004962   9.049e-06      0.3445     6.127    26    3    4           0    0     53      3    497      4    SCOP d1ogbb1  SCOP d1hpwa_
  131    0.004679     0.01564      0.9123     5.436    23    3    3     0.08696    0     53      3    498      4    SCOP d1ogbb1  SCOP d1vpzb_
  132    0.004505          -0      0.1042     6.197    25    3    5        0.04    0     53      3    497      4    SCOP d1ogbb1  SCOP d1qypa_
  133    0.004414   2.402e-07      0.2273     5.966    24    3    3           0    0     53      3    497      4    SCOP d1ogbb1  SCOP d1ha6a_
  134    0.004411   9.299e-10       0.123     5.331    22    3    4           0    0     53      3    498      4    SCOP d1ogbb1  SCOP d1f9sb_
  135    0.004407   1.021e-13      0.2329     5.651    23    3    4     0.04348    0     53      3    498      4    SCOP d1ogbb1  SCOP d1jy4b_
  136    0.004389     0.01915      0.9503     5.355    22    3    2     0.09091    0     53      3    497      4    SCOP d1ogbb1  SCOP d1vpza_
  137    0.004359   2.053e-11     0.08404     6.012    24    3    2     0.04167    0     53      3    497      4    SCOP d1ogbb1  SCOP d1ri9a_
  138    0.004292   4.578e-12     0.07205     7.002    27    3    4           0    0     53      3    497      4    SCOP d1ogbb1  SCOP d1gcca_
  139     0.00424   2.696e-13     0.05375     6.117    24    3    5     0.04167    0     53      3    497      4    SCOP d1ogbb1  SCOP d1ygwa_
  140    0.004173   2.757e-12     0.06923     7.120    27    3    5     0.03704    0     53      3    497      4    SCOP d1ogbb1  SCOP d2gcca_
  141    0.004173   2.757e-12     0.06923     7.120    27    3    5     0.03704    0     53      3    497      4    SCOP d1ogbb1  SCOP d3gcca_
  142    0.004163          -0     0.01639     6.503    25    3    4        0.08    0     53      3    497      4    SCOP d1ogbb1  SCOP d1cm9a_
  143    0.004131    0.002013      0.7098     4.219    18    3    3     0.05556    0     53      3    497      4    SCOP d1ogbb1  SCOP d1wiea_
  144    0.004041          -0     0.03501     5.977    23    3    3     0.04348    0     53      3    497      4    SCOP d1ogbb1  SCOP d1cska_
  145    0.004034    1.24e-10      0.3513     5.318    21    3    3     0.09524    0     53      3    498      4    SCOP d1ogbb1  SCOP d1cskb_
  146    0.004008    5.69e-15     0.03684     6.001    23    3    4     0.08696    0     53      3    498      4    SCOP d1ogbb1  SCOP d1n9jb_
  147    0.003935   2.974e-09      0.1393     5.072    20    3    3        0.05    0     53      3    497      3    SCOP d1ogbb1  SCOP d1e0ma_
  148    0.003844          -0     0.07494     5.496    21    3    2           0    0     53      3    497      4    SCOP d1ogbb1  SCOP d1q38a_
  149    0.003599          -0    0.009893     6.759    24    3    4     0.04167    0     53      3    497      4    SCOP d1ogbb1  SCOP d1nr2a_
  150    0.003599          -0    0.009893     6.759    24    3    4     0.04167    0     53      3    497      4    SCOP d1ogbb1  SCOP d1nr4a_
  151    0.003599          -0    0.007742     6.759    24    3    4     0.04167    0     53      3    497      4    SCOP d1ogbb1  SCOP d2eota_
  152    0.003542          -0    0.002226     7.497    26    3    6      0.1154    0     53      3    497      4    SCOP d1ogbb1  SCOP d1o80a_
  153    0.003519   0.0002971      0.5392     3.982    16    3    1           0    0     53      3    497      3    SCOP d1ogbb1  SCOP d1e0na_
  154    0.003464   9.643e-16     0.03152     5.866    21    3    5     0.04762    0     53      3    498      4    SCOP d1ogbb1  SCOP d1m8ab_
  155    0.003441   2.893e-16     0.02828     5.898    21    3    5           0    0     53      3    497      4    SCOP d1ogbb1  SCOP d1eiha_
  156     0.00344          -0     0.00593    10.448    15    3    4           0    0     53      3     94      4    SCOP d1ogbb1  SCOP d1cz5a2
  157    0.003436   1.462e-12      0.0638     5.903    21    3    4     0.04762    0     53      3    497      3    SCOP d1ogbb1  SCOP d1tfia_
  158    0.003403   9.161e-16     0.03152     6.988    24    3    5     0.04167    0     53      3    497      4    SCOP d1ogbb1  SCOP d1ncva_
  159    0.003319   1.869e-13     0.05141     6.381    22    3    3     0.04545    0     53      3    498      4    SCOP d1ogbb1  SCOP d1f9qb_
  160    0.003319   1.869e-13     0.05141     6.381    22    3    3     0.04545    0     53      3    498      4    SCOP d1ogbb1  SCOP d1f9rb_
  161    0.003316   6.924e-08      0.1954     6.393    22    3    3           0    0     53      3    497      3    SCOP d1ogbb1  SCOP d1ce3a_
  162    0.003308          -0   0.0006275     8.134    27    3    7     0.07407    0     53      3    498      4    SCOP d1ogbb1  SCOP d1napb_
  163    0.003306          -0    0.009138     7.456    25    3    4           0    0     53      3    497      4    SCOP d1ogbb1  SCOP d1wiia_
  164    0.003049          -0     0.01988     6.358    21    3    5     0.04762    0     53      3    497      4    SCOP d1ogbb1  SCOP d1j9oa_
  165    0.003005   9.643e-17     0.09717     6.040    20    3    3         0.1    0     53      3    497      4    SCOP d1ogbb1  SCOP d1mhna_
  166    0.002952          -0     0.03501     7.227    23    3    1     0.04348    0     53      3    497      4    SCOP d1ogbb1  SCOP d1oeba_
  167     0.00287          -0    0.003988     7.348    23    3    3           0    0     53      3    497      4    SCOP d1ogbb1  SCOP d1f9sa_
  168     0.00287   4.822e-17     0.02384     6.588    21    3    3     0.04762    0     53      3    498      4    SCOP d1ogbb1  SCOP d1a15b_
  169    0.002733          -0     0.01867     7.177    22    3    3     0.09091    0     53      3    497      4    SCOP d1ogbb1  SCOP d1rhpa_
  170    0.002715          -0     0.00358    13.855    14    3    2           0    0     53      3     61      3    SCOP d1ogbb1  SCOP d1rjra2
  171    0.002715          -0     0.00358    13.855    14    3    2           0    0     53      3     61      3    SCOP d1ogbb1  SCOP d1m7ja2
  172    0.002715          -0     0.00358    13.855    14    3    2           0    0     53      3     61      3    SCOP d1ogbb1  SCOP d1rk5a2
  173    0.002715          -0     0.00358    13.855    14    3    2           0    0     53      3     61      3    SCOP d1ogbb1  SCOP d1rk6a2
  174    0.002715          -0     0.00358    13.855    14    3    2           0    0     53      3     61      3    SCOP d1ogbb1  SCOP d1v51a2
  175    0.002715          -0     0.00358    13.855    14    3    2           0    0     53      3     61      3    SCOP d1ogbb1  SCOP d1rjpa2
  176    0.002715          -0     0.00358    13.855    14    3    2           0    0     53      3     61      3    SCOP d1ogbb1  SCOP d1rjqa2
  177    0.002715          -0     0.00358    13.855    14    3    2           0    0     53      3     61      3    SCOP d1ogbb1  SCOP d1v4ya2
  178    0.002713          -0     0.01069     7.200    22    3    3     0.09091    0     53      3    498      4    SCOP d1ogbb1  SCOP d1rhpb_
  179    0.002712   1.209e-12      0.0638     6.435    20    3    1         0.1    0     53      3    497      3    SCOP d1ogbb1  SCOP d1i6ca_
  180    0.002705   1.462e-12      0.0638     6.436    20    3    1         0.1    0     53      3    498      3    SCOP d1ogbb1  SCOP d1i8gb_
  181    0.002699          -0     0.01069     7.229    22    3    3     0.09091    0     53      3    497      4    SCOP d1ogbb1  SCOP d1o7ya_
  182     0.00269   2.062e-09      0.1351     6.071    19    3    2           0    0     53      3    497      3    SCOP d1ogbb1  SCOP d1laba_
  183    0.002671    1.88e-15     0.03324     6.098    19    3    5     0.05263    0     53      3    497      4    SCOP d1ogbb1  SCOP d1eiga_
  184    0.002658          -0     0.03324     7.296    22    3    3     0.09091    0     53      3    497      4    SCOP d1ogbb1  SCOP d1uj0a_
  185    0.002577   4.587e-06      0.3179     5.827    18    3    2      0.1111    0     53      3    497      3    SCOP d1ogbb1  SCOP d1io6a_
  186    0.002527   2.211e-10      0.1078     6.714    20    3    1           0    0     53      3    497      3    SCOP d1ogbb1  SCOP d1h3ha_
  187    0.002509          -0     0.01431     6.743    20    3    5           0    0     53      3    497      4    SCOP d1ogbb1  SCOP d1eota_
  188    0.002421          -0    0.006498     7.701    22    3    3      0.1364    0     53      3    497      4    SCOP d1ogbb1  SCOP d1f9ra_
  189    0.002421          -0    0.006498     7.701    22    3    3      0.1364    0     53      3    497      4    SCOP d1ogbb1  SCOP d1f9qa_
  190    0.002372   1.333e-09      0.1269     6.973    20    3    3           0    0     53      3    497      4    SCOP d1ogbb1  SCOP d1u4pa_
  191    0.002363          -0     0.01241     6.565    19    3    3     0.05263    0     53      3    498      4    SCOP d1ogbb1  SCOP d1nr4b_
  192    0.002287   1.028e-10     0.09717     6.277    18    3    3     0.05556    0     53      3    497      4    SCOP d1ogbb1  SCOP d1tn9a_
  193    0.002287   1.028e-10     0.09717     6.277    18    3    3     0.05556    0     53      3    497      4    SCOP d1ogbb1  SCOP d1b69a_
  194    0.002271          -0     0.09378     7.154    20    3    2        0.05    0     53      3    497      4    SCOP d1ogbb1  SCOP d1gbra_
  195    0.002235   1.097e-05      0.3513     7.221    20    3    3        0.05    0     53      3    497      4    SCOP d1ogbb1  SCOP d1co4a_
  196    0.002224   6.268e-16     0.02987     6.817    19    3    3      0.1579    0     53      3    497      4    SCOP d1ogbb1  SCOP d1bo0a_
  197    0.002224   6.268e-16     0.02987     6.817    19    3    3      0.1579    0     53      3    497      4    SCOP d1ogbb1  SCOP d1esra_
  198    0.002173     0.00775       0.884     5.591    16    3    1           0    0     53      3    497      4    SCOP d1ogbb1  SCOP d1e8qa_
  199    0.002095   8.448e-14     0.04914     6.613    18    3    3      0.1667    0     53      3    498      4    SCOP d1ogbb1  SCOP d1ncvb_
  200     0.00209          -0     0.01988     7.500    20    3    3        0.05    0     53      3    498      4    SCOP d1ogbb1  SCOP d1msgb_
  201    0.002066   9.643e-17      0.1568     4.353    13    3    2     0.07692    0     53      3    497      4    SCOP d1ogbb1  SCOP d1jy4a_
  202    0.002063   8.577e-13     0.06118     6.683    18    3    2     0.05556    0     53      3    497      4    SCOP d1ogbb1  SCOP d1hfna_
  203     0.00206          -0     0.05375     6.688    18    3    3      0.1111    0     53      3    497      4    SCOP d1ogbb1  SCOP d2bdsa_
  204     0.00199   1.287e-07      0.2111     6.829    18    3    2     0.05556    0     53      3    497      4    SCOP d1ogbb1  SCOP d1rtoa_
  205     0.00192          -0     0.00593     8.771    22    3    5           0    0     53      3    498      4    SCOP d1ogbb1  SCOP d1plfb_
  206    0.001889          -0     0.08721     8.862    22    3    3           0    0     53      3    497      4    SCOP d1ogbb1  SCOP d1qlya_
  207     0.00188          -0    0.003988     8.426    21    3    4           0    0     53      3    498      4    SCOP d1ogbb1  SCOP d1tvxb_
  208    0.001873   8.873e-13     0.06118     6.611    17    3    3           0    0     53      3    497      3    SCOP d1ogbb1  SCOP d1gjxa_
  209    0.001796   6.535e-09      0.1524     6.772    17    3    2     0.05882    0     53      3    498      4    SCOP d1ogbb1  SCOP d1rtob_
  210    0.001796   4.822e-17     0.02246     7.255    18    3    3           0    0     53      3    497      4    SCOP d1ogbb1  SCOP d1hhva_
  211    0.001791          -0     0.06118     5.825    15    3    3     0.06667    0     53      3    497      4    SCOP d1ogbb1  SCOP d1laca_
  212    0.001754          -0      0.0175     8.303    20    3    3           0    0     53      3    497      4    SCOP d1ogbb1  SCOP d1gd3a_
  213    0.001715   9.161e-16     0.03152     6.481    16    3    3      0.0625    0     53      3    497      3    SCOP d1ogbb1  SCOP d1qwfa_
  214    0.001715          -0     0.00593     8.882    21    3    5           0    0     53      3    497      4    SCOP d1ogbb1  SCOP d1plfa_
  215    0.001692          -0    0.004427     8.948    21    3    3     0.04762    0     53      3    497      4    SCOP d1ogbb1  SCOP d1atxa_
  216    0.001655    1.98e-12     0.06648     7.118    17    3    2     0.05882    0     53      3    497      4    SCOP d1ogbb1  SCOP d1ilqa_
  217    0.001655    1.98e-12     0.06648     7.118    17    3    2     0.05882    0     53      3    497      4    SCOP d1ogbb1  SCOP d1qe6a_
  218    0.001619   3.339e-10      0.1115     8.196    19    3    1     0.05263    0     53      3    497      4    SCOP d1ogbb1  SCOP d1ikma_
  219    0.001599   1.205e-14     0.04069     7.762    18    3    2     0.05556    0     53      3    497      4    SCOP d1ogbb1  SCOP d1u4ma_
  220    0.001599   1.205e-14     0.04069     7.762    18    3    2     0.05556    0     53      3    497      4    SCOP d1ogbb1  SCOP d1eqta_
  221    0.001599   1.205e-14     0.04069     7.762    18    3    2     0.05556    0     53      3    497      4    SCOP d1ogbb1  SCOP d1b3aa_
  222    0.001599   1.205e-14     0.04069     7.762    18    3    2     0.05556    0     53      3    497      4    SCOP d1ogbb1  SCOP d1u4la_
  223    0.001568   4.881e-10      0.1152     6.839    16    3    2           0    0     53      3    497      4    SCOP d1ogbb1  SCOP d1icwa_
  224    0.001568   8.357e-07      0.2618     6.839    16    3    2           0    0     53      3    497      4    SCOP d1ogbb1  SCOP d1ilpa_
  225     0.00156          -0    0.003988     7.368    17    3    4      0.1765    0     53      3    497      4    SCOP d1ogbb1  SCOP d1o7za_
  226    0.001555   3.766e-08      0.1853     6.360    15    3    2           0    0     53      3    497      4    SCOP d1ogbb1  SCOP d2il8a_
  227    0.001555   3.766e-08      0.1853     6.360    15    3    2           0    0     53      3    497      4    SCOP d1ogbb1  SCOP d1il8a_
  228    0.001553          -0    0.003988     7.379    17    3    4      0.1765    0     53      3    498      4    SCOP d1ogbb1  SCOP d1o7zb_
  229    0.001534   3.862e-10      0.1115     6.920    16    3    2           0    0     53      3    498      4    SCOP d1ogbb1  SCOP d1qe6b_
  230    0.001534   3.862e-10      0.1115     6.920    16    3    2           0    0     53      3    498      4    SCOP d1ogbb1  SCOP d1icwb_
  231     0.00153   2.256e-07      0.2218     7.452    17    3    2           0    0     53      3    497      4    SCOP d1ogbb1  SCOP d1g2sa_
  232     0.00153   2.256e-07      0.2218     7.452    17    3    2           0    0     53      3    497      4    SCOP d1ogbb1  SCOP d1g2ta_
  233     0.00153   6.509e-06      0.3311     7.452    17    3    2           0    0     53      3    497      4    SCOP d1ogbb1  SCOP d1b2ta_
  234    0.001505   2.687e-07      0.2273     7.514    17    3    2           0    0     53      3    498      4    SCOP d1ogbb1  SCOP d1u4mb_
  235    0.001505   2.687e-07      0.2273     7.514    17    3    2           0    0     53      3    498      4    SCOP d1ogbb1  SCOP d1u4lb_
  236    0.001505   2.687e-07      0.2273     7.514    17    3    2           0    0     53      3    498      4    SCOP d1ogbb1  SCOP d1u4pb_
  237    0.001505   2.687e-07      0.2273     7.514    17    3    2           0    0     53      3    498      4    SCOP d1ogbb1  SCOP d1eqtb_
  238    0.001505   2.687e-07      0.2273     7.514    17    3    2           0    0     53      3    498      4    SCOP d1ogbb1  SCOP d1b3ab_
  239    0.001492    2.63e-10      0.1078     6.521    15    3    2           0    0     53      3    497      4    SCOP d1ogbb1  SCOP d3il8a_
  240    0.001462   3.744e-09      0.1436     6.593    15    3    3           0    0     53      3    498      4    SCOP d1ogbb1  SCOP d1mshb_
  241    0.001461   4.732e-07      0.2443     6.596    15    3    2           0    0     53      3    498      4    SCOP d1ogbb1  SCOP d1ilqb_
  242    0.001461   4.732e-07      0.2443     6.596    15    3    2           0    0     53      3    498      4    SCOP d1ogbb1  SCOP d1ilpb_
  243    0.001461   4.732e-07      0.2443     6.596    15    3    2           0    0     53      3    498      4    SCOP d1ogbb1  SCOP d1il8b_
  244    0.001412   4.822e-17     0.02246     6.741    15    3    2           0    0     53      3    497      4    SCOP d1ogbb1  SCOP d1mgsa_
  245    0.001393          -0    0.004896     7.857    17    3    4      0.1176    0     53      3    498      4    SCOP d1ogbb1  SCOP d1o7yb_
  246    0.001392    8.57e-11     0.09717     7.339    16    3    2           0    0     53      3    497      4    SCOP d1ogbb1  SCOP d1msga_
  247    0.001392   1.046e-14     0.03873     7.339    16    3    2           0    0     53      3    497      3    SCOP d1ogbb1  SCOP d1qnka_
  248    0.001387   4.438e-12     0.07205     9.982    21    3    3     0.04762    0     53      3    497      4    SCOP d1ogbb1  SCOP d1hafa_
  249    0.001379   4.822e-17     0.02246     6.828    15    3    2           0    0     53      3    498      4    SCOP d1ogbb1  SCOP d1mgsb_
  250    0.001379   3.375e-16     0.02828     6.828    15    3    2           0    0     53      3    498      3    SCOP d1ogbb1  SCOP d1qnkb_
  251    0.001345          -0     0.02115     8.016    17    3    3           0    0     53      3    498      4    SCOP d1ogbb1  SCOP d1nr2b_
  252    0.001248   2.757e-12     0.06923     7.244    15    3    2           0    0     53      3    498      4    SCOP d1ogbb1  SCOP d1u4rb_
  253    0.001247          -0     0.04693     9.481    19    3    3           0    0     53      3    497      4    SCOP d1ogbb1  SCOP d1sh1a_
  254    0.001247          -0     0.04693     9.481    19    3    3           0    0     53      3    497      4    SCOP d1ogbb1  SCOP d2sh1a_
  255    0.001177   4.226e-10      0.1152     7.504    15    3    3           0    0     53      3    497      4    SCOP d1ogbb1  SCOP d1l1ca_
  256    0.001127   9.093e-10       0.123    10.024    19    3    3      0.1053    0     53      3    497      3    SCOP d1ogbb1  SCOP d1aiwa_
  257    0.001004          -0   0.0009098    12.461    10    3    2         0.2    0     53      3    103      3    SCOP d1ogbb1  SCOP d1bhgb1
  258   0.0008882   2.271e-14      0.0427    10.108    17    3    4      0.1176    0     53      3    497      4    SCOP d1ogbb1  SCOP d1haea_
  259   0.0008225   1.608e-11     0.08093     9.191    15    3    2           0    0     53      3    497      4    SCOP d1ogbb1  SCOP d1ig4a_
  260   0.0006856   1.205e-14     0.04069     9.407    14    3    2           0    0     53      3    498      4    SCOP d1ogbb1  SCOP d1cm9b_
  261   0.0006258          -0     0.00593    10.670    15    3    3           0    0     53      3    497      4    SCOP d1ogbb1  SCOP d1ne3a_
  262    0.000534          -0   0.0009098    10.789    14    3    2     0.07143    0     53      3    497      4    SCOP d1ogbb1  SCOP d1wj2a_
  263   0.0004809          -0    0.009893    11.413    14    3    2     0.07143    0     53      3    497      4    SCOP d1ogbb1  SCOP d1tvxa_
</pre></body></html>