<html xmlns="http://www.w3.org/1999/xhtml"><head></head><body><pre style="word-wrap: break-word; white-space: pre-wrap;"> PDBe Fold v2.59. (src3) 14 Apr 2014 result file.

                   RESULT SUMMARY

   ##      Q-score      P-score     Z-score   RMSD    Nalgn Nsse Ngaps Seq-%     Nmd Nres-Q Nsse-Q Nres-T Nsse-T Query Target
    1           1       12.38       10.38     0.000    74    5    0           1    0     74      5     74      5    SCOP d1hc7c3  SCOP d1h4tc3
    2           1       20.36       13.43     0.000    74    5    0           1    0     74      5     74      5    SCOP d1hc7c3  SCOP d1hc7c3
    3      0.9978          17       12.24     0.140    74    5    0           1    0     74      5     74      5    SCOP d1hc7c3  SCOP d1h4td3
    4      0.9978          17       12.24     0.140    74    5    0           1    0     74      5     74      5    SCOP d1hc7c3  SCOP d1hc7d3
    5      0.9971       16.43       12.02     0.162    74    5    0           1    0     74      5     74      5    SCOP d1hc7c3  SCOP d1hc7b3
    6      0.9971       12.26       10.33     0.162    74    5    0           1    0     74      5     74      5    SCOP d1hc7c3  SCOP d1h4sb3
    7      0.9971       12.26       10.33     0.162    74    5    0           1    0     74      5     74      5    SCOP d1hc7c3  SCOP d1h4tb3
    8      0.9971       16.43       12.02     0.162    74    5    0           1    0     74      5     74      5    SCOP d1hc7c3  SCOP d1h4qb3
    9      0.9968        12.3       10.35     0.170    74    5    0           1    0     74      5     74      5    SCOP d1hc7c3  SCOP d1h4sa3
   10      0.9968          17       12.24     0.170    74    5    0           1    0     74      5     74      5    SCOP d1hc7c3  SCOP d1h4qa3
   11      0.9968          17       12.24     0.170    74    5    0           1    0     74      5     74      5    SCOP d1hc7c3  SCOP d1h4ta3
   12      0.9968          17       12.24     0.170    74    5    0           1    0     74      5     74      5    SCOP d1hc7c3  SCOP d1hc7a3
   13     0.05244          -0     0.01011     7.215    42    5    5     0.04762    0     74      5     67      5    SCOP d1hc7c3  SCOP d1nj2a2
   14     0.03867          -0      0.3445     4.114    26    4    4           0    0     74      5     82      5    SCOP d1hc7c3  SCOP d1u5tb1
   15     0.03629          -0     0.08949     5.674    26    4    3     0.03846    0     74      5     55      5    SCOP d1hc7c3  SCOP d1zvpb2
   16     0.03577          -0    0.002859     7.535    36    5    7      0.1389    0     74      5     67      5    SCOP d1hc7c3  SCOP d1nj1a2
   17     0.03577          -0    0.002859     7.535    36    5    7      0.1389    0     74      5     67      5    SCOP d1hc7c3  SCOP d1nj5a2
   18     0.03577          -0    0.002859     7.535    36    5    7      0.1389    0     74      5     67      5    SCOP d1hc7c3  SCOP d1nj6a2
   19     0.02989          -0     0.04359     7.628    32    5    4     0.09375    0     74      5     62      6    SCOP d1hc7c3  SCOP d1nj8a2
   20     0.02837          -0    0.005388     6.724    28    5    6      0.1786    0     74      5     62      6    SCOP d1hc7c3  SCOP d1nj8c2
   21     0.02477          -0       0.215     8.869    33    4    2     0.06061    0     74      5     61      5    SCOP d1hc7c3  SCOP d1lvaa1
   22     0.02171          -0     0.06465     7.026    25    4    4        0.08    0     74      5     60      5    SCOP d1hc7c3  SCOP d2acjb1
   23     0.02083          -0      0.1327     6.860    24    4    3       0.125    0     74      5     60      5    SCOP d1hc7c3  SCOP d2acjd1
   24     0.02053          -0     0.02979     7.637    25    4    3        0.08    0     74      5     55      5    SCOP d1hc7c3  SCOP d1zvpa2
   25     0.02022          -0      0.0764     7.324    25    4    3        0.12    0     74      5     60      5    SCOP d1hc7c3  SCOP d2acjc1
   26     0.01961   9.643e-16      0.3729     5.748    20    4    3         0.1    0     74      5     59      5    SCOP d1hc7c3  SCOP d2gxba1
   27      0.0188          -0     0.04939     7.768    27    4    2      0.1481    0     74      5     68      5    SCOP d1hc7c3  SCOP d2asqa1
   28     0.01684          -0     0.02112     8.637    25    4    3        0.04    0     74      5     54      5    SCOP d1hc7c3  SCOP d2plpa1
   29     0.01549          -0    0.002512    10.017    31    4    4     0.03226    0     74      5     69      5    SCOP d1hc7c3  SCOP d1z1da1
   30     0.01546          -0     0.02242     8.968    25    4    3        0.04    0     74      5     55      5    SCOP d1hc7c3  SCOP d2nmqa1
   31     0.01534          -0      0.1283     6.623    20    4    3         0.1    0     74      5     60      5    SCOP d1hc7c3  SCOP d2acja1
   32     0.01412          -0     0.01174     6.881    22    4    3      0.1364    0     74      5     74      5    SCOP d1hc7c3  SCOP d1w7pc2
   33    0.008727          -0    0.000288     8.995    20    4    3        0.05    0     74      5     62      5    SCOP d1hc7c3  SCOP d2hoea1
   34    0.008581          -0    0.008104     5.531    36    5    6     0.05556    0     74      5    464      7    SCOP d1hc7c3  SCOP d1jo0b_
   35    0.008407          -0     0.01755     5.200    34    5    5     0.02941    0     74      5    464      7    SCOP d1hc7c3  SCOP d1ln4a_
   36    0.007931          -0     0.08404     7.022    42    4    7     0.04762    0     74      5    464      5    SCOP d1hc7c3  SCOP d1wgya_
   37    0.006668          -0     0.04492     5.814    33    4    5     0.06061    0     74      5    464      5    SCOP d1hc7c3  SCOP d1wiaa_
   38    0.006162          -0     0.01533     7.305    38    4    8      0.1053    0     74      5    457      5    SCOP d1hc7c3  SCOP d1z6rd1
   39    0.005646          -0     0.05667     6.447    33    4    6     0.06061    0     74      5    464      5    SCOP d1hc7c3  SCOP d1j75a_
   40    0.005629   1.713e-10      0.6537     6.219    32    5    4      0.1875    0     74      5    464      7    SCOP d1hc7c3  SCOP d1whra_
   41    0.004344          -0     0.00358     6.189    28    4    3     0.07143    1     74      5    464      5    SCOP d1hc7c3  SCOP d1hstb_
   42    0.003843   4.765e-09      0.2988     7.237    30    4    5      0.1333    0     74      5    464      4    SCOP d1hc7c3  SCOP d1ozza_
   43     0.00339          -0      0.2714     5.648    23    4    4     0.08696    0     74      5    464      5    SCOP d1hc7c3  SCOP d1qbjb_
   44    0.003317          -0      0.1078     6.043    24    4    2     0.08333    0     74      5    464      5    SCOP d1hc7c3  SCOP d1qbjc_
   45    0.003278   3.163e-06      0.4896     7.632    29    4    2      0.1034    0     74      5    464      4    SCOP d1hc7c3  SCOP d1c55a_
   46    0.003218   8.284e-08      0.3652     6.787    26    4    2      0.1923    0     74      5    464      4    SCOP d1hc7c3  SCOP d1i6fa_
   47    0.003184   1.542e-09      0.2714     6.516    25    4    3        0.16    0     74      5    464      4    SCOP d1hc7c3  SCOP d1i6ga_
   48    0.003144   3.488e-07       0.413     7.507    28    4    3      0.1786    0     74      5    464      4    SCOP d1hc7c3  SCOP d1i2ua_
   49     0.00296          -0     0.01533     7.842    28    4    5      0.1071    0     74      5    457      5    SCOP d1hc7c3  SCOP d1z6rb1
   50    0.002886          -0     0.05174     9.481    33    4    3      0.0303    0     74      5    464      5    SCOP d1hc7c3  SCOP d3gb1a_
   51    0.002886          -0     0.05174     9.481    33    4    3      0.0303    0     74      5    464      5    SCOP d1hc7c3  SCOP d1p7ea_
   52    0.002886          -0     0.05174     9.481    33    4    3      0.0303    0     74      5    464      5    SCOP d1hc7c3  SCOP d1p7fa_
   53    0.002886          -0     0.05925     9.481    33    4    3      0.0303    0     74      5    464      5    SCOP d1hc7c3  SCOP d2gb1a_
   54    0.002876          -0     0.04492     7.579    27    4    3     0.07407    0     74      5    464      5    SCOP d1hc7c3  SCOP d1qbja_
   55    0.002593          -0     0.07334     7.360    25    4    3        0.08    0     74      5    464      4    SCOP d1hc7c3  SCOP d2bmta_
   56    0.002593          -0     0.04939     7.360    25    4    3        0.08    0     74      5    464      4    SCOP d1hc7c3  SCOP d1lgla_
   57    0.002483          -0     0.07036     7.198    24    4    3     0.08333    0     74      5    464      4    SCOP d1hc7c3  SCOP d1biga_
   58    0.002435          -0    0.005377     8.684    28    4    5           0    0     74      5    464      5    SCOP d1hc7c3  SCOP d1q5wb_
   59    0.002391          -0     0.01533     7.782    25    4    3        0.12    0     74      5    457      5    SCOP d1hc7c3  SCOP d1z6rc1
   60    0.002359          -0    0.008421     8.202    26    4    5     0.03846    0     74      5    457      5    SCOP d1hc7c3  SCOP d1z6ra1
   61    0.002297          -0     0.01755     9.680    30    4    4           0    0     74      5    464      5    SCOP d1hc7c3  SCOP d1wm3a_
   62    0.002264          -0     0.01542     8.683    27    4    3     0.03704    0     74      5    464      4    SCOP d1hc7c3  SCOP d1n4na_
   63    0.002087          -0    0.002851     6.422    20    4    2         0.1    1     74      5    464      5    SCOP d1hc7c3  SCOP d1hsta_
   64    0.002075          -0     0.00112    10.602    31    4    3     0.06452    0     74      5    464      5    SCOP d1hc7c3  SCOP d1f2rc_
   65     0.00191          -0     0.04492     7.178    21    4    3     0.09524    0     74      5    464      4    SCOP d1hc7c3  SCOP d1j5ja_
   66    0.001852          -0      0.2092     9.311    26    4    2           0    0     74      5    464      5    SCOP d1hc7c3  SCOP d1pgaa_
   67    0.001788          -0    0.008753     9.893    27    4    3      0.1111    0     74      5    464      5    SCOP d1hc7c3  SCOP d1sfub_
   68    0.001761          -0     0.00308     8.759    24    5    4     0.04167    0     74      5    464      6    SCOP d1hc7c3  SCOP d1cf7a_
   69    0.001727          -0     0.01869     8.856    24    4    2           0    0     74      5    464      5    SCOP d1hc7c3  SCOP d1igca_
   70    0.001727          -0     0.02378     8.856    24    4    2           0    0     74      5    464      5    SCOP d1hc7c3  SCOP d2igga_
   71    0.001727          -0    0.004503     9.675    26    4    3     0.03846    0     74      5    464      5    SCOP d1hc7c3  SCOP d1sfua_
   72    0.001693          -0    0.002787    10.191    27    4    4     0.03704    0     74      5    464      5    SCOP d1hc7c3  SCOP d1dpua_
   73    0.001654          -0     0.02979     9.071    24    4    3           0    0     74      5    464      4    SCOP d1hc7c3  SCOP d1mr4a_
   74    0.001612          -0    0.008104     9.200    24    4    4     0.04167    0     74      5    464      4    SCOP d1hc7c3  SCOP d1brza_
   75    0.001607          -0    0.009443    10.903    28    4    3           0    0     74      5    464      5    SCOP d1hc7c3  SCOP d1xn7a_
   76    0.001472          -0    0.002787     9.229    23    4    4     0.04348    0     74      5    464      5    SCOP d1hc7c3  SCOP d1p6ra_
   77    0.001371          -0    0.002512     9.138    22    4    3     0.04545    0     74      5    464      4    SCOP d1hc7c3  SCOP d1gpta_
   78    0.001208          -0      0.1157     9.800    22    4    4           0    0     74      5    464      5    SCOP d1hc7c3  SCOP d1sxla_
   79   0.0009883          -0     0.01017     7.119    15    4    3           0    0     74      5    464      4    SCOP d1hc7c3  SCOP d1p00a_
   80   0.0008501          -0    0.002512    10.693    20    4    4           0    0     74      5    464      5    SCOP d1hc7c3  SCOP d1mg8a_
   81   0.0008004          -0    0.002787    11.045    20    4    4        0.05    0     74      5    464      5    SCOP d1hc7c3  SCOP d1v3fa_
   82   0.0006068          -0    0.002024    12.122    19    4    3           0    0     74      5    464      5    SCOP d1hc7c3  SCOP d1kvva_
   83   0.0004927          -0    0.009443    11.278    16    4    3           0    0     74      5    464      5    SCOP d1hc7c3  SCOP d1xt9b_
</pre></body></html>