<html xmlns="http://www.w3.org/1999/xhtml"><head></head><body><pre style="word-wrap: break-word; white-space: pre-wrap;"> PDBe Fold v2.59. (src3) 14 Apr 2014 result file.

                   RESULT SUMMARY

   ##      Q-score      P-score     Z-score   RMSD    Nalgn Nsse Ngaps Seq-%     Nmd Nres-Q Nsse-Q Nres-T Nsse-T Query Target
    1           1       68.47       24.92     0.000   392   23    0           1    0    392     23    392     24    SCOP d3ximd_  SCOP d4ximd_
    2           1       96.58       29.65     0.000   392   23    0           1    0    392     23    392     23    SCOP d3ximd_  SCOP d3ximd_
    3           1       67.69       24.78     0.000   392   23    0           1    0    392     23    392     24    SCOP d3ximd_  SCOP d1ximd_
    4           1       74.14       25.94     0.000   392   23    0           1    0    392     23    392     24    SCOP d3ximd_  SCOP d5xind_
    5           1       71.89       25.54     0.000   392   23    0           1    0    392     23    392     24    SCOP d3ximd_  SCOP d3xind_
    6           1       60.35       23.38     0.000   392   23    0           1    0    392     23    392     24    SCOP d3ximd_  SCOP d9ximd_
    7           1       74.14       25.94     0.000   392   23    0           1    0    392     23    392     23    SCOP d3ximd_  SCOP d1xind_
    8           1       61.77       23.65     0.000   392   23    0           1    0    392     23    392     24    SCOP d3ximd_  SCOP d7ximd_
    9           1       67.69       24.78     0.000   392   23    0           1    0    392     23    392     24    SCOP d3ximd_  SCOP d8ximd_
   10           1       62.39       23.77     0.000   392   23    0           1    0    392     23    392     24    SCOP d3ximd_  SCOP d6ximd_
   11           1        66.2        24.5     0.000   392   23    0           1    0    392     23    392     23    SCOP d3ximd_  SCOP d5ximd_
   12           1       74.14       25.94     0.000   392   23    0           1    0    392     23    392     23    SCOP d3ximd_  SCOP d1bhwd_
   13           1       65.06       24.28     0.000   392   23    0           1    0    392     23    392     24    SCOP d3ximd_  SCOP d2ximd_
   14           1       65.58       24.38     0.000   392   23    0           1    0    392     23    392     24    SCOP d3ximd_  SCOP d2xind_
   15      0.9894       60.08       23.32     0.223   391   23    1           1    0    392     23    392     24    SCOP d3ximd_  SCOP d1ximb_
   16      0.9894       61.48        23.6     0.223   391   23    1           1    0    392     23    392     25    SCOP d3ximd_  SCOP d5xinb_
   17      0.9894       61.48        23.6     0.223   391   23    1           1    0    392     23    392     24    SCOP d3ximd_  SCOP d1bhwb_
   18      0.9894       58.76       23.06     0.223   391   23    1           1    0    392     23    392     24    SCOP d3ximd_  SCOP d4ximb_
   19      0.9894       61.48        23.6     0.223   391   23    1           1    0    392     23    392     25    SCOP d3ximd_  SCOP d3xinb_
   20      0.9894       56.44        22.6     0.223   391   23    1           1    0    392     23    392     24    SCOP d3ximd_  SCOP d3ximb_
   21      0.9894       61.48        23.6     0.223   391   23    1           1    0    392     23    392     24    SCOP d3ximd_  SCOP d1xinb_
   22      0.9894       60.91       23.49     0.223   391   23    1           1    0    392     23    392     24    SCOP d3ximd_  SCOP d7ximb_
   23      0.9894       59.02       23.11     0.223   391   23    1           1    0    392     23    392     26    SCOP d3ximd_  SCOP d2xinb_
   24      0.9894       58.76       23.06     0.223   391   23    1           1    0    392     23    392     24    SCOP d3ximd_  SCOP d2ximb_
   25      0.9894       61.48        23.6     0.223   391   23    1           1    0    392     23    392     25    SCOP d3ximd_  SCOP d5ximb_
   26      0.9894       61.48        23.6     0.223   391   23    1           1    0    392     23    392     25    SCOP d3ximd_  SCOP d6ximb_
   27      0.9873       57.09       22.73     0.305   391   23    0           1    0    392     23    391     24    SCOP d3ximd_  SCOP d4xima_
   28      0.9873       58.76       23.06     0.305   391   23    0           1    0    392     23    391     25    SCOP d3ximd_  SCOP d3xima_
   29      0.9873       58.51       23.01     0.305   391   23    0           1    0    392     23    391     24    SCOP d3ximd_  SCOP d5xima_
   30      0.9873       58.25       22.96     0.305   391   23    0           1    0    392     23    391     24    SCOP d3ximd_  SCOP d3xina_
   31      0.9873       58.01       22.91     0.305   391   23    0           1    0    392     23    391     24    SCOP d3ximd_  SCOP d1bhwa_
   32      0.9873       59.55       23.22     0.305   391   23    0           1    0    392     23    391     24    SCOP d3ximd_  SCOP d9xima_
   33      0.9873       58.01       22.91     0.305   391   23    0           1    0    392     23    391     24    SCOP d3ximd_  SCOP d2xima_
   34      0.9873       58.51       23.01     0.305   391   23    0           1    0    392     23    391     24    SCOP d3ximd_  SCOP d1xima_
   35      0.9873       56.65       22.64     0.305   391   23    0           1    0    392     23    391     24    SCOP d3ximd_  SCOP d5xina_
   36      0.9873       58.01       22.91     0.305   391   23    0           1    0    392     23    391     24    SCOP d3ximd_  SCOP d1xina_
   37      0.9873       58.76       23.06     0.305   391   23    0           1    0    392     23    391     24    SCOP d3ximd_  SCOP d6xima_
   38      0.9873       57.09       22.73     0.305   391   23    0           1    0    392     23    391     26    SCOP d3ximd_  SCOP d8xima_
   39      0.9873       58.01       22.91     0.305   391   23    0           1    0    392     23    391     24    SCOP d3ximd_  SCOP d7xima_
   40      0.9873       60.35       23.38     0.305   391   23    0           1    0    392     23    391     25    SCOP d3ximd_  SCOP d2xina_
   41      0.9857       57.54       22.82     0.290   390   23    0           1    0    392     23    390     25    SCOP d3ximd_  SCOP d2ximc_
   42      0.9857       56.65       22.64     0.290   390   23    0           1    0    392     23    390     24    SCOP d3ximd_  SCOP d1ximc_
   43      0.9857       56.23       22.55     0.290   390   23    0           1    0    392     23    390     24    SCOP d3ximd_  SCOP d3ximc_
   44      0.9857       58.01       22.91     0.290   390   23    0           1    0    392     23    390     24    SCOP d3ximd_  SCOP d5ximc_
   45      0.9857       56.65       22.64     0.290   390   23    0           1    0    392     23    390     24    SCOP d3ximd_  SCOP d1bhwc_
   46      0.9857       55.42       22.39     0.290   390   23    0           1    0    392     23    390     25    SCOP d3ximd_  SCOP d7ximc_
   47      0.9857       56.23       22.55     0.290   390   23    0           1    0    392     23    390     25    SCOP d3ximd_  SCOP d4ximc_
   48      0.9857       56.65       22.64     0.290   390   23    0           1    0    392     23    390     24    SCOP d3ximd_  SCOP d1xinc_
   49      0.9857       56.65       22.64     0.290   390   23    0           1    0    392     23    390     24    SCOP d3ximd_  SCOP d3xinc_
   50      0.9857       56.65       22.64     0.290   390   23    0           1    0    392     23    390     24    SCOP d3ximd_  SCOP d6ximc_
   51      0.9857       56.65       22.64     0.290   390   23    0           1    0    392     23    390     24    SCOP d3ximd_  SCOP d5xinc_
   52      0.9857       59.28       23.17     0.290   390   23    0           1    0    392     23    390     24    SCOP d3ximd_  SCOP d2xinc_
   53      0.9725       30.13       16.68     0.401   390   22    2      0.9923    0    392     23    392     26    SCOP d3ximd_  SCOP d1xlab_
   54      0.9703       31.03       16.82     0.453   390   22    1      0.9923    0    392     23    391     24    SCOP d3ximd_  SCOP d1xlka_
   55      0.9625       29.11       16.15     0.402   388   22    3      0.9923    0    392     23    392     23    SCOP d3ximd_  SCOP d1dieb_
   56      0.9625       32.73       17.14     0.402   388   22    3      0.9923    0    392     23    392     23    SCOP d3ximd_  SCOP d1didb_
   57      0.9625       31.46          17     0.402   388   22    3      0.9923    0    392     23    392     24    SCOP d3ximd_  SCOP d1xlib_
   58      0.9625       29.01       16.34     0.402   388   22    3      0.9923    0    392     23    392     24    SCOP d3ximd_  SCOP d1xlcb_
   59      0.9625       29.01       16.34     0.402   388   22    3      0.9923    0    392     23    392     24    SCOP d3ximd_  SCOP d4xiab_
   60      0.9625       30.05       16.42     0.402   388   22    3      0.9923    0    392     23    392     23    SCOP d3ximd_  SCOP d1xlbb_
   61      0.9625       31.23       16.74     0.402   388   22    3      0.9923    0    392     23    392     23    SCOP d3ximd_  SCOP d1xldb_
   62      0.9625        29.2       16.39     0.402   388   22    3      0.9923    0    392     23    392     24    SCOP d3ximd_  SCOP d1xlgb_
   63      0.9625       29.02       16.34     0.402   388   22    3      0.9923    0    392     23    392     24    SCOP d3ximd_  SCOP d1xlmb_
   64      0.9625       29.31       16.42     0.402   388   22    3      0.9923    0    392     23    392     24    SCOP d3ximd_  SCOP d1xlhb_
   65      0.9603       30.64       16.58     0.453   388   22    2      0.9923    0    392     23    391     23    SCOP d3ximd_  SCOP d1xlca_
   66      0.9603       31.33       16.76     0.453   388   22    2      0.9923    0    392     23    391     23    SCOP d3ximd_  SCOP d1xlba_
   67      0.9603       30.45       16.52     0.453   388   22    2      0.9923    0    392     23    391     23    SCOP d3ximd_  SCOP d1xlja_
   68      0.9603       30.74        16.6     0.453   388   22    2      0.9923    0    392     23    391     23    SCOP d3ximd_  SCOP d4xiaa_
   69      0.9603       30.45       16.52     0.453   388   22    2      0.9923    0    392     23    391     23    SCOP d3ximd_  SCOP d1xlaa_
   70      0.9603       30.64       16.58     0.453   388   22    2      0.9923    0    392     23    391     23    SCOP d3ximd_  SCOP d1xlda_
   71      0.9603       29.31       16.42     0.453   388   22    2      0.9923    0    392     23    391     24    SCOP d3ximd_  SCOP d1xlma_
   72      0.9593       51.56       21.62     0.224   385   21    2           1    0    392     23    392     23    SCOP d3ximd_  SCOP d8ximb_
   73      0.9593       53.45       22.02     0.224   385   22    2           1    0    392     23    392     23    SCOP d3ximd_  SCOP d9ximb_
   74      0.9555        51.2       21.54     0.291   384   21    1           1    0    392     23    390     23    SCOP d3ximd_  SCOP d9ximc_
   75      0.9555        51.2       21.54     0.291   384   21    1           1    0    392     23    390     23    SCOP d3ximd_  SCOP d8ximc_
   76      0.9475       29.07       16.28     0.403   385   21    4      0.9922    0    392     23    392     24    SCOP d3ximd_  SCOP d1xllb_
   77      0.9475       28.61       16.15     0.403   385   21    4      0.9922    0    392     23    392     24    SCOP d3ximd_  SCOP d1xleb_
   78      0.9453       31.37        16.9     0.455   385   21    3      0.9922    0    392     23    391     24    SCOP d3ximd_  SCOP d1xlia_
   79      0.9453       31.37        16.9     0.455   385   21    3      0.9922    0    392     23    391     24    SCOP d3ximd_  SCOP d1dida_
   80      0.9453       29.84       16.49     0.455   385   21    3      0.9922    0    392     23    391     24    SCOP d3ximd_  SCOP d1xlga_
   81      0.9376       28.09       15.86     0.404   383   21    5      0.9922    0    392     23    392     23    SCOP d3ximd_  SCOP d5xiab_
   82      0.9376       28.36       15.94     0.404   383   21    5      0.9922    0    392     23    392     23    SCOP d3ximd_  SCOP d1xljb_
   83      0.9376       28.56       15.99     0.404   383   21    5      0.9922    0    392     23    392     23    SCOP d3ximd_  SCOP d1xlfb_
   84      0.9376       28.45       15.97     0.404   383   21    5      0.9922    0    392     23    392     23    SCOP d3ximd_  SCOP d1xlkb_
   85      0.9354       28.36       15.94     0.456   383   21    4      0.9922    0    392     23    391     23    SCOP d3ximd_  SCOP d1xlea_
   86      0.9354       28.56       15.99     0.456   383   21    4      0.9922    0    392     23    391     23    SCOP d3ximd_  SCOP d5xiaa_
   87      0.9354       28.36       15.94     0.456   383   21    4      0.9922    0    392     23    391     23    SCOP d3ximd_  SCOP d1xlfa_
   88      0.9354       28.82       16.07     0.456   383   21    4      0.9922    0    392     23    391     23    SCOP d3ximd_  SCOP d1xlla_
   89      0.9354       29.38       16.22     0.456   383   21    4      0.9922    0    392     23    391     23    SCOP d3ximd_  SCOP d1xlha_
   90      0.9354       28.36       15.94     0.456   383   21    4      0.9922    0    392     23    391     23    SCOP d3ximd_  SCOP d1diea_
   91      0.8604       16.31       12.63     0.411   367   19   10      0.9918    0    392     23    392     23    SCOP d3ximd_  SCOP d1bxbb_
   92       0.823       17.17       12.23     0.347   358   19    9      0.9916    0    392     23    392     22    SCOP d3ximd_  SCOP d1bxbd_
   93      0.8117       17.36       12.55     0.469   357   19    9      0.9916    0    392     23    391     22    SCOP d3ximd_  SCOP d1bxba_
   94      0.8102       17.11        12.2     0.457   356   19    9      0.9916    0    392     23    390     22    SCOP d3ximd_  SCOP d1bxbc_
   95      0.7032       13.19       11.53     1.362   361   20   11      0.9834    0    392     23    392     25    SCOP d3ximd_  SCOP d1bxcd_
   96      0.7023       21.39        15.2     1.276   357   17    9      0.9916    0    392     23    392     22    SCOP d3ximd_  SCOP d1dxib_
   97      0.6913       29.54       16.38     1.501   364   20    7      0.9808    0    392     23    391     23    SCOP d3ximd_  SCOP d3xisa_
   98      0.6913       13.18       11.53     1.407   360   20   11      0.9833    0    392     23    392     25    SCOP d3ximd_  SCOP d1bxcb_
   99      0.6878       12.93       11.43     1.404   358   20   11      0.9832    0    392     23    390     25    SCOP d3ximd_  SCOP d1bxcc_
  100      0.6706       27.18       15.71     1.512   359   19    8      0.9805    0    392     23    391     23    SCOP d3ximd_  SCOP d2xisa_
  101      0.6685       27.73       16.25     1.584   362   21    7      0.9834    0    392     23    391     24    SCOP d3ximd_  SCOP d1oada_
  102      0.6666       12.91       11.68     1.406   353   19   11       0.983    0    392     23    391     25    SCOP d3ximd_  SCOP d1bxca_
  103      0.6606       27.95       15.97     1.780   370   22    8       0.973    0    392     23    391     24    SCOP d3ximd_  SCOP d8xiaa_
  104      0.6606       27.49       15.84     1.780   370   22    8       0.973    0    392     23    391     24    SCOP d3ximd_  SCOP d1xiga_
  105      0.6606       27.86       15.94     1.780   370   22    8       0.973    0    392     23    391     24    SCOP d3ximd_  SCOP d1xija_
  106      0.6606       27.74       15.92     1.780   370   22    8       0.973    0    392     23    391     24    SCOP d3ximd_  SCOP d4xisa_
  107      0.6606       27.74       15.92     1.780   370   22    8       0.973    0    392     23    391     24    SCOP d3ximd_  SCOP d1xisa_
  108      0.6606       27.95       15.97     1.780   370   22    8       0.973    0    392     23    391     24    SCOP d3ximd_  SCOP d1xifa_
  109      0.6606       27.95       15.97     1.780   370   22    8       0.973    0    392     23    391     24    SCOP d3ximd_  SCOP d1xiba_
  110      0.6584       28.42       16.65     1.518   356   20    6      0.9803    0    392     23    391     23    SCOP d3ximd_  SCOP d1mnza_
  111      0.6584       29.06       16.83     1.518   356   20    6      0.9803    0    392     23    391     23    SCOP d3ximd_  SCOP d1xica_
  112      0.6584       28.88       16.78     1.518   356   20    6      0.9803    0    392     23    391     23    SCOP d3ximd_  SCOP d1gw9a_
  113      0.6566       27.95       15.97     1.782   369   22    9      0.9729    0    392     23    391     24    SCOP d3ximd_  SCOP d9xiaa_
  114      0.6457       20.61       14.12     1.689   361   19   10      0.9778    0    392     23    391     24    SCOP d3ximd_  SCOP d1dxia_
  115      0.6407       25.71       15.32     1.792   365   21    9      0.9726    0    392     23    391     24    SCOP d3ximd_  SCOP d1xiia_
  116      0.6407       25.71       15.32     1.792   365   21    9      0.9726    0    392     23    391     24    SCOP d3ximd_  SCOP d1xida_
  117      0.6387       28.49       16.65     1.619   356   20    6      0.9831    0    392     23    392     24    SCOP d3ximd_  SCOP d1oadb_
  118      0.6382       26.37       16.06     1.528   351   19    7      0.9801    0    392     23    391     23    SCOP d3ximd_  SCOP d1xiea_
  119      0.6367       24.23       14.89     1.794   364   21   10      0.9725    0    392     23    391     24    SCOP d3ximd_  SCOP d1xiha_
  120      0.6134       13.47       11.58     1.711   353   21   10      0.9745    0    392     23    391     23    SCOP d3ximd_  SCOP d1xyma_
  121      0.5941       14.05       11.95     1.723   348   20    8      0.9741    0    392     23    391     23    SCOP d3ximd_  SCOP d6xiaa_
  122      0.5903       11.91       10.98     1.725   347   20   12      0.9741    0    392     23    391     23    SCOP d3ximd_  SCOP d1xyca_
  123      0.5903       11.47       11.27     1.726   347   19   11      0.9741    0    392     23    391     23    SCOP d3ximd_  SCOP d1s5ma_
  124      0.5847       12.74        11.3     1.778   348   20   11      0.9713    0    392     23    391     23    SCOP d3ximd_  SCOP d2gyia_
  125      0.5827       12.52       11.37     1.730   345   19   11      0.9739    0    392     23    391     24    SCOP d3ximd_  SCOP d1muwa_
  126      0.5756       13.07       11.21     2.018   358   22   11      0.9637    0    392     23    391     24    SCOP d3ximd_  SCOP d1xyba_
  127      0.5737       12.25       11.27     1.755   344   19   10      0.9738    0    392     23    392     23    SCOP d3ximd_  SCOP d1o1hb_
  128      0.5697        12.5       11.37     1.788   344   19   11      0.9709    0    392     23    391     25    SCOP d3ximd_  SCOP d1s5na_
  129       0.563       11.68       10.67     2.046   356   21   12      0.9635    0    392     23    392     24    SCOP d3ximd_  SCOP d2gyib_
  130      0.5609       11.44       10.59     2.029   354   21   12      0.9633    0    392     23    391     24    SCOP d3ximd_  SCOP d1xyaa_
  131      0.5531        13.1       11.61     1.829   341   19   10      0.9707    0    392     23    391     24    SCOP d3ximd_  SCOP d1qt1a_
  132      0.5451       10.29       10.15     2.067   351   21   14      0.9544    0    392     23    391     24    SCOP d3ximd_  SCOP d1xyla_
  133      0.5354       11.77       10.85     2.124   351   21   12      0.9601    0    392     23    391     25    SCOP d3ximd_  SCOP d1clka_
  134      0.5256       12.44       10.83     1.959   339   20   11      0.9646    0    392     23    391     23    SCOP d3ximd_  SCOP d1o1ha_
  135     0.01211          -0   1.907e-06     9.916   149   18   22      0.0604    0    392     23    392     25    SCOP d3ximd_  SCOP d1a0ed_
  136      0.0121          -0   1.907e-06     9.938   149   18   22     0.07383    0    392     23    391     25    SCOP d3ximd_  SCOP d1a0ea_
</pre></body></html>