<html xmlns="http://www.w3.org/1999/xhtml"><head></head><body><pre style="word-wrap: break-word; white-space: pre-wrap;"> PDBe Fold v2.59. (src3) 14 Apr 2014 result file.

                   RESULT SUMMARY

   ##      Q-score      P-score     Z-score   RMSD    Nalgn Nsse Ngaps Seq-%     Nmd Nres-Q Nsse-Q Nres-T Nsse-T Query Target
    1           1       50.68        21.4     0.000   314   19    0           1    0    314     19    314     19    SCOP d5rlaa_  SCOP d3rlaa_
    2           1       38.52       18.61     0.000   314   18    0           1    0    314     19    314     18    SCOP d5rlaa_  SCOP d1p8ra_
    3           1       44.02       19.92     0.000   314   19    0           1    0    314     19    314     19    SCOP d5rlaa_  SCOP d1hqga_
    4           1       50.68        21.4     0.000   314   19    0           1    0    314     19    314     19    SCOP d5rlaa_  SCOP d1zpga1
    5           1       38.19       18.53     0.000   314   17    0           1    0    314     19    314     17    SCOP d5rlaa_  SCOP d1hqfa_
    6           1        44.5       20.03     0.000   314   18    0           1    0    314     19    314     18    SCOP d5rlaa_  SCOP d1hqxa_
    7           1       79.58       26.89     0.000   314   19    0           1    0    314     19    314     19    SCOP d5rlaa_  SCOP d5rlaa_
    8           1       46.59        20.5     0.000   314   19    0           1    0    314     19    314     19    SCOP d5rlaa_  SCOP d1p8ma_
    9      0.9994       38.88        18.7     0.071   314   18    0           1    0    314     19    314     18    SCOP d5rlaa_  SCOP d1p8rb_
   10      0.9994       52.25       21.73     0.071   314   19    0           1    0    314     19    314     19    SCOP d5rlaa_  SCOP d5rlab_
   11      0.9994       38.19       18.53     0.071   314   17    0           1    0    314     19    314     17    SCOP d5rlaa_  SCOP d1hqfb_
   12      0.9994       40.26       19.03     0.071   314   18    0           1    0    314     19    314     18    SCOP d5rlaa_  SCOP d1p8sb_
   13      0.9994       43.88       19.88     0.071   314   19    0           1    0    314     19    314     19    SCOP d5rlaa_  SCOP d1hqgb_
   14      0.9994       46.59        20.5     0.071   314   19    0           1    0    314     19    314     19    SCOP d5rlaa_  SCOP d1p8mb_
   15      0.9994       43.36       19.76     0.071   314   18    0           1    0    314     19    314     18    SCOP d5rlaa_  SCOP d1zpeb1
   16      0.9994        44.5       20.03     0.071   314   18    0           1    0    314     19    314     18    SCOP d5rlaa_  SCOP d1hqxb_
   17      0.9994       37.08       18.25     0.071   314   19    0           1    0    314     19    314     19    SCOP d5rlaa_  SCOP d1p8nb_
   18      0.9993       47.12       20.62     0.078   314   19    0           1    0    314     19    314     19    SCOP d5rlaa_  SCOP d1tbjc1
   19      0.9993       43.88       19.88     0.078   314   19    0           1    0    314     19    314     19    SCOP d5rlaa_  SCOP d1hqgc_
   20      0.9993       40.24       19.03     0.078   314   19    0           1    0    314     19    314     19    SCOP d5rlaa_  SCOP d1p8nc_
   21      0.9993       39.25       18.79     0.078   314   18    0           1    0    314     19    314     18    SCOP d5rlaa_  SCOP d1zpec1
   22      0.9993       38.19       18.53     0.078   314   17    0           1    0    314     19    314     17    SCOP d5rlaa_  SCOP d1hqfc_
   23      0.9993       44.33       19.99     0.078   314   18    0           1    0    314     19    314     18    SCOP d5rlaa_  SCOP d1hqxc_
   24       0.981       41.19       19.25     0.000   311   18    1           1    0    314     19    314     18    SCOP d5rlaa_  SCOP d1p8qa_
   25       0.981       41.46       19.32     0.000   311   18    1           1    0    314     19    314     18    SCOP d5rlaa_  SCOP d1tbha1
   26       0.981       28.34       16.78     0.000   311   15    1           1    0    314     19    314     16    SCOP d5rlaa_  SCOP d1p8sa_
   27      0.9804       36.65       18.14     0.071   311   17    1           1    0    314     19    314     17    SCOP d5rlaa_  SCOP d1tbhb1
   28      0.9804       44.33       19.99     0.071   311   18    1           1    0    314     19    314     18    SCOP d5rlaa_  SCOP d3rlab_
   29      0.9804       40.28       19.04     0.071   311   17    1           1    0    314     19    314     19    SCOP d5rlaa_  SCOP d1t4sb_
   30      0.9804       41.05       19.22     0.071   311   18    1           1    0    314     19    314     18    SCOP d5rlaa_  SCOP d1p8qb_
   31      0.9804       41.28       19.28     0.071   311   17    1           1    0    314     19    314     17    SCOP d5rlaa_  SCOP d1ta1b1
   32      0.9803       33.97        17.5     0.077   311   18    1           1    0    314     19    314     18    SCOP d5rlaa_  SCOP d1p8sc_
   33      0.9803       41.05       19.22     0.078   311   18    1           1    0    314     19    314     18    SCOP d5rlaa_  SCOP d1p8qc_
   34      0.9803       44.67       20.07     0.078   311   18    1           1    0    314     19    314     18    SCOP d5rlaa_  SCOP d1ta1c1
   35      0.9803       42.55       19.58     0.078   311   17    1           1    0    314     19    314     19    SCOP d5rlaa_  SCOP d3rlac_
   36      0.9803       39.37       18.82     0.078   311   18    1           1    0    314     19    314     18    SCOP d5rlaa_  SCOP d1tbhc1
   37      0.9747       37.65       18.44     0.000   310   17    1           1    0    314     19    314     17    SCOP d5rlaa_  SCOP d1r1oa_
   38      0.9747       35.31       17.85     0.000   310   18    1           1    0    314     19    314     18    SCOP d5rlaa_  SCOP d1t4pa1
   39      0.9747       37.53       18.41     0.000   310   17    1           1    0    314     19    314     17    SCOP d5rlaa_  SCOP d1t4ra1
   40      0.9747       32.12       17.01     0.000   310   16    1           1    0    314     19    314     16    SCOP d5rlaa_  SCOP d1tbla1
   41      0.9747       37.24       18.29     0.000   310   18    1           1    0    314     19    314     18    SCOP d5rlaa_  SCOP d1zpea1
   42      0.9747       36.59       18.17     0.000   310   17    1           1    0    314     19    314     19    SCOP d5rlaa_  SCOP d1p8pa_
   43      0.9747       40.87       19.22     0.000   310   18    1           1    0    314     19    314     18    SCOP d5rlaa_  SCOP d1tbja1
   44      0.9747       36.53       18.29     0.000   310   17    1           1    0    314     19    314     17    SCOP d5rlaa_  SCOP d1t5ga_
   45      0.9747       40.61       19.16     0.000   310   18    1           1    0    314     19    314     18    SCOP d5rlaa_  SCOP d1rlaa_
   46      0.9747       37.89        18.5     0.000   310   17    1           1    0    314     19    314     17    SCOP d5rlaa_  SCOP d1t4ta1
   47      0.9747       35.31       17.85     0.000   310   18    1           1    0    314     19    314     18    SCOP d5rlaa_  SCOP d1p8oa_
   48      0.9747       39.88       18.94     0.000   310   18    1           1    0    314     19    314     18    SCOP d5rlaa_  SCOP d1ta1a1
   49      0.9742       41.01       19.25     0.070   310   18    1           1    0    314     19    314     18    SCOP d5rlaa_  SCOP d1t4tb1
   50      0.9742       41.01       19.25     0.070   310   18    1           1    0    314     19    314     18    SCOP d5rlaa_  SCOP d1rlab_
   51      0.9742       41.15       19.29     0.070   310   18    1           1    0    314     19    314     18    SCOP d5rlaa_  SCOP d1t4rb1
   52      0.9742       32.42       17.09     0.070   310   16    1           1    0    314     19    314     16    SCOP d5rlaa_  SCOP d1tblb1
   53      0.9742       36.84       18.24     0.070   310   18    1           1    0    314     19    314     18    SCOP d5rlaa_  SCOP d1p8ob_
   54      0.9742       38.01       18.53     0.070   310   17    1           1    0    314     19    314     19    SCOP d5rlaa_  SCOP d1t4pb1
   55      0.9742       36.93       18.26     0.070   310   17    1           1    0    314     19    314     19    SCOP d5rlaa_  SCOP d1p8pb_
   56      0.9742       38.01       18.53     0.070   310   17    1           1    0    314     19    314     17    SCOP d5rlaa_  SCOP d1r1ob_
   57      0.9741       36.06       18.17     0.071   310   17    1           1    0    314     19    314     17    SCOP d5rlaa_  SCOP d1t5gb_
   58      0.9741       36.65       18.14     0.071   310   17    1           1    0    314     19    314     17    SCOP d5rlaa_  SCOP d1zpgb1
   59       0.974       38.01       18.53     0.077   310   17    1           1    0    314     19    314     17    SCOP d5rlaa_  SCOP d1r1oc_
   60       0.974       44.15       19.99     0.077   310   18    1           1    0    314     19    314     18    SCOP d5rlaa_  SCOP d1p8mc_
   61       0.974       43.34        19.8     0.077   310   18    1           1    0    314     19    314     18    SCOP d5rlaa_  SCOP d1t5fc1
   62       0.974       37.64       18.44     0.077   310   18    1           1    0    314     19    314     18    SCOP d5rlaa_  SCOP d1p8oc_
   63       0.974       40.47       19.13     0.077   310   18    1           1    0    314     19    314     18    SCOP d5rlaa_  SCOP d1rlac_
   64       0.974       32.42       17.09     0.077   310   16    1           1    0    314     19    314     16    SCOP d5rlaa_  SCOP d1tblc1
   65       0.974       36.06       18.17     0.078   310   17    1           1    0    314     19    314     17    SCOP d5rlaa_  SCOP d1t5gc_
   66       0.974       34.21       17.69     0.078   310   16    1           1    0    314     19    314     17    SCOP d5rlaa_  SCOP d1t4sc_
   67       0.974       35.11       17.75     0.078   310   17    1           1    0    314     19    314     17    SCOP d5rlaa_  SCOP d1zpgc1
   68      0.9684          40       18.97     0.000   309   17    1           1    0    314     19    314     17    SCOP d5rlaa_  SCOP d1hqha_
   69      0.9679       39.87       18.94     0.070   309   17    1           1    0    314     19    314     17    SCOP d5rlaa_  SCOP d1hqhb_
   70      0.9678       39.87       18.94     0.077   309   17    1           1    0    314     19    314     17    SCOP d5rlaa_  SCOP d1hqhc_
   71      0.9613       37.58       18.38     0.070   305   17    1           1    0    314     19    308     17    SCOP d5rlaa_  SCOP d2phob1
   72      0.9559       33.62       17.41     0.000   307   16    2           1    0    314     19    314     17    SCOP d5rlaa_  SCOP d1t4sa_
   73      0.9559       37.77       18.47     0.000   307   17    2           1    0    314     19    314     17    SCOP d5rlaa_  SCOP d1t5fa1
   74      0.9559       30.17       16.48     0.000   307   16    2           1    0    314     19    314     17    SCOP d5rlaa_  SCOP d2rlaa_
   75      0.9559       39.55       18.91     0.000   307   17    2           1    0    314     19    314     17    SCOP d5rlaa_  SCOP d4rlaa_
   76      0.9554       37.65       18.44     0.071   307   17    2           1    0    314     19    314     17    SCOP d5rlaa_  SCOP d1t5fb1
   77      0.9554       40.24       19.07     0.071   307   17    2           1    0    314     19    314     17    SCOP d5rlaa_  SCOP d4rlab_
   78      0.9554        35.8       17.97     0.071   307   17    2           1    0    314     19    314     17    SCOP d5rlaa_  SCOP d1tbjb1
   79      0.9554       30.08       16.45     0.071   307   16    2           1    0    314     19    314     17    SCOP d5rlaa_  SCOP d2rlab_
   80      0.9553       30.35       16.53     0.077   307   15    2           1    0    314     19    314     18    SCOP d5rlaa_  SCOP d1p8pc_
   81      0.9553        35.8       17.97     0.077   307   15    2           1    0    314     19    314     17    SCOP d5rlaa_  SCOP d5rlac_
   82      0.9553       30.08       16.45     0.078   307   16    2           1    0    314     19    314     17    SCOP d5rlaa_  SCOP d2rlac_
   83      0.9553       36.75       18.21     0.078   307   16    2           1    0    314     19    314     16    SCOP d5rlaa_  SCOP d4rlac_
   84      0.9553       36.25       18.09     0.078   307   17    2           1    0    314     19    314     17    SCOP d5rlaa_  SCOP d1t4tc1
   85      0.9553       34.93       17.75     0.078   307   17    2           1    0    314     19    314     17    SCOP d5rlaa_  SCOP d1t4pc1
   86      0.9553        35.8       17.97     0.078   307   17    2           1    0    314     19    314     17    SCOP d5rlaa_  SCOP d1t4rc1
   87      0.9497       30.62        16.6     0.000   306   16    3           1    0    314     19    314     17    SCOP d5rlaa_  SCOP d1p8na_
   88      0.9368       35.36       17.86     0.000   301   16    2           1    0    314     19    308     17    SCOP d5rlaa_  SCOP d2phoa1
   89      0.9189       34.32       17.55     0.000   301   16    1           1    0    314     19    314     17    SCOP d5rlaa_  SCOP d1hq5a_
   90      0.9189       49.41       21.12     0.000   301   16    1           1    0    314     19    314     17    SCOP d5rlaa_  SCOP d1d3va_
   91      0.9184       34.22       17.52     0.070   301   16    1           1    0    314     19    314     17    SCOP d5rlaa_  SCOP d1hq5b_
   92      0.9184       38.62       18.63     0.070   301   16    1           1    0    314     19    314     17    SCOP d5rlaa_  SCOP d1d3vb_
   93      0.5819          -0        3.29     1.934   285   17   15      0.9193    0    314     19    314     18    SCOP d5rlaa_  SCOP d1ceva_
   94      0.5813          -0       3.371     1.938   285   17   15      0.9193    0    314     19    314     18    SCOP d5rlaa_  SCOP d1cevb_
   95      0.5809          -0       3.371     1.940   285   17   15      0.9193    0    314     19    314     18    SCOP d5rlaa_  SCOP d1cevc_
   96      0.4692          -0        2.97     2.500   280   18   14      0.9036    0    314     19    314     20    SCOP d5rlaa_  SCOP d3cevc_
   97       0.466          -0       2.914     2.499   279   18   15      0.9032    0    314     19    314     19    SCOP d5rlaa_  SCOP d2ceva_
   98       0.466          -0       2.914     2.499   279   18   15      0.9032    0    314     19    314     19    SCOP d5rlaa_  SCOP d3ceva_
   99       0.466          -0       2.858     2.500   279   18   15      0.9032    0    314     19    314     19    SCOP d5rlaa_  SCOP d4ceva_
  100      0.4652          -0       2.914     2.504   279   18   15      0.9032    0    314     19    314     20    SCOP d5rlaa_  SCOP d2cevc_
  101      0.4652          -0       2.858     2.505   279   18   15      0.9032    0    314     19    314     20    SCOP d5rlaa_  SCOP d4cevc_
  102      0.4652          -0       2.914     2.505   279   18   15      0.9032    0    314     19    314     19    SCOP d5rlaa_  SCOP d3cevb_
  103      0.4652          -0       2.914     2.505   279   18   15      0.9032    0    314     19    314     19    SCOP d5rlaa_  SCOP d2cevb_
  104      0.4652          -0       2.858     2.505   279   18   15      0.9032    0    314     19    314     19    SCOP d5rlaa_  SCOP d4cevb_
  105      0.4608          -0       2.549     2.556   280   18   14      0.9071    0    314     19    314     20    SCOP d5rlaa_  SCOP d5cevc_
  106      0.4151          -0       2.873     2.515   264   16   14      0.9167    0    314     19    314     19    SCOP d5rlaa_  SCOP d5ceva_
  107      0.4144          -0       2.873     2.520   264   16   14      0.9167    0    314     19    314     18    SCOP d5rlaa_  SCOP d5cevb_
  108     0.09031          -0      0.5509     4.419   168   16   12      0.7857    0    314     19    314     19    SCOP d5rlaa_  SCOP d1wogc_
  109     0.08989          -0       0.678     4.396   167   16   12      0.7844    0    314     19    314     19    SCOP d5rlaa_  SCOP d1wohc_
  110     0.08989          -0       0.678     4.396   167   16   12      0.7844    0    314     19    314     19    SCOP d5rlaa_  SCOP d1woic_
  111     0.08873          -0       0.622     4.399   166   16   12      0.7892    0    314     19    314     19    SCOP d5rlaa_  SCOP d1woib_
  112     0.08873          -0       0.622     4.399   166   16   12      0.7892    0    314     19    314     19    SCOP d5rlaa_  SCOP d1wohb_
  113     0.08873          -0      0.5683     4.399   166   16   12      0.7892    0    314     19    314     19    SCOP d5rlaa_  SCOP d1wogb_
  114     0.08856          -0       0.678     4.405   166   16   12      0.7892    0    314     19    314     19    SCOP d5rlaa_  SCOP d1woia_
  115     0.08856          -0       0.678     4.405   166   16   12      0.7892    0    314     19    314     19    SCOP d5rlaa_  SCOP d1woga_
  116     0.08856          -0       0.678     4.405   166   16   12      0.7892    0    314     19    314     19    SCOP d5rlaa_  SCOP d1woha_
  117     0.08349          -0       1.262     4.987   176   15   13       0.767    0    314     19    314     19    SCOP d5rlaa_  SCOP d1gq6c_
  118     0.08339          -0       1.285     4.991   176   15   13       0.767    0    314     19    314     19    SCOP d5rlaa_  SCOP d1gq7b_
  119     0.07728          -0      0.6888     5.053   171   15   14      0.7602    0    314     19    314     19    SCOP d5rlaa_  SCOP d1gq7c_
  120     0.07594          -0      0.7075     5.194   173   15   15      0.7514    0    314     19    314     19    SCOP d5rlaa_  SCOP d1gq6b_
  121     0.07583          -0      0.7264     5.199   173   15   14      0.7514    0    314     19    314     19    SCOP d5rlaa_  SCOP d1gq7a_
  122     0.07582          -0      0.7075     5.199   173   15   15      0.7514    0    314     19    314     19    SCOP d5rlaa_  SCOP d1gq6a_
  123     0.05017          -0   0.0004787     6.087   155   17   16      0.6258    0    314     19    298     20    SCOP d5rlaa_  SCOP d2a0ma1
  124     0.01604          -0   1.907e-06     9.179   128   16   20      0.1406    0    314     19    314     18    SCOP d5rlaa_  SCOP d1pq3b_
  125     0.01413          -0   1.907e-06     8.827   116   16   19     0.08621    0    314     19    314     20    SCOP d5rlaa_  SCOP d1pq3c_
  126     0.01317          -0   1.907e-06     9.179   116   15   19     0.09483    0    314     19    314     21    SCOP d5rlaa_  SCOP d1vkga_
  127     0.01304          -0   1.907e-06     9.142   115   15   19     0.09565    0    314     19    314     21    SCOP d5rlaa_  SCOP d1w22b_
  128     0.01267          -0   1.907e-06     9.288   115   15   20     0.09565    0    314     19    314     21    SCOP d5rlaa_  SCOP d1w22a_
  129    0.009214          -0   1.907e-06    10.115   106   17   19     0.08491    0    314     19    314     19    SCOP d5rlaa_  SCOP d1pq3a_
  130    0.004432          -0   1.907e-06    13.446    96   16   16     0.05208    0    314     19    314     22    SCOP d5rlaa_  SCOP d1xfka_
</pre></body></html>